device_id,date,pages_printed,cum_pages
KROGER-1000,2024-09-01,870,870
KROGER-1000,2024-09-02,841,1711
KROGER-1000,2024-09-03,875,2586
KROGER-1000,2024-09-04,873,3459
KROGER-1000,2024-09-05,716,4175
KROGER-1000,2024-09-06,745,4920
KROGER-1000,2024-09-07,880,5800
KROGER-1000,2024-09-08,880,6680
KROGER-1000,2024-09-09,838,7518
KROGER-1000,2024-09-10,1054,8572
KROGER-1000,2024-09-11,842,9414
KROGER-1000,2024-09-12,878,10292
KROGER-1000,2024-09-13,867,11159
KROGER-1000,2024-09-14,890,12049
KROGER-1000,2024-09-15,824,12873
KROGER-1000,2024-09-16,854,13727
KROGER-1000,2024-09-17,755,14482
KROGER-1000,2024-09-18,790,15272
KROGER-1000,2024-09-19,774,16046
KROGER-1000,2024-09-20,810,16856
KROGER-1000,2024-09-21,1002,17858
KROGER-1000,2024-09-22,719,18577
KROGER-1000,2024-09-23,849,19426
KROGER-1000,2024-09-24,701,20127
KROGER-1000,2024-09-25,775,20902
KROGER-1000,2024-09-26,875,21777
KROGER-1000,2024-09-27,809,22586
KROGER-1000,2024-09-28,773,23359
KROGER-1000,2024-09-29,797,24156
KROGER-1000,2024-09-30,849,25005
KROGER-1000,2024-10-01,758,25763
KROGER-1000,2024-10-02,819,26582
KROGER-1000,2024-10-03,808,27390
KROGER-1000,2024-10-04,763,28153
KROGER-1000,2024-10-05,991,29144
KROGER-1000,2024-10-06,888,30032
KROGER-1000,2024-10-07,675,30707
KROGER-1000,2024-10-08,817,31524
KROGER-1000,2024-10-09,763,32287
KROGER-1000,2024-10-10,860,33147
KROGER-1000,2024-10-11,754,33901
KROGER-1000,2024-10-12,838,34739
KROGER-1000,2024-10-13,880,35619
KROGER-1000,2024-10-14,861,36480
KROGER-1000,2024-10-15,728,37208
KROGER-1000,2024-10-16,784,37992
KROGER-1000,2024-10-17,775,38767
KROGER-1000,2024-10-18,763,39530
KROGER-1000,2024-10-19,965,40495
KROGER-1000,2024-10-20,873,41368
KROGER-1000,2024-10-21,724,42092
KROGER-1000,2024-10-22,864,42956
KROGER-1000,2024-10-23,942,43898
KROGER-1000,2024-10-24,872,44770
KROGER-1000,2024-10-25,707,45477
KROGER-1000,2024-10-26,813,46290
KROGER-1000,2024-10-27,931,47221
KROGER-1000,2024-10-28,760,47981
KROGER-1000,2024-10-29,834,48815
KROGER-1000,2024-10-30,855,49670
KROGER-1000,2024-10-31,745,50415
KROGER-1000,2024-11-01,962,51377
KROGER-1000,2024-11-02,751,52128
KROGER-1000,2024-11-03,931,53059
KROGER-1000,2024-11-04,947,54006
KROGER-1000,2024-11-05,870,54876
KROGER-1000,2024-11-06,1093,55969
KROGER-1000,2024-11-07,856,56825
KROGER-1000,2024-11-08,932,57757
KROGER-1000,2024-11-09,1025,58782
KROGER-1000,2024-11-10,1132,59914
KROGER-1000,2024-11-11,855,60769
KROGER-1000,2024-11-12,1056,61825
KROGER-1000,2024-11-13,967,62792
KROGER-1000,2024-11-14,890,63682
KROGER-1000,2024-11-15,1002,64684
KROGER-1000,2024-11-16,1031,65715
KROGER-1000,2024-11-17,966,66681
KROGER-1000,2024-11-18,972,67653
KROGER-1000,2024-11-19,937,68590
KROGER-1000,2024-11-20,975,69565
KROGER-1000,2024-11-21,1018,70583
KROGER-1000,2024-11-22,1089,71672
KROGER-1000,2024-11-23,914,72586
KROGER-1000,2024-11-24,1188,73774
KROGER-1000,2024-11-25,815,74589
KROGER-1000,2024-11-26,955,75544
KROGER-1000,2024-11-27,1012,76556
KROGER-1000,2024-11-28,988,77544
KROGER-1000,2024-11-29,918,78462
KROGER-1000,2024-11-30,998,79460
KROGER-1000,2024-12-01,975,80435
KROGER-1000,2024-12-02,921,81356
KROGER-1000,2024-12-03,1032,82388
KROGER-1000,2024-12-04,994,83382
KROGER-1000,2024-12-05,913,84295
KROGER-1000,2024-12-06,1036,85331
KROGER-1000,2024-12-07,1040,86371
KROGER-1000,2024-12-08,1081,87452
KROGER-1000,2024-12-09,1015,88467
KROGER-1000,2024-12-10,902,89369
KROGER-1000,2024-12-11,923,90292
KROGER-1000,2024-12-12,1024,91316
KROGER-1000,2024-12-13,1014,92330
KROGER-1000,2024-12-14,1013,93343
KROGER-1000,2024-12-15,1024,94367
KROGER-1000,2024-12-16,1065,95432
KROGER-1000,2024-12-17,921,96353
KROGER-1000,2024-12-18,1009,97362
KROGER-1000,2024-12-19,951,98313
KROGER-1000,2024-12-20,949,99262
KROGER-1000,2024-12-21,1104,100366
KROGER-1000,2024-12-22,1082,101448
KROGER-1000,2024-12-23,1029,102477
KROGER-1000,2024-12-24,1067,103544
KROGER-1000,2024-12-25,968,104512
KROGER-1000,2024-12-26,1019,105531
KROGER-1000,2024-12-27,942,106473
KROGER-1000,2024-12-28,1041,107514
KROGER-1000,2024-12-29,1004,108518
KROGER-1000,2024-12-30,974,109492
KROGER-1000,2024-12-31,1012,110504
KROGER-1000,2025-01-01,752,111256
KROGER-1000,2025-01-02,940,112196
KROGER-1000,2025-01-03,740,112936
KROGER-1000,2025-01-04,763,113699
KROGER-1000,2025-01-05,924,114623
KROGER-1000,2025-01-06,856,115479
KROGER-1000,2025-01-07,845,116324
KROGER-1000,2025-01-08,846,117170
KROGER-1000,2025-01-09,804,117974
KROGER-1000,2025-01-10,747,118721
KROGER-1000,2025-01-11,851,119572
KROGER-1000,2025-01-12,800,120372
KROGER-1000,2025-01-13,868,121240
KROGER-1000,2025-01-14,796,122036
KROGER-1000,2025-01-15,752,122788
KROGER-1000,2025-01-16,784,123572
KROGER-1000,2025-01-17,832,124404
KROGER-1000,2025-01-18,807,125211
KROGER-1000,2025-01-19,790,126001
KROGER-1000,2025-01-20,821,126822
KROGER-1000,2025-01-21,821,127643
KROGER-1000,2025-01-22,773,128416
KROGER-1000,2025-01-23,775,129191
KROGER-1000,2025-01-24,820,130011
KROGER-1000,2025-01-25,747,130758
KROGER-1000,2025-01-26,750,131508
KROGER-1000,2025-01-27,759,132267
KROGER-1000,2025-01-28,791,133058
KROGER-1000,2025-01-29,825,133883
KROGER-1000,2025-01-30,900,134783
KROGER-1000,2025-01-31,860,135643
KROGER-1000,2025-02-01,835,136478
KROGER-1000,2025-02-02,844,137322
KROGER-1000,2025-02-03,741,138063
KROGER-1000,2025-02-04,804,138867
KROGER-1000,2025-02-05,787,139654
KROGER-1000,2025-02-06,826,140480
KROGER-1000,2025-02-07,752,141232
KROGER-1000,2025-02-08,881,142113
KROGER-1000,2025-02-09,949,143062
KROGER-1000,2025-02-10,798,143860
KROGER-1000,2025-02-11,831,144691
KROGER-1000,2025-02-12,850,145541
KROGER-1000,2025-02-13,779,146320
KROGER-1000,2025-02-14,820,147140
KROGER-1000,2025-02-15,846,147986
KROGER-1000,2025-02-16,852,148838
KROGER-1000,2025-02-17,755,149593
KROGER-1000,2025-02-18,807,150400
KROGER-1000,2025-02-19,837,151237
KROGER-1000,2025-02-20,899,152136
KROGER-1000,2025-02-21,867,153003
KROGER-1000,2025-02-22,991,153994
KROGER-1000,2025-02-23,794,154788
KROGER-1000,2025-02-24,861,155649
KROGER-1000,2025-02-25,817,156466
KROGER-1000,2025-02-26,946,157412
KROGER-1000,2025-02-27,753,158165
KROGER-1000,2025-02-28,751,158916
KROGER-1000,2025-03-01,805,159721
KROGER-1000,2025-03-02,702,160423
KROGER-1000,2025-03-03,771,161194
KROGER-1000,2025-03-04,756,161950
KROGER-1000,2025-03-05,815,162765
KROGER-1000,2025-03-06,827,163592
KROGER-1000,2025-03-07,926,164518
KROGER-1000,2025-03-08,910,165428
KROGER-1000,2025-03-09,806,166234
KROGER-1000,2025-03-10,747,166981
KROGER-1000,2025-03-11,837,167818
KROGER-1000,2025-03-12,720,168538
KROGER-1000,2025-03-13,923,169461
KROGER-1000,2025-03-14,881,170342
KROGER-1000,2025-03-15,814,171156
KROGER-1000,2025-03-16,730,171886
KROGER-1000,2025-03-17,892,172778
KROGER-1000,2025-03-18,798,173576
KROGER-1000,2025-03-19,885,174461
KROGER-1000,2025-03-20,702,175163
KROGER-1000,2025-03-21,767,175930
KROGER-1000,2025-03-22,846,176776
KROGER-1000,2025-03-23,849,177625
KROGER-1000,2025-03-24,776,178401
KROGER-1000,2025-03-25,845,179246
KROGER-1000,2025-03-26,736,179982
KROGER-1000,2025-03-27,796,180778
KROGER-1000,2025-03-28,813,181591
KROGER-1000,2025-03-29,880,182471
KROGER-1000,2025-03-30,894,183365
KROGER-1000,2025-03-31,733,184098
KROGER-1000,2025-04-01,706,184804
KROGER-1000,2025-04-02,888,185692
KROGER-1000,2025-04-03,827,186519
KROGER-1000,2025-04-04,757,187276
KROGER-1000,2025-04-05,950,188226
KROGER-1000,2025-04-06,853,189079
KROGER-1000,2025-04-07,881,189960
KROGER-1000,2025-04-08,810,190770
KROGER-1000,2025-04-09,938,191708
KROGER-1000,2025-04-10,918,192626
KROGER-1000,2025-04-11,769,193395
KROGER-1000,2025-04-12,1017,194412
KROGER-1000,2025-04-13,940,195352
KROGER-1000,2025-04-14,780,196132
KROGER-1000,2025-04-15,879,197011
KROGER-1000,2025-04-16,839,197850
KROGER-1000,2025-04-17,820,198670
KROGER-1000,2025-04-18,857,199527
KROGER-1000,2025-04-19,849,200376
KROGER-1000,2025-04-20,862,201238
KROGER-1000,2025-04-21,858,202096
KROGER-1000,2025-04-22,937,203033
KROGER-1000,2025-04-23,821,203854
KROGER-1000,2025-04-24,776,204630
KROGER-1000,2025-04-25,674,205304
KROGER-1000,2025-04-26,978,206282
KROGER-1000,2025-04-27,828,207110
KROGER-1000,2025-04-28,840,207950
KROGER-1000,2025-04-29,928,208878
KROGER-1000,2025-04-30,820,209698
KROGER-1000,2025-05-01,793,210491
KROGER-1000,2025-05-02,897,211388
KROGER-1000,2025-05-03,877,212265
KROGER-1000,2025-05-04,885,213150
KROGER-1000,2025-05-05,707,213857
KROGER-1000,2025-05-06,883,214740
KROGER-1000,2025-05-07,829,215569
KROGER-1000,2025-05-08,717,216286
KROGER-1000,2025-05-09,836,217122
KROGER-1000,2025-05-10,706,217828
KROGER-1000,2025-05-11,1004,218832
KROGER-1000,2025-05-12,734,219566
KROGER-1000,2025-05-13,909,220475
KROGER-1000,2025-05-14,753,221228
KROGER-1000,2025-05-15,841,222069
KROGER-1000,2025-05-16,746,222815
KROGER-1000,2025-05-17,913,223728
KROGER-1000,2025-05-18,830,224558
KROGER-1000,2025-05-19,835,225393
KROGER-1000,2025-05-20,806,226199
KROGER-1000,2025-05-21,717,226916
KROGER-1000,2025-05-22,838,227754
KROGER-1000,2025-05-23,773,228527
KROGER-1000,2025-05-24,916,229443
KROGER-1000,2025-05-25,830,230273
KROGER-1000,2025-05-26,800,231073
KROGER-1000,2025-05-27,914,231987
KROGER-1000,2025-05-28,959,232946
KROGER-1000,2025-05-29,856,233802
KROGER-1000,2025-05-30,787,234589
KROGER-1000,2025-05-31,820,235409
KROGER-1000,2025-06-01,790,236199
KROGER-1000,2025-06-02,765,236964
KROGER-1000,2025-06-03,788,237752
KROGER-1000,2025-06-04,932,238684
KROGER-1000,2025-06-05,792,239476
KROGER-1000,2025-06-06,726,240202
KROGER-1000,2025-06-07,848,241050
KROGER-1000,2025-06-08,858,241908
KROGER-1000,2025-06-09,807,242715
KROGER-1000,2025-06-10,857,243572
KROGER-1000,2025-06-11,810,244382
KROGER-1000,2025-06-12,855,245237
KROGER-1000,2025-06-13,755,245992
KROGER-1000,2025-06-14,966,246958
KROGER-1000,2025-06-15,863,247821
KROGER-1000,2025-06-16,831,248652
KROGER-1000,2025-06-17,755,249407
KROGER-1000,2025-06-18,836,250243
KROGER-1000,2025-06-19,847,251090
KROGER-1000,2025-06-20,730,251820
KROGER-1000,2025-06-21,733,252553
KROGER-1000,2025-06-22,865,253418
KROGER-1000,2025-06-23,774,254192
KROGER-1000,2025-06-24,822,255014
KROGER-1000,2025-06-25,722,255736
KROGER-1000,2025-06-26,705,256441
KROGER-1000,2025-06-27,819,257260
KROGER-1000,2025-06-28,822,258082
KROGER-1000,2025-06-29,703,258785
KROGER-1000,2025-06-30,892,259677
KROGER-1000,2025-07-01,721,260398
KROGER-1000,2025-07-02,971,261369
KROGER-1000,2025-07-03,765,262134
KROGER-1000,2025-07-04,831,262965
KROGER-1000,2025-07-05,957,263922
KROGER-1000,2025-07-06,946,264868
KROGER-1000,2025-07-07,933,265801
KROGER-1000,2025-07-08,707,266508
KROGER-1000,2025-07-09,732,267240
KROGER-1000,2025-07-10,820,268060
KROGER-1000,2025-07-11,859,268919
KROGER-1000,2025-07-12,845,269764
KROGER-1000,2025-07-13,735,270499
KROGER-1000,2025-07-14,837,271336
KROGER-1000,2025-07-15,793,272129
KROGER-1000,2025-07-16,792,272921
KROGER-1000,2025-07-17,658,273579
KROGER-1000,2025-07-18,857,274436
KROGER-1000,2025-07-19,855,275291
KROGER-1000,2025-07-20,967,276258
KROGER-1000,2025-07-21,800,277058
KROGER-1000,2025-07-22,842,277900
KROGER-1000,2025-07-23,859,278759
KROGER-1000,2025-07-24,693,279452
KROGER-1000,2025-07-25,974,280426
KROGER-1000,2025-07-26,816,281242
KROGER-1000,2025-07-27,879,282121
KROGER-1000,2025-07-28,846,282967
KROGER-1000,2025-07-29,753,283720
KROGER-1000,2025-07-30,924,284644
KROGER-1000,2025-07-31,822,285466
KROGER-1000,2025-08-01,791,286257
KROGER-1000,2025-08-02,855,287112
KROGER-1000,2025-08-03,897,288009
KROGER-1000,2025-08-04,806,288815
KROGER-1000,2025-08-05,862,289677
KROGER-1000,2025-08-06,697,290374
KROGER-1000,2025-08-07,757,291131
KROGER-1000,2025-08-08,667,291798
KROGER-1000,2025-08-09,981,292779
KROGER-1000,2025-08-10,980,293759
KROGER-1000,2025-08-11,846,294605
KROGER-1000,2025-08-12,740,295345
KROGER-1000,2025-08-13,959,296304
KROGER-1000,2025-08-14,766,297070
KROGER-1000,2025-08-15,791,297861
KROGER-1000,2025-08-16,856,298717
KROGER-1000,2025-08-17,876,299593
KROGER-1000,2025-08-18,847,300440
KROGER-1000,2025-08-19,849,301289
KROGER-1000,2025-08-20,796,302085
KROGER-1000,2025-08-21,848,302933
KROGER-1000,2025-08-22,793,303726
KROGER-1000,2025-08-23,885,304611
KROGER-1000,2025-08-24,879,305490
KROGER-1000,2025-08-25,854,306344
KROGER-1000,2025-08-26,846,307190
KROGER-1000,2025-08-27,777,307967
KROGER-1000,2025-08-28,835,308802
KROGER-1000,2025-08-29,847,309649
KROGER-1000,2025-08-30,758,310407
KROGER-1000,2025-08-31,827,311234
KROGER-1001,2024-09-01,645,645
KROGER-1001,2024-09-02,666,1311
KROGER-1001,2024-09-03,625,1936
KROGER-1001,2024-09-04,669,2605
KROGER-1001,2024-09-05,567,3172
KROGER-1001,2024-09-06,598,3770
KROGER-1001,2024-09-07,655,4425
KROGER-1001,2024-09-08,501,4926
KROGER-1001,2024-09-09,657,5583
KROGER-1001,2024-09-10,499,6082
KROGER-1001,2024-09-11,633,6715
KROGER-1001,2024-09-12,618,7333
KROGER-1001,2024-09-13,476,7809
KROGER-1001,2024-09-14,503,8312
KROGER-1001,2024-09-15,686,8998
KROGER-1001,2024-09-16,643,9641
KROGER-1001,2024-09-17,545,10186
KROGER-1001,2024-09-18,545,10731
KROGER-1001,2024-09-19,610,11341
KROGER-1001,2024-09-20,585,11926
KROGER-1001,2024-09-21,667,12593
KROGER-1001,2024-09-22,639,13232
KROGER-1001,2024-09-23,660,13892
KROGER-1001,2024-09-24,632,14524
KROGER-1001,2024-09-25,620,15144
KROGER-1001,2024-09-26,569,15713
KROGER-1001,2024-09-27,566,16279
KROGER-1001,2024-09-28,613,16892
KROGER-1001,2024-09-29,706,17598
KROGER-1001,2024-09-30,567,18165
KROGER-1001,2024-10-01,598,18763
KROGER-1001,2024-10-02,481,19244
KROGER-1001,2024-10-03,618,19862
KROGER-1001,2024-10-04,692,20554
KROGER-1001,2024-10-05,569,21123
KROGER-1001,2024-10-06,772,21895
KROGER-1001,2024-10-07,595,22490
KROGER-1001,2024-10-08,465,22955
KROGER-1001,2024-10-09,568,23523
KROGER-1001,2024-10-10,648,24171
KROGER-1001,2024-10-11,680,24851
KROGER-1001,2024-10-12,651,25502
KROGER-1001,2024-10-13,693,26195
KROGER-1001,2024-10-14,531,26726
KROGER-1001,2024-10-15,554,27280
KROGER-1001,2024-10-16,507,27787
KROGER-1001,2024-10-17,558,28345
KROGER-1001,2024-10-18,622,28967
KROGER-1001,2024-10-19,626,29593
KROGER-1001,2024-10-20,658,30251
KROGER-1001,2024-10-21,542,30793
KROGER-1001,2024-10-22,545,31338
KROGER-1001,2024-10-23,596,31934
KROGER-1001,2024-10-24,558,32492
KROGER-1001,2024-10-25,647,33139
KROGER-1001,2024-10-26,584,33723
KROGER-1001,2024-10-27,591,34314
KROGER-1001,2024-10-28,606,34920
KROGER-1001,2024-10-29,568,35488
KROGER-1001,2024-10-30,528,36016
KROGER-1001,2024-10-31,534,36550
KROGER-1001,2024-11-01,734,37284
KROGER-1001,2024-11-02,658,37942
KROGER-1001,2024-11-03,821,38763
KROGER-1001,2024-11-04,664,39427
KROGER-1001,2024-11-05,738,40165
KROGER-1001,2024-11-06,668,40833
KROGER-1001,2024-11-07,652,41485
KROGER-1001,2024-11-08,717,42202
KROGER-1001,2024-11-09,801,43003
KROGER-1001,2024-11-10,724,43727
KROGER-1001,2024-11-11,700,44427
KROGER-1001,2024-11-12,749,45176
KROGER-1001,2024-11-13,751,45927
KROGER-1001,2024-11-14,701,46628
KROGER-1001,2024-11-15,678,47306
KROGER-1001,2024-11-16,743,48049
KROGER-1001,2024-11-17,727,48776
KROGER-1001,2024-11-18,721,49497
KROGER-1001,2024-11-19,636,50133
KROGER-1001,2024-11-20,719,50852
KROGER-1001,2024-11-21,663,51515
KROGER-1001,2024-11-22,754,52269
KROGER-1001,2024-11-23,699,52968
KROGER-1001,2024-11-24,700,53668
KROGER-1001,2024-11-25,728,54396
KROGER-1001,2024-11-26,704,55100
KROGER-1001,2024-11-27,831,55931
KROGER-1001,2024-11-28,612,56543
KROGER-1001,2024-11-29,709,57252
KROGER-1001,2024-11-30,805,58057
KROGER-1001,2024-12-01,704,58761
KROGER-1001,2024-12-02,652,59413
KROGER-1001,2024-12-03,654,60067
KROGER-1001,2024-12-04,613,60680
KROGER-1001,2024-12-05,779,61459
KROGER-1001,2024-12-06,685,62144
KROGER-1001,2024-12-07,712,62856
KROGER-1001,2024-12-08,613,63469
KROGER-1001,2024-12-09,623,64092
KROGER-1001,2024-12-10,786,64878
KROGER-1001,2024-12-11,720,65598
KROGER-1001,2024-12-12,769,66367
KROGER-1001,2024-12-13,762,67129
KROGER-1001,2024-12-14,679,67808
KROGER-1001,2024-12-15,882,68690
KROGER-1001,2024-12-16,813,69503
KROGER-1001,2024-12-17,672,70175
KROGER-1001,2024-12-18,502,70677
KROGER-1001,2024-12-19,683,71360
KROGER-1001,2024-12-20,717,72077
KROGER-1001,2024-12-21,705,72782
KROGER-1001,2024-12-22,725,73507
KROGER-1001,2024-12-23,657,74164
KROGER-1001,2024-12-24,755,74919
KROGER-1001,2024-12-25,707,75626
KROGER-1001,2024-12-26,757,76383
KROGER-1001,2024-12-27,772,77155
KROGER-1001,2024-12-28,610,77765
KROGER-1001,2024-12-29,693,78458
KROGER-1001,2024-12-30,668,79126
KROGER-1001,2024-12-31,848,79974
KROGER-1001,2025-01-01,593,80567
KROGER-1001,2025-01-02,624,81191
KROGER-1001,2025-01-03,498,81689
KROGER-1001,2025-01-04,622,82311
KROGER-1001,2025-01-05,664,82975
KROGER-1001,2025-01-06,626,83601
KROGER-1001,2025-01-07,615,84216
KROGER-1001,2025-01-08,587,84803
KROGER-1001,2025-01-09,589,85392
KROGER-1001,2025-01-10,507,85899
KROGER-1001,2025-01-11,571,86470
KROGER-1001,2025-01-12,627,87097
KROGER-1001,2025-01-13,552,87649
KROGER-1001,2025-01-14,618,88267
KROGER-1001,2025-01-15,608,88875
KROGER-1001,2025-01-16,650,89525
KROGER-1001,2025-01-17,631,90156
KROGER-1001,2025-01-18,627,90783
KROGER-1001,2025-01-19,652,91435
KROGER-1001,2025-01-20,633,92068
KROGER-1001,2025-01-21,562,92630
KROGER-1001,2025-01-22,571,93201
KROGER-1001,2025-01-23,581,93782
KROGER-1001,2025-01-24,564,94346
KROGER-1001,2025-01-25,665,95011
KROGER-1001,2025-01-26,584,95595
KROGER-1001,2025-01-27,645,96240
KROGER-1001,2025-01-28,569,96809
KROGER-1001,2025-01-29,608,97417
KROGER-1001,2025-01-30,594,98011
KROGER-1001,2025-01-31,540,98551
KROGER-1001,2025-02-01,614,99165
KROGER-1001,2025-02-02,632,99797
KROGER-1001,2025-02-03,583,100380
KROGER-1001,2025-02-04,523,100903
KROGER-1001,2025-02-05,666,101569
KROGER-1001,2025-02-06,590,102159
KROGER-1001,2025-02-07,549,102708
KROGER-1001,2025-02-08,695,103403
KROGER-1001,2025-02-09,646,104049
KROGER-1001,2025-02-10,530,104579
KROGER-1001,2025-02-11,537,105116
KROGER-1001,2025-02-12,576,105692
KROGER-1001,2025-02-13,600,106292
KROGER-1001,2025-02-14,615,106907
KROGER-1001,2025-02-15,662,107569
KROGER-1001,2025-02-16,642,108211
KROGER-1001,2025-02-17,649,108860
KROGER-1001,2025-02-18,592,109452
KROGER-1001,2025-02-19,550,110002
KROGER-1001,2025-02-20,586,110588
KROGER-1001,2025-02-21,583,111171
KROGER-1001,2025-02-22,488,111659
KROGER-1001,2025-02-23,588,112247
KROGER-1001,2025-02-24,601,112848
KROGER-1001,2025-02-25,566,113414
KROGER-1001,2025-02-26,556,113970
KROGER-1001,2025-02-27,629,114599
KROGER-1001,2025-02-28,543,115142
KROGER-1001,2025-03-01,650,115792
KROGER-1001,2025-03-02,550,116342
KROGER-1001,2025-03-03,716,117058
KROGER-1001,2025-03-04,576,117634
KROGER-1001,2025-03-05,571,118205
KROGER-1001,2025-03-06,640,118845
KROGER-1001,2025-03-07,566,119411
KROGER-1001,2025-03-08,687,120098
KROGER-1001,2025-03-09,634,120732
KROGER-1001,2025-03-10,580,121312
KROGER-1001,2025-03-11,575,121887
KROGER-1001,2025-03-12,643,122530
KROGER-1001,2025-03-13,597,123127
KROGER-1001,2025-03-14,606,123733
KROGER-1001,2025-03-15,642,124375
KROGER-1001,2025-03-16,622,124997
KROGER-1001,2025-03-17,610,125607
KROGER-1001,2025-03-18,580,126187
KROGER-1001,2025-03-19,584,126771
KROGER-1001,2025-03-20,534,127305
KROGER-1001,2025-03-21,600,127905
KROGER-1001,2025-03-22,531,128436
KROGER-1001,2025-03-23,629,129065
KROGER-1001,2025-03-24,573,129638
KROGER-1001,2025-03-25,604,130242
KROGER-1001,2025-03-26,537,130779
KROGER-1001,2025-03-27,487,131266
KROGER-1001,2025-03-28,570,131836
KROGER-1001,2025-03-29,564,132400
KROGER-1001,2025-03-30,528,132928
KROGER-1001,2025-03-31,622,133550
KROGER-1001,2025-04-01,661,134211
KROGER-1001,2025-04-02,549,134760
KROGER-1001,2025-04-03,582,135342
KROGER-1001,2025-04-04,572,135914
KROGER-1001,2025-04-05,583,136497
KROGER-1001,2025-04-06,648,137145
KROGER-1001,2025-04-07,633,137778
KROGER-1001,2025-04-08,545,138323
KROGER-1001,2025-04-09,588,138911
KROGER-1001,2025-04-10,646,139557
KROGER-1001,2025-04-11,618,140175
KROGER-1001,2025-04-12,657,140832
KROGER-1001,2025-04-13,683,141515
KROGER-1001,2025-04-14,650,142165
KROGER-1001,2025-04-15,634,142799
KROGER-1001,2025-04-16,593,143392
KROGER-1001,2025-04-17,568,143960
KROGER-1001,2025-04-18,591,144551
KROGER-1001,2025-04-19,589,145140
KROGER-1001,2025-04-20,519,145659
KROGER-1001,2025-04-21,573,146232
KROGER-1001,2025-04-22,603,146835
KROGER-1001,2025-04-23,558,147393
KROGER-1001,2025-04-24,577,147970
KROGER-1001,2025-04-25,579,148549
KROGER-1001,2025-04-26,682,149231
KROGER-1001,2025-04-27,598,149829
KROGER-1001,2025-04-28,650,150479
KROGER-1001,2025-04-29,459,150938
KROGER-1001,2025-04-30,649,151587
KROGER-1001,2025-05-01,647,152234
KROGER-1001,2025-05-02,628,152862
KROGER-1001,2025-05-03,516,153378
KROGER-1001,2025-05-04,666,154044
KROGER-1001,2025-05-05,584,154628
KROGER-1001,2025-05-06,467,155095
KROGER-1001,2025-05-07,647,155742
KROGER-1001,2025-05-08,654,156396
KROGER-1001,2025-05-09,497,156893
KROGER-1001,2025-05-10,624,157517
KROGER-1001,2025-05-11,684,158201
KROGER-1001,2025-05-12,644,158845
KROGER-1001,2025-05-13,625,159470
KROGER-1001,2025-05-14,462,159932
KROGER-1001,2025-05-15,620,160552
KROGER-1001,2025-05-16,576,161128
KROGER-1001,2025-05-17,664,161792
KROGER-1001,2025-05-18,628,162420
KROGER-1001,2025-05-19,585,163005
KROGER-1001,2025-05-20,616,163621
KROGER-1001,2025-05-21,578,164199
KROGER-1001,2025-05-22,585,164784
KROGER-1001,2025-05-23,560,165344
KROGER-1001,2025-05-24,536,165880
KROGER-1001,2025-05-25,643,166523
KROGER-1001,2025-05-26,548,167071
KROGER-1001,2025-05-27,577,167648
KROGER-1001,2025-05-28,599,168247
KROGER-1001,2025-05-29,488,168735
KROGER-1001,2025-05-30,499,169234
KROGER-1001,2025-05-31,601,169835
KROGER-1001,2025-06-01,638,170473
KROGER-1001,2025-06-02,621,171094
KROGER-1001,2025-06-03,511,171605
KROGER-1001,2025-06-04,616,172221
KROGER-1001,2025-06-05,575,172796
KROGER-1001,2025-06-06,545,173341
KROGER-1001,2025-06-07,583,173924
KROGER-1001,2025-06-08,655,174579
KROGER-1001,2025-06-09,599,175178
KROGER-1001,2025-06-10,588,175766
KROGER-1001,2025-06-11,597,176363
KROGER-1001,2025-06-12,630,176993
KROGER-1001,2025-06-13,581,177574
KROGER-1001,2025-06-14,618,178192
KROGER-1001,2025-06-15,671,178863
KROGER-1001,2025-06-16,570,179433
KROGER-1001,2025-06-17,615,180048
KROGER-1001,2025-06-18,562,180610
KROGER-1001,2025-06-19,566,181176
KROGER-1001,2025-06-20,581,181757
KROGER-1001,2025-06-21,641,182398
KROGER-1001,2025-06-22,674,183072
KROGER-1001,2025-06-23,591,183663
KROGER-1001,2025-06-24,516,184179
KROGER-1001,2025-06-25,616,184795
KROGER-1001,2025-06-26,701,185496
KROGER-1001,2025-06-27,591,186087
KROGER-1001,2025-06-28,531,186618
KROGER-1001,2025-06-29,624,187242
KROGER-1001,2025-06-30,586,187828
KROGER-1001,2025-07-01,582,188410
KROGER-1001,2025-07-02,630,189040
KROGER-1001,2025-07-03,651,189691
KROGER-1001,2025-07-04,618,190309
KROGER-1001,2025-07-05,609,190918
KROGER-1001,2025-07-06,671,191589
KROGER-1001,2025-07-07,516,192105
KROGER-1001,2025-07-08,552,192657
KROGER-1001,2025-07-09,583,193240
KROGER-1001,2025-07-10,577,193817
KROGER-1001,2025-07-11,592,194409
KROGER-1001,2025-07-12,627,195036
KROGER-1001,2025-07-13,568,195604
KROGER-1001,2025-07-14,546,196150
KROGER-1001,2025-07-15,588,196738
KROGER-1001,2025-07-16,556,197294
KROGER-1001,2025-07-17,629,197923
KROGER-1001,2025-07-18,588,198511
KROGER-1001,2025-07-19,707,199218
KROGER-1001,2025-07-20,656,199874
KROGER-1001,2025-07-21,638,200512
KROGER-1001,2025-07-22,592,201104
KROGER-1001,2025-07-23,593,201697
KROGER-1001,2025-07-24,667,202364
KROGER-1001,2025-07-25,568,202932
KROGER-1001,2025-07-26,642,203574
KROGER-1001,2025-07-27,602,204176
KROGER-1001,2025-07-28,573,204749
KROGER-1001,2025-07-29,531,205280
KROGER-1001,2025-07-30,551,205831
KROGER-1001,2025-07-31,542,206373
KROGER-1001,2025-08-01,614,206987
KROGER-1001,2025-08-02,667,207654
KROGER-1001,2025-08-03,611,208265
KROGER-1001,2025-08-04,597,208862
KROGER-1001,2025-08-05,579,209441
KROGER-1001,2025-08-06,548,209989
KROGER-1001,2025-08-07,626,210615
KROGER-1001,2025-08-08,617,211232
KROGER-1001,2025-08-09,522,211754
KROGER-1001,2025-08-10,601,212355
KROGER-1001,2025-08-11,545,212900
KROGER-1001,2025-08-12,568,213468
KROGER-1001,2025-08-13,555,214023
KROGER-1001,2025-08-14,584,214607
KROGER-1001,2025-08-15,571,215178
KROGER-1001,2025-08-16,598,215776
KROGER-1001,2025-08-17,670,216446
KROGER-1001,2025-08-18,612,217058
KROGER-1001,2025-08-19,553,217611
KROGER-1001,2025-08-20,560,218171
KROGER-1001,2025-08-21,609,218780
KROGER-1001,2025-08-22,609,219389
KROGER-1001,2025-08-23,586,219975
KROGER-1001,2025-08-24,604,220579
KROGER-1001,2025-08-25,673,221252
KROGER-1001,2025-08-26,558,221810
KROGER-1001,2025-08-27,676,222486
KROGER-1001,2025-08-28,638,223124
KROGER-1001,2025-08-29,667,223791
KROGER-1001,2025-08-30,584,224375
KROGER-1001,2025-08-31,607,224982
KROGER-1002,2024-09-01,467,467
KROGER-1002,2024-09-02,503,970
KROGER-1002,2024-09-03,440,1410
KROGER-1002,2024-09-04,488,1898
KROGER-1002,2024-09-05,486,2384
KROGER-1002,2024-09-06,459,2843
KROGER-1002,2024-09-07,535,3378
KROGER-1002,2024-09-08,488,3866
KROGER-1002,2024-09-09,492,4358
KROGER-1002,2024-09-10,443,4801
KROGER-1002,2024-09-11,434,5235
KROGER-1002,2024-09-12,488,5723
KROGER-1002,2024-09-13,477,6200
KROGER-1002,2024-09-14,494,6694
KROGER-1002,2024-09-15,471,7165
KROGER-1002,2024-09-16,518,7683
KROGER-1002,2024-09-17,420,8103
KROGER-1002,2024-09-18,418,8521
KROGER-1002,2024-09-19,496,9017
KROGER-1002,2024-09-20,493,9510
KROGER-1002,2024-09-21,498,10008
KROGER-1002,2024-09-22,473,10481
KROGER-1002,2024-09-23,480,10961
KROGER-1002,2024-09-24,525,11486
KROGER-1002,2024-09-25,554,12040
KROGER-1002,2024-09-26,400,12440
KROGER-1002,2024-09-27,446,12886
KROGER-1002,2024-09-28,466,13352
KROGER-1002,2024-09-29,547,13899
KROGER-1002,2024-09-30,370,14269
KROGER-1002,2024-10-01,480,14749
KROGER-1002,2024-10-02,452,15201
KROGER-1002,2024-10-03,522,15723
KROGER-1002,2024-10-04,517,16240
KROGER-1002,2024-10-05,498,16738
KROGER-1002,2024-10-06,423,17161
KROGER-1002,2024-10-07,440,17601
KROGER-1002,2024-10-08,444,18045
KROGER-1002,2024-10-09,412,18457
KROGER-1002,2024-10-10,504,18961
KROGER-1002,2024-10-11,407,19368
KROGER-1002,2024-10-12,560,19928
KROGER-1002,2024-10-13,560,20488
KROGER-1002,2024-10-14,447,20935
KROGER-1002,2024-10-15,473,21408
KROGER-1002,2024-10-16,458,21866
KROGER-1002,2024-10-17,494,22360
KROGER-1002,2024-10-18,508,22868
KROGER-1002,2024-10-19,494,23362
KROGER-1002,2024-10-20,502,23864
KROGER-1002,2024-10-21,438,24302
KROGER-1002,2024-10-22,477,24779
KROGER-1002,2024-10-23,467,25246
KROGER-1002,2024-10-24,427,25673
KROGER-1002,2024-10-25,461,26134
KROGER-1002,2024-10-26,469,26603
KROGER-1002,2024-10-27,461,27064
KROGER-1002,2024-10-28,419,27483
KROGER-1002,2024-10-29,463,27946
KROGER-1002,2024-10-30,432,28378
KROGER-1002,2024-10-31,444,28822
KROGER-1002,2024-11-01,601,29423
KROGER-1002,2024-11-02,611,30034
KROGER-1002,2024-11-03,536,30570
KROGER-1002,2024-11-04,569,31139
KROGER-1002,2024-11-05,559,31698
KROGER-1002,2024-11-06,629,32327
KROGER-1002,2024-11-07,615,32942
KROGER-1002,2024-11-08,485,33427
KROGER-1002,2024-11-09,621,34048
KROGER-1002,2024-11-10,640,34688
KROGER-1002,2024-11-11,578,35266
KROGER-1002,2024-11-12,539,35805
KROGER-1002,2024-11-13,660,36465
KROGER-1002,2024-11-14,582,37047
KROGER-1002,2024-11-15,641,37688
KROGER-1002,2024-11-16,644,38332
KROGER-1002,2024-11-17,603,38935
KROGER-1002,2024-11-18,528,39463
KROGER-1002,2024-11-19,552,40015
KROGER-1002,2024-11-20,544,40559
KROGER-1002,2024-11-21,500,41059
KROGER-1002,2024-11-22,582,41641
KROGER-1002,2024-11-23,654,42295
KROGER-1002,2024-11-24,567,42862
KROGER-1002,2024-11-25,649,43511
KROGER-1002,2024-11-26,484,43995
KROGER-1002,2024-11-27,600,44595
KROGER-1002,2024-11-28,628,45223
KROGER-1002,2024-11-29,544,45767
KROGER-1002,2024-11-30,573,46340
KROGER-1002,2024-12-01,630,46970
KROGER-1002,2024-12-02,576,47546
KROGER-1002,2024-12-03,465,48011
KROGER-1002,2024-12-04,516,48527
KROGER-1002,2024-12-05,553,49080
KROGER-1002,2024-12-06,493,49573
KROGER-1002,2024-12-07,559,50132
KROGER-1002,2024-12-08,519,50651
KROGER-1002,2024-12-09,537,51188
KROGER-1002,2024-12-10,539,51727
KROGER-1002,2024-12-11,569,52296
KROGER-1002,2024-12-12,549,52845
KROGER-1002,2024-12-13,576,53421
KROGER-1002,2024-12-14,599,54020
KROGER-1002,2024-12-15,629,54649
KROGER-1002,2024-12-16,592,55241
KROGER-1002,2024-12-17,588,55829
KROGER-1002,2024-12-18,691,56520
KROGER-1002,2024-12-19,569,57089
KROGER-1002,2024-12-20,668,57757
KROGER-1002,2024-12-21,600,58357
KROGER-1002,2024-12-22,577,58934
KROGER-1002,2024-12-23,537,59471
KROGER-1002,2024-12-24,620,60091
KROGER-1002,2024-12-25,626,60717
KROGER-1002,2024-12-26,580,61297
KROGER-1002,2024-12-27,604,61901
KROGER-1002,2024-12-28,522,62423
KROGER-1002,2024-12-29,509,62932
KROGER-1002,2024-12-30,609,63541
KROGER-1002,2024-12-31,548,64089
KROGER-1002,2025-01-01,489,64578
KROGER-1002,2025-01-02,435,65013
KROGER-1002,2025-01-03,522,65535
KROGER-1002,2025-01-04,424,65959
KROGER-1002,2025-01-05,430,66389
KROGER-1002,2025-01-06,514,66903
KROGER-1002,2025-01-07,365,67268
KROGER-1002,2025-01-08,475,67743
KROGER-1002,2025-01-09,457,68200
KROGER-1002,2025-01-10,434,68634
KROGER-1002,2025-01-11,476,69110
KROGER-1002,2025-01-12,451,69561
KROGER-1002,2025-01-13,518,70079
KROGER-1002,2025-01-14,528,70607
KROGER-1002,2025-01-15,436,71043
KROGER-1002,2025-01-16,471,71514
KROGER-1002,2025-01-17,412,71926
KROGER-1002,2025-01-18,526,72452
KROGER-1002,2025-01-19,525,72977
KROGER-1002,2025-01-20,450,73427
KROGER-1002,2025-01-21,462,73889
KROGER-1002,2025-01-22,458,74347
KROGER-1002,2025-01-23,401,74748
KROGER-1002,2025-01-24,518,75266
KROGER-1002,2025-01-25,454,75720
KROGER-1002,2025-01-26,455,76175
KROGER-1002,2025-01-27,456,76631
KROGER-1002,2025-01-28,498,77129
KROGER-1002,2025-01-29,439,77568
KROGER-1002,2025-01-30,389,77957
KROGER-1002,2025-01-31,428,78385
KROGER-1002,2025-02-01,501,78886
KROGER-1002,2025-02-02,569,79455
KROGER-1002,2025-02-03,415,79870
KROGER-1002,2025-02-04,413,80283
KROGER-1002,2025-02-05,405,80688
KROGER-1002,2025-02-06,401,81089
KROGER-1002,2025-02-07,506,81595
KROGER-1002,2025-02-08,542,82137
KROGER-1002,2025-02-09,491,82628
KROGER-1002,2025-02-10,444,83072
KROGER-1002,2025-02-11,527,83599
KROGER-1002,2025-02-12,468,84067
KROGER-1002,2025-02-13,501,84568
KROGER-1002,2025-02-14,442,85010
KROGER-1002,2025-02-15,486,85496
KROGER-1002,2025-02-16,436,85932
KROGER-1002,2025-02-17,484,86416
KROGER-1002,2025-02-18,468,86884
KROGER-1002,2025-02-19,428,87312
KROGER-1002,2025-02-20,429,87741
KROGER-1002,2025-02-21,521,88262
KROGER-1002,2025-02-22,561,88823
KROGER-1002,2025-02-23,476,89299
KROGER-1002,2025-02-24,464,89763
KROGER-1002,2025-02-25,476,90239
KROGER-1002,2025-02-26,467,90706
KROGER-1002,2025-02-27,399,91105
KROGER-1002,2025-02-28,477,91582
KROGER-1002,2025-03-01,403,91985
KROGER-1002,2025-03-02,456,92441
KROGER-1002,2025-03-03,480,92921
KROGER-1002,2025-03-04,483,93404
KROGER-1002,2025-03-05,431,93835
KROGER-1002,2025-03-06,444,94279
KROGER-1002,2025-03-07,439,94718
KROGER-1002,2025-03-08,480,95198
KROGER-1002,2025-03-09,483,95681
KROGER-1002,2025-03-10,486,96167
KROGER-1002,2025-03-11,442,96609
KROGER-1002,2025-03-12,475,97084
KROGER-1002,2025-03-13,480,97564
KROGER-1002,2025-03-14,468,98032
KROGER-1002,2025-03-15,474,98506
KROGER-1002,2025-03-16,491,98997
KROGER-1002,2025-03-17,489,99486
KROGER-1002,2025-03-18,492,99978
KROGER-1002,2025-03-19,528,100506
KROGER-1002,2025-03-20,425,100931
KROGER-1002,2025-03-21,445,101376
KROGER-1002,2025-03-22,422,101798
KROGER-1002,2025-03-23,520,102318
KROGER-1002,2025-03-24,449,102767
KROGER-1002,2025-03-25,469,103236
KROGER-1002,2025-03-26,439,103675
KROGER-1002,2025-03-27,449,104124
KROGER-1002,2025-03-28,506,104630
KROGER-1002,2025-03-29,511,105141
KROGER-1002,2025-03-30,480,105621
KROGER-1002,2025-03-31,489,106110
KROGER-1002,2025-04-01,490,106600
KROGER-1002,2025-04-02,447,107047
KROGER-1002,2025-04-03,407,107454
KROGER-1002,2025-04-04,428,107882
KROGER-1002,2025-04-05,432,108314
KROGER-1002,2025-04-06,529,108843
KROGER-1002,2025-04-07,511,109354
KROGER-1002,2025-04-08,520,109874
KROGER-1002,2025-04-09,387,110261
KROGER-1002,2025-04-10,501,110762
KROGER-1002,2025-04-11,543,111305
KROGER-1002,2025-04-12,527,111832
KROGER-1002,2025-04-13,401,112233
KROGER-1002,2025-04-14,526,112759
KROGER-1002,2025-04-15,463,113222
KROGER-1002,2025-04-16,453,113675
KROGER-1002,2025-04-17,478,114153
KROGER-1002,2025-04-18,422,114575
KROGER-1002,2025-04-19,484,115059
KROGER-1002,2025-04-20,547,115606
KROGER-1002,2025-04-21,484,116090
KROGER-1002,2025-04-22,463,116553
KROGER-1002,2025-04-23,464,117017
KROGER-1002,2025-04-24,418,117435
KROGER-1002,2025-04-25,456,117891
KROGER-1002,2025-04-26,421,118312
KROGER-1002,2025-04-27,524,118836
KROGER-1002,2025-04-28,380,119216
KROGER-1002,2025-04-29,493,119709
KROGER-1002,2025-04-30,497,120206
KROGER-1002,2025-05-01,510,120716
KROGER-1002,2025-05-02,464,121180
KROGER-1002,2025-05-03,520,121700
KROGER-1002,2025-05-04,478,122178
KROGER-1002,2025-05-05,417,122595
KROGER-1002,2025-05-06,518,123113
KROGER-1002,2025-05-07,458,123571
KROGER-1002,2025-05-08,409,123980
KROGER-1002,2025-05-09,444,124424
KROGER-1002,2025-05-10,468,124892
KROGER-1002,2025-05-11,502,125394
KROGER-1002,2025-05-12,548,125942
KROGER-1002,2025-05-13,480,126422
KROGER-1002,2025-05-14,469,126891
KROGER-1002,2025-05-15,552,127443
KROGER-1002,2025-05-16,497,127940
KROGER-1002,2025-05-17,494,128434
KROGER-1002,2025-05-18,466,128900
KROGER-1002,2025-05-19,473,129373
KROGER-1002,2025-05-20,459,129832
KROGER-1002,2025-05-21,465,130297
KROGER-1002,2025-05-22,510,130807
KROGER-1002,2025-05-23,441,131248
KROGER-1002,2025-05-24,504,131752
KROGER-1002,2025-05-25,521,132273
KROGER-1002,2025-05-26,437,132710
KROGER-1002,2025-05-27,431,133141
KROGER-1002,2025-05-28,456,133597
KROGER-1002,2025-05-29,444,134041
KROGER-1002,2025-05-30,504,134545
KROGER-1002,2025-05-31,445,134990
KROGER-1002,2025-06-01,487,135477
KROGER-1002,2025-06-02,555,136032
KROGER-1002,2025-06-03,476,136508
KROGER-1002,2025-06-04,483,136991
KROGER-1002,2025-06-05,504,137495
KROGER-1002,2025-06-06,444,137939
KROGER-1002,2025-06-07,442,138381
KROGER-1002,2025-06-08,491,138872
KROGER-1002,2025-06-09,471,139343
KROGER-1002,2025-06-10,401,139744
KROGER-1002,2025-06-11,475,140219
KROGER-1002,2025-06-12,501,140720
KROGER-1002,2025-06-13,427,141147
KROGER-1002,2025-06-14,501,141648
KROGER-1002,2025-06-15,519,142167
KROGER-1002,2025-06-16,483,142650
KROGER-1002,2025-06-17,486,143136
KROGER-1002,2025-06-18,452,143588
KROGER-1002,2025-06-19,419,144007
KROGER-1002,2025-06-20,445,144452
KROGER-1002,2025-06-21,461,144913
KROGER-1002,2025-06-22,481,145394
KROGER-1002,2025-06-23,502,145896
KROGER-1002,2025-06-24,413,146309
KROGER-1002,2025-06-25,466,146775
KROGER-1002,2025-06-26,422,147197
KROGER-1002,2025-06-27,434,147631
KROGER-1002,2025-06-28,506,148137
KROGER-1002,2025-06-29,438,148575
KROGER-1002,2025-06-30,488,149063
KROGER-1002,2025-07-01,411,149474
KROGER-1002,2025-07-02,486,149960
KROGER-1002,2025-07-03,404,150364
KROGER-1002,2025-07-04,438,150802
KROGER-1002,2025-07-05,558,151360
KROGER-1002,2025-07-06,550,151910
KROGER-1002,2025-07-07,446,152356
KROGER-1002,2025-07-08,476,152832
KROGER-1002,2025-07-09,506,153338
KROGER-1002,2025-07-10,486,153824
KROGER-1002,2025-07-11,451,154275
KROGER-1002,2025-07-12,455,154730
KROGER-1002,2025-07-13,518,155248
KROGER-1002,2025-07-14,503,155751
KROGER-1002,2025-07-15,525,156276
KROGER-1002,2025-07-16,399,156675
KROGER-1002,2025-07-17,415,157090
KROGER-1002,2025-07-18,504,157594
KROGER-1002,2025-07-19,424,158018
KROGER-1002,2025-07-20,532,158550
KROGER-1002,2025-07-21,453,159003
KROGER-1002,2025-07-22,442,159445
KROGER-1002,2025-07-23,469,159914
KROGER-1002,2025-07-24,411,160325
KROGER-1002,2025-07-25,492,160817
KROGER-1002,2025-07-26,550,161367
KROGER-1002,2025-07-27,518,161885
KROGER-1002,2025-07-28,452,162337
KROGER-1002,2025-07-29,404,162741
KROGER-1002,2025-07-30,406,163147
KROGER-1002,2025-07-31,412,163559
KROGER-1002,2025-08-01,461,164020
KROGER-1002,2025-08-02,489,164509
KROGER-1002,2025-08-03,518,165027
KROGER-1002,2025-08-04,395,165422
KROGER-1002,2025-08-05,510,165932
KROGER-1002,2025-08-06,487,166419
KROGER-1002,2025-08-07,449,166868
KROGER-1002,2025-08-08,417,167285
KROGER-1002,2025-08-09,533,167818
KROGER-1002,2025-08-10,473,168291
KROGER-1002,2025-08-11,460,168751
KROGER-1002,2025-08-12,475,169226
KROGER-1002,2025-08-13,427,169653
KROGER-1002,2025-08-14,451,170104
KROGER-1002,2025-08-15,493,170597
KROGER-1002,2025-08-16,514,171111
KROGER-1002,2025-08-17,514,171625
KROGER-1002,2025-08-18,418,172043
KROGER-1002,2025-08-19,452,172495
KROGER-1002,2025-08-20,447,172942
KROGER-1002,2025-08-21,477,173419
KROGER-1002,2025-08-22,474,173893
KROGER-1002,2025-08-23,490,174383
KROGER-1002,2025-08-24,580,174963
KROGER-1002,2025-08-25,450,175413
KROGER-1002,2025-08-26,446,175859
KROGER-1002,2025-08-27,418,176277
KROGER-1002,2025-08-28,404,176681
KROGER-1002,2025-08-29,464,177145
KROGER-1002,2025-08-30,512,177657
KROGER-1002,2025-08-31,451,178108
KROGER-1003,2024-09-01,626,626
KROGER-1003,2024-09-02,802,1428
KROGER-1003,2024-09-03,622,2050
KROGER-1003,2024-09-04,730,2780
KROGER-1003,2024-09-05,686,3466
KROGER-1003,2024-09-06,698,4164
KROGER-1003,2024-09-07,718,4882
KROGER-1003,2024-09-08,696,5578
KROGER-1003,2024-09-09,709,6287
KROGER-1003,2024-09-10,660,6947
KROGER-1003,2024-09-11,748,7695
KROGER-1003,2024-09-12,715,8410
KROGER-1003,2024-09-13,717,9127
KROGER-1003,2024-09-14,689,9816
KROGER-1003,2024-09-15,705,10521
KROGER-1003,2024-09-16,619,11140
KROGER-1003,2024-09-17,665,11805
KROGER-1003,2024-09-18,627,12432
KROGER-1003,2024-09-19,756,13188
KROGER-1003,2024-09-20,687,13875
KROGER-1003,2024-09-21,728,14603
KROGER-1003,2024-09-22,705,15308
KROGER-1003,2024-09-23,695,16003
KROGER-1003,2024-09-24,819,16822
KROGER-1003,2024-09-25,668,17490
KROGER-1003,2024-09-26,648,18138
KROGER-1003,2024-09-27,713,18851
KROGER-1003,2024-09-28,573,19424
KROGER-1003,2024-09-29,722,20146
KROGER-1003,2024-09-30,664,20810
KROGER-1003,2024-10-01,630,21440
KROGER-1003,2024-10-02,712,22152
KROGER-1003,2024-10-03,687,22839
KROGER-1003,2024-10-04,585,23424
KROGER-1003,2024-10-05,681,24105
KROGER-1003,2024-10-06,552,24657
KROGER-1003,2024-10-07,700,25357
KROGER-1003,2024-10-08,700,26057
KROGER-1003,2024-10-09,641,26698
KROGER-1003,2024-10-10,714,27412
KROGER-1003,2024-10-11,614,28026
KROGER-1003,2024-10-12,663,28689
KROGER-1003,2024-10-13,742,29431
KROGER-1003,2024-10-14,646,30077
KROGER-1003,2024-10-15,681,30758
KROGER-1003,2024-10-16,653,31411
KROGER-1003,2024-10-17,661,32072
KROGER-1003,2024-10-18,664,32736
KROGER-1003,2024-10-19,678,33414
KROGER-1003,2024-10-20,736,34150
KROGER-1003,2024-10-21,650,34800
KROGER-1003,2024-10-22,685,35485
KROGER-1003,2024-10-23,644,36129
KROGER-1003,2024-10-24,600,36729
KROGER-1003,2024-10-25,734,37463
KROGER-1003,2024-10-26,747,38210
KROGER-1003,2024-10-27,850,39060
KROGER-1003,2024-10-28,627,39687
KROGER-1003,2024-10-29,673,40360
KROGER-1003,2024-10-30,677,41037
KROGER-1003,2024-10-31,738,41775
KROGER-1003,2024-11-01,788,42563
KROGER-1003,2024-11-02,781,43344
KROGER-1003,2024-11-03,945,44289
KROGER-1003,2024-11-04,800,45089
KROGER-1003,2024-11-05,879,45968
KROGER-1003,2024-11-06,871,46839
KROGER-1003,2024-11-07,819,47658
KROGER-1003,2024-11-08,809,48467
KROGER-1003,2024-11-09,835,49302
KROGER-1003,2024-11-10,861,50163
KROGER-1003,2024-11-11,878,51041
KROGER-1003,2024-11-12,769,51810
KROGER-1003,2024-11-13,828,52638
KROGER-1003,2024-11-14,747,53385
KROGER-1003,2024-11-15,756,54141
KROGER-1003,2024-11-16,860,55001
KROGER-1003,2024-11-17,727,55728
KROGER-1003,2024-11-18,956,56684
KROGER-1003,2024-11-19,743,57427
KROGER-1003,2024-11-20,818,58245
KROGER-1003,2024-11-21,898,59143
KROGER-1003,2024-11-22,764,59907
KROGER-1003,2024-11-23,703,60610
KROGER-1003,2024-11-24,831,61441
KROGER-1003,2024-11-25,763,62204
KROGER-1003,2024-11-26,671,62875
KROGER-1003,2024-11-27,840,63715
KROGER-1003,2024-11-28,835,64550
KROGER-1003,2024-11-29,896,65446
KROGER-1003,2024-11-30,785,66231
KROGER-1003,2024-12-01,752,66983
KROGER-1003,2024-12-02,794,67777
KROGER-1003,2024-12-03,815,68592
KROGER-1003,2024-12-04,881,69473
KROGER-1003,2024-12-05,914,70387
KROGER-1003,2024-12-06,901,71288
KROGER-1003,2024-12-07,881,72169
KROGER-1003,2024-12-08,917,73086
KROGER-1003,2024-12-09,779,73865
KROGER-1003,2024-12-10,832,74697
KROGER-1003,2024-12-11,743,75440
KROGER-1003,2024-12-12,825,76265
KROGER-1003,2024-12-13,827,77092
KROGER-1003,2024-12-14,981,78073
KROGER-1003,2024-12-15,846,78919
KROGER-1003,2024-12-16,827,79746
KROGER-1003,2024-12-17,836,80582
KROGER-1003,2024-12-18,791,81373
KROGER-1003,2024-12-19,768,82141
KROGER-1003,2024-12-20,906,83047
KROGER-1003,2024-12-21,794,83841
KROGER-1003,2024-12-22,770,84611
KROGER-1003,2024-12-23,866,85477
KROGER-1003,2024-12-24,897,86374
KROGER-1003,2024-12-25,791,87165
KROGER-1003,2024-12-26,792,87957
KROGER-1003,2024-12-27,839,88796
KROGER-1003,2024-12-28,813,89609
KROGER-1003,2024-12-29,808,90417
KROGER-1003,2024-12-30,879,91296
KROGER-1003,2024-12-31,861,92157
KROGER-1003,2025-01-01,756,92913
KROGER-1003,2025-01-02,615,93528
KROGER-1003,2025-01-03,656,94184
KROGER-1003,2025-01-04,734,94918
KROGER-1003,2025-01-05,665,95583
KROGER-1003,2025-01-06,719,96302
KROGER-1003,2025-01-07,751,97053
KROGER-1003,2025-01-08,652,97705
KROGER-1003,2025-01-09,686,98391
KROGER-1003,2025-01-10,764,99155
KROGER-1003,2025-01-11,822,99977
KROGER-1003,2025-01-12,761,100738
KROGER-1003,2025-01-13,716,101454
KROGER-1003,2025-01-14,637,102091
KROGER-1003,2025-01-15,704,102795
KROGER-1003,2025-01-16,714,103509
KROGER-1003,2025-01-17,672,104181
KROGER-1003,2025-01-18,684,104865
KROGER-1003,2025-01-19,645,105510
KROGER-1003,2025-01-20,589,106099
KROGER-1003,2025-01-21,577,106676
KROGER-1003,2025-01-22,716,107392
KROGER-1003,2025-01-23,692,108084
KROGER-1003,2025-01-24,658,108742
KROGER-1003,2025-01-25,699,109441
KROGER-1003,2025-01-26,730,110171
KROGER-1003,2025-01-27,675,110846
KROGER-1003,2025-01-28,611,111457
KROGER-1003,2025-01-29,734,112191
KROGER-1003,2025-01-30,701,112892
KROGER-1003,2025-01-31,699,113591
KROGER-1003,2025-02-01,766,114357
KROGER-1003,2025-02-02,671,115028
KROGER-1003,2025-02-03,750,115778
KROGER-1003,2025-02-04,676,116454
KROGER-1003,2025-02-05,733,117187
KROGER-1003,2025-02-06,724,117911
KROGER-1003,2025-02-07,627,118538
KROGER-1003,2025-02-08,747,119285
KROGER-1003,2025-02-09,737,120022
KROGER-1003,2025-02-10,686,120708
KROGER-1003,2025-02-11,679,121387
KROGER-1003,2025-02-12,679,122066
KROGER-1003,2025-02-13,729,122795
KROGER-1003,2025-02-14,716,123511
KROGER-1003,2025-02-15,720,124231
KROGER-1003,2025-02-16,632,124863
KROGER-1003,2025-02-17,711,125574
KROGER-1003,2025-02-18,724,126298
KROGER-1003,2025-02-19,810,127108
KROGER-1003,2025-02-20,743,127851
KROGER-1003,2025-02-21,580,128431
KROGER-1003,2025-02-22,723,129154
KROGER-1003,2025-02-23,822,129976
KROGER-1003,2025-02-24,718,130694
KROGER-1003,2025-02-25,702,131396
KROGER-1003,2025-02-26,733,132129
KROGER-1003,2025-02-27,650,132779
KROGER-1003,2025-02-28,710,133489
KROGER-1003,2025-03-01,704,134193
KROGER-1003,2025-03-02,717,134910
KROGER-1003,2025-03-03,729,135639
KROGER-1003,2025-03-04,633,136272
KROGER-1003,2025-03-05,755,137027
KROGER-1003,2025-03-06,661,137688
KROGER-1003,2025-03-07,698,138386
KROGER-1003,2025-03-08,638,139024
KROGER-1003,2025-03-09,760,139784
KROGER-1003,2025-03-10,763,140547
KROGER-1003,2025-03-11,656,141203
KROGER-1003,2025-03-12,623,141826
KROGER-1003,2025-03-13,699,142525
KROGER-1003,2025-03-14,764,143289
KROGER-1003,2025-03-15,635,143924
KROGER-1003,2025-03-16,655,144579
KROGER-1003,2025-03-17,659,145238
KROGER-1003,2025-03-18,639,145877
KROGER-1003,2025-03-19,639,146516
KROGER-1003,2025-03-20,569,147085
KROGER-1003,2025-03-21,716,147801
KROGER-1003,2025-03-22,738,148539
KROGER-1003,2025-03-23,621,149160
KROGER-1003,2025-03-24,764,149924
KROGER-1003,2025-03-25,776,150700
KROGER-1003,2025-03-26,643,151343
KROGER-1003,2025-03-27,748,152091
KROGER-1003,2025-03-28,653,152744
KROGER-1003,2025-03-29,729,153473
KROGER-1003,2025-03-30,670,154143
KROGER-1003,2025-03-31,805,154948
KROGER-1003,2025-04-01,668,155616
KROGER-1003,2025-04-02,691,156307
KROGER-1003,2025-04-03,646,156953
KROGER-1003,2025-04-04,786,157739
KROGER-1003,2025-04-05,827,158566
KROGER-1003,2025-04-06,812,159378
KROGER-1003,2025-04-07,736,160114
KROGER-1003,2025-04-08,650,160764
KROGER-1003,2025-04-09,729,161493
KROGER-1003,2025-04-10,639,162132
KROGER-1003,2025-04-11,684,162816
KROGER-1003,2025-04-12,708,163524
KROGER-1003,2025-04-13,692,164216
KROGER-1003,2025-04-14,722,164938
KROGER-1003,2025-04-15,736,165674
KROGER-1003,2025-04-16,689,166363
KROGER-1003,2025-04-17,765,167128
KROGER-1003,2025-04-18,621,167749
KROGER-1003,2025-04-19,707,168456
KROGER-1003,2025-04-20,677,169133
KROGER-1003,2025-04-21,582,169715
KROGER-1003,2025-04-22,679,170394
KROGER-1003,2025-04-23,677,171071
KROGER-1003,2025-04-24,767,171838
KROGER-1003,2025-04-25,719,172557
KROGER-1003,2025-04-26,659,173216
KROGER-1003,2025-04-27,825,174041
KROGER-1003,2025-04-28,751,174792
KROGER-1003,2025-04-29,716,175508
KROGER-1003,2025-04-30,672,176180
KROGER-1003,2025-05-01,631,176811
KROGER-1003,2025-05-02,664,177475
KROGER-1003,2025-05-03,781,178256
KROGER-1003,2025-05-04,827,179083
KROGER-1003,2025-05-05,769,179852
KROGER-1003,2025-05-06,657,180509
KROGER-1003,2025-05-07,623,181132
KROGER-1003,2025-05-08,692,181824
KROGER-1003,2025-05-09,587,182411
KROGER-1003,2025-05-10,737,183148
KROGER-1003,2025-05-11,710,183858
KROGER-1003,2025-05-12,658,184516
KROGER-1003,2025-05-13,597,185113
KROGER-1003,2025-05-14,712,185825
KROGER-1003,2025-05-15,655,186480
KROGER-1003,2025-05-16,620,187100
KROGER-1003,2025-05-17,553,187653
KROGER-1003,2025-05-18,717,188370
KROGER-1003,2025-05-19,781,189151
KROGER-1003,2025-05-20,775,189926
KROGER-1003,2025-05-21,659,190585
KROGER-1003,2025-05-22,651,191236
KROGER-1003,2025-05-23,710,191946
KROGER-1003,2025-05-24,661,192607
KROGER-1003,2025-05-25,736,193343
KROGER-1003,2025-05-26,726,194069
KROGER-1003,2025-05-27,751,194820
KROGER-1003,2025-05-28,679,195499
KROGER-1003,2025-05-29,673,196172
KROGER-1003,2025-05-30,636,196808
KROGER-1003,2025-05-31,671,197479
KROGER-1003,2025-06-01,705,198184
KROGER-1003,2025-06-02,704,198888
KROGER-1003,2025-06-03,734,199622
KROGER-1003,2025-06-04,640,200262
KROGER-1003,2025-06-05,766,201028
KROGER-1003,2025-06-06,669,201697
KROGER-1003,2025-06-07,717,202414
KROGER-1003,2025-06-08,675,203089
KROGER-1003,2025-06-09,551,203640
KROGER-1003,2025-06-10,732,204372
KROGER-1003,2025-06-11,724,205096
KROGER-1003,2025-06-12,669,205765
KROGER-1003,2025-06-13,688,206453
KROGER-1003,2025-06-14,748,207201
KROGER-1003,2025-06-15,628,207829
KROGER-1003,2025-06-16,655,208484
KROGER-1003,2025-06-17,727,209211
KROGER-1003,2025-06-18,615,209826
KROGER-1003,2025-06-19,700,210526
KROGER-1003,2025-06-20,610,211136
KROGER-1003,2025-06-21,745,211881
KROGER-1003,2025-06-22,716,212597
KROGER-1003,2025-06-23,596,213193
KROGER-1003,2025-06-24,748,213941
KROGER-1003,2025-06-25,644,214585
KROGER-1003,2025-06-26,640,215225
KROGER-1003,2025-06-27,695,215920
KROGER-1003,2025-06-28,784,216704
KROGER-1003,2025-06-29,660,217364
KROGER-1003,2025-06-30,687,218051
KROGER-1003,2025-07-01,707,218758
KROGER-1003,2025-07-02,722,219480
KROGER-1003,2025-07-03,694,220174
KROGER-1003,2025-07-04,664,220838
KROGER-1003,2025-07-05,671,221509
KROGER-1003,2025-07-06,723,222232
KROGER-1003,2025-07-07,625,222857
KROGER-1003,2025-07-08,524,223381
KROGER-1003,2025-07-09,708,224089
KROGER-1003,2025-07-10,733,224822
KROGER-1003,2025-07-11,555,225377
KROGER-1003,2025-07-12,660,226037
KROGER-1003,2025-07-13,754,226791
KROGER-1003,2025-07-14,797,227588
KROGER-1003,2025-07-15,685,228273
KROGER-1003,2025-07-16,644,228917
KROGER-1003,2025-07-17,674,229591
KROGER-1003,2025-07-18,759,230350
KROGER-1003,2025-07-19,681,231031
KROGER-1003,2025-07-20,672,231703
KROGER-1003,2025-07-21,658,232361
KROGER-1003,2025-07-22,632,232993
KROGER-1003,2025-07-23,691,233684
KROGER-1003,2025-07-24,773,234457
KROGER-1003,2025-07-25,702,235159
KROGER-1003,2025-07-26,704,235863
KROGER-1003,2025-07-27,701,236564
KROGER-1003,2025-07-28,598,237162
KROGER-1003,2025-07-29,732,237894
KROGER-1003,2025-07-30,680,238574
KROGER-1003,2025-07-31,674,239248
KROGER-1003,2025-08-01,859,240107
KROGER-1003,2025-08-02,735,240842
KROGER-1003,2025-08-03,675,241517
KROGER-1003,2025-08-04,661,242178
KROGER-1003,2025-08-05,747,242925
KROGER-1003,2025-08-06,690,243615
KROGER-1003,2025-08-07,605,244220
KROGER-1003,2025-08-08,734,244954
KROGER-1003,2025-08-09,680,245634
KROGER-1003,2025-08-10,826,246460
KROGER-1003,2025-08-11,743,247203
KROGER-1003,2025-08-12,660,247863
KROGER-1003,2025-08-13,754,248617
KROGER-1003,2025-08-14,688,249305
KROGER-1003,2025-08-15,731,250036
KROGER-1003,2025-08-16,746,250782
KROGER-1003,2025-08-17,670,251452
KROGER-1003,2025-08-18,649,252101
KROGER-1003,2025-08-19,740,252841
KROGER-1003,2025-08-20,666,253507
KROGER-1003,2025-08-21,662,254169
KROGER-1003,2025-08-22,632,254801
KROGER-1003,2025-08-23,743,255544
KROGER-1003,2025-08-24,837,256381
KROGER-1003,2025-08-25,626,257007
KROGER-1003,2025-08-26,685,257692
KROGER-1003,2025-08-27,761,258453
KROGER-1003,2025-08-28,680,259133
KROGER-1003,2025-08-29,709,259842
KROGER-1003,2025-08-30,657,260499
KROGER-1003,2025-08-31,743,261242
KROGER-1004,2024-09-01,321,321
KROGER-1004,2024-09-02,334,655
KROGER-1004,2024-09-03,339,994
KROGER-1004,2024-09-04,374,1368
KROGER-1004,2024-09-05,324,1692
KROGER-1004,2024-09-06,318,2010
KROGER-1004,2024-09-07,331,2341
KROGER-1004,2024-09-08,316,2657
KROGER-1004,2024-09-09,318,2975
KROGER-1004,2024-09-10,303,3278
KROGER-1004,2024-09-11,314,3592
KROGER-1004,2024-09-12,343,3935
KROGER-1004,2024-09-13,285,4220
KROGER-1004,2024-09-14,355,4575
KROGER-1004,2024-09-15,360,4935
KROGER-1004,2024-09-16,307,5242
KROGER-1004,2024-09-17,257,5499
KROGER-1004,2024-09-18,295,5794
KROGER-1004,2024-09-19,342,6136
KROGER-1004,2024-09-20,309,6445
KROGER-1004,2024-09-21,299,6744
KROGER-1004,2024-09-22,312,7056
KROGER-1004,2024-09-23,331,7387
KROGER-1004,2024-09-24,324,7711
KROGER-1004,2024-09-25,304,8015
KROGER-1004,2024-09-26,301,8316
KROGER-1004,2024-09-27,300,8616
KROGER-1004,2024-09-28,301,8917
KROGER-1004,2024-09-29,368,9285
KROGER-1004,2024-09-30,302,9587
KROGER-1004,2024-10-01,340,9927
KROGER-1004,2024-10-02,348,10275
KROGER-1004,2024-10-03,335,10610
KROGER-1004,2024-10-04,299,10909
KROGER-1004,2024-10-05,336,11245
KROGER-1004,2024-10-06,325,11570
KROGER-1004,2024-10-07,287,11857
KROGER-1004,2024-10-08,318,12175
KROGER-1004,2024-10-09,281,12456
KROGER-1004,2024-10-10,339,12795
KROGER-1004,2024-10-11,298,13093
KROGER-1004,2024-10-12,331,13424
KROGER-1004,2024-10-13,333,13757
KROGER-1004,2024-10-14,304,14061
KROGER-1004,2024-10-15,325,14386
KROGER-1004,2024-10-16,298,14684
KROGER-1004,2024-10-17,332,15016
KROGER-1004,2024-10-18,277,15293
KROGER-1004,2024-10-19,329,15622
KROGER-1004,2024-10-20,376,15998
KROGER-1004,2024-10-21,285,16283
KROGER-1004,2024-10-22,293,16576
KROGER-1004,2024-10-23,323,16899
KROGER-1004,2024-10-24,314,17213
KROGER-1004,2024-10-25,319,17532
KROGER-1004,2024-10-26,338,17870
KROGER-1004,2024-10-27,342,18212
KROGER-1004,2024-10-28,337,18549
KROGER-1004,2024-10-29,320,18869
KROGER-1004,2024-10-30,304,19173
KROGER-1004,2024-10-31,327,19500
KROGER-1004,2024-11-01,429,19929
KROGER-1004,2024-11-02,386,20315
KROGER-1004,2024-11-03,360,20675
KROGER-1004,2024-11-04,405,21080
KROGER-1004,2024-11-05,368,21448
KROGER-1004,2024-11-06,307,21755
KROGER-1004,2024-11-07,397,22152
KROGER-1004,2024-11-08,356,22508
KROGER-1004,2024-11-09,388,22896
KROGER-1004,2024-11-10,401,23297
KROGER-1004,2024-11-11,378,23675
KROGER-1004,2024-11-12,393,24068
KROGER-1004,2024-11-13,359,24427
KROGER-1004,2024-11-14,387,24814
KROGER-1004,2024-11-15,364,25178
KROGER-1004,2024-11-16,414,25592
KROGER-1004,2024-11-17,410,26002
KROGER-1004,2024-11-18,344,26346
KROGER-1004,2024-11-19,404,26750
KROGER-1004,2024-11-20,356,27106
KROGER-1004,2024-11-21,396,27502
KROGER-1004,2024-11-22,383,27885
KROGER-1004,2024-11-23,448,28333
KROGER-1004,2024-11-24,384,28717
KROGER-1004,2024-11-25,362,29079
KROGER-1004,2024-11-26,371,29450
KROGER-1004,2024-11-27,363,29813
KROGER-1004,2024-11-28,396,30209
KROGER-1004,2024-11-29,324,30533
KROGER-1004,2024-11-30,358,30891
KROGER-1004,2024-12-01,357,31248
KROGER-1004,2024-12-02,400,31648
KROGER-1004,2024-12-03,423,32071
KROGER-1004,2024-12-04,369,32440
KROGER-1004,2024-12-05,367,32807
KROGER-1004,2024-12-06,374,33181
KROGER-1004,2024-12-07,427,33608
KROGER-1004,2024-12-08,362,33970
KROGER-1004,2024-12-09,379,34349
KROGER-1004,2024-12-10,401,34750
KROGER-1004,2024-12-11,387,35137
KROGER-1004,2024-12-12,378,35515
KROGER-1004,2024-12-13,402,35917
KROGER-1004,2024-12-14,306,36223
KROGER-1004,2024-12-15,412,36635
KROGER-1004,2024-12-16,353,36988
KROGER-1004,2024-12-17,317,37305
KROGER-1004,2024-12-18,387,37692
KROGER-1004,2024-12-19,413,38105
KROGER-1004,2024-12-20,368,38473
KROGER-1004,2024-12-21,420,38893
KROGER-1004,2024-12-22,441,39334
KROGER-1004,2024-12-23,411,39745
KROGER-1004,2024-12-24,421,40166
KROGER-1004,2024-12-25,394,40560
KROGER-1004,2024-12-26,374,40934
KROGER-1004,2024-12-27,324,41258
KROGER-1004,2024-12-28,383,41641
KROGER-1004,2024-12-29,364,42005
KROGER-1004,2024-12-30,437,42442
KROGER-1004,2024-12-31,367,42809
KROGER-1004,2025-01-01,313,43122
KROGER-1004,2025-01-02,324,43446
KROGER-1004,2025-01-03,311,43757
KROGER-1004,2025-01-04,370,44127
KROGER-1004,2025-01-05,309,44436
KROGER-1004,2025-01-06,315,44751
KROGER-1004,2025-01-07,291,45042
KROGER-1004,2025-01-08,277,45319
KROGER-1004,2025-01-09,295,45614
KROGER-1004,2025-01-10,309,45923
KROGER-1004,2025-01-11,314,46237
KROGER-1004,2025-01-12,307,46544
KROGER-1004,2025-01-13,275,46819
KROGER-1004,2025-01-14,308,47127
KROGER-1004,2025-01-15,273,47400
KROGER-1004,2025-01-16,329,47729
KROGER-1004,2025-01-17,312,48041
KROGER-1004,2025-01-18,287,48328
KROGER-1004,2025-01-19,317,48645
KROGER-1004,2025-01-20,291,48936
KROGER-1004,2025-01-21,318,49254
KROGER-1004,2025-01-22,343,49597
KROGER-1004,2025-01-23,263,49860
KROGER-1004,2025-01-24,313,50173
KROGER-1004,2025-01-25,321,50494
KROGER-1004,2025-01-26,343,50837
KROGER-1004,2025-01-27,315,51152
KROGER-1004,2025-01-28,291,51443
KROGER-1004,2025-01-29,302,51745
KROGER-1004,2025-01-30,290,52035
KROGER-1004,2025-01-31,337,52372
KROGER-1004,2025-02-01,326,52698
KROGER-1004,2025-02-02,375,53073
KROGER-1004,2025-02-03,308,53381
KROGER-1004,2025-02-04,292,53673
KROGER-1004,2025-02-05,272,53945
KROGER-1004,2025-02-06,265,54210
KROGER-1004,2025-02-07,271,54481
KROGER-1004,2025-02-08,332,54813
KROGER-1004,2025-02-09,339,55152
KROGER-1004,2025-02-10,271,55423
KROGER-1004,2025-02-11,332,55755
KROGER-1004,2025-02-12,298,56053
KROGER-1004,2025-02-13,314,56367
KROGER-1004,2025-02-14,350,56717
KROGER-1004,2025-02-15,349,57066
KROGER-1004,2025-02-16,318,57384
KROGER-1004,2025-02-17,288,57672
KROGER-1004,2025-02-18,256,57928
KROGER-1004,2025-02-19,292,58220
KROGER-1004,2025-02-20,305,58525
KROGER-1004,2025-02-21,285,58810
KROGER-1004,2025-02-22,322,59132
KROGER-1004,2025-02-23,327,59459
KROGER-1004,2025-02-24,304,59763
KROGER-1004,2025-02-25,294,60057
KROGER-1004,2025-02-26,314,60371
KROGER-1004,2025-02-27,321,60692
KROGER-1004,2025-02-28,283,60975
KROGER-1004,2025-03-01,362,61337
KROGER-1004,2025-03-02,323,61660
KROGER-1004,2025-03-03,310,61970
KROGER-1004,2025-03-04,328,62298
KROGER-1004,2025-03-05,316,62614
KROGER-1004,2025-03-06,334,62948
KROGER-1004,2025-03-07,317,63265
KROGER-1004,2025-03-08,309,63574
KROGER-1004,2025-03-09,335,63909
KROGER-1004,2025-03-10,282,64191
KROGER-1004,2025-03-11,313,64504
KROGER-1004,2025-03-12,309,64813
KROGER-1004,2025-03-13,305,65118
KROGER-1004,2025-03-14,307,65425
KROGER-1004,2025-03-15,276,65701
KROGER-1004,2025-03-16,311,66012
KROGER-1004,2025-03-17,312,66324
KROGER-1004,2025-03-18,314,66638
KROGER-1004,2025-03-19,284,66922
KROGER-1004,2025-03-20,341,67263
KROGER-1004,2025-03-21,288,67551
KROGER-1004,2025-03-22,351,67902
KROGER-1004,2025-03-23,337,68239
KROGER-1004,2025-03-24,294,68533
KROGER-1004,2025-03-25,354,68887
KROGER-1004,2025-03-26,280,69167
KROGER-1004,2025-03-27,333,69500
KROGER-1004,2025-03-28,335,69835
KROGER-1004,2025-03-29,308,70143
KROGER-1004,2025-03-30,362,70505
KROGER-1004,2025-03-31,304,70809
KROGER-1004,2025-04-01,317,71126
KROGER-1004,2025-04-02,316,71442
KROGER-1004,2025-04-03,307,71749
KROGER-1004,2025-04-04,330,72079
KROGER-1004,2025-04-05,346,72425
KROGER-1004,2025-04-06,280,72705
KROGER-1004,2025-04-07,342,73047
KROGER-1004,2025-04-08,269,73316
KROGER-1004,2025-04-09,336,73652
KROGER-1004,2025-04-10,338,73990
KROGER-1004,2025-04-11,283,74273
KROGER-1004,2025-04-12,315,74588
KROGER-1004,2025-04-13,297,74885
KROGER-1004,2025-04-14,305,75190
KROGER-1004,2025-04-15,302,75492
KROGER-1004,2025-04-16,329,75821
KROGER-1004,2025-04-17,342,76163
KROGER-1004,2025-04-18,345,76508
KROGER-1004,2025-04-19,311,76819
KROGER-1004,2025-04-20,320,77139
KROGER-1004,2025-04-21,268,77407
KROGER-1004,2025-04-22,290,77697
KROGER-1004,2025-04-23,334,78031
KROGER-1004,2025-04-24,350,78381
KROGER-1004,2025-04-25,279,78660
KROGER-1004,2025-04-26,310,78970
KROGER-1004,2025-04-27,325,79295
KROGER-1004,2025-04-28,317,79612
KROGER-1004,2025-04-29,290,79902
KROGER-1004,2025-04-30,320,80222
KROGER-1004,2025-05-01,298,80520
KROGER-1004,2025-05-02,310,80830
KROGER-1004,2025-05-03,340,81170
KROGER-1004,2025-05-04,326,81496
KROGER-1004,2025-05-05,299,81795
KROGER-1004,2025-05-06,307,82102
KROGER-1004,2025-05-07,308,82410
KROGER-1004,2025-05-08,301,82711
KROGER-1004,2025-05-09,304,83015
KROGER-1004,2025-05-10,367,83382
KROGER-1004,2025-05-11,340,83722
KROGER-1004,2025-05-12,303,84025
KROGER-1004,2025-05-13,327,84352
KROGER-1004,2025-05-14,302,84654
KROGER-1004,2025-05-15,339,84993
KROGER-1004,2025-05-16,319,85312
KROGER-1004,2025-05-17,323,85635
KROGER-1004,2025-05-18,337,85972
KROGER-1004,2025-05-19,271,86243
KROGER-1004,2025-05-20,282,86525
KROGER-1004,2025-05-21,280,86805
KROGER-1004,2025-05-22,313,87118
KROGER-1004,2025-05-23,353,87471
KROGER-1004,2025-05-24,384,87855
KROGER-1004,2025-05-25,342,88197
KROGER-1004,2025-05-26,322,88519
KROGER-1004,2025-05-27,265,88784
KROGER-1004,2025-05-28,296,89080
KROGER-1004,2025-05-29,290,89370
KROGER-1004,2025-05-30,295,89665
KROGER-1004,2025-05-31,321,89986
KROGER-1004,2025-06-01,313,90299
KROGER-1004,2025-06-02,261,90560
KROGER-1004,2025-06-03,329,90889
KROGER-1004,2025-06-04,283,91172
KROGER-1004,2025-06-05,316,91488
KROGER-1004,2025-06-06,361,91849
KROGER-1004,2025-06-07,301,92150
KROGER-1004,2025-06-08,259,92409
KROGER-1004,2025-06-09,303,92712
KROGER-1004,2025-06-10,337,93049
KROGER-1004,2025-06-11,359,93408
KROGER-1004,2025-06-12,279,93687
KROGER-1004,2025-06-13,322,94009
KROGER-1004,2025-06-14,313,94322
KROGER-1004,2025-06-15,323,94645
KROGER-1004,2025-06-16,376,95021
KROGER-1004,2025-06-17,273,95294
KROGER-1004,2025-06-18,316,95610
KROGER-1004,2025-06-19,322,95932
KROGER-1004,2025-06-20,337,96269
KROGER-1004,2025-06-21,328,96597
KROGER-1004,2025-06-22,333,96930
KROGER-1004,2025-06-23,300,97230
KROGER-1004,2025-06-24,317,97547
KROGER-1004,2025-06-25,301,97848
KROGER-1004,2025-06-26,325,98173
KROGER-1004,2025-06-27,301,98474
KROGER-1004,2025-06-28,335,98809
KROGER-1004,2025-06-29,325,99134
KROGER-1004,2025-06-30,338,99472
KROGER-1004,2025-07-01,309,99781
KROGER-1004,2025-07-02,266,100047
KROGER-1004,2025-07-03,341,100388
KROGER-1004,2025-07-04,287,100675
KROGER-1004,2025-07-05,308,100983
KROGER-1004,2025-07-06,310,101293
KROGER-1004,2025-07-07,344,101637
KROGER-1004,2025-07-08,257,101894
KROGER-1004,2025-07-09,388,102282
KROGER-1004,2025-07-10,336,102618
KROGER-1004,2025-07-11,315,102933
KROGER-1004,2025-07-12,324,103257
KROGER-1004,2025-07-13,333,103590
KROGER-1004,2025-07-14,323,103913
KROGER-1004,2025-07-15,326,104239
KROGER-1004,2025-07-16,324,104563
KROGER-1004,2025-07-17,312,104875
KROGER-1004,2025-07-18,305,105180
KROGER-1004,2025-07-19,322,105502
KROGER-1004,2025-07-20,320,105822
KROGER-1004,2025-07-21,338,106160
KROGER-1004,2025-07-22,325,106485
KROGER-1004,2025-07-23,237,106722
KROGER-1004,2025-07-24,326,107048
KROGER-1004,2025-07-25,315,107363
KROGER-1004,2025-07-26,325,107688
KROGER-1004,2025-07-27,315,108003
KROGER-1004,2025-07-28,338,108341
KROGER-1004,2025-07-29,333,108674
KROGER-1004,2025-07-30,291,108965
KROGER-1004,2025-07-31,320,109285
KROGER-1004,2025-08-01,286,109571
KROGER-1004,2025-08-02,289,109860
KROGER-1004,2025-08-03,309,110169
KROGER-1004,2025-08-04,331,110500
KROGER-1004,2025-08-05,334,110834
KROGER-1004,2025-08-06,323,111157
KROGER-1004,2025-08-07,328,111485
KROGER-1004,2025-08-08,323,111808
KROGER-1004,2025-08-09,309,112117
KROGER-1004,2025-08-10,337,112454
KROGER-1004,2025-08-11,330,112784
KROGER-1004,2025-08-12,329,113113
KROGER-1004,2025-08-13,339,113452
KROGER-1004,2025-08-14,328,113780
KROGER-1004,2025-08-15,319,114099
KROGER-1004,2025-08-16,353,114452
KROGER-1004,2025-08-17,325,114777
KROGER-1004,2025-08-18,288,115065
KROGER-1004,2025-08-19,306,115371
KROGER-1004,2025-08-20,291,115662
KROGER-1004,2025-08-21,293,115955
KROGER-1004,2025-08-22,306,116261
KROGER-1004,2025-08-23,305,116566
KROGER-1004,2025-08-24,317,116883
KROGER-1004,2025-08-25,263,117146
KROGER-1004,2025-08-26,315,117461
KROGER-1004,2025-08-27,310,117771
KROGER-1004,2025-08-28,290,118061
KROGER-1004,2025-08-29,326,118387
KROGER-1004,2025-08-30,350,118737
KROGER-1004,2025-08-31,284,119021
KROGER-1005,2024-09-01,306,306
KROGER-1005,2024-09-02,291,597
KROGER-1005,2024-09-03,287,884
KROGER-1005,2024-09-04,331,1215
KROGER-1005,2024-09-05,305,1520
KROGER-1005,2024-09-06,303,1823
KROGER-1005,2024-09-07,273,2096
KROGER-1005,2024-09-08,342,2438
KROGER-1005,2024-09-09,279,2717
KROGER-1005,2024-09-10,311,3028
KROGER-1005,2024-09-11,317,3345
KROGER-1005,2024-09-12,344,3689
KROGER-1005,2024-09-13,277,3966
KROGER-1005,2024-09-14,247,4213
KROGER-1005,2024-09-15,330,4543
KROGER-1005,2024-09-16,355,4898
KROGER-1005,2024-09-17,341,5239
KROGER-1005,2024-09-18,315,5554
KROGER-1005,2024-09-19,298,5852
KROGER-1005,2024-09-20,330,6182
KROGER-1005,2024-09-21,300,6482
KROGER-1005,2024-09-22,338,6820
KROGER-1005,2024-09-23,322,7142
KROGER-1005,2024-09-24,336,7478
KROGER-1005,2024-09-25,378,7856
KROGER-1005,2024-09-26,320,8176
KROGER-1005,2024-09-27,297,8473
KROGER-1005,2024-09-28,325,8798
KROGER-1005,2024-09-29,279,9077
KROGER-1005,2024-09-30,293,9370
KROGER-1005,2024-10-01,300,9670
KROGER-1005,2024-10-02,297,9967
KROGER-1005,2024-10-03,314,10281
KROGER-1005,2024-10-04,290,10571
KROGER-1005,2024-10-05,355,10926
KROGER-1005,2024-10-06,325,11251
KROGER-1005,2024-10-07,310,11561
KROGER-1005,2024-10-08,302,11863
KROGER-1005,2024-10-09,314,12177
KROGER-1005,2024-10-10,330,12507
KROGER-1005,2024-10-11,288,12795
KROGER-1005,2024-10-12,308,13103
KROGER-1005,2024-10-13,318,13421
KROGER-1005,2024-10-14,277,13698
KROGER-1005,2024-10-15,290,13988
KROGER-1005,2024-10-16,298,14286
KROGER-1005,2024-10-17,332,14618
KROGER-1005,2024-10-18,316,14934
KROGER-1005,2024-10-19,330,15264
KROGER-1005,2024-10-20,348,15612
KROGER-1005,2024-10-21,307,15919
KROGER-1005,2024-10-22,320,16239
KROGER-1005,2024-10-23,307,16546
KROGER-1005,2024-10-24,317,16863
KROGER-1005,2024-10-25,295,17158
KROGER-1005,2024-10-26,262,17420
KROGER-1005,2024-10-27,322,17742
KROGER-1005,2024-10-28,345,18087
KROGER-1005,2024-10-29,333,18420
KROGER-1005,2024-10-30,334,18754
KROGER-1005,2024-10-31,341,19095
KROGER-1005,2024-11-01,375,19470
KROGER-1005,2024-11-02,397,19867
KROGER-1005,2024-11-03,371,20238
KROGER-1005,2024-11-04,363,20601
KROGER-1005,2024-11-05,390,20991
KROGER-1005,2024-11-06,408,21399
KROGER-1005,2024-11-07,368,21767
KROGER-1005,2024-11-08,359,22126
KROGER-1005,2024-11-09,391,22517
KROGER-1005,2024-11-10,409,22926
KROGER-1005,2024-11-11,329,23255
KROGER-1005,2024-11-12,304,23559
KROGER-1005,2024-11-13,356,23915
KROGER-1005,2024-11-14,336,24251
KROGER-1005,2024-11-15,357,24608
KROGER-1005,2024-11-16,386,24994
KROGER-1005,2024-11-17,376,25370
KROGER-1005,2024-11-18,415,25785
KROGER-1005,2024-11-19,382,26167
KROGER-1005,2024-11-20,381,26548
KROGER-1005,2024-11-21,391,26939
KROGER-1005,2024-11-22,338,27277
KROGER-1005,2024-11-23,423,27700
KROGER-1005,2024-11-24,388,28088
KROGER-1005,2024-11-25,392,28480
KROGER-1005,2024-11-26,340,28820
KROGER-1005,2024-11-27,326,29146
KROGER-1005,2024-11-28,396,29542
KROGER-1005,2024-11-29,383,29925
KROGER-1005,2024-11-30,362,30287
KROGER-1005,2024-12-01,363,30650
KROGER-1005,2024-12-02,406,31056
KROGER-1005,2024-12-03,337,31393
KROGER-1005,2024-12-04,421,31814
KROGER-1005,2024-12-05,345,32159
KROGER-1005,2024-12-06,391,32550
KROGER-1005,2024-12-07,380,32930
KROGER-1005,2024-12-08,410,33340
KROGER-1005,2024-12-09,356,33696
KROGER-1005,2024-12-10,367,34063
KROGER-1005,2024-12-11,373,34436
KROGER-1005,2024-12-12,342,34778
KROGER-1005,2024-12-13,394,35172
KROGER-1005,2024-12-14,375,35547
KROGER-1005,2024-12-15,383,35930
KROGER-1005,2024-12-16,342,36272
KROGER-1005,2024-12-17,296,36568
KROGER-1005,2024-12-18,366,36934
KROGER-1005,2024-12-19,444,37378
KROGER-1005,2024-12-20,395,37773
KROGER-1005,2024-12-21,390,38163
KROGER-1005,2024-12-22,382,38545
KROGER-1005,2024-12-23,373,38918
KROGER-1005,2024-12-24,388,39306
KROGER-1005,2024-12-25,337,39643
KROGER-1005,2024-12-26,405,40048
KROGER-1005,2024-12-27,393,40441
KROGER-1005,2024-12-28,413,40854
KROGER-1005,2024-12-29,404,41258
KROGER-1005,2024-12-30,373,41631
KROGER-1005,2024-12-31,392,42023
KROGER-1005,2025-01-01,325,42348
KROGER-1005,2025-01-02,301,42649
KROGER-1005,2025-01-03,296,42945
KROGER-1005,2025-01-04,328,43273
KROGER-1005,2025-01-05,366,43639
KROGER-1005,2025-01-06,279,43918
KROGER-1005,2025-01-07,273,44191
KROGER-1005,2025-01-08,314,44505
KROGER-1005,2025-01-09,311,44816
KROGER-1005,2025-01-10,314,45130
KROGER-1005,2025-01-11,332,45462
KROGER-1005,2025-01-12,320,45782
KROGER-1005,2025-01-13,347,46129
KROGER-1005,2025-01-14,270,46399
KROGER-1005,2025-01-15,289,46688
KROGER-1005,2025-01-16,307,46995
KROGER-1005,2025-01-17,269,47264
KROGER-1005,2025-01-18,321,47585
KROGER-1005,2025-01-19,369,47954
KROGER-1005,2025-01-20,310,48264
KROGER-1005,2025-01-21,316,48580
KROGER-1005,2025-01-22,279,48859
KROGER-1005,2025-01-23,295,49154
KROGER-1005,2025-01-24,301,49455
KROGER-1005,2025-01-25,317,49772
KROGER-1005,2025-01-26,359,50131
KROGER-1005,2025-01-27,324,50455
KROGER-1005,2025-01-28,282,50737
KROGER-1005,2025-01-29,316,51053
KROGER-1005,2025-01-30,322,51375
KROGER-1005,2025-01-31,338,51713
KROGER-1005,2025-02-01,367,52080
KROGER-1005,2025-02-02,299,52379
KROGER-1005,2025-02-03,290,52669
KROGER-1005,2025-02-04,279,52948
KROGER-1005,2025-02-05,304,53252
KROGER-1005,2025-02-06,322,53574
KROGER-1005,2025-02-07,334,53908
KROGER-1005,2025-02-08,323,54231
KROGER-1005,2025-02-09,317,54548
KROGER-1005,2025-02-10,314,54862
KROGER-1005,2025-02-11,289,55151
KROGER-1005,2025-02-12,362,55513
KROGER-1005,2025-02-13,270,55783
KROGER-1005,2025-02-14,315,56098
KROGER-1005,2025-02-15,378,56476
KROGER-1005,2025-02-16,326,56802
KROGER-1005,2025-02-17,305,57107
KROGER-1005,2025-02-18,301,57408
KROGER-1005,2025-02-19,305,57713
KROGER-1005,2025-02-20,344,58057
KROGER-1005,2025-02-21,255,58312
KROGER-1005,2025-02-22,365,58677
KROGER-1005,2025-02-23,288,58965
KROGER-1005,2025-02-24,303,59268
KROGER-1005,2025-02-25,299,59567
KROGER-1005,2025-02-26,325,59892
KROGER-1005,2025-02-27,270,60162
KROGER-1005,2025-02-28,321,60483
KROGER-1005,2025-03-01,378,60861
KROGER-1005,2025-03-02,290,61151
KROGER-1005,2025-03-03,315,61466
KROGER-1005,2025-03-04,293,61759
KROGER-1005,2025-03-05,321,62080
KROGER-1005,2025-03-06,310,62390
KROGER-1005,2025-03-07,294,62684
KROGER-1005,2025-03-08,338,63022
KROGER-1005,2025-03-09,373,63395
KROGER-1005,2025-03-10,305,63700
KROGER-1005,2025-03-11,328,64028
KROGER-1005,2025-03-12,278,64306
KROGER-1005,2025-03-13,286,64592
KROGER-1005,2025-03-14,322,64914
KROGER-1005,2025-03-15,364,65278
KROGER-1005,2025-03-16,335,65613
KROGER-1005,2025-03-17,302,65915
KROGER-1005,2025-03-18,310,66225
KROGER-1005,2025-03-19,279,66504
KROGER-1005,2025-03-20,325,66829
KROGER-1005,2025-03-21,332,67161
KROGER-1005,2025-03-22,314,67475
KROGER-1005,2025-03-23,313,67788
KROGER-1005,2025-03-24,317,68105
KROGER-1005,2025-03-25,299,68404
KROGER-1005,2025-03-26,308,68712
KROGER-1005,2025-03-27,362,69074
KROGER-1005,2025-03-28,304,69378
KROGER-1005,2025-03-29,316,69694
KROGER-1005,2025-03-30,309,70003
KROGER-1005,2025-03-31,328,70331
KROGER-1005,2025-04-01,305,70636
KROGER-1005,2025-04-02,294,70930
KROGER-1005,2025-04-03,343,71273
KROGER-1005,2025-04-04,345,71618
KROGER-1005,2025-04-05,310,71928
KROGER-1005,2025-04-06,277,72205
KROGER-1005,2025-04-07,335,72540
KROGER-1005,2025-04-08,293,72833
KROGER-1005,2025-04-09,330,73163
KROGER-1005,2025-04-10,261,73424
KROGER-1005,2025-04-11,332,73756
KROGER-1005,2025-04-12,294,74050
KROGER-1005,2025-04-13,345,74395
KROGER-1005,2025-04-14,310,74705
KROGER-1005,2025-04-15,286,74991
KROGER-1005,2025-04-16,300,75291
KROGER-1005,2025-04-17,327,75618
KROGER-1005,2025-04-18,313,75931
KROGER-1005,2025-04-19,341,76272
KROGER-1005,2025-04-20,377,76649
KROGER-1005,2025-04-21,271,76920
KROGER-1005,2025-04-22,350,77270
KROGER-1005,2025-04-23,313,77583
KROGER-1005,2025-04-24,288,77871
KROGER-1005,2025-04-25,277,78148
KROGER-1005,2025-04-26,321,78469
KROGER-1005,2025-04-27,349,78818
KROGER-1005,2025-04-28,307,79125
KROGER-1005,2025-04-29,347,79472
KROGER-1005,2025-04-30,274,79746
KROGER-1005,2025-05-01,310,80056
KROGER-1005,2025-05-02,279,80335
KROGER-1005,2025-05-03,335,80670
KROGER-1005,2025-05-04,349,81019
KROGER-1005,2025-05-05,299,81318
KROGER-1005,2025-05-06,245,81563
KROGER-1005,2025-05-07,315,81878
KROGER-1005,2025-05-08,321,82199
KROGER-1005,2025-05-09,320,82519
KROGER-1005,2025-05-10,358,82877
KROGER-1005,2025-05-11,298,83175
KROGER-1005,2025-05-12,327,83502
KROGER-1005,2025-05-13,340,83842
KROGER-1005,2025-05-14,266,84108
KROGER-1005,2025-05-15,318,84426
KROGER-1005,2025-05-16,297,84723
KROGER-1005,2025-05-17,323,85046
KROGER-1005,2025-05-18,335,85381
KROGER-1005,2025-05-19,298,85679
KROGER-1005,2025-05-20,293,85972
KROGER-1005,2025-05-21,311,86283
KROGER-1005,2025-05-22,283,86566
KROGER-1005,2025-05-23,283,86849
KROGER-1005,2025-05-24,343,87192
KROGER-1005,2025-05-25,295,87487
KROGER-1005,2025-05-26,326,87813
KROGER-1005,2025-05-27,321,88134
KROGER-1005,2025-05-28,267,88401
KROGER-1005,2025-05-29,293,88694
KROGER-1005,2025-05-30,340,89034
KROGER-1005,2025-05-31,300,89334
KROGER-1005,2025-06-01,313,89647
KROGER-1005,2025-06-02,321,89968
KROGER-1005,2025-06-03,329,90297
KROGER-1005,2025-06-04,304,90601
KROGER-1005,2025-06-05,295,90896
KROGER-1005,2025-06-06,345,91241
KROGER-1005,2025-06-07,371,91612
KROGER-1005,2025-06-08,351,91963
KROGER-1005,2025-06-09,312,92275
KROGER-1005,2025-06-10,290,92565
KROGER-1005,2025-06-11,289,92854
KROGER-1005,2025-06-12,323,93177
KROGER-1005,2025-06-13,320,93497
KROGER-1005,2025-06-14,362,93859
KROGER-1005,2025-06-15,342,94201
KROGER-1005,2025-06-16,273,94474
KROGER-1005,2025-06-17,336,94810
KROGER-1005,2025-06-18,285,95095
KROGER-1005,2025-06-19,300,95395
KROGER-1005,2025-06-20,316,95711
KROGER-1005,2025-06-21,377,96088
KROGER-1005,2025-06-22,407,96495
KROGER-1005,2025-06-23,325,96820
KROGER-1005,2025-06-24,305,97125
KROGER-1005,2025-06-25,323,97448
KROGER-1005,2025-06-26,332,97780
KROGER-1005,2025-06-27,302,98082
KROGER-1005,2025-06-28,372,98454
KROGER-1005,2025-06-29,331,98785
KROGER-1005,2025-06-30,322,99107
KROGER-1005,2025-07-01,326,99433
KROGER-1005,2025-07-02,320,99753
KROGER-1005,2025-07-03,331,100084
KROGER-1005,2025-07-04,295,100379
KROGER-1005,2025-07-05,311,100690
KROGER-1005,2025-07-06,297,100987
KROGER-1005,2025-07-07,321,101308
KROGER-1005,2025-07-08,329,101637
KROGER-1005,2025-07-09,321,101958
KROGER-1005,2025-07-10,352,102310
KROGER-1005,2025-07-11,310,102620
KROGER-1005,2025-07-12,343,102963
KROGER-1005,2025-07-13,297,103260
KROGER-1005,2025-07-14,300,103560
KROGER-1005,2025-07-15,327,103887
KROGER-1005,2025-07-16,331,104218
KROGER-1005,2025-07-17,303,104521
KROGER-1005,2025-07-18,308,104829
KROGER-1005,2025-07-19,286,105115
KROGER-1005,2025-07-20,316,105431
KROGER-1005,2025-07-21,332,105763
KROGER-1005,2025-07-22,324,106087
KROGER-1005,2025-07-23,322,106409
KROGER-1005,2025-07-24,311,106720
KROGER-1005,2025-07-25,310,107030
KROGER-1005,2025-07-26,308,107338
KROGER-1005,2025-07-27,344,107682
KROGER-1005,2025-07-28,320,108002
KROGER-1005,2025-07-29,322,108324
KROGER-1005,2025-07-30,297,108621
KROGER-1005,2025-07-31,256,108877
KROGER-1005,2025-08-01,337,109214
KROGER-1005,2025-08-02,313,109527
KROGER-1005,2025-08-03,303,109830
KROGER-1005,2025-08-04,327,110157
KROGER-1005,2025-08-05,300,110457
KROGER-1005,2025-08-06,336,110793
KROGER-1005,2025-08-07,325,111118
KROGER-1005,2025-08-08,327,111445
KROGER-1005,2025-08-09,290,111735
KROGER-1005,2025-08-10,357,112092
KROGER-1005,2025-08-11,316,112408
KROGER-1005,2025-08-12,301,112709
KROGER-1005,2025-08-13,313,113022
KROGER-1005,2025-08-14,266,113288
KROGER-1005,2025-08-15,320,113608
KROGER-1005,2025-08-16,299,113907
KROGER-1005,2025-08-17,290,114197
KROGER-1005,2025-08-18,272,114469
KROGER-1005,2025-08-19,338,114807
KROGER-1005,2025-08-20,294,115101
KROGER-1005,2025-08-21,348,115449
KROGER-1005,2025-08-22,297,115746
KROGER-1005,2025-08-23,281,116027
KROGER-1005,2025-08-24,296,116323
KROGER-1005,2025-08-25,341,116664
KROGER-1005,2025-08-26,306,116970
KROGER-1005,2025-08-27,296,117266
KROGER-1005,2025-08-28,314,117580
KROGER-1005,2025-08-29,322,117902
KROGER-1005,2025-08-30,355,118257
KROGER-1005,2025-08-31,363,118620
KROGER-1006,2024-09-01,1411,1411
KROGER-1006,2024-09-02,1237,2648
KROGER-1006,2024-09-03,1338,3986
KROGER-1006,2024-09-04,1413,5399
KROGER-1006,2024-09-05,1277,6676
KROGER-1006,2024-09-06,1278,7954
KROGER-1006,2024-09-07,1493,9447
KROGER-1006,2024-09-08,1447,10894
KROGER-1006,2024-09-09,1387,12281
KROGER-1006,2024-09-10,1300,13581
KROGER-1006,2024-09-11,1358,14939
KROGER-1006,2024-09-12,1281,16220
KROGER-1006,2024-09-13,1482,17702
KROGER-1006,2024-09-14,1573,19275
KROGER-1006,2024-09-15,1238,20513
KROGER-1006,2024-09-16,1281,21794
KROGER-1006,2024-09-17,1218,23012
KROGER-1006,2024-09-18,1312,24324
KROGER-1006,2024-09-19,1375,25699
KROGER-1006,2024-09-20,1223,26922
KROGER-1006,2024-09-21,1346,28268
KROGER-1006,2024-09-22,1336,29604
KROGER-1006,2024-09-23,1407,31011
KROGER-1006,2024-09-24,1391,32402
KROGER-1006,2024-09-25,1304,33706
KROGER-1006,2024-09-26,1403,35109
KROGER-1006,2024-09-27,1323,36432
KROGER-1006,2024-09-28,1421,37853
KROGER-1006,2024-09-29,1648,39501
KROGER-1006,2024-09-30,1532,41033
KROGER-1006,2024-10-01,1240,42273
KROGER-1006,2024-10-02,1476,43749
KROGER-1006,2024-10-03,1474,45223
KROGER-1006,2024-10-04,1257,46480
KROGER-1006,2024-10-05,1548,48028
KROGER-1006,2024-10-06,1632,49660
KROGER-1006,2024-10-07,1259,50919
KROGER-1006,2024-10-08,1282,52201
KROGER-1006,2024-10-09,1496,53697
KROGER-1006,2024-10-10,1414,55111
KROGER-1006,2024-10-11,1445,56556
KROGER-1006,2024-10-12,1493,58049
KROGER-1006,2024-10-13,1498,59547
KROGER-1006,2024-10-14,1237,60784
KROGER-1006,2024-10-15,1500,62284
KROGER-1006,2024-10-16,1513,63797
KROGER-1006,2024-10-17,1358,65155
KROGER-1006,2024-10-18,1379,66534
KROGER-1006,2024-10-19,1275,67809
KROGER-1006,2024-10-20,1513,69322
KROGER-1006,2024-10-21,1447,70769
KROGER-1006,2024-10-22,1377,72146
KROGER-1006,2024-10-23,1508,73654
KROGER-1006,2024-10-24,1347,75001
KROGER-1006,2024-10-25,1446,76447
KROGER-1006,2024-10-26,1334,77781
KROGER-1006,2024-10-27,1450,79231
KROGER-1006,2024-10-28,1364,80595
KROGER-1006,2024-10-29,1409,82004
KROGER-1006,2024-10-30,1343,83347
KROGER-1006,2024-10-31,1369,84716
KROGER-1006,2024-11-01,1770,86486
KROGER-1006,2024-11-02,1683,88169
KROGER-1006,2024-11-03,1520,89689
KROGER-1006,2024-11-04,1893,91582
KROGER-1006,2024-11-05,1844,93426
KROGER-1006,2024-11-06,1489,94915
KROGER-1006,2024-11-07,1752,96667
KROGER-1006,2024-11-08,1594,98261
KROGER-1006,2024-11-09,1780,100041
KROGER-1006,2024-11-10,1785,101826
KROGER-1006,2024-11-11,1629,103455
KROGER-1006,2024-11-12,1556,105011
KROGER-1006,2024-11-13,1569,106580
KROGER-1006,2024-11-14,1539,108119
KROGER-1006,2024-11-15,1550,109669
KROGER-1006,2024-11-16,1734,111403
KROGER-1006,2024-11-17,1644,113047
KROGER-1006,2024-11-18,1751,114798
KROGER-1006,2024-11-19,1858,116656
KROGER-1006,2024-11-20,1584,118240
KROGER-1006,2024-11-21,1692,119932
KROGER-1006,2024-11-22,1727,121659
KROGER-1006,2024-11-23,1810,123469
KROGER-1006,2024-11-24,1754,125223
KROGER-1006,2024-11-25,1759,126982
KROGER-1006,2024-11-26,1725,128707
KROGER-1006,2024-11-27,1496,130203
KROGER-1006,2024-11-28,1776,131979
KROGER-1006,2024-11-29,1779,133758
KROGER-1006,2024-11-30,1637,135395
KROGER-1006,2024-12-01,1749,137144
KROGER-1006,2024-12-02,1751,138895
KROGER-1006,2024-12-03,1633,140528
KROGER-1006,2024-12-04,1803,142331
KROGER-1006,2024-12-05,1975,144306
KROGER-1006,2024-12-06,1556,145862
KROGER-1006,2024-12-07,1551,147413
KROGER-1006,2024-12-08,1786,149199
KROGER-1006,2024-12-09,1757,150956
KROGER-1006,2024-12-10,1630,152586
KROGER-1006,2024-12-11,1854,154440
KROGER-1006,2024-12-12,1483,155923
KROGER-1006,2024-12-13,1753,157676
KROGER-1006,2024-12-14,1659,159335
KROGER-1006,2024-12-15,1984,161319
KROGER-1006,2024-12-16,1925,163244
KROGER-1006,2024-12-17,1559,164803
KROGER-1006,2024-12-18,1588,166391
KROGER-1006,2024-12-19,1775,168166
KROGER-1006,2024-12-20,1609,169775
KROGER-1006,2024-12-21,1737,171512
KROGER-1006,2024-12-22,1747,173259
KROGER-1006,2024-12-23,1406,174665
KROGER-1006,2024-12-24,1659,176324
KROGER-1006,2024-12-25,1569,177893
KROGER-1006,2024-12-26,1595,179488
KROGER-1006,2024-12-27,1852,181340
KROGER-1006,2024-12-28,1568,182908
KROGER-1006,2024-12-29,1857,184765
KROGER-1006,2024-12-30,1624,186389
KROGER-1006,2024-12-31,1623,188012
KROGER-1006,2025-01-01,1471,189483
KROGER-1006,2025-01-02,1421,190904
KROGER-1006,2025-01-03,1447,192351
KROGER-1006,2025-01-04,1566,193917
KROGER-1006,2025-01-05,1441,195358
KROGER-1006,2025-01-06,1470,196828
KROGER-1006,2025-01-07,1204,198032
KROGER-1006,2025-01-08,1423,199455
KROGER-1006,2025-01-09,1354,200809
KROGER-1006,2025-01-10,1401,202210
KROGER-1006,2025-01-11,1466,203676
KROGER-1006,2025-01-12,1468,205144
KROGER-1006,2025-01-13,1452,206596
KROGER-1006,2025-01-14,1321,207917
KROGER-1006,2025-01-15,1447,209364
KROGER-1006,2025-01-16,1520,210884
KROGER-1006,2025-01-17,1228,212112
KROGER-1006,2025-01-18,1362,213474
KROGER-1006,2025-01-19,1367,214841
KROGER-1006,2025-01-20,1263,216104
KROGER-1006,2025-01-21,1331,217435
KROGER-1006,2025-01-22,1498,218933
KROGER-1006,2025-01-23,1544,220477
KROGER-1006,2025-01-24,1396,221873
KROGER-1006,2025-01-25,1415,223288
KROGER-1006,2025-01-26,1546,224834
KROGER-1006,2025-01-27,1122,225956
KROGER-1006,2025-01-28,1267,227223
KROGER-1006,2025-01-29,1127,228350
KROGER-1006,2025-01-30,1266,229616
KROGER-1006,2025-01-31,1299,230915
KROGER-1006,2025-02-01,1625,232540
KROGER-1006,2025-02-02,1132,233672
KROGER-1006,2025-02-03,1338,235010
KROGER-1006,2025-02-04,1452,236462
KROGER-1006,2025-02-05,1429,237891
KROGER-1006,2025-02-06,1546,239437
KROGER-1006,2025-02-07,1402,240839
KROGER-1006,2025-02-08,1497,242336
KROGER-1006,2025-02-09,1239,243575
KROGER-1006,2025-02-10,1274,244849
KROGER-1006,2025-02-11,1186,246035
KROGER-1006,2025-02-12,1447,247482
KROGER-1006,2025-02-13,1422,248904
KROGER-1006,2025-02-14,1418,250322
KROGER-1006,2025-02-15,1350,251672
KROGER-1006,2025-02-16,1340,253012
KROGER-1006,2025-02-17,1407,254419
KROGER-1006,2025-02-18,1310,255729
KROGER-1006,2025-02-19,1271,257000
KROGER-1006,2025-02-20,1327,258327
KROGER-1006,2025-02-21,1311,259638
KROGER-1006,2025-02-22,1352,260990
KROGER-1006,2025-02-23,1310,262300
KROGER-1006,2025-02-24,1433,263733
KROGER-1006,2025-02-25,1556,265289
KROGER-1006,2025-02-26,1379,266668
KROGER-1006,2025-02-27,1408,268076
KROGER-1006,2025-02-28,1443,269519
KROGER-1006,2025-03-01,1496,271015
KROGER-1006,2025-03-02,1355,272370
KROGER-1006,2025-03-03,1574,273944
KROGER-1006,2025-03-04,1300,275244
KROGER-1006,2025-03-05,1456,276700
KROGER-1006,2025-03-06,1442,278142
KROGER-1006,2025-03-07,1167,279309
KROGER-1006,2025-03-08,1411,280720
KROGER-1006,2025-03-09,1460,282180
KROGER-1006,2025-03-10,1399,283579
KROGER-1006,2025-03-11,1417,284996
KROGER-1006,2025-03-12,1468,286464
KROGER-1006,2025-03-13,1383,287847
KROGER-1006,2025-03-14,1423,289270
KROGER-1006,2025-03-15,1448,290718
KROGER-1006,2025-03-16,1335,292053
KROGER-1006,2025-03-17,1387,293440
KROGER-1006,2025-03-18,1467,294907
KROGER-1006,2025-03-19,1507,296414
KROGER-1006,2025-03-20,1443,297857
KROGER-1006,2025-03-21,1532,299389
KROGER-1006,2025-03-22,1502,300891
KROGER-1006,2025-03-23,1553,302444
KROGER-1006,2025-03-24,1488,303932
KROGER-1006,2025-03-25,1359,305291
KROGER-1006,2025-03-26,1464,306755
KROGER-1006,2025-03-27,1280,308035
KROGER-1006,2025-03-28,1423,309458
KROGER-1006,2025-03-29,1520,310978
KROGER-1006,2025-03-30,1575,312553
KROGER-1006,2025-03-31,1475,314028
KROGER-1006,2025-04-01,1502,315530
KROGER-1006,2025-04-02,1373,316903
KROGER-1006,2025-04-03,1346,318249
KROGER-1006,2025-04-04,1353,319602
KROGER-1006,2025-04-05,1484,321086
KROGER-1006,2025-04-06,1243,322329
KROGER-1006,2025-04-07,1531,323860
KROGER-1006,2025-04-08,1389,325249
KROGER-1006,2025-04-09,1338,326587
KROGER-1006,2025-04-10,1104,327691
KROGER-1006,2025-04-11,1380,329071
KROGER-1006,2025-04-12,1430,330501
KROGER-1006,2025-04-13,1349,331850
KROGER-1006,2025-04-14,1309,333159
KROGER-1006,2025-04-15,1381,334540
KROGER-1006,2025-04-16,1319,335859
KROGER-1006,2025-04-17,1447,337306
KROGER-1006,2025-04-18,1301,338607
KROGER-1006,2025-04-19,1471,340078
KROGER-1006,2025-04-20,1590,341668
KROGER-1006,2025-04-21,1380,343048
KROGER-1006,2025-04-22,1423,344471
KROGER-1006,2025-04-23,1416,345887
KROGER-1006,2025-04-24,1385,347272
KROGER-1006,2025-04-25,1376,348648
KROGER-1006,2025-04-26,1387,350035
KROGER-1006,2025-04-27,1471,351506
KROGER-1006,2025-04-28,1352,352858
KROGER-1006,2025-04-29,1555,354413
KROGER-1006,2025-04-30,1474,355887
KROGER-1006,2025-05-01,1223,357110
KROGER-1006,2025-05-02,1229,358339
KROGER-1006,2025-05-03,1438,359777
KROGER-1006,2025-05-04,1407,361184
KROGER-1006,2025-05-05,1363,362547
KROGER-1006,2025-05-06,1456,364003
KROGER-1006,2025-05-07,1419,365422
KROGER-1006,2025-05-08,1418,366840
KROGER-1006,2025-05-09,1544,368384
KROGER-1006,2025-05-10,1291,369675
KROGER-1006,2025-05-11,1465,371140
KROGER-1006,2025-05-12,1320,372460
KROGER-1006,2025-05-13,1543,374003
KROGER-1006,2025-05-14,1139,375142
KROGER-1006,2025-05-15,1144,376286
KROGER-1006,2025-05-16,1418,377704
KROGER-1006,2025-05-17,1584,379288
KROGER-1006,2025-05-18,1543,380831
KROGER-1006,2025-05-19,1295,382126
KROGER-1006,2025-05-20,1551,383677
KROGER-1006,2025-05-21,1247,384924
KROGER-1006,2025-05-22,1529,386453
KROGER-1006,2025-05-23,1423,387876
KROGER-1006,2025-05-24,1478,389354
KROGER-1006,2025-05-25,1516,390870
KROGER-1006,2025-05-26,1543,392413
KROGER-1006,2025-05-27,1471,393884
KROGER-1006,2025-05-28,1418,395302
KROGER-1006,2025-05-29,1590,396892
KROGER-1006,2025-05-30,1507,398399
KROGER-1006,2025-05-31,1442,399841
KROGER-1006,2025-06-01,1311,401152
KROGER-1006,2025-06-02,1274,402426
KROGER-1006,2025-06-03,1487,403913
KROGER-1006,2025-06-04,1314,405227
KROGER-1006,2025-06-05,1272,406499
KROGER-1006,2025-06-06,1300,407799
KROGER-1006,2025-06-07,1373,409172
KROGER-1006,2025-06-08,1552,410724
KROGER-1006,2025-06-09,1366,412090
KROGER-1006,2025-06-10,1232,413322
KROGER-1006,2025-06-11,1387,414709
KROGER-1006,2025-06-12,1408,416117
KROGER-1006,2025-06-13,1331,417448
KROGER-1006,2025-06-14,1587,419035
KROGER-1006,2025-06-15,1404,420439
KROGER-1006,2025-06-16,1507,421946
KROGER-1006,2025-06-17,1450,423396
KROGER-1006,2025-06-18,1486,424882
KROGER-1006,2025-06-19,1262,426144
KROGER-1006,2025-06-20,1395,427539
KROGER-1006,2025-06-21,1447,428986
KROGER-1006,2025-06-22,1288,430274
KROGER-1006,2025-06-23,1506,431780
KROGER-1006,2025-06-24,1293,433073
KROGER-1006,2025-06-25,1316,434389
KROGER-1006,2025-06-26,1272,435661
KROGER-1006,2025-06-27,1461,437122
KROGER-1006,2025-06-28,1276,438398
KROGER-1006,2025-06-29,1525,439923
KROGER-1006,2025-06-30,1499,441422
KROGER-1006,2025-07-01,1443,442865
KROGER-1006,2025-07-02,1463,444328
KROGER-1006,2025-07-03,1468,445796
KROGER-1006,2025-07-04,1279,447075
KROGER-1006,2025-07-05,1620,448695
KROGER-1006,2025-07-06,1399,450094
KROGER-1006,2025-07-07,1376,451470
KROGER-1006,2025-07-08,1347,452817
KROGER-1006,2025-07-09,1438,454255
KROGER-1006,2025-07-10,1324,455579
KROGER-1006,2025-07-11,1391,456970
KROGER-1006,2025-07-12,1309,458279
KROGER-1006,2025-07-13,1588,459867
KROGER-1006,2025-07-14,1458,461325
KROGER-1006,2025-07-15,1351,462676
KROGER-1006,2025-07-16,1332,464008
KROGER-1006,2025-07-17,1455,465463
KROGER-1006,2025-07-18,1305,466768
KROGER-1006,2025-07-19,1468,468236
KROGER-1006,2025-07-20,1588,469824
KROGER-1006,2025-07-21,1294,471118
KROGER-1006,2025-07-22,1425,472543
KROGER-1006,2025-07-23,1419,473962
KROGER-1006,2025-07-24,1373,475335
KROGER-1006,2025-07-25,1328,476663
KROGER-1006,2025-07-26,1594,478257
KROGER-1006,2025-07-27,1383,479640
KROGER-1006,2025-07-28,1183,480823
KROGER-1006,2025-07-29,1455,482278
KROGER-1006,2025-07-30,1251,483529
KROGER-1006,2025-07-31,1460,484989
KROGER-1006,2025-08-01,1532,486521
KROGER-1006,2025-08-02,1526,488047
KROGER-1006,2025-08-03,1578,489625
KROGER-1006,2025-08-04,1607,491232
KROGER-1006,2025-08-05,1491,492723
KROGER-1006,2025-08-06,1420,494143
KROGER-1006,2025-08-07,1565,495708
KROGER-1006,2025-08-08,1578,497286
KROGER-1006,2025-08-09,1659,498945
KROGER-1006,2025-08-10,1396,500341
KROGER-1006,2025-08-11,1234,501575
KROGER-1006,2025-08-12,1323,502898
KROGER-1006,2025-08-13,1462,504360
KROGER-1006,2025-08-14,1401,505761
KROGER-1006,2025-08-15,1361,507122
KROGER-1006,2025-08-16,1518,508640
KROGER-1006,2025-08-17,1282,509922
KROGER-1006,2025-08-18,1399,511321
KROGER-1006,2025-08-19,1508,512829
KROGER-1006,2025-08-20,1445,514274
KROGER-1006,2025-08-21,1460,515734
KROGER-1006,2025-08-22,1561,517295
KROGER-1006,2025-08-23,1445,518740
KROGER-1006,2025-08-24,1377,520117
KROGER-1006,2025-08-25,1515,521632
KROGER-1006,2025-08-26,1513,523145
KROGER-1006,2025-08-27,1446,524591
KROGER-1006,2025-08-28,1366,525957
KROGER-1006,2025-08-29,1384,527341
KROGER-1006,2025-08-30,1305,528646
KROGER-1006,2025-08-31,1582,530228
KROGER-1007,2024-09-01,1052,1052
KROGER-1007,2024-09-02,825,1877
KROGER-1007,2024-09-03,986,2863
KROGER-1007,2024-09-04,952,3815
KROGER-1007,2024-09-05,847,4662
KROGER-1007,2024-09-06,833,5495
KROGER-1007,2024-09-07,997,6492
KROGER-1007,2024-09-08,937,7429
KROGER-1007,2024-09-09,1056,8485
KROGER-1007,2024-09-10,992,9477
KROGER-1007,2024-09-11,957,10434
KROGER-1007,2024-09-12,961,11395
KROGER-1007,2024-09-13,1020,12415
KROGER-1007,2024-09-14,1034,13449
KROGER-1007,2024-09-15,1007,14456
KROGER-1007,2024-09-16,850,15306
KROGER-1007,2024-09-17,1148,16454
KROGER-1007,2024-09-18,841,17295
KROGER-1007,2024-09-19,899,18194
KROGER-1007,2024-09-20,800,18994
KROGER-1007,2024-09-21,1010,20004
KROGER-1007,2024-09-22,980,20984
KROGER-1007,2024-09-23,978,21962
KROGER-1007,2024-09-24,794,22756
KROGER-1007,2024-09-25,1004,23760
KROGER-1007,2024-09-26,862,24622
KROGER-1007,2024-09-27,911,25533
KROGER-1007,2024-09-28,1040,26573
KROGER-1007,2024-09-29,988,27561
KROGER-1007,2024-09-30,946,28507
KROGER-1007,2024-10-01,981,29488
KROGER-1007,2024-10-02,954,30442
KROGER-1007,2024-10-03,897,31339
KROGER-1007,2024-10-04,910,32249
KROGER-1007,2024-10-05,985,33234
KROGER-1007,2024-10-06,899,34133
KROGER-1007,2024-10-07,995,35128
KROGER-1007,2024-10-08,943,36071
KROGER-1007,2024-10-09,927,36998
KROGER-1007,2024-10-10,1010,38008
KROGER-1007,2024-10-11,913,38921
KROGER-1007,2024-10-12,954,39875
KROGER-1007,2024-10-13,931,40806
KROGER-1007,2024-10-14,947,41753
KROGER-1007,2024-10-15,945,42698
KROGER-1007,2024-10-16,873,43571
KROGER-1007,2024-10-17,909,44480
KROGER-1007,2024-10-18,873,45353
KROGER-1007,2024-10-19,913,46266
KROGER-1007,2024-10-20,834,47100
KROGER-1007,2024-10-21,905,48005
KROGER-1007,2024-10-22,796,48801
KROGER-1007,2024-10-23,888,49689
KROGER-1007,2024-10-24,877,50566
KROGER-1007,2024-10-25,1000,51566
KROGER-1007,2024-10-26,889,52455
KROGER-1007,2024-10-27,909,53364
KROGER-1007,2024-10-28,894,54258
KROGER-1007,2024-10-29,879,55137
KROGER-1007,2024-10-30,1023,56160
KROGER-1007,2024-10-31,838,56998
KROGER-1007,2024-11-01,1073,58071
KROGER-1007,2024-11-02,1193,59264
KROGER-1007,2024-11-03,1244,60508
KROGER-1007,2024-11-04,1073,61581
KROGER-1007,2024-11-05,937,62518
KROGER-1007,2024-11-06,1093,63611
KROGER-1007,2024-11-07,1226,64837
KROGER-1007,2024-11-08,1131,65968
KROGER-1007,2024-11-09,1184,67152
KROGER-1007,2024-11-10,1063,68215
KROGER-1007,2024-11-11,1003,69218
KROGER-1007,2024-11-12,1108,70326
KROGER-1007,2024-11-13,980,71306
KROGER-1007,2024-11-14,1176,72482
KROGER-1007,2024-11-15,1031,73513
KROGER-1007,2024-11-16,1160,74673
KROGER-1007,2024-11-17,986,75659
KROGER-1007,2024-11-18,1072,76731
KROGER-1007,2024-11-19,1001,77732
KROGER-1007,2024-11-20,901,78633
KROGER-1007,2024-11-21,1154,79787
KROGER-1007,2024-11-22,1252,81039
KROGER-1007,2024-11-23,1267,82306
KROGER-1007,2024-11-24,1225,83531
KROGER-1007,2024-11-25,1070,84601
KROGER-1007,2024-11-26,1178,85779
KROGER-1007,2024-11-27,1215,86994
KROGER-1007,2024-11-28,1119,88113
KROGER-1007,2024-11-29,1002,89115
KROGER-1007,2024-11-30,1115,90230
KROGER-1007,2024-12-01,1320,91550
KROGER-1007,2024-12-02,1100,92650
KROGER-1007,2024-12-03,812,93462
KROGER-1007,2024-12-04,976,94438
KROGER-1007,2024-12-05,1069,95507
KROGER-1007,2024-12-06,1198,96705
KROGER-1007,2024-12-07,1136,97841
KROGER-1007,2024-12-08,1260,99101
KROGER-1007,2024-12-09,1060,100161
KROGER-1007,2024-12-10,933,101094
KROGER-1007,2024-12-11,1063,102157
KROGER-1007,2024-12-12,1137,103294
KROGER-1007,2024-12-13,1130,104424
KROGER-1007,2024-12-14,1045,105469
KROGER-1007,2024-12-15,1129,106598
KROGER-1007,2024-12-16,1344,107942
KROGER-1007,2024-12-17,997,108939
KROGER-1007,2024-12-18,1165,110104
KROGER-1007,2024-12-19,921,111025
KROGER-1007,2024-12-20,1183,112208
KROGER-1007,2024-12-21,1079,113287
KROGER-1007,2024-12-22,1199,114486
KROGER-1007,2024-12-23,992,115478
KROGER-1007,2024-12-24,1132,116610
KROGER-1007,2024-12-25,1026,117636
KROGER-1007,2024-12-26,1043,118679
KROGER-1007,2024-12-27,1146,119825
KROGER-1007,2024-12-28,1122,120947
KROGER-1007,2024-12-29,1197,122144
KROGER-1007,2024-12-30,1090,123234
KROGER-1007,2024-12-31,1112,124346
KROGER-1007,2025-01-01,955,125301
KROGER-1007,2025-01-02,896,126197
KROGER-1007,2025-01-03,848,127045
KROGER-1007,2025-01-04,927,127972
KROGER-1007,2025-01-05,1061,129033
KROGER-1007,2025-01-06,931,129964
KROGER-1007,2025-01-07,860,130824
KROGER-1007,2025-01-08,952,131776
KROGER-1007,2025-01-09,957,132733
KROGER-1007,2025-01-10,960,133693
KROGER-1007,2025-01-11,892,134585
KROGER-1007,2025-01-12,915,135500
KROGER-1007,2025-01-13,872,136372
KROGER-1007,2025-01-14,895,137267
KROGER-1007,2025-01-15,962,138229
KROGER-1007,2025-01-16,944,139173
KROGER-1007,2025-01-17,950,140123
KROGER-1007,2025-01-18,1073,141196
KROGER-1007,2025-01-19,1021,142217
KROGER-1007,2025-01-20,911,143128
KROGER-1007,2025-01-21,835,143963
KROGER-1007,2025-01-22,869,144832
KROGER-1007,2025-01-23,903,145735
KROGER-1007,2025-01-24,983,146718
KROGER-1007,2025-01-25,966,147684
KROGER-1007,2025-01-26,917,148601
KROGER-1007,2025-01-27,868,149469
KROGER-1007,2025-01-28,917,150386
KROGER-1007,2025-01-29,988,151374
KROGER-1007,2025-01-30,1039,152413
KROGER-1007,2025-01-31,907,153320
KROGER-1007,2025-02-01,965,154285
KROGER-1007,2025-02-02,874,155159
KROGER-1007,2025-02-03,1065,156224
KROGER-1007,2025-02-04,819,157043
KROGER-1007,2025-02-05,1008,158051
KROGER-1007,2025-02-06,895,158946
KROGER-1007,2025-02-07,878,159824
KROGER-1007,2025-02-08,882,160706
KROGER-1007,2025-02-09,1155,161861
KROGER-1007,2025-02-10,938,162799
KROGER-1007,2025-02-11,924,163723
KROGER-1007,2025-02-12,987,164710
KROGER-1007,2025-02-13,874,165584
KROGER-1007,2025-02-14,922,166506
KROGER-1007,2025-02-15,972,167478
KROGER-1007,2025-02-16,928,168406
KROGER-1007,2025-02-17,1010,169416
KROGER-1007,2025-02-18,906,170322
KROGER-1007,2025-02-19,807,171129
KROGER-1007,2025-02-20,900,172029
KROGER-1007,2025-02-21,940,172969
KROGER-1007,2025-02-22,899,173868
KROGER-1007,2025-02-23,905,174773
KROGER-1007,2025-02-24,882,175655
KROGER-1007,2025-02-25,1012,176667
KROGER-1007,2025-02-26,886,177553
KROGER-1007,2025-02-27,1027,178580
KROGER-1007,2025-02-28,877,179457
KROGER-1007,2025-03-01,993,180450
KROGER-1007,2025-03-02,934,181384
KROGER-1007,2025-03-03,978,182362
KROGER-1007,2025-03-04,839,183201
KROGER-1007,2025-03-05,977,184178
KROGER-1007,2025-03-06,930,185108
KROGER-1007,2025-03-07,875,185983
KROGER-1007,2025-03-08,955,186938
KROGER-1007,2025-03-09,1087,188025
KROGER-1007,2025-03-10,932,188957
KROGER-1007,2025-03-11,870,189827
KROGER-1007,2025-03-12,833,190660
KROGER-1007,2025-03-13,959,191619
KROGER-1007,2025-03-14,936,192555
KROGER-1007,2025-03-15,883,193438
KROGER-1007,2025-03-16,1010,194448
KROGER-1007,2025-03-17,986,195434
KROGER-1007,2025-03-18,812,196246
KROGER-1007,2025-03-19,934,197180
KROGER-1007,2025-03-20,1109,198289
KROGER-1007,2025-03-21,972,199261
KROGER-1007,2025-03-22,949,200210
KROGER-1007,2025-03-23,925,201135
KROGER-1007,2025-03-24,773,201908
KROGER-1007,2025-03-25,957,202865
KROGER-1007,2025-03-26,1066,203931
KROGER-1007,2025-03-27,862,204793
KROGER-1007,2025-03-28,779,205572
KROGER-1007,2025-03-29,917,206489
KROGER-1007,2025-03-30,1036,207525
KROGER-1007,2025-03-31,890,208415
KROGER-1007,2025-04-01,861,209276
KROGER-1007,2025-04-02,923,210199
KROGER-1007,2025-04-03,939,211138
KROGER-1007,2025-04-04,820,211958
KROGER-1007,2025-04-05,951,212909
KROGER-1007,2025-04-06,930,213839
KROGER-1007,2025-04-07,875,214714
KROGER-1007,2025-04-08,847,215561
KROGER-1007,2025-04-09,991,216552
KROGER-1007,2025-04-10,874,217426
KROGER-1007,2025-04-11,775,218201
KROGER-1007,2025-04-12,989,219190
KROGER-1007,2025-04-13,1024,220214
KROGER-1007,2025-04-14,863,221077
KROGER-1007,2025-04-15,881,221958
KROGER-1007,2025-04-16,874,222832
KROGER-1007,2025-04-17,896,223728
KROGER-1007,2025-04-18,1004,224732
KROGER-1007,2025-04-19,959,225691
KROGER-1007,2025-04-20,1033,226724
KROGER-1007,2025-04-21,850,227574
KROGER-1007,2025-04-22,894,228468
KROGER-1007,2025-04-23,992,229460
KROGER-1007,2025-04-24,863,230323
KROGER-1007,2025-04-25,997,231320
KROGER-1007,2025-04-26,919,232239
KROGER-1007,2025-04-27,943,233182
KROGER-1007,2025-04-28,1045,234227
KROGER-1007,2025-04-29,890,235117
KROGER-1007,2025-04-30,933,236050
KROGER-1007,2025-05-01,967,237017
KROGER-1007,2025-05-02,939,237956
KROGER-1007,2025-05-03,988,238944
KROGER-1007,2025-05-04,964,239908
KROGER-1007,2025-05-05,826,240734
KROGER-1007,2025-05-06,948,241682
KROGER-1007,2025-05-07,868,242550
KROGER-1007,2025-05-08,979,243529
KROGER-1007,2025-05-09,1023,244552
KROGER-1007,2025-05-10,828,245380
KROGER-1007,2025-05-11,1075,246455
KROGER-1007,2025-05-12,892,247347
KROGER-1007,2025-05-13,912,248259
KROGER-1007,2025-05-14,855,249114
KROGER-1007,2025-05-15,936,250050
KROGER-1007,2025-05-16,927,250977
KROGER-1007,2025-05-17,1052,252029
KROGER-1007,2025-05-18,911,252940
KROGER-1007,2025-05-19,1045,253985
KROGER-1007,2025-05-20,971,254956
KROGER-1007,2025-05-21,929,255885
KROGER-1007,2025-05-22,909,256794
KROGER-1007,2025-05-23,899,257693
KROGER-1007,2025-05-24,949,258642
KROGER-1007,2025-05-25,981,259623
KROGER-1007,2025-05-26,907,260530
KROGER-1007,2025-05-27,875,261405
KROGER-1007,2025-05-28,935,262340
KROGER-1007,2025-05-29,860,263200
KROGER-1007,2025-05-30,946,264146
KROGER-1007,2025-05-31,951,265097
KROGER-1007,2025-06-01,1022,266119
KROGER-1007,2025-06-02,995,267114
KROGER-1007,2025-06-03,995,268109
KROGER-1007,2025-06-04,945,269054
KROGER-1007,2025-06-05,954,270008
KROGER-1007,2025-06-06,898,270906
KROGER-1007,2025-06-07,1021,271927
KROGER-1007,2025-06-08,1029,272956
KROGER-1007,2025-06-09,806,273762
KROGER-1007,2025-06-10,950,274712
KROGER-1007,2025-06-11,1023,275735
KROGER-1007,2025-06-12,896,276631
KROGER-1007,2025-06-13,880,277511
KROGER-1007,2025-06-14,936,278447
KROGER-1007,2025-06-15,851,279298
KROGER-1007,2025-06-16,931,280229
KROGER-1007,2025-06-17,924,281153
KROGER-1007,2025-06-18,936,282089
KROGER-1007,2025-06-19,953,283042
KROGER-1007,2025-06-20,863,283905
KROGER-1007,2025-06-21,989,284894
KROGER-1007,2025-06-22,1002,285896
KROGER-1007,2025-06-23,886,286782
KROGER-1007,2025-06-24,953,287735
KROGER-1007,2025-06-25,928,288663
KROGER-1007,2025-06-26,875,289538
KROGER-1007,2025-06-27,943,290481
KROGER-1007,2025-06-28,946,291427
KROGER-1007,2025-06-29,1022,292449
KROGER-1007,2025-06-30,904,293353
KROGER-1007,2025-07-01,827,294180
KROGER-1007,2025-07-02,942,295122
KROGER-1007,2025-07-03,939,296061
KROGER-1007,2025-07-04,842,296903
KROGER-1007,2025-07-05,1026,297929
KROGER-1007,2025-07-06,1022,298951
KROGER-1007,2025-07-07,858,299809
KROGER-1007,2025-07-08,873,300682
KROGER-1007,2025-07-09,911,301593
KROGER-1007,2025-07-10,866,302459
KROGER-1007,2025-07-11,969,303428
KROGER-1007,2025-07-12,980,304408
KROGER-1007,2025-07-13,883,305291
KROGER-1007,2025-07-14,861,306152
KROGER-1007,2025-07-15,1010,307162
KROGER-1007,2025-07-16,1035,308197
KROGER-1007,2025-07-17,962,309159
KROGER-1007,2025-07-18,906,310065
KROGER-1007,2025-07-19,934,310999
KROGER-1007,2025-07-20,1011,312010
KROGER-1007,2025-07-21,928,312938
KROGER-1007,2025-07-22,803,313741
KROGER-1007,2025-07-23,998,314739
KROGER-1007,2025-07-24,1021,315760
KROGER-1007,2025-07-25,976,316736
KROGER-1007,2025-07-26,883,317619
KROGER-1007,2025-07-27,919,318538
KROGER-1007,2025-07-28,785,319323
KROGER-1007,2025-07-29,1040,320363
KROGER-1007,2025-07-30,896,321259
KROGER-1007,2025-07-31,1094,322353
KROGER-1007,2025-08-01,1066,323419
KROGER-1007,2025-08-02,898,324317
KROGER-1007,2025-08-03,913,325230
KROGER-1007,2025-08-04,956,326186
KROGER-1007,2025-08-05,792,326978
KROGER-1007,2025-08-06,890,327868
KROGER-1007,2025-08-07,882,328750
KROGER-1007,2025-08-08,1059,329809
KROGER-1007,2025-08-09,981,330790
KROGER-1007,2025-08-10,946,331736
KROGER-1007,2025-08-11,875,332611
KROGER-1007,2025-08-12,988,333599
KROGER-1007,2025-08-13,885,334484
KROGER-1007,2025-08-14,918,335402
KROGER-1007,2025-08-15,875,336277
KROGER-1007,2025-08-16,850,337127
KROGER-1007,2025-08-17,891,338018
KROGER-1007,2025-08-18,885,338903
KROGER-1007,2025-08-19,903,339806
KROGER-1007,2025-08-20,906,340712
KROGER-1007,2025-08-21,915,341627
KROGER-1007,2025-08-22,886,342513
KROGER-1007,2025-08-23,1073,343586
KROGER-1007,2025-08-24,1042,344628
KROGER-1007,2025-08-25,912,345540
KROGER-1007,2025-08-26,941,346481
KROGER-1007,2025-08-27,895,347376
KROGER-1007,2025-08-28,712,348088
KROGER-1007,2025-08-29,923,349011
KROGER-1007,2025-08-30,992,350003
KROGER-1007,2025-08-31,843,350846
KROGER-1008,2024-09-01,542,542
KROGER-1008,2024-09-02,485,1027
KROGER-1008,2024-09-03,510,1537
KROGER-1008,2024-09-04,487,2024
KROGER-1008,2024-09-05,546,2570
KROGER-1008,2024-09-06,505,3075
KROGER-1008,2024-09-07,563,3638
KROGER-1008,2024-09-08,567,4205
KROGER-1008,2024-09-09,452,4657
KROGER-1008,2024-09-10,467,5124
KROGER-1008,2024-09-11,514,5638
KROGER-1008,2024-09-12,482,6120
KROGER-1008,2024-09-13,487,6607
KROGER-1008,2024-09-14,575,7182
KROGER-1008,2024-09-15,508,7690
KROGER-1008,2024-09-16,458,8148
KROGER-1008,2024-09-17,463,8611
KROGER-1008,2024-09-18,583,9194
KROGER-1008,2024-09-19,489,9683
KROGER-1008,2024-09-20,442,10125
KROGER-1008,2024-09-21,447,10572
KROGER-1008,2024-09-22,495,11067
KROGER-1008,2024-09-23,489,11556
KROGER-1008,2024-09-24,534,12090
KROGER-1008,2024-09-25,530,12620
KROGER-1008,2024-09-26,496,13116
KROGER-1008,2024-09-27,478,13594
KROGER-1008,2024-09-28,536,14130
KROGER-1008,2024-09-29,448,14578
KROGER-1008,2024-09-30,575,15153
KROGER-1008,2024-10-01,523,15676
KROGER-1008,2024-10-02,531,16207
KROGER-1008,2024-10-03,454,16661
KROGER-1008,2024-10-04,547,17208
KROGER-1008,2024-10-05,502,17710
KROGER-1008,2024-10-06,482,18192
KROGER-1008,2024-10-07,495,18687
KROGER-1008,2024-10-08,494,19181
KROGER-1008,2024-10-09,454,19635
KROGER-1008,2024-10-10,461,20096
KROGER-1008,2024-10-11,458,20554
KROGER-1008,2024-10-12,481,21035
KROGER-1008,2024-10-13,505,21540
KROGER-1008,2024-10-14,441,21981
KROGER-1008,2024-10-15,469,22450
KROGER-1008,2024-10-16,538,22988
KROGER-1008,2024-10-17,529,23517
KROGER-1008,2024-10-18,455,23972
KROGER-1008,2024-10-19,561,24533
KROGER-1008,2024-10-20,439,24972
KROGER-1008,2024-10-21,593,25565
KROGER-1008,2024-10-22,548,26113
KROGER-1008,2024-10-23,474,26587
KROGER-1008,2024-10-24,512,27099
KROGER-1008,2024-10-25,441,27540
KROGER-1008,2024-10-26,524,28064
KROGER-1008,2024-10-27,514,28578
KROGER-1008,2024-10-28,463,29041
KROGER-1008,2024-10-29,478,29519
KROGER-1008,2024-10-30,474,29993
KROGER-1008,2024-10-31,452,30445
KROGER-1008,2024-11-01,555,31000
KROGER-1008,2024-11-02,553,31553
KROGER-1008,2024-11-03,669,32222
KROGER-1008,2024-11-04,551,32773
KROGER-1008,2024-11-05,538,33311
KROGER-1008,2024-11-06,636,33947
KROGER-1008,2024-11-07,614,34561
KROGER-1008,2024-11-08,634,35195
KROGER-1008,2024-11-09,672,35867
KROGER-1008,2024-11-10,723,36590
KROGER-1008,2024-11-11,588,37178
KROGER-1008,2024-11-12,526,37704
KROGER-1008,2024-11-13,609,38313
KROGER-1008,2024-11-14,564,38877
KROGER-1008,2024-11-15,550,39427
KROGER-1008,2024-11-16,631,40058
KROGER-1008,2024-11-17,669,40727
KROGER-1008,2024-11-18,556,41283
KROGER-1008,2024-11-19,657,41940
KROGER-1008,2024-11-20,549,42489
KROGER-1008,2024-11-21,584,43073
KROGER-1008,2024-11-22,614,43687
KROGER-1008,2024-11-23,606,44293
KROGER-1008,2024-11-24,537,44830
KROGER-1008,2024-11-25,640,45470
KROGER-1008,2024-11-26,566,46036
KROGER-1008,2024-11-27,631,46667
KROGER-1008,2024-11-28,536,47203
KROGER-1008,2024-11-29,544,47747
KROGER-1008,2024-11-30,669,48416
KROGER-1008,2024-12-01,643,49059
KROGER-1008,2024-12-02,575,49634
KROGER-1008,2024-12-03,613,50247
KROGER-1008,2024-12-04,550,50797
KROGER-1008,2024-12-05,601,51398
KROGER-1008,2024-12-06,602,52000
KROGER-1008,2024-12-07,607,52607
KROGER-1008,2024-12-08,584,53191
KROGER-1008,2024-12-09,599,53790
KROGER-1008,2024-12-10,593,54383
KROGER-1008,2024-12-11,574,54957
KROGER-1008,2024-12-12,547,55504
KROGER-1008,2024-12-13,596,56100
KROGER-1008,2024-12-14,603,56703
KROGER-1008,2024-12-15,574,57277
KROGER-1008,2024-12-16,598,57875
KROGER-1008,2024-12-17,673,58548
KROGER-1008,2024-12-18,578,59126
KROGER-1008,2024-12-19,667,59793
KROGER-1008,2024-12-20,697,60490
KROGER-1008,2024-12-21,578,61068
KROGER-1008,2024-12-22,626,61694
KROGER-1008,2024-12-23,696,62390
KROGER-1008,2024-12-24,590,62980
KROGER-1008,2024-12-25,598,63578
KROGER-1008,2024-12-26,516,64094
KROGER-1008,2024-12-27,571,64665
KROGER-1008,2024-12-28,654,65319
KROGER-1008,2024-12-29,747,66066
KROGER-1008,2024-12-30,587,66653
KROGER-1008,2024-12-31,517,67170
KROGER-1008,2025-01-01,441,67611
KROGER-1008,2025-01-02,495,68106
KROGER-1008,2025-01-03,543,68649
KROGER-1008,2025-01-04,548,69197
KROGER-1008,2025-01-05,541,69738
KROGER-1008,2025-01-06,549,70287
KROGER-1008,2025-01-07,468,70755
KROGER-1008,2025-01-08,497,71252
KROGER-1008,2025-01-09,476,71728
KROGER-1008,2025-01-10,486,72214
KROGER-1008,2025-01-11,479,72693
KROGER-1008,2025-01-12,507,73200
KROGER-1008,2025-01-13,495,73695
KROGER-1008,2025-01-14,482,74177
KROGER-1008,2025-01-15,490,74667
KROGER-1008,2025-01-16,513,75180
KROGER-1008,2025-01-17,546,75726
KROGER-1008,2025-01-18,576,76302
KROGER-1008,2025-01-19,553,76855
KROGER-1008,2025-01-20,446,77301
KROGER-1008,2025-01-21,482,77783
KROGER-1008,2025-01-22,486,78269
KROGER-1008,2025-01-23,470,78739
KROGER-1008,2025-01-24,510,79249
KROGER-1008,2025-01-25,455,79704
KROGER-1008,2025-01-26,592,80296
KROGER-1008,2025-01-27,544,80840
KROGER-1008,2025-01-28,516,81356
KROGER-1008,2025-01-29,494,81850
KROGER-1008,2025-01-30,545,82395
KROGER-1008,2025-01-31,524,82919
KROGER-1008,2025-02-01,568,83487
KROGER-1008,2025-02-02,519,84006
KROGER-1008,2025-02-03,568,84574
KROGER-1008,2025-02-04,543,85117
KROGER-1008,2025-02-05,517,85634
KROGER-1008,2025-02-06,546,86180
KROGER-1008,2025-02-07,480,86660
KROGER-1008,2025-02-08,473,87133
KROGER-1008,2025-02-09,535,87668
KROGER-1008,2025-02-10,494,88162
KROGER-1008,2025-02-11,489,88651
KROGER-1008,2025-02-12,545,89196
KROGER-1008,2025-02-13,503,89699
KROGER-1008,2025-02-14,507,90206
KROGER-1008,2025-02-15,508,90714
KROGER-1008,2025-02-16,558,91272
KROGER-1008,2025-02-17,524,91796
KROGER-1008,2025-02-18,531,92327
KROGER-1008,2025-02-19,477,92804
KROGER-1008,2025-02-20,548,93352
KROGER-1008,2025-02-21,570,93922
KROGER-1008,2025-02-22,557,94479
KROGER-1008,2025-02-23,488,94967
KROGER-1008,2025-02-24,465,95432
KROGER-1008,2025-02-25,482,95914
KROGER-1008,2025-02-26,474,96388
KROGER-1008,2025-02-27,494,96882
KROGER-1008,2025-02-28,522,97404
KROGER-1008,2025-03-01,533,97937
KROGER-1008,2025-03-02,530,98467
KROGER-1008,2025-03-03,487,98954
KROGER-1008,2025-03-04,494,99448
KROGER-1008,2025-03-05,528,99976
KROGER-1008,2025-03-06,417,100393
KROGER-1008,2025-03-07,496,100889
KROGER-1008,2025-03-08,533,101422
KROGER-1008,2025-03-09,554,101976
KROGER-1008,2025-03-10,456,102432
KROGER-1008,2025-03-11,454,102886
KROGER-1008,2025-03-12,520,103406
KROGER-1008,2025-03-13,421,103827
KROGER-1008,2025-03-14,549,104376
KROGER-1008,2025-03-15,531,104907
KROGER-1008,2025-03-16,586,105493
KROGER-1008,2025-03-17,453,105946
KROGER-1008,2025-03-18,479,106425
KROGER-1008,2025-03-19,401,106826
KROGER-1008,2025-03-20,465,107291
KROGER-1008,2025-03-21,489,107780
KROGER-1008,2025-03-22,439,108219
KROGER-1008,2025-03-23,505,108724
KROGER-1008,2025-03-24,417,109141
KROGER-1008,2025-03-25,486,109627
KROGER-1008,2025-03-26,542,110169
KROGER-1008,2025-03-27,495,110664
KROGER-1008,2025-03-28,562,111226
KROGER-1008,2025-03-29,554,111780
KROGER-1008,2025-03-30,578,112358
KROGER-1008,2025-03-31,466,112824
KROGER-1008,2025-04-01,465,113289
KROGER-1008,2025-04-02,510,113799
KROGER-1008,2025-04-03,434,114233
KROGER-1008,2025-04-04,515,114748
KROGER-1008,2025-04-05,508,115256
KROGER-1008,2025-04-06,577,115833
KROGER-1008,2025-04-07,524,116357
KROGER-1008,2025-04-08,540,116897
KROGER-1008,2025-04-09,467,117364
KROGER-1008,2025-04-10,538,117902
KROGER-1008,2025-04-11,554,118456
KROGER-1008,2025-04-12,520,118976
KROGER-1008,2025-04-13,490,119466
KROGER-1008,2025-04-14,468,119934
KROGER-1008,2025-04-15,546,120480
KROGER-1008,2025-04-16,603,121083
KROGER-1008,2025-04-17,457,121540
KROGER-1008,2025-04-18,454,121994
KROGER-1008,2025-04-19,560,122554
KROGER-1008,2025-04-20,490,123044
KROGER-1008,2025-04-21,537,123581
KROGER-1008,2025-04-22,515,124096
KROGER-1008,2025-04-23,496,124592
KROGER-1008,2025-04-24,514,125106
KROGER-1008,2025-04-25,512,125618
KROGER-1008,2025-04-26,514,126132
KROGER-1008,2025-04-27,448,126580
KROGER-1008,2025-04-28,504,127084
KROGER-1008,2025-04-29,559,127643
KROGER-1008,2025-04-30,433,128076
KROGER-1008,2025-05-01,458,128534
KROGER-1008,2025-05-02,513,129047
KROGER-1008,2025-05-03,523,129570
KROGER-1008,2025-05-04,539,130109
KROGER-1008,2025-05-05,469,130578
KROGER-1008,2025-05-06,543,131121
KROGER-1008,2025-05-07,498,131619
KROGER-1008,2025-05-08,524,132143
KROGER-1008,2025-05-09,509,132652
KROGER-1008,2025-05-10,529,133181
KROGER-1008,2025-05-11,548,133729
KROGER-1008,2025-05-12,504,134233
KROGER-1008,2025-05-13,449,134682
KROGER-1008,2025-05-14,540,135222
KROGER-1008,2025-05-15,529,135751
KROGER-1008,2025-05-16,413,136164
KROGER-1008,2025-05-17,494,136658
KROGER-1008,2025-05-18,565,137223
KROGER-1008,2025-05-19,424,137647
KROGER-1008,2025-05-20,534,138181
KROGER-1008,2025-05-21,491,138672
KROGER-1008,2025-05-22,550,139222
KROGER-1008,2025-05-23,496,139718
KROGER-1008,2025-05-24,491,140209
KROGER-1008,2025-05-25,534,140743
KROGER-1008,2025-05-26,495,141238
KROGER-1008,2025-05-27,464,141702
KROGER-1008,2025-05-28,585,142287
KROGER-1008,2025-05-29,458,142745
KROGER-1008,2025-05-30,407,143152
KROGER-1008,2025-05-31,587,143739
KROGER-1008,2025-06-01,497,144236
KROGER-1008,2025-06-02,485,144721
KROGER-1008,2025-06-03,482,145203
KROGER-1008,2025-06-04,474,145677
KROGER-1008,2025-06-05,466,146143
KROGER-1008,2025-06-06,457,146600
KROGER-1008,2025-06-07,524,147124
KROGER-1008,2025-06-08,505,147629
KROGER-1008,2025-06-09,526,148155
KROGER-1008,2025-06-10,516,148671
KROGER-1008,2025-06-11,460,149131
KROGER-1008,2025-06-12,501,149632
KROGER-1008,2025-06-13,480,150112
KROGER-1008,2025-06-14,480,150592
KROGER-1008,2025-06-15,550,151142
KROGER-1008,2025-06-16,492,151634
KROGER-1008,2025-06-17,480,152114
KROGER-1008,2025-06-18,462,152576
KROGER-1008,2025-06-19,456,153032
KROGER-1008,2025-06-20,576,153608
KROGER-1008,2025-06-21,535,154143
KROGER-1008,2025-06-22,476,154619
KROGER-1008,2025-06-23,508,155127
KROGER-1008,2025-06-24,539,155666
KROGER-1008,2025-06-25,503,156169
KROGER-1008,2025-06-26,551,156720
KROGER-1008,2025-06-27,435,157155
KROGER-1008,2025-06-28,438,157593
KROGER-1008,2025-06-29,532,158125
KROGER-1008,2025-06-30,507,158632
KROGER-1008,2025-07-01,364,158996
KROGER-1008,2025-07-02,472,159468
KROGER-1008,2025-07-03,456,159924
KROGER-1008,2025-07-04,441,160365
KROGER-1008,2025-07-05,479,160844
KROGER-1008,2025-07-06,546,161390
KROGER-1008,2025-07-07,456,161846
KROGER-1008,2025-07-08,457,162303
KROGER-1008,2025-07-09,432,162735
KROGER-1008,2025-07-10,547,163282
KROGER-1008,2025-07-11,514,163796
KROGER-1008,2025-07-12,417,164213
KROGER-1008,2025-07-13,480,164693
KROGER-1008,2025-07-14,518,165211
KROGER-1008,2025-07-15,547,165758
KROGER-1008,2025-07-16,530,166288
KROGER-1008,2025-07-17,482,166770
KROGER-1008,2025-07-18,420,167190
KROGER-1008,2025-07-19,558,167748
KROGER-1008,2025-07-20,509,168257
KROGER-1008,2025-07-21,499,168756
KROGER-1008,2025-07-22,489,169245
KROGER-1008,2025-07-23,443,169688
KROGER-1008,2025-07-24,511,170199
KROGER-1008,2025-07-25,506,170705
KROGER-1008,2025-07-26,504,171209
KROGER-1008,2025-07-27,541,171750
KROGER-1008,2025-07-28,442,172192
KROGER-1008,2025-07-29,486,172678
KROGER-1008,2025-07-30,498,173176
KROGER-1008,2025-07-31,428,173604
KROGER-1008,2025-08-01,494,174098
KROGER-1008,2025-08-02,552,174650
KROGER-1008,2025-08-03,509,175159
KROGER-1008,2025-08-04,495,175654
KROGER-1008,2025-08-05,519,176173
KROGER-1008,2025-08-06,481,176654
KROGER-1008,2025-08-07,485,177139
KROGER-1008,2025-08-08,450,177589
KROGER-1008,2025-08-09,521,178110
KROGER-1008,2025-08-10,507,178617
KROGER-1008,2025-08-11,516,179133
KROGER-1008,2025-08-12,519,179652
KROGER-1008,2025-08-13,528,180180
KROGER-1008,2025-08-14,476,180656
KROGER-1008,2025-08-15,410,181066
KROGER-1008,2025-08-16,552,181618
KROGER-1008,2025-08-17,539,182157
KROGER-1008,2025-08-18,471,182628
KROGER-1008,2025-08-19,519,183147
KROGER-1008,2025-08-20,439,183586
KROGER-1008,2025-08-21,537,184123
KROGER-1008,2025-08-22,483,184606
KROGER-1008,2025-08-23,487,185093
KROGER-1008,2025-08-24,495,185588
KROGER-1008,2025-08-25,487,186075
KROGER-1008,2025-08-26,496,186571
KROGER-1008,2025-08-27,498,187069
KROGER-1008,2025-08-28,479,187548
KROGER-1008,2025-08-29,504,188052
KROGER-1008,2025-08-30,522,188574
KROGER-1008,2025-08-31,494,189068
KROGER-1009,2024-09-01,810,810
KROGER-1009,2024-09-02,864,1674
KROGER-1009,2024-09-03,858,2532
KROGER-1009,2024-09-04,828,3360
KROGER-1009,2024-09-05,885,4245
KROGER-1009,2024-09-06,695,4940
KROGER-1009,2024-09-07,826,5766
KROGER-1009,2024-09-08,785,6551
KROGER-1009,2024-09-09,973,7524
KROGER-1009,2024-09-10,871,8395
KROGER-1009,2024-09-11,819,9214
KROGER-1009,2024-09-12,876,10090
KROGER-1009,2024-09-13,897,10987
KROGER-1009,2024-09-14,942,11929
KROGER-1009,2024-09-15,929,12858
KROGER-1009,2024-09-16,807,13665
KROGER-1009,2024-09-17,791,14456
KROGER-1009,2024-09-18,760,15216
KROGER-1009,2024-09-19,857,16073
KROGER-1009,2024-09-20,813,16886
KROGER-1009,2024-09-21,836,17722
KROGER-1009,2024-09-22,832,18554
KROGER-1009,2024-09-23,919,19473
KROGER-1009,2024-09-24,887,20360
KROGER-1009,2024-09-25,945,21305
KROGER-1009,2024-09-26,859,22164
KROGER-1009,2024-09-27,828,22992
KROGER-1009,2024-09-28,863,23855
KROGER-1009,2024-09-29,794,24649
KROGER-1009,2024-09-30,741,25390
KROGER-1009,2024-10-01,857,26247
KROGER-1009,2024-10-02,762,27009
KROGER-1009,2024-10-03,838,27847
KROGER-1009,2024-10-04,897,28744
KROGER-1009,2024-10-05,819,29563
KROGER-1009,2024-10-06,1004,30567
KROGER-1009,2024-10-07,759,31326
KROGER-1009,2024-10-08,889,32215
KROGER-1009,2024-10-09,852,33067
KROGER-1009,2024-10-10,903,33970
KROGER-1009,2024-10-11,750,34720
KROGER-1009,2024-10-12,1025,35745
KROGER-1009,2024-10-13,853,36598
KROGER-1009,2024-10-14,868,37466
KROGER-1009,2024-10-15,919,38385
KROGER-1009,2024-10-16,784,39169
KROGER-1009,2024-10-17,878,40047
KROGER-1009,2024-10-18,773,40820
KROGER-1009,2024-10-19,962,41782
KROGER-1009,2024-10-20,812,42594
KROGER-1009,2024-10-21,826,43420
KROGER-1009,2024-10-22,844,44264
KROGER-1009,2024-10-23,876,45140
KROGER-1009,2024-10-24,954,46094
KROGER-1009,2024-10-25,794,46888
KROGER-1009,2024-10-26,944,47832
KROGER-1009,2024-10-27,1002,48834
KROGER-1009,2024-10-28,835,49669
KROGER-1009,2024-10-29,788,50457
KROGER-1009,2024-10-30,710,51167
KROGER-1009,2024-10-31,948,52115
KROGER-1009,2024-11-01,969,53084
KROGER-1009,2024-11-02,955,54039
KROGER-1009,2024-11-03,925,54964
KROGER-1009,2024-11-04,909,55873
KROGER-1009,2024-11-05,1062,56935
KROGER-1009,2024-11-06,1072,58007
KROGER-1009,2024-11-07,1040,59047
KROGER-1009,2024-11-08,999,60046
KROGER-1009,2024-11-09,935,60981
KROGER-1009,2024-11-10,978,61959
KROGER-1009,2024-11-11,901,62860
KROGER-1009,2024-11-12,1034,63894
KROGER-1009,2024-11-13,905,64799
KROGER-1009,2024-11-14,932,65731
KROGER-1009,2024-11-15,974,66705
KROGER-1009,2024-11-16,899,67604
KROGER-1009,2024-11-17,1042,68646
KROGER-1009,2024-11-18,980,69626
KROGER-1009,2024-11-19,1082,70708
KROGER-1009,2024-11-20,924,71632
KROGER-1009,2024-11-21,886,72518
KROGER-1009,2024-11-22,959,73477
KROGER-1009,2024-11-23,947,74424
KROGER-1009,2024-11-24,1041,75465
KROGER-1009,2024-11-25,842,76307
KROGER-1009,2024-11-26,941,77248
KROGER-1009,2024-11-27,915,78163
KROGER-1009,2024-11-28,1034,79197
KROGER-1009,2024-11-29,925,80122
KROGER-1009,2024-11-30,894,81016
KROGER-1009,2024-12-01,1021,82037
KROGER-1009,2024-12-02,1014,83051
KROGER-1009,2024-12-03,967,84018
KROGER-1009,2024-12-04,940,84958
KROGER-1009,2024-12-05,936,85894
KROGER-1009,2024-12-06,998,86892
KROGER-1009,2024-12-07,964,87856
KROGER-1009,2024-12-08,1011,88867
KROGER-1009,2024-12-09,1048,89915
KROGER-1009,2024-12-10,886,90801
KROGER-1009,2024-12-11,985,91786
KROGER-1009,2024-12-12,847,92633
KROGER-1009,2024-12-13,1007,93640
KROGER-1009,2024-12-14,957,94597
KROGER-1009,2024-12-15,1123,95720
KROGER-1009,2024-12-16,872,96592
KROGER-1009,2024-12-17,1024,97616
KROGER-1009,2024-12-18,1085,98701
KROGER-1009,2024-12-19,907,99608
KROGER-1009,2024-12-20,921,100529
KROGER-1009,2024-12-21,960,101489
KROGER-1009,2024-12-22,998,102487
KROGER-1009,2024-12-23,1030,103517
KROGER-1009,2024-12-24,944,104461
KROGER-1009,2024-12-25,900,105361
KROGER-1009,2024-12-26,829,106190
KROGER-1009,2024-12-27,1116,107306
KROGER-1009,2024-12-28,1178,108484
KROGER-1009,2024-12-29,1085,109569
KROGER-1009,2024-12-30,925,110494
KROGER-1009,2024-12-31,1048,111542
KROGER-1009,2025-01-01,886,112428
KROGER-1009,2025-01-02,807,113235
KROGER-1009,2025-01-03,827,114062
KROGER-1009,2025-01-04,950,115012
KROGER-1009,2025-01-05,751,115763
KROGER-1009,2025-01-06,890,116653
KROGER-1009,2025-01-07,803,117456
KROGER-1009,2025-01-08,750,118206
KROGER-1009,2025-01-09,756,118962
KROGER-1009,2025-01-10,767,119729
KROGER-1009,2025-01-11,781,120510
KROGER-1009,2025-01-12,988,121498
KROGER-1009,2025-01-13,856,122354
KROGER-1009,2025-01-14,894,123248
KROGER-1009,2025-01-15,861,124109
KROGER-1009,2025-01-16,828,124937
KROGER-1009,2025-01-17,829,125766
KROGER-1009,2025-01-18,838,126604
KROGER-1009,2025-01-19,843,127447
KROGER-1009,2025-01-20,731,128178
KROGER-1009,2025-01-21,895,129073
KROGER-1009,2025-01-22,704,129777
KROGER-1009,2025-01-23,754,130531
KROGER-1009,2025-01-24,957,131488
KROGER-1009,2025-01-25,875,132363
KROGER-1009,2025-01-26,877,133240
KROGER-1009,2025-01-27,866,134106
KROGER-1009,2025-01-28,722,134828
KROGER-1009,2025-01-29,732,135560
KROGER-1009,2025-01-30,795,136355
KROGER-1009,2025-01-31,764,137119
KROGER-1009,2025-02-01,860,137979
KROGER-1009,2025-02-02,899,138878
KROGER-1009,2025-02-03,915,139793
KROGER-1009,2025-02-04,877,140670
KROGER-1009,2025-02-05,758,141428
KROGER-1009,2025-02-06,799,142227
KROGER-1009,2025-02-07,781,143008
KROGER-1009,2025-02-08,795,143803
KROGER-1009,2025-02-09,779,144582
KROGER-1009,2025-02-10,934,145516
KROGER-1009,2025-02-11,825,146341
KROGER-1009,2025-02-12,809,147150
KROGER-1009,2025-02-13,856,148006
KROGER-1009,2025-02-14,859,148865
KROGER-1009,2025-02-15,943,149808
KROGER-1009,2025-02-16,814,150622
KROGER-1009,2025-02-17,850,151472
KROGER-1009,2025-02-18,764,152236
KROGER-1009,2025-02-19,811,153047
KROGER-1009,2025-02-20,828,153875
KROGER-1009,2025-02-21,834,154709
KROGER-1009,2025-02-22,873,155582
KROGER-1009,2025-02-23,921,156503
KROGER-1009,2025-02-24,784,157287
KROGER-1009,2025-02-25,836,158123
KROGER-1009,2025-02-26,774,158897
KROGER-1009,2025-02-27,1016,159913
KROGER-1009,2025-02-28,764,160677
KROGER-1009,2025-03-01,817,161494
KROGER-1009,2025-03-02,926,162420
KROGER-1009,2025-03-03,796,163216
KROGER-1009,2025-03-04,882,164098
KROGER-1009,2025-03-05,834,164932
KROGER-1009,2025-03-06,797,165729
KROGER-1009,2025-03-07,774,166503
KROGER-1009,2025-03-08,810,167313
KROGER-1009,2025-03-09,838,168151
KROGER-1009,2025-03-10,812,168963
KROGER-1009,2025-03-11,769,169732
KROGER-1009,2025-03-12,817,170549
KROGER-1009,2025-03-13,752,171301
KROGER-1009,2025-03-14,874,172175
KROGER-1009,2025-03-15,931,173106
KROGER-1009,2025-03-16,816,173922
KROGER-1009,2025-03-17,774,174696
KROGER-1009,2025-03-18,836,175532
KROGER-1009,2025-03-19,907,176439
KROGER-1009,2025-03-20,922,177361
KROGER-1009,2025-03-21,731,178092
KROGER-1009,2025-03-22,935,179027
KROGER-1009,2025-03-23,861,179888
KROGER-1009,2025-03-24,821,180709
KROGER-1009,2025-03-25,857,181566
KROGER-1009,2025-03-26,792,182358
KROGER-1009,2025-03-27,896,183254
KROGER-1009,2025-03-28,918,184172
KROGER-1009,2025-03-29,966,185138
KROGER-1009,2025-03-30,737,185875
KROGER-1009,2025-03-31,809,186684
KROGER-1009,2025-04-01,696,187380
KROGER-1009,2025-04-02,773,188153
KROGER-1009,2025-04-03,666,188819
KROGER-1009,2025-04-04,854,189673
KROGER-1009,2025-04-05,880,190553
KROGER-1009,2025-04-06,835,191388
KROGER-1009,2025-04-07,772,192160
KROGER-1009,2025-04-08,809,192969
KROGER-1009,2025-04-09,763,193732
KROGER-1009,2025-04-10,829,194561
KROGER-1009,2025-04-11,836,195397
KROGER-1009,2025-04-12,769,196166
KROGER-1009,2025-04-13,920,197086
KROGER-1009,2025-04-14,890,197976
KROGER-1009,2025-04-15,776,198752
KROGER-1009,2025-04-16,756,199508
KROGER-1009,2025-04-17,804,200312
KROGER-1009,2025-04-18,825,201137
KROGER-1009,2025-04-19,847,201984
KROGER-1009,2025-04-20,861,202845
KROGER-1009,2025-04-21,838,203683
KROGER-1009,2025-04-22,734,204417
KROGER-1009,2025-04-23,741,205158
KROGER-1009,2025-04-24,644,205802
KROGER-1009,2025-04-25,886,206688
KROGER-1009,2025-04-26,866,207554
KROGER-1009,2025-04-27,938,208492
KROGER-1009,2025-04-28,749,209241
KROGER-1009,2025-04-29,825,210066
KROGER-1009,2025-04-30,838,210904
KROGER-1009,2025-05-01,787,211691
KROGER-1009,2025-05-02,721,212412
KROGER-1009,2025-05-03,986,213398
KROGER-1009,2025-05-04,962,214360
KROGER-1009,2025-05-05,799,215159
KROGER-1009,2025-05-06,858,216017
KROGER-1009,2025-05-07,792,216809
KROGER-1009,2025-05-08,758,217567
KROGER-1009,2025-05-09,944,218511
KROGER-1009,2025-05-10,750,219261
KROGER-1009,2025-05-11,845,220106
KROGER-1009,2025-05-12,829,220935
KROGER-1009,2025-05-13,933,221868
KROGER-1009,2025-05-14,883,222751
KROGER-1009,2025-05-15,714,223465
KROGER-1009,2025-05-16,824,224289
KROGER-1009,2025-05-17,867,225156
KROGER-1009,2025-05-18,849,226005
KROGER-1009,2025-05-19,865,226870
KROGER-1009,2025-05-20,731,227601
KROGER-1009,2025-05-21,797,228398
KROGER-1009,2025-05-22,855,229253
KROGER-1009,2025-05-23,869,230122
KROGER-1009,2025-05-24,875,230997
KROGER-1009,2025-05-25,845,231842
KROGER-1009,2025-05-26,816,232658
KROGER-1009,2025-05-27,873,233531
KROGER-1009,2025-05-28,826,234357
KROGER-1009,2025-05-29,755,235112
KROGER-1009,2025-05-30,743,235855
KROGER-1009,2025-05-31,762,236617
KROGER-1009,2025-06-01,966,237583
KROGER-1009,2025-06-02,877,238460
KROGER-1009,2025-06-03,817,239277
KROGER-1009,2025-06-04,794,240071
KROGER-1009,2025-06-05,786,240857
KROGER-1009,2025-06-06,896,241753
KROGER-1009,2025-06-07,997,242750
KROGER-1009,2025-06-08,823,243573
KROGER-1009,2025-06-09,899,244472
KROGER-1009,2025-06-10,826,245298
KROGER-1009,2025-06-11,810,246108
KROGER-1009,2025-06-12,923,247031
KROGER-1009,2025-06-13,823,247854
KROGER-1009,2025-06-14,886,248740
KROGER-1009,2025-06-15,882,249622
KROGER-1009,2025-06-16,717,250339
KROGER-1009,2025-06-17,843,251182
KROGER-1009,2025-06-18,787,251969
KROGER-1009,2025-06-19,730,252699
KROGER-1009,2025-06-20,790,253489
KROGER-1009,2025-06-21,829,254318
KROGER-1009,2025-06-22,936,255254
KROGER-1009,2025-06-23,754,256008
KROGER-1009,2025-06-24,772,256780
KROGER-1009,2025-06-25,839,257619
KROGER-1009,2025-06-26,736,258355
KROGER-1009,2025-06-27,780,259135
KROGER-1009,2025-06-28,750,259885
KROGER-1009,2025-06-29,929,260814
KROGER-1009,2025-06-30,804,261618
KROGER-1009,2025-07-01,823,262441
KROGER-1009,2025-07-02,884,263325
KROGER-1009,2025-07-03,776,264101
KROGER-1009,2025-07-04,803,264904
KROGER-1009,2025-07-05,792,265696
KROGER-1009,2025-07-06,792,266488
KROGER-1009,2025-07-07,763,267251
KROGER-1009,2025-07-08,791,268042
KROGER-1009,2025-07-09,798,268840
KROGER-1009,2025-07-10,843,269683
KROGER-1009,2025-07-11,765,270448
KROGER-1009,2025-07-12,887,271335
KROGER-1009,2025-07-13,899,272234
KROGER-1009,2025-07-14,793,273027
KROGER-1009,2025-07-15,771,273798
KROGER-1009,2025-07-16,829,274627
KROGER-1009,2025-07-17,810,275437
KROGER-1009,2025-07-18,838,276275
KROGER-1009,2025-07-19,974,277249
KROGER-1009,2025-07-20,870,278119
KROGER-1009,2025-07-21,782,278901
KROGER-1009,2025-07-22,765,279666
KROGER-1009,2025-07-23,768,280434
KROGER-1009,2025-07-24,727,281161
KROGER-1009,2025-07-25,885,282046
KROGER-1009,2025-07-26,710,282756
KROGER-1009,2025-07-27,899,283655
KROGER-1009,2025-07-28,767,284422
KROGER-1009,2025-07-29,790,285212
KROGER-1009,2025-07-30,765,285977
KROGER-1009,2025-07-31,919,286896
KROGER-1009,2025-08-01,825,287721
KROGER-1009,2025-08-02,920,288641
KROGER-1009,2025-08-03,955,289596
KROGER-1009,2025-08-04,835,290431
KROGER-1009,2025-08-05,745,291176
KROGER-1009,2025-08-06,809,291985
KROGER-1009,2025-08-07,775,292760
KROGER-1009,2025-08-08,791,293551
KROGER-1009,2025-08-09,859,294410
KROGER-1009,2025-08-10,856,295266
KROGER-1009,2025-08-11,851,296117
KROGER-1009,2025-08-12,861,296978
KROGER-1009,2025-08-13,815,297793
KROGER-1009,2025-08-14,850,298643
KROGER-1009,2025-08-15,788,299431
KROGER-1009,2025-08-16,956,300387
KROGER-1009,2025-08-17,826,301213
KROGER-1009,2025-08-18,903,302116
KROGER-1009,2025-08-19,727,302843
KROGER-1009,2025-08-20,799,303642
KROGER-1009,2025-08-21,802,304444
KROGER-1009,2025-08-22,842,305286
KROGER-1009,2025-08-23,925,306211
KROGER-1009,2025-08-24,779,306990
KROGER-1009,2025-08-25,751,307741
KROGER-1009,2025-08-26,731,308472
KROGER-1009,2025-08-27,911,309383
KROGER-1009,2025-08-28,843,310226
KROGER-1009,2025-08-29,752,310978
KROGER-1009,2025-08-30,834,311812
KROGER-1009,2025-08-31,947,312759
KROGER-1010,2024-09-01,511,511
KROGER-1010,2024-09-02,485,996
KROGER-1010,2024-09-03,467,1463
KROGER-1010,2024-09-04,457,1920
KROGER-1010,2024-09-05,545,2465
KROGER-1010,2024-09-06,565,3030
KROGER-1010,2024-09-07,482,3512
KROGER-1010,2024-09-08,582,4094
KROGER-1010,2024-09-09,479,4573
KROGER-1010,2024-09-10,519,5092
KROGER-1010,2024-09-11,554,5646
KROGER-1010,2024-09-12,492,6138
KROGER-1010,2024-09-13,485,6623
KROGER-1010,2024-09-14,556,7179
KROGER-1010,2024-09-15,476,7655
KROGER-1010,2024-09-16,544,8199
KROGER-1010,2024-09-17,504,8703
KROGER-1010,2024-09-18,475,9178
KROGER-1010,2024-09-19,474,9652
KROGER-1010,2024-09-20,443,10095
KROGER-1010,2024-09-21,500,10595
KROGER-1010,2024-09-22,512,11107
KROGER-1010,2024-09-23,456,11563
KROGER-1010,2024-09-24,496,12059
KROGER-1010,2024-09-25,517,12576
KROGER-1010,2024-09-26,489,13065
KROGER-1010,2024-09-27,524,13589
KROGER-1010,2024-09-28,489,14078
KROGER-1010,2024-09-29,565,14643
KROGER-1010,2024-09-30,503,15146
KROGER-1010,2024-10-01,560,15706
KROGER-1010,2024-10-02,594,16300
KROGER-1010,2024-10-03,479,16779
KROGER-1010,2024-10-04,481,17260
KROGER-1010,2024-10-05,513,17773
KROGER-1010,2024-10-06,548,18321
KROGER-1010,2024-10-07,551,18872
KROGER-1010,2024-10-08,472,19344
KROGER-1010,2024-10-09,513,19857
KROGER-1010,2024-10-10,493,20350
KROGER-1010,2024-10-11,523,20873
KROGER-1010,2024-10-12,586,21459
KROGER-1010,2024-10-13,513,21972
KROGER-1010,2024-10-14,431,22403
KROGER-1010,2024-10-15,528,22931
KROGER-1010,2024-10-16,465,23396
KROGER-1010,2024-10-17,492,23888
KROGER-1010,2024-10-18,529,24417
KROGER-1010,2024-10-19,535,24952
KROGER-1010,2024-10-20,519,25471
KROGER-1010,2024-10-21,475,25946
KROGER-1010,2024-10-22,382,26328
KROGER-1010,2024-10-23,526,26854
KROGER-1010,2024-10-24,488,27342
KROGER-1010,2024-10-25,558,27900
KROGER-1010,2024-10-26,540,28440
KROGER-1010,2024-10-27,500,28940
KROGER-1010,2024-10-28,541,29481
KROGER-1010,2024-10-29,544,30025
KROGER-1010,2024-10-30,489,30514
KROGER-1010,2024-10-31,546,31060
KROGER-1010,2024-11-01,571,31631
KROGER-1010,2024-11-02,636,32267
KROGER-1010,2024-11-03,656,32923
KROGER-1010,2024-11-04,635,33558
KROGER-1010,2024-11-05,627,34185
KROGER-1010,2024-11-06,582,34767
KROGER-1010,2024-11-07,650,35417
KROGER-1010,2024-11-08,592,36009
KROGER-1010,2024-11-09,599,36608
KROGER-1010,2024-11-10,600,37208
KROGER-1010,2024-11-11,691,37899
KROGER-1010,2024-11-12,562,38461
KROGER-1010,2024-11-13,660,39121
KROGER-1010,2024-11-14,543,39664
KROGER-1010,2024-11-15,621,40285
KROGER-1010,2024-11-16,643,40928
KROGER-1010,2024-11-17,709,41637
KROGER-1010,2024-11-18,566,42203
KROGER-1010,2024-11-19,553,42756
KROGER-1010,2024-11-20,592,43348
KROGER-1010,2024-11-21,677,44025
KROGER-1010,2024-11-22,555,44580
KROGER-1010,2024-11-23,498,45078
KROGER-1010,2024-11-24,631,45709
KROGER-1010,2024-11-25,643,46352
KROGER-1010,2024-11-26,549,46901
KROGER-1010,2024-11-27,638,47539
KROGER-1010,2024-11-28,548,48087
KROGER-1010,2024-11-29,591,48678
KROGER-1010,2024-11-30,665,49343
KROGER-1010,2024-12-01,568,49911
KROGER-1010,2024-12-02,606,50517
KROGER-1010,2024-12-03,656,51173
KROGER-1010,2024-12-04,620,51793
KROGER-1010,2024-12-05,563,52356
KROGER-1010,2024-12-06,670,53026
KROGER-1010,2024-12-07,661,53687
KROGER-1010,2024-12-08,534,54221
KROGER-1010,2024-12-09,639,54860
KROGER-1010,2024-12-10,570,55430
KROGER-1010,2024-12-11,607,56037
KROGER-1010,2024-12-12,646,56683
KROGER-1010,2024-12-13,571,57254
KROGER-1010,2024-12-14,545,57799
KROGER-1010,2024-12-15,703,58502
KROGER-1010,2024-12-16,653,59155
KROGER-1010,2024-12-17,594,59749
KROGER-1010,2024-12-18,639,60388
KROGER-1010,2024-12-19,580,60968
KROGER-1010,2024-12-20,602,61570
KROGER-1010,2024-12-21,620,62190
KROGER-1010,2024-12-22,611,62801
KROGER-1010,2024-12-23,615,63416
KROGER-1010,2024-12-24,540,63956
KROGER-1010,2024-12-25,586,64542
KROGER-1010,2024-12-26,613,65155
KROGER-1010,2024-12-27,686,65841
KROGER-1010,2024-12-28,569,66410
KROGER-1010,2024-12-29,654,67064
KROGER-1010,2024-12-30,628,67692
KROGER-1010,2024-12-31,508,68200
KROGER-1010,2025-01-01,514,68714
KROGER-1010,2025-01-02,533,69247
KROGER-1010,2025-01-03,521,69768
KROGER-1010,2025-01-04,519,70287
KROGER-1010,2025-01-05,537,70824
KROGER-1010,2025-01-06,505,71329
KROGER-1010,2025-01-07,431,71760
KROGER-1010,2025-01-08,506,72266
KROGER-1010,2025-01-09,483,72749
KROGER-1010,2025-01-10,470,73219
KROGER-1010,2025-01-11,627,73846
KROGER-1010,2025-01-12,575,74421
KROGER-1010,2025-01-13,452,74873
KROGER-1010,2025-01-14,512,75385
KROGER-1010,2025-01-15,556,75941
KROGER-1010,2025-01-16,438,76379
KROGER-1010,2025-01-17,501,76880
KROGER-1010,2025-01-18,528,77408
KROGER-1010,2025-01-19,470,77878
KROGER-1010,2025-01-20,513,78391
KROGER-1010,2025-01-21,543,78934
KROGER-1010,2025-01-22,558,79492
KROGER-1010,2025-01-23,488,79980
KROGER-1010,2025-01-24,598,80578
KROGER-1010,2025-01-25,437,81015
KROGER-1010,2025-01-26,538,81553
KROGER-1010,2025-01-27,442,81995
KROGER-1010,2025-01-28,502,82497
KROGER-1010,2025-01-29,477,82974
KROGER-1010,2025-01-30,518,83492
KROGER-1010,2025-01-31,493,83985
KROGER-1010,2025-02-01,488,84473
KROGER-1010,2025-02-02,491,84964
KROGER-1010,2025-02-03,575,85539
KROGER-1010,2025-02-04,516,86055
KROGER-1010,2025-02-05,430,86485
KROGER-1010,2025-02-06,520,87005
KROGER-1010,2025-02-07,490,87495
KROGER-1010,2025-02-08,523,88018
KROGER-1010,2025-02-09,557,88575
KROGER-1010,2025-02-10,545,89120
KROGER-1010,2025-02-11,464,89584
KROGER-1010,2025-02-12,497,90081
KROGER-1010,2025-02-13,476,90557
KROGER-1010,2025-02-14,522,91079
KROGER-1010,2025-02-15,513,91592
KROGER-1010,2025-02-16,524,92116
KROGER-1010,2025-02-17,487,92603
KROGER-1010,2025-02-18,494,93097
KROGER-1010,2025-02-19,566,93663
KROGER-1010,2025-02-20,593,94256
KROGER-1010,2025-02-21,513,94769
KROGER-1010,2025-02-22,519,95288
KROGER-1010,2025-02-23,456,95744
KROGER-1010,2025-02-24,468,96212
KROGER-1010,2025-02-25,493,96705
KROGER-1010,2025-02-26,469,97174
KROGER-1010,2025-02-27,474,97648
KROGER-1010,2025-02-28,561,98209
KROGER-1010,2025-03-01,524,98733
KROGER-1010,2025-03-02,528,99261
KROGER-1010,2025-03-03,471,99732
KROGER-1010,2025-03-04,545,100277
KROGER-1010,2025-03-05,490,100767
KROGER-1010,2025-03-06,477,101244
KROGER-1010,2025-03-07,435,101679
KROGER-1010,2025-03-08,520,102199
KROGER-1010,2025-03-09,500,102699
KROGER-1010,2025-03-10,565,103264
KROGER-1010,2025-03-11,572,103836
KROGER-1010,2025-03-12,449,104285
KROGER-1010,2025-03-13,453,104738
KROGER-1010,2025-03-14,487,105225
KROGER-1010,2025-03-15,489,105714
KROGER-1010,2025-03-16,532,106246
KROGER-1010,2025-03-17,485,106731
KROGER-1010,2025-03-18,509,107240
KROGER-1010,2025-03-19,539,107779
KROGER-1010,2025-03-20,456,108235
KROGER-1010,2025-03-21,538,108773
KROGER-1010,2025-03-22,492,109265
KROGER-1010,2025-03-23,613,109878
KROGER-1010,2025-03-24,563,110441
KROGER-1010,2025-03-25,494,110935
KROGER-1010,2025-03-26,460,111395
KROGER-1010,2025-03-27,452,111847
KROGER-1010,2025-03-28,533,112380
KROGER-1010,2025-03-29,522,112902
KROGER-1010,2025-03-30,562,113464
KROGER-1010,2025-03-31,586,114050
KROGER-1010,2025-04-01,467,114517
KROGER-1010,2025-04-02,449,114966
KROGER-1010,2025-04-03,506,115472
KROGER-1010,2025-04-04,544,116016
KROGER-1010,2025-04-05,484,116500
KROGER-1010,2025-04-06,524,117024
KROGER-1010,2025-04-07,553,117577
KROGER-1010,2025-04-08,433,118010
KROGER-1010,2025-04-09,507,118517
KROGER-1010,2025-04-10,476,118993
KROGER-1010,2025-04-11,503,119496
KROGER-1010,2025-04-12,553,120049
KROGER-1010,2025-04-13,532,120581
KROGER-1010,2025-04-14,458,121039
KROGER-1010,2025-04-15,478,121517
KROGER-1010,2025-04-16,555,122072
KROGER-1010,2025-04-17,511,122583
KROGER-1010,2025-04-18,532,123115
KROGER-1010,2025-04-19,533,123648
KROGER-1010,2025-04-20,557,124205
KROGER-1010,2025-04-21,482,124687
KROGER-1010,2025-04-22,467,125154
KROGER-1010,2025-04-23,528,125682
KROGER-1010,2025-04-24,543,126225
KROGER-1010,2025-04-25,462,126687
KROGER-1010,2025-04-26,499,127186
KROGER-1010,2025-04-27,516,127702
KROGER-1010,2025-04-28,563,128265
KROGER-1010,2025-04-29,520,128785
KROGER-1010,2025-04-30,445,129230
KROGER-1010,2025-05-01,494,129724
KROGER-1010,2025-05-02,488,130212
KROGER-1010,2025-05-03,474,130686
KROGER-1010,2025-05-04,519,131205
KROGER-1010,2025-05-05,486,131691
KROGER-1010,2025-05-06,484,132175
KROGER-1010,2025-05-07,482,132657
KROGER-1010,2025-05-08,557,133214
KROGER-1010,2025-05-09,484,133698
KROGER-1010,2025-05-10,525,134223
KROGER-1010,2025-05-11,520,134743
KROGER-1010,2025-05-12,478,135221
KROGER-1010,2025-05-13,501,135722
KROGER-1010,2025-05-14,501,136223
KROGER-1010,2025-05-15,501,136724
KROGER-1010,2025-05-16,464,137188
KROGER-1010,2025-05-17,514,137702
KROGER-1010,2025-05-18,555,138257
KROGER-1010,2025-05-19,491,138748
KROGER-1010,2025-05-20,504,139252
KROGER-1010,2025-05-21,505,139757
KROGER-1010,2025-05-22,515,140272
KROGER-1010,2025-05-23,520,140792
KROGER-1010,2025-05-24,516,141308
KROGER-1010,2025-05-25,485,141793
KROGER-1010,2025-05-26,449,142242
KROGER-1010,2025-05-27,539,142781
KROGER-1010,2025-05-28,529,143310
KROGER-1010,2025-05-29,524,143834
KROGER-1010,2025-05-30,530,144364
KROGER-1010,2025-05-31,516,144880
KROGER-1010,2025-06-01,497,145377
KROGER-1010,2025-06-02,459,145836
KROGER-1010,2025-06-03,455,146291
KROGER-1010,2025-06-04,546,146837
KROGER-1010,2025-06-05,478,147315
KROGER-1010,2025-06-06,540,147855
KROGER-1010,2025-06-07,515,148370
KROGER-1010,2025-06-08,495,148865
KROGER-1010,2025-06-09,454,149319
KROGER-1010,2025-06-10,475,149794
KROGER-1010,2025-06-11,555,150349
KROGER-1010,2025-06-12,455,150804
KROGER-1010,2025-06-13,582,151386
KROGER-1010,2025-06-14,488,151874
KROGER-1010,2025-06-15,554,152428
KROGER-1010,2025-06-16,492,152920
KROGER-1010,2025-06-17,485,153405
KROGER-1010,2025-06-18,447,153852
KROGER-1010,2025-06-19,494,154346
KROGER-1010,2025-06-20,452,154798
KROGER-1010,2025-06-21,453,155251
KROGER-1010,2025-06-22,528,155779
KROGER-1010,2025-06-23,473,156252
KROGER-1010,2025-06-24,565,156817
KROGER-1010,2025-06-25,538,157355
KROGER-1010,2025-06-26,566,157921
KROGER-1010,2025-06-27,471,158392
KROGER-1010,2025-06-28,529,158921
KROGER-1010,2025-06-29,413,159334
KROGER-1010,2025-06-30,487,159821
KROGER-1010,2025-07-01,502,160323
KROGER-1010,2025-07-02,504,160827
KROGER-1010,2025-07-03,496,161323
KROGER-1010,2025-07-04,501,161824
KROGER-1010,2025-07-05,409,162233
KROGER-1010,2025-07-06,534,162767
KROGER-1010,2025-07-07,517,163284
KROGER-1010,2025-07-08,551,163835
KROGER-1010,2025-07-09,513,164348
KROGER-1010,2025-07-10,493,164841
KROGER-1010,2025-07-11,542,165383
KROGER-1010,2025-07-12,424,165807
KROGER-1010,2025-07-13,501,166308
KROGER-1010,2025-07-14,467,166775
KROGER-1010,2025-07-15,497,167272
KROGER-1010,2025-07-16,410,167682
KROGER-1010,2025-07-17,551,168233
KROGER-1010,2025-07-18,488,168721
KROGER-1010,2025-07-19,536,169257
KROGER-1010,2025-07-20,532,169789
KROGER-1010,2025-07-21,548,170337
KROGER-1010,2025-07-22,424,170761
KROGER-1010,2025-07-23,502,171263
KROGER-1010,2025-07-24,544,171807
KROGER-1010,2025-07-25,494,172301
KROGER-1010,2025-07-26,483,172784
KROGER-1010,2025-07-27,498,173282
KROGER-1010,2025-07-28,482,173764
KROGER-1010,2025-07-29,469,174233
KROGER-1010,2025-07-30,492,174725
KROGER-1010,2025-07-31,558,175283
KROGER-1010,2025-08-01,474,175757
KROGER-1010,2025-08-02,503,176260
KROGER-1010,2025-08-03,542,176802
KROGER-1010,2025-08-04,491,177293
KROGER-1010,2025-08-05,445,177738
KROGER-1010,2025-08-06,496,178234
KROGER-1010,2025-08-07,494,178728
KROGER-1010,2025-08-08,537,179265
KROGER-1010,2025-08-09,482,179747
KROGER-1010,2025-08-10,564,180311
KROGER-1010,2025-08-11,494,180805
KROGER-1010,2025-08-12,454,181259
KROGER-1010,2025-08-13,446,181705
KROGER-1010,2025-08-14,575,182280
KROGER-1010,2025-08-15,492,182772
KROGER-1010,2025-08-16,562,183334
KROGER-1010,2025-08-17,451,183785
KROGER-1010,2025-08-18,603,184388
KROGER-1010,2025-08-19,534,184922
KROGER-1010,2025-08-20,488,185410
KROGER-1010,2025-08-21,486,185896
KROGER-1010,2025-08-22,527,186423
KROGER-1010,2025-08-23,551,186974
KROGER-1010,2025-08-24,531,187505
KROGER-1010,2025-08-25,498,188003
KROGER-1010,2025-08-26,520,188523
KROGER-1010,2025-08-27,429,188952
KROGER-1010,2025-08-28,483,189435
KROGER-1010,2025-08-29,432,189867
KROGER-1010,2025-08-30,548,190415
KROGER-1010,2025-08-31,495,190910
KROGER-1011,2024-09-01,457,457
KROGER-1011,2024-09-02,466,923
KROGER-1011,2024-09-03,503,1426
KROGER-1011,2024-09-04,489,1915
KROGER-1011,2024-09-05,451,2366
KROGER-1011,2024-09-06,430,2796
KROGER-1011,2024-09-07,525,3321
KROGER-1011,2024-09-08,498,3819
KROGER-1011,2024-09-09,487,4306
KROGER-1011,2024-09-10,491,4797
KROGER-1011,2024-09-11,515,5312
KROGER-1011,2024-09-12,531,5843
KROGER-1011,2024-09-13,503,6346
KROGER-1011,2024-09-14,509,6855
KROGER-1011,2024-09-15,523,7378
KROGER-1011,2024-09-16,484,7862
KROGER-1011,2024-09-17,432,8294
KROGER-1011,2024-09-18,541,8835
KROGER-1011,2024-09-19,533,9368
KROGER-1011,2024-09-20,577,9945
KROGER-1011,2024-09-21,618,10563
KROGER-1011,2024-09-22,473,11036
KROGER-1011,2024-09-23,484,11520
KROGER-1011,2024-09-24,597,12117
KROGER-1011,2024-09-25,496,12613
KROGER-1011,2024-09-26,507,13120
KROGER-1011,2024-09-27,437,13557
KROGER-1011,2024-09-28,529,14086
KROGER-1011,2024-09-29,603,14689
KROGER-1011,2024-09-30,549,15238
KROGER-1011,2024-10-01,473,15711
KROGER-1011,2024-10-02,482,16193
KROGER-1011,2024-10-03,452,16645
KROGER-1011,2024-10-04,464,17109
KROGER-1011,2024-10-05,442,17551
KROGER-1011,2024-10-06,519,18070
KROGER-1011,2024-10-07,558,18628
KROGER-1011,2024-10-08,512,19140
KROGER-1011,2024-10-09,552,19692
KROGER-1011,2024-10-10,540,20232
KROGER-1011,2024-10-11,476,20708
KROGER-1011,2024-10-12,491,21199
KROGER-1011,2024-10-13,492,21691
KROGER-1011,2024-10-14,429,22120
KROGER-1011,2024-10-15,499,22619
KROGER-1011,2024-10-16,382,23001
KROGER-1011,2024-10-17,521,23522
KROGER-1011,2024-10-18,500,24022
KROGER-1011,2024-10-19,542,24564
KROGER-1011,2024-10-20,567,25131
KROGER-1011,2024-10-21,505,25636
KROGER-1011,2024-10-22,562,26198
KROGER-1011,2024-10-23,522,26720
KROGER-1011,2024-10-24,467,27187
KROGER-1011,2024-10-25,488,27675
KROGER-1011,2024-10-26,428,28103
KROGER-1011,2024-10-27,485,28588
KROGER-1011,2024-10-28,482,29070
KROGER-1011,2024-10-29,519,29589
KROGER-1011,2024-10-30,468,30057
KROGER-1011,2024-10-31,448,30505
KROGER-1011,2024-11-01,507,31012
KROGER-1011,2024-11-02,597,31609
KROGER-1011,2024-11-03,725,32334
KROGER-1011,2024-11-04,610,32944
KROGER-1011,2024-11-05,642,33586
KROGER-1011,2024-11-06,554,34140
KROGER-1011,2024-11-07,522,34662
KROGER-1011,2024-11-08,539,35201
KROGER-1011,2024-11-09,622,35823
KROGER-1011,2024-11-10,527,36350
KROGER-1011,2024-11-11,549,36899
KROGER-1011,2024-11-12,569,37468
KROGER-1011,2024-11-13,534,38002
KROGER-1011,2024-11-14,496,38498
KROGER-1011,2024-11-15,611,39109
KROGER-1011,2024-11-16,629,39738
KROGER-1011,2024-11-17,666,40404
KROGER-1011,2024-11-18,544,40948
KROGER-1011,2024-11-19,633,41581
KROGER-1011,2024-11-20,670,42251
KROGER-1011,2024-11-21,610,42861
KROGER-1011,2024-11-22,568,43429
KROGER-1011,2024-11-23,634,44063
KROGER-1011,2024-11-24,594,44657
KROGER-1011,2024-11-25,558,45215
KROGER-1011,2024-11-26,630,45845
KROGER-1011,2024-11-27,590,46435
KROGER-1011,2024-11-28,655,47090
KROGER-1011,2024-11-29,576,47666
KROGER-1011,2024-11-30,610,48276
KROGER-1011,2024-12-01,598,48874
KROGER-1011,2024-12-02,543,49417
KROGER-1011,2024-12-03,636,50053
KROGER-1011,2024-12-04,701,50754
KROGER-1011,2024-12-05,579,51333
KROGER-1011,2024-12-06,564,51897
KROGER-1011,2024-12-07,589,52486
KROGER-1011,2024-12-08,593,53079
KROGER-1011,2024-12-09,676,53755
KROGER-1011,2024-12-10,563,54318
KROGER-1011,2024-12-11,569,54887
KROGER-1011,2024-12-12,538,55425
KROGER-1011,2024-12-13,611,56036
KROGER-1011,2024-12-14,624,56660
KROGER-1011,2024-12-15,570,57230
KROGER-1011,2024-12-16,554,57784
KROGER-1011,2024-12-17,670,58454
KROGER-1011,2024-12-18,599,59053
KROGER-1011,2024-12-19,602,59655
KROGER-1011,2024-12-20,602,60257
KROGER-1011,2024-12-21,697,60954
KROGER-1011,2024-12-22,574,61528
KROGER-1011,2024-12-23,578,62106
KROGER-1011,2024-12-24,589,62695
KROGER-1011,2024-12-25,515,63210
KROGER-1011,2024-12-26,553,63763
KROGER-1011,2024-12-27,647,64410
KROGER-1011,2024-12-28,665,65075
KROGER-1011,2024-12-29,674,65749
KROGER-1011,2024-12-30,569,66318
KROGER-1011,2024-12-31,575,66893
KROGER-1011,2025-01-01,426,67319
KROGER-1011,2025-01-02,535,67854
KROGER-1011,2025-01-03,541,68395
KROGER-1011,2025-01-04,568,68963
KROGER-1011,2025-01-05,589,69552
KROGER-1011,2025-01-06,514,70066
KROGER-1011,2025-01-07,559,70625
KROGER-1011,2025-01-08,489,71114
KROGER-1011,2025-01-09,427,71541
KROGER-1011,2025-01-10,532,72073
KROGER-1011,2025-01-11,447,72520
KROGER-1011,2025-01-12,529,73049
KROGER-1011,2025-01-13,535,73584
KROGER-1011,2025-01-14,510,74094
KROGER-1011,2025-01-15,588,74682
KROGER-1011,2025-01-16,419,75101
KROGER-1011,2025-01-17,494,75595
KROGER-1011,2025-01-18,523,76118
KROGER-1011,2025-01-19,466,76584
KROGER-1011,2025-01-20,451,77035
KROGER-1011,2025-01-21,464,77499
KROGER-1011,2025-01-22,454,77953
KROGER-1011,2025-01-23,493,78446
KROGER-1011,2025-01-24,473,78919
KROGER-1011,2025-01-25,536,79455
KROGER-1011,2025-01-26,549,80004
KROGER-1011,2025-01-27,521,80525
KROGER-1011,2025-01-28,481,81006
KROGER-1011,2025-01-29,509,81515
KROGER-1011,2025-01-30,539,82054
KROGER-1011,2025-01-31,515,82569
KROGER-1011,2025-02-01,600,83169
KROGER-1011,2025-02-02,563,83732
KROGER-1011,2025-02-03,566,84298
KROGER-1011,2025-02-04,398,84696
KROGER-1011,2025-02-05,501,85197
KROGER-1011,2025-02-06,485,85682
KROGER-1011,2025-02-07,492,86174
KROGER-1011,2025-02-08,489,86663
KROGER-1011,2025-02-09,539,87202
KROGER-1011,2025-02-10,425,87627
KROGER-1011,2025-02-11,514,88141
KROGER-1011,2025-02-12,467,88608
KROGER-1011,2025-02-13,477,89085
KROGER-1011,2025-02-14,515,89600
KROGER-1011,2025-02-15,526,90126
KROGER-1011,2025-02-16,566,90692
KROGER-1011,2025-02-17,459,91151
KROGER-1011,2025-02-18,494,91645
KROGER-1011,2025-02-19,533,92178
KROGER-1011,2025-02-20,512,92690
KROGER-1011,2025-02-21,514,93204
KROGER-1011,2025-02-22,569,93773
KROGER-1011,2025-02-23,505,94278
KROGER-1011,2025-02-24,473,94751
KROGER-1011,2025-02-25,520,95271
KROGER-1011,2025-02-26,491,95762
KROGER-1011,2025-02-27,542,96304
KROGER-1011,2025-02-28,512,96816
KROGER-1011,2025-03-01,496,97312
KROGER-1011,2025-03-02,536,97848
KROGER-1011,2025-03-03,461,98309
KROGER-1011,2025-03-04,535,98844
KROGER-1011,2025-03-05,442,99286
KROGER-1011,2025-03-06,546,99832
KROGER-1011,2025-03-07,510,100342
KROGER-1011,2025-03-08,515,100857
KROGER-1011,2025-03-09,554,101411
KROGER-1011,2025-03-10,518,101929
KROGER-1011,2025-03-11,550,102479
KROGER-1011,2025-03-12,550,103029
KROGER-1011,2025-03-13,511,103540
KROGER-1011,2025-03-14,463,104003
KROGER-1011,2025-03-15,500,104503
KROGER-1011,2025-03-16,519,105022
KROGER-1011,2025-03-17,541,105563
KROGER-1011,2025-03-18,479,106042
KROGER-1011,2025-03-19,483,106525
KROGER-1011,2025-03-20,571,107096
KROGER-1011,2025-03-21,493,107589
KROGER-1011,2025-03-22,496,108085
KROGER-1011,2025-03-23,555,108640
KROGER-1011,2025-03-24,495,109135
KROGER-1011,2025-03-25,442,109577
KROGER-1011,2025-03-26,539,110116
KROGER-1011,2025-03-27,468,110584
KROGER-1011,2025-03-28,499,111083
KROGER-1011,2025-03-29,519,111602
KROGER-1011,2025-03-30,532,112134
KROGER-1011,2025-03-31,410,112544
KROGER-1011,2025-04-01,484,113028
KROGER-1011,2025-04-02,542,113570
KROGER-1011,2025-04-03,548,114118
KROGER-1011,2025-04-04,458,114576
KROGER-1011,2025-04-05,561,115137
KROGER-1011,2025-04-06,490,115627
KROGER-1011,2025-04-07,483,116110
KROGER-1011,2025-04-08,485,116595
KROGER-1011,2025-04-09,502,117097
KROGER-1011,2025-04-10,537,117634
KROGER-1011,2025-04-11,508,118142
KROGER-1011,2025-04-12,517,118659
KROGER-1011,2025-04-13,563,119222
KROGER-1011,2025-04-14,465,119687
KROGER-1011,2025-04-15,494,120181
KROGER-1011,2025-04-16,537,120718
KROGER-1011,2025-04-17,519,121237
KROGER-1011,2025-04-18,479,121716
KROGER-1011,2025-04-19,459,122175
KROGER-1011,2025-04-20,535,122710
KROGER-1011,2025-04-21,435,123145
KROGER-1011,2025-04-22,489,123634
KROGER-1011,2025-04-23,544,124178
KROGER-1011,2025-04-24,521,124699
KROGER-1011,2025-04-25,417,125116
KROGER-1011,2025-04-26,531,125647
KROGER-1011,2025-04-27,509,126156
KROGER-1011,2025-04-28,447,126603
KROGER-1011,2025-04-29,511,127114
KROGER-1011,2025-04-30,478,127592
KROGER-1011,2025-05-01,478,128070
KROGER-1011,2025-05-02,502,128572
KROGER-1011,2025-05-03,496,129068
KROGER-1011,2025-05-04,526,129594
KROGER-1011,2025-05-05,474,130068
KROGER-1011,2025-05-06,476,130544
KROGER-1011,2025-05-07,537,131081
KROGER-1011,2025-05-08,541,131622
KROGER-1011,2025-05-09,429,132051
KROGER-1011,2025-05-10,554,132605
KROGER-1011,2025-05-11,581,133186
KROGER-1011,2025-05-12,559,133745
KROGER-1011,2025-05-13,518,134263
KROGER-1011,2025-05-14,455,134718
KROGER-1011,2025-05-15,523,135241
KROGER-1011,2025-05-16,463,135704
KROGER-1011,2025-05-17,508,136212
KROGER-1011,2025-05-18,538,136750
KROGER-1011,2025-05-19,465,137215
KROGER-1011,2025-05-20,452,137667
KROGER-1011,2025-05-21,516,138183
KROGER-1011,2025-05-22,572,138755
KROGER-1011,2025-05-23,547,139302
KROGER-1011,2025-05-24,552,139854
KROGER-1011,2025-05-25,563,140417
KROGER-1011,2025-05-26,523,140940
KROGER-1011,2025-05-27,515,141455
KROGER-1011,2025-05-28,533,141988
KROGER-1011,2025-05-29,443,142431
KROGER-1011,2025-05-30,505,142936
KROGER-1011,2025-05-31,519,143455
KROGER-1011,2025-06-01,526,143981
KROGER-1011,2025-06-02,479,144460
KROGER-1011,2025-06-03,518,144978
KROGER-1011,2025-06-04,465,145443
KROGER-1011,2025-06-05,476,145919
KROGER-1011,2025-06-06,471,146390
KROGER-1011,2025-06-07,558,146948
KROGER-1011,2025-06-08,522,147470
KROGER-1011,2025-06-09,479,147949
KROGER-1011,2025-06-10,483,148432
KROGER-1011,2025-06-11,498,148930
KROGER-1011,2025-06-12,562,149492
KROGER-1011,2025-06-13,448,149940
KROGER-1011,2025-06-14,551,150491
KROGER-1011,2025-06-15,542,151033
KROGER-1011,2025-06-16,462,151495
KROGER-1011,2025-06-17,556,152051
KROGER-1011,2025-06-18,519,152570
KROGER-1011,2025-06-19,477,153047
KROGER-1011,2025-06-20,423,153470
KROGER-1011,2025-06-21,532,154002
KROGER-1011,2025-06-22,520,154522
KROGER-1011,2025-06-23,456,154978
KROGER-1011,2025-06-24,456,155434
KROGER-1011,2025-06-25,532,155966
KROGER-1011,2025-06-26,420,156386
KROGER-1011,2025-06-27,510,156896
KROGER-1011,2025-06-28,514,157410
KROGER-1011,2025-06-29,543,157953
KROGER-1011,2025-06-30,486,158439
KROGER-1011,2025-07-01,509,158948
KROGER-1011,2025-07-02,468,159416
KROGER-1011,2025-07-03,495,159911
KROGER-1011,2025-07-04,517,160428
KROGER-1011,2025-07-05,529,160957
KROGER-1011,2025-07-06,538,161495
KROGER-1011,2025-07-07,460,161955
KROGER-1011,2025-07-08,474,162429
KROGER-1011,2025-07-09,475,162904
KROGER-1011,2025-07-10,486,163390
KROGER-1011,2025-07-11,552,163942
KROGER-1011,2025-07-12,508,164450
KROGER-1011,2025-07-13,474,164924
KROGER-1011,2025-07-14,519,165443
KROGER-1011,2025-07-15,551,165994
KROGER-1011,2025-07-16,447,166441
KROGER-1011,2025-07-17,576,167017
KROGER-1011,2025-07-18,514,167531
KROGER-1011,2025-07-19,566,168097
KROGER-1011,2025-07-20,584,168681
KROGER-1011,2025-07-21,536,169217
KROGER-1011,2025-07-22,493,169710
KROGER-1011,2025-07-23,546,170256
KROGER-1011,2025-07-24,508,170764
KROGER-1011,2025-07-25,541,171305
KROGER-1011,2025-07-26,573,171878
KROGER-1011,2025-07-27,477,172355
KROGER-1011,2025-07-28,529,172884
KROGER-1011,2025-07-29,490,173374
KROGER-1011,2025-07-30,503,173877
KROGER-1011,2025-07-31,502,174379
KROGER-1011,2025-08-01,501,174880
KROGER-1011,2025-08-02,586,175466
KROGER-1011,2025-08-03,465,175931
KROGER-1011,2025-08-04,429,176360
KROGER-1011,2025-08-05,420,176780
KROGER-1011,2025-08-06,540,177320
KROGER-1011,2025-08-07,467,177787
KROGER-1011,2025-08-08,503,178290
KROGER-1011,2025-08-09,518,178808
KROGER-1011,2025-08-10,485,179293
KROGER-1011,2025-08-11,531,179824
KROGER-1011,2025-08-12,492,180316
KROGER-1011,2025-08-13,488,180804
KROGER-1011,2025-08-14,507,181311
KROGER-1011,2025-08-15,526,181837
KROGER-1011,2025-08-16,482,182319
KROGER-1011,2025-08-17,559,182878
KROGER-1011,2025-08-18,555,183433
KROGER-1011,2025-08-19,441,183874
KROGER-1011,2025-08-20,509,184383
KROGER-1011,2025-08-21,485,184868
KROGER-1011,2025-08-22,525,185393
KROGER-1011,2025-08-23,471,185864
KROGER-1011,2025-08-24,590,186454
KROGER-1011,2025-08-25,433,186887
KROGER-1011,2025-08-26,488,187375
KROGER-1011,2025-08-27,515,187890
KROGER-1011,2025-08-28,470,188360
KROGER-1011,2025-08-29,464,188824
KROGER-1011,2025-08-30,532,189356
KROGER-1011,2025-08-31,526,189882
KROGER-1012,2024-09-01,404,404
KROGER-1012,2024-09-02,411,815
KROGER-1012,2024-09-03,372,1187
KROGER-1012,2024-09-04,394,1581
KROGER-1012,2024-09-05,369,1950
KROGER-1012,2024-09-06,358,2308
KROGER-1012,2024-09-07,394,2702
KROGER-1012,2024-09-08,387,3089
KROGER-1012,2024-09-09,370,3459
KROGER-1012,2024-09-10,420,3879
KROGER-1012,2024-09-11,376,4255
KROGER-1012,2024-09-12,364,4619
KROGER-1012,2024-09-13,385,5004
KROGER-1012,2024-09-14,407,5411
KROGER-1012,2024-09-15,365,5776
KROGER-1012,2024-09-16,375,6151
KROGER-1012,2024-09-17,374,6525
KROGER-1012,2024-09-18,379,6904
KROGER-1012,2024-09-19,406,7310
KROGER-1012,2024-09-20,388,7698
KROGER-1012,2024-09-21,443,8141
KROGER-1012,2024-09-22,403,8544
KROGER-1012,2024-09-23,439,8983
KROGER-1012,2024-09-24,370,9353
KROGER-1012,2024-09-25,360,9713
KROGER-1012,2024-09-26,401,10114
KROGER-1012,2024-09-27,426,10540
KROGER-1012,2024-09-28,359,10899
KROGER-1012,2024-09-29,397,11296
KROGER-1012,2024-09-30,365,11661
KROGER-1012,2024-10-01,388,12049
KROGER-1012,2024-10-02,384,12433
KROGER-1012,2024-10-03,425,12858
KROGER-1012,2024-10-04,381,13239
KROGER-1012,2024-10-05,448,13687
KROGER-1012,2024-10-06,393,14080
KROGER-1012,2024-10-07,413,14493
KROGER-1012,2024-10-08,391,14884
KROGER-1012,2024-10-09,437,15321
KROGER-1012,2024-10-10,339,15660
KROGER-1012,2024-10-11,348,16008
KROGER-1012,2024-10-12,463,16471
KROGER-1012,2024-10-13,380,16851
KROGER-1012,2024-10-14,363,17214
KROGER-1012,2024-10-15,357,17571
KROGER-1012,2024-10-16,419,17990
KROGER-1012,2024-10-17,346,18336
KROGER-1012,2024-10-18,385,18721
KROGER-1012,2024-10-19,395,19116
KROGER-1012,2024-10-20,437,19553
KROGER-1012,2024-10-21,367,19920
KROGER-1012,2024-10-22,397,20317
KROGER-1012,2024-10-23,348,20665
KROGER-1012,2024-10-24,454,21119
KROGER-1012,2024-10-25,377,21496
KROGER-1012,2024-10-26,404,21900
KROGER-1012,2024-10-27,457,22357
KROGER-1012,2024-10-28,366,22723
KROGER-1012,2024-10-29,435,23158
KROGER-1012,2024-10-30,371,23529
KROGER-1012,2024-10-31,405,23934
KROGER-1012,2024-11-01,440,24374
KROGER-1012,2024-11-02,432,24806
KROGER-1012,2024-11-03,500,25306
KROGER-1012,2024-11-04,485,25791
KROGER-1012,2024-11-05,412,26203
KROGER-1012,2024-11-06,450,26653
KROGER-1012,2024-11-07,505,27158
KROGER-1012,2024-11-08,483,27641
KROGER-1012,2024-11-09,469,28110
KROGER-1012,2024-11-10,461,28571
KROGER-1012,2024-11-11,533,29104
KROGER-1012,2024-11-12,408,29512
KROGER-1012,2024-11-13,459,29971
KROGER-1012,2024-11-14,407,30378
KROGER-1012,2024-11-15,510,30888
KROGER-1012,2024-11-16,484,31372
KROGER-1012,2024-11-17,491,31863
KROGER-1012,2024-11-18,563,32426
KROGER-1012,2024-11-19,439,32865
KROGER-1012,2024-11-20,526,33391
KROGER-1012,2024-11-21,447,33838
KROGER-1012,2024-11-22,452,34290
KROGER-1012,2024-11-23,586,34876
KROGER-1012,2024-11-24,478,35354
KROGER-1012,2024-11-25,410,35764
KROGER-1012,2024-11-26,471,36235
KROGER-1012,2024-11-27,455,36690
KROGER-1012,2024-11-28,475,37165
KROGER-1012,2024-11-29,456,37621
KROGER-1012,2024-11-30,570,38191
KROGER-1012,2024-12-01,506,38697
KROGER-1012,2024-12-02,421,39118
KROGER-1012,2024-12-03,466,39584
KROGER-1012,2024-12-04,431,40015
KROGER-1012,2024-12-05,452,40467
KROGER-1012,2024-12-06,427,40894
KROGER-1012,2024-12-07,566,41460
KROGER-1012,2024-12-08,457,41917
KROGER-1012,2024-12-09,486,42403
KROGER-1012,2024-12-10,449,42852
KROGER-1012,2024-12-11,418,43270
KROGER-1012,2024-12-12,468,43738
KROGER-1012,2024-12-13,476,44214
KROGER-1012,2024-12-14,506,44720
KROGER-1012,2024-12-15,382,45102
KROGER-1012,2024-12-16,415,45517
KROGER-1012,2024-12-17,496,46013
KROGER-1012,2024-12-18,427,46440
KROGER-1012,2024-12-19,469,46909
KROGER-1012,2024-12-20,415,47324
KROGER-1012,2024-12-21,512,47836
KROGER-1012,2024-12-22,520,48356
KROGER-1012,2024-12-23,488,48844
KROGER-1012,2024-12-24,499,49343
KROGER-1012,2024-12-25,519,49862
KROGER-1012,2024-12-26,418,50280
KROGER-1012,2024-12-27,432,50712
KROGER-1012,2024-12-28,519,51231
KROGER-1012,2024-12-29,528,51759
KROGER-1012,2024-12-30,436,52195
KROGER-1012,2024-12-31,434,52629
KROGER-1012,2025-01-01,364,52993
KROGER-1012,2025-01-02,335,53328
KROGER-1012,2025-01-03,345,53673
KROGER-1012,2025-01-04,363,54036
KROGER-1012,2025-01-05,394,54430
KROGER-1012,2025-01-06,392,54822
KROGER-1012,2025-01-07,397,55219
KROGER-1012,2025-01-08,368,55587
KROGER-1012,2025-01-09,369,55956
KROGER-1012,2025-01-10,388,56344
KROGER-1012,2025-01-11,355,56699
KROGER-1012,2025-01-12,434,57133
KROGER-1012,2025-01-13,424,57557
KROGER-1012,2025-01-14,365,57922
KROGER-1012,2025-01-15,372,58294
KROGER-1012,2025-01-16,422,58716
KROGER-1012,2025-01-17,380,59096
KROGER-1012,2025-01-18,422,59518
KROGER-1012,2025-01-19,400,59918
KROGER-1012,2025-01-20,432,60350
KROGER-1012,2025-01-21,399,60749
KROGER-1012,2025-01-22,401,61150
KROGER-1012,2025-01-23,402,61552
KROGER-1012,2025-01-24,367,61919
KROGER-1012,2025-01-25,388,62307
KROGER-1012,2025-01-26,428,62735
KROGER-1012,2025-01-27,388,63123
KROGER-1012,2025-01-28,348,63471
KROGER-1012,2025-01-29,442,63913
KROGER-1012,2025-01-30,414,64327
KROGER-1012,2025-01-31,385,64712
KROGER-1012,2025-02-01,394,65106
KROGER-1012,2025-02-02,410,65516
KROGER-1012,2025-02-03,400,65916
KROGER-1012,2025-02-04,322,66238
KROGER-1012,2025-02-05,449,66687
KROGER-1012,2025-02-06,360,67047
KROGER-1012,2025-02-07,384,67431
KROGER-1012,2025-02-08,404,67835
KROGER-1012,2025-02-09,468,68303
KROGER-1012,2025-02-10,381,68684
KROGER-1012,2025-02-11,433,69117
KROGER-1012,2025-02-12,397,69514
KROGER-1012,2025-02-13,355,69869
KROGER-1012,2025-02-14,388,70257
KROGER-1012,2025-02-15,400,70657
KROGER-1012,2025-02-16,368,71025
KROGER-1012,2025-02-17,395,71420
KROGER-1012,2025-02-18,385,71805
KROGER-1012,2025-02-19,401,72206
KROGER-1012,2025-02-20,390,72596
KROGER-1012,2025-02-21,364,72960
KROGER-1012,2025-02-22,428,73388
KROGER-1012,2025-02-23,383,73771
KROGER-1012,2025-02-24,289,74060
KROGER-1012,2025-02-25,388,74448
KROGER-1012,2025-02-26,367,74815
KROGER-1012,2025-02-27,396,75211
KROGER-1012,2025-02-28,446,75657
KROGER-1012,2025-03-01,469,76126
KROGER-1012,2025-03-02,398,76524
KROGER-1012,2025-03-03,359,76883
KROGER-1012,2025-03-04,402,77285
KROGER-1012,2025-03-05,373,77658
KROGER-1012,2025-03-06,396,78054
KROGER-1012,2025-03-07,364,78418
KROGER-1012,2025-03-08,411,78829
KROGER-1012,2025-03-09,377,79206
KROGER-1012,2025-03-10,421,79627
KROGER-1012,2025-03-11,366,79993
KROGER-1012,2025-03-12,404,80397
KROGER-1012,2025-03-13,345,80742
KROGER-1012,2025-03-14,408,81150
KROGER-1012,2025-03-15,372,81522
KROGER-1012,2025-03-16,412,81934
KROGER-1012,2025-03-17,416,82350
KROGER-1012,2025-03-18,378,82728
KROGER-1012,2025-03-19,352,83080
KROGER-1012,2025-03-20,399,83479
KROGER-1012,2025-03-21,358,83837
KROGER-1012,2025-03-22,390,84227
KROGER-1012,2025-03-23,412,84639
KROGER-1012,2025-03-24,426,85065
KROGER-1012,2025-03-25,385,85450
KROGER-1012,2025-03-26,385,85835
KROGER-1012,2025-03-27,407,86242
KROGER-1012,2025-03-28,386,86628
KROGER-1012,2025-03-29,424,87052
KROGER-1012,2025-03-30,438,87490
KROGER-1012,2025-03-31,374,87864
KROGER-1012,2025-04-01,283,88147
KROGER-1012,2025-04-02,359,88506
KROGER-1012,2025-04-03,421,88927
KROGER-1012,2025-04-04,383,89310
KROGER-1012,2025-04-05,392,89702
KROGER-1012,2025-04-06,441,90143
KROGER-1012,2025-04-07,381,90524
KROGER-1012,2025-04-08,320,90844
KROGER-1012,2025-04-09,338,91182
KROGER-1012,2025-04-10,397,91579
KROGER-1012,2025-04-11,382,91961
KROGER-1012,2025-04-12,450,92411
KROGER-1012,2025-04-13,380,92791
KROGER-1012,2025-04-14,375,93166
KROGER-1012,2025-04-15,357,93523
KROGER-1012,2025-04-16,368,93891
KROGER-1012,2025-04-17,326,94217
KROGER-1012,2025-04-18,372,94589
KROGER-1012,2025-04-19,402,94991
KROGER-1012,2025-04-20,399,95390
KROGER-1012,2025-04-21,450,95840
KROGER-1012,2025-04-22,441,96281
KROGER-1012,2025-04-23,361,96642
KROGER-1012,2025-04-24,321,96963
KROGER-1012,2025-04-25,381,97344
KROGER-1012,2025-04-26,415,97759
KROGER-1012,2025-04-27,376,98135
KROGER-1012,2025-04-28,359,98494
KROGER-1012,2025-04-29,433,98927
KROGER-1012,2025-04-30,376,99303
KROGER-1012,2025-05-01,404,99707
KROGER-1012,2025-05-02,355,100062
KROGER-1012,2025-05-03,401,100463
KROGER-1012,2025-05-04,392,100855
KROGER-1012,2025-05-05,363,101218
KROGER-1012,2025-05-06,420,101638
KROGER-1012,2025-05-07,341,101979
KROGER-1012,2025-05-08,393,102372
KROGER-1012,2025-05-09,373,102745
KROGER-1012,2025-05-10,417,103162
KROGER-1012,2025-05-11,392,103554
KROGER-1012,2025-05-12,411,103965
KROGER-1012,2025-05-13,355,104320
KROGER-1012,2025-05-14,420,104740
KROGER-1012,2025-05-15,383,105123
KROGER-1012,2025-05-16,343,105466
KROGER-1012,2025-05-17,425,105891
KROGER-1012,2025-05-18,397,106288
KROGER-1012,2025-05-19,332,106620
KROGER-1012,2025-05-20,394,107014
KROGER-1012,2025-05-21,415,107429
KROGER-1012,2025-05-22,424,107853
KROGER-1012,2025-05-23,372,108225
KROGER-1012,2025-05-24,408,108633
KROGER-1012,2025-05-25,405,109038
KROGER-1012,2025-05-26,430,109468
KROGER-1012,2025-05-27,359,109827
KROGER-1012,2025-05-28,370,110197
KROGER-1012,2025-05-29,358,110555
KROGER-1012,2025-05-30,340,110895
KROGER-1012,2025-05-31,411,111306
KROGER-1012,2025-06-01,455,111761
KROGER-1012,2025-06-02,378,112139
KROGER-1012,2025-06-03,357,112496
KROGER-1012,2025-06-04,390,112886
KROGER-1012,2025-06-05,402,113288
KROGER-1012,2025-06-06,379,113667
KROGER-1012,2025-06-07,449,114116
KROGER-1012,2025-06-08,377,114493
KROGER-1012,2025-06-09,375,114868
KROGER-1012,2025-06-10,393,115261
KROGER-1012,2025-06-11,396,115657
KROGER-1012,2025-06-12,386,116043
KROGER-1012,2025-06-13,345,116388
KROGER-1012,2025-06-14,479,116867
KROGER-1012,2025-06-15,396,117263
KROGER-1012,2025-06-16,387,117650
KROGER-1012,2025-06-17,403,118053
KROGER-1012,2025-06-18,365,118418
KROGER-1012,2025-06-19,386,118804
KROGER-1012,2025-06-20,363,119167
KROGER-1012,2025-06-21,417,119584
KROGER-1012,2025-06-22,394,119978
KROGER-1012,2025-06-23,392,120370
KROGER-1012,2025-06-24,352,120722
KROGER-1012,2025-06-25,359,121081
KROGER-1012,2025-06-26,342,121423
KROGER-1012,2025-06-27,362,121785
KROGER-1012,2025-06-28,320,122105
KROGER-1012,2025-06-29,393,122498
KROGER-1012,2025-06-30,368,122866
KROGER-1012,2025-07-01,389,123255
KROGER-1012,2025-07-02,385,123640
KROGER-1012,2025-07-03,423,124063
KROGER-1012,2025-07-04,464,124527
KROGER-1012,2025-07-05,440,124967
KROGER-1012,2025-07-06,389,125356
KROGER-1012,2025-07-07,369,125725
KROGER-1012,2025-07-08,411,126136
KROGER-1012,2025-07-09,332,126468
KROGER-1012,2025-07-10,374,126842
KROGER-1012,2025-07-11,377,127219
KROGER-1012,2025-07-12,422,127641
KROGER-1012,2025-07-13,423,128064
KROGER-1012,2025-07-14,361,128425
KROGER-1012,2025-07-15,371,128796
KROGER-1012,2025-07-16,398,129194
KROGER-1012,2025-07-17,360,129554
KROGER-1012,2025-07-18,421,129975
KROGER-1012,2025-07-19,423,130398
KROGER-1012,2025-07-20,409,130807
KROGER-1012,2025-07-21,396,131203
KROGER-1012,2025-07-22,370,131573
KROGER-1012,2025-07-23,365,131938
KROGER-1012,2025-07-24,371,132309
KROGER-1012,2025-07-25,399,132708
KROGER-1012,2025-07-26,410,133118
KROGER-1012,2025-07-27,390,133508
KROGER-1012,2025-07-28,407,133915
KROGER-1012,2025-07-29,379,134294
KROGER-1012,2025-07-30,363,134657
KROGER-1012,2025-07-31,392,135049
KROGER-1012,2025-08-01,353,135402
KROGER-1012,2025-08-02,349,135751
KROGER-1012,2025-08-03,403,136154
KROGER-1012,2025-08-04,364,136518
KROGER-1012,2025-08-05,376,136894
KROGER-1012,2025-08-06,354,137248
KROGER-1012,2025-08-07,421,137669
KROGER-1012,2025-08-08,364,138033
KROGER-1012,2025-08-09,389,138422
KROGER-1012,2025-08-10,416,138838
KROGER-1012,2025-08-11,342,139180
KROGER-1012,2025-08-12,339,139519
KROGER-1012,2025-08-13,396,139915
KROGER-1012,2025-08-14,370,140285
KROGER-1012,2025-08-15,356,140641
KROGER-1012,2025-08-16,423,141064
KROGER-1012,2025-08-17,377,141441
KROGER-1012,2025-08-18,376,141817
KROGER-1012,2025-08-19,357,142174
KROGER-1012,2025-08-20,393,142567
KROGER-1012,2025-08-21,425,142992
KROGER-1012,2025-08-22,327,143319
KROGER-1012,2025-08-23,407,143726
KROGER-1012,2025-08-24,431,144157
KROGER-1012,2025-08-25,371,144528
KROGER-1012,2025-08-26,349,144877
KROGER-1012,2025-08-27,397,145274
KROGER-1012,2025-08-28,415,145689
KROGER-1012,2025-08-29,411,146100
KROGER-1012,2025-08-30,415,146515
KROGER-1012,2025-08-31,406,146921
KROGER-1013,2024-09-01,142,142
KROGER-1013,2024-09-02,155,297
KROGER-1013,2024-09-03,155,452
KROGER-1013,2024-09-04,132,584
KROGER-1013,2024-09-05,150,734
KROGER-1013,2024-09-06,153,887
KROGER-1013,2024-09-07,163,1050
KROGER-1013,2024-09-08,152,1202
KROGER-1013,2024-09-09,135,1337
KROGER-1013,2024-09-10,139,1476
KROGER-1013,2024-09-11,134,1610
KROGER-1013,2024-09-12,145,1755
KROGER-1013,2024-09-13,142,1897
KROGER-1013,2024-09-14,179,2076
KROGER-1013,2024-09-15,164,2240
KROGER-1013,2024-09-16,157,2397
KROGER-1013,2024-09-17,151,2548
KROGER-1013,2024-09-18,141,2689
KROGER-1013,2024-09-19,142,2831
KROGER-1013,2024-09-20,143,2974
KROGER-1013,2024-09-21,155,3129
KROGER-1013,2024-09-22,157,3286
KROGER-1013,2024-09-23,145,3431
KROGER-1013,2024-09-24,142,3573
KROGER-1013,2024-09-25,138,3711
KROGER-1013,2024-09-26,129,3840
KROGER-1013,2024-09-27,160,4000
KROGER-1013,2024-09-28,180,4180
KROGER-1013,2024-09-29,167,4347
KROGER-1013,2024-09-30,131,4478
KROGER-1013,2024-10-01,155,4633
KROGER-1013,2024-10-02,157,4790
KROGER-1013,2024-10-03,141,4931
KROGER-1013,2024-10-04,151,5082
KROGER-1013,2024-10-05,147,5229
KROGER-1013,2024-10-06,171,5400
KROGER-1013,2024-10-07,150,5550
KROGER-1013,2024-10-08,135,5685
KROGER-1013,2024-10-09,153,5838
KROGER-1013,2024-10-10,158,5996
KROGER-1013,2024-10-11,148,6144
KROGER-1013,2024-10-12,158,6302
KROGER-1013,2024-10-13,152,6454
KROGER-1013,2024-10-14,132,6586
KROGER-1013,2024-10-15,144,6730
KROGER-1013,2024-10-16,151,6881
KROGER-1013,2024-10-17,144,7025
KROGER-1013,2024-10-18,155,7180
KROGER-1013,2024-10-19,148,7328
KROGER-1013,2024-10-20,149,7477
KROGER-1013,2024-10-21,155,7632
KROGER-1013,2024-10-22,148,7780
KROGER-1013,2024-10-23,141,7921
KROGER-1013,2024-10-24,157,8078
KROGER-1013,2024-10-25,137,8215
KROGER-1013,2024-10-26,144,8359
KROGER-1013,2024-10-27,118,8477
KROGER-1013,2024-10-28,139,8616
KROGER-1013,2024-10-29,161,8777
KROGER-1013,2024-10-30,121,8898
KROGER-1013,2024-10-31,134,9032
KROGER-1013,2024-11-01,181,9213
KROGER-1013,2024-11-02,150,9363
KROGER-1013,2024-11-03,176,9539
KROGER-1013,2024-11-04,190,9729
KROGER-1013,2024-11-05,203,9932
KROGER-1013,2024-11-06,179,10111
KROGER-1013,2024-11-07,162,10273
KROGER-1013,2024-11-08,161,10434
KROGER-1013,2024-11-09,185,10619
KROGER-1013,2024-11-10,187,10806
KROGER-1013,2024-11-11,200,11006
KROGER-1013,2024-11-12,188,11194
KROGER-1013,2024-11-13,176,11370
KROGER-1013,2024-11-14,170,11540
KROGER-1013,2024-11-15,217,11757
KROGER-1013,2024-11-16,192,11949
KROGER-1013,2024-11-17,173,12122
KROGER-1013,2024-11-18,171,12293
KROGER-1013,2024-11-19,162,12455
KROGER-1013,2024-11-20,141,12596
KROGER-1013,2024-11-21,179,12775
KROGER-1013,2024-11-22,199,12974
KROGER-1013,2024-11-23,159,13133
KROGER-1013,2024-11-24,184,13317
KROGER-1013,2024-11-25,165,13482
KROGER-1013,2024-11-26,182,13664
KROGER-1013,2024-11-27,172,13836
KROGER-1013,2024-11-28,155,13991
KROGER-1013,2024-11-29,161,14152
KROGER-1013,2024-11-30,171,14323
KROGER-1013,2024-12-01,203,14526
KROGER-1013,2024-12-02,193,14719
KROGER-1013,2024-12-03,170,14889
KROGER-1013,2024-12-04,192,15081
KROGER-1013,2024-12-05,172,15253
KROGER-1013,2024-12-06,170,15423
KROGER-1013,2024-12-07,184,15607
KROGER-1013,2024-12-08,187,15794
KROGER-1013,2024-12-09,167,15961
KROGER-1013,2024-12-10,175,16136
KROGER-1013,2024-12-11,186,16322
KROGER-1013,2024-12-12,176,16498
KROGER-1013,2024-12-13,175,16673
KROGER-1013,2024-12-14,190,16863
KROGER-1013,2024-12-15,193,17056
KROGER-1013,2024-12-16,174,17230
KROGER-1013,2024-12-17,168,17398
KROGER-1013,2024-12-18,177,17575
KROGER-1013,2024-12-19,152,17727
KROGER-1013,2024-12-20,172,17899
KROGER-1013,2024-12-21,147,18046
KROGER-1013,2024-12-22,159,18205
KROGER-1013,2024-12-23,149,18354
KROGER-1013,2024-12-24,189,18543
KROGER-1013,2024-12-25,175,18718
KROGER-1013,2024-12-26,157,18875
KROGER-1013,2024-12-27,181,19056
KROGER-1013,2024-12-28,198,19254
KROGER-1013,2024-12-29,191,19445
KROGER-1013,2024-12-30,172,19617
KROGER-1013,2024-12-31,178,19795
KROGER-1013,2025-01-01,156,19951
KROGER-1013,2025-01-02,140,20091
KROGER-1013,2025-01-03,146,20237
KROGER-1013,2025-01-04,149,20386
KROGER-1013,2025-01-05,133,20519
KROGER-1013,2025-01-06,156,20675
KROGER-1013,2025-01-07,169,20844
KROGER-1013,2025-01-08,135,20979
KROGER-1013,2025-01-09,157,21136
KROGER-1013,2025-01-10,135,21271
KROGER-1013,2025-01-11,154,21425
KROGER-1013,2025-01-12,171,21596
KROGER-1013,2025-01-13,139,21735
KROGER-1013,2025-01-14,145,21880
KROGER-1013,2025-01-15,124,22004
KROGER-1013,2025-01-16,138,22142
KROGER-1013,2025-01-17,123,22265
KROGER-1013,2025-01-18,158,22423
KROGER-1013,2025-01-19,163,22586
KROGER-1013,2025-01-20,143,22729
KROGER-1013,2025-01-21,149,22878
KROGER-1013,2025-01-22,142,23020
KROGER-1013,2025-01-23,154,23174
KROGER-1013,2025-01-24,147,23321
KROGER-1013,2025-01-25,128,23449
KROGER-1013,2025-01-26,164,23613
KROGER-1013,2025-01-27,141,23754
KROGER-1013,2025-01-28,131,23885
KROGER-1013,2025-01-29,140,24025
KROGER-1013,2025-01-30,123,24148
KROGER-1013,2025-01-31,131,24279
KROGER-1013,2025-02-01,154,24433
KROGER-1013,2025-02-02,155,24588
KROGER-1013,2025-02-03,149,24737
KROGER-1013,2025-02-04,145,24882
KROGER-1013,2025-02-05,137,25019
KROGER-1013,2025-02-06,145,25164
KROGER-1013,2025-02-07,140,25304
KROGER-1013,2025-02-08,133,25437
KROGER-1013,2025-02-09,143,25580
KROGER-1013,2025-02-10,156,25736
KROGER-1013,2025-02-11,164,25900
KROGER-1013,2025-02-12,153,26053
KROGER-1013,2025-02-13,163,26216
KROGER-1013,2025-02-14,146,26362
KROGER-1013,2025-02-15,174,26536
KROGER-1013,2025-02-16,178,26714
KROGER-1013,2025-02-17,125,26839
KROGER-1013,2025-02-18,148,26987
KROGER-1013,2025-02-19,146,27133
KROGER-1013,2025-02-20,140,27273
KROGER-1013,2025-02-21,151,27424
KROGER-1013,2025-02-22,153,27577
KROGER-1013,2025-02-23,144,27721
KROGER-1013,2025-02-24,145,27866
KROGER-1013,2025-02-25,159,28025
KROGER-1013,2025-02-26,147,28172
KROGER-1013,2025-02-27,153,28325
KROGER-1013,2025-02-28,142,28467
KROGER-1013,2025-03-01,158,28625
KROGER-1013,2025-03-02,138,28763
KROGER-1013,2025-03-03,139,28902
KROGER-1013,2025-03-04,144,29046
KROGER-1013,2025-03-05,130,29176
KROGER-1013,2025-03-06,136,29312
KROGER-1013,2025-03-07,149,29461
KROGER-1013,2025-03-08,154,29615
KROGER-1013,2025-03-09,162,29777
KROGER-1013,2025-03-10,138,29915
KROGER-1013,2025-03-11,146,30061
KROGER-1013,2025-03-12,137,30198
KROGER-1013,2025-03-13,154,30352
KROGER-1013,2025-03-14,159,30511
KROGER-1013,2025-03-15,159,30670
KROGER-1013,2025-03-16,166,30836
KROGER-1013,2025-03-17,146,30982
KROGER-1013,2025-03-18,155,31137
KROGER-1013,2025-03-19,146,31283
KROGER-1013,2025-03-20,133,31416
KROGER-1013,2025-03-21,148,31564
KROGER-1013,2025-03-22,140,31704
KROGER-1013,2025-03-23,181,31885
KROGER-1013,2025-03-24,141,32026
KROGER-1013,2025-03-25,153,32179
KROGER-1013,2025-03-26,145,32324
KROGER-1013,2025-03-27,131,32455
KROGER-1013,2025-03-28,123,32578
KROGER-1013,2025-03-29,162,32740
KROGER-1013,2025-03-30,172,32912
KROGER-1013,2025-03-31,137,33049
KROGER-1013,2025-04-01,126,33175
KROGER-1013,2025-04-02,142,33317
KROGER-1013,2025-04-03,134,33451
KROGER-1013,2025-04-04,138,33589
KROGER-1013,2025-04-05,160,33749
KROGER-1013,2025-04-06,152,33901
KROGER-1013,2025-04-07,136,34037
KROGER-1013,2025-04-08,152,34189
KROGER-1013,2025-04-09,153,34342
KROGER-1013,2025-04-10,141,34483
KROGER-1013,2025-04-11,147,34630
KROGER-1013,2025-04-12,159,34789
KROGER-1013,2025-04-13,158,34947
KROGER-1013,2025-04-14,146,35093
KROGER-1013,2025-04-15,162,35255
KROGER-1013,2025-04-16,152,35407
KROGER-1013,2025-04-17,140,35547
KROGER-1013,2025-04-18,140,35687
KROGER-1013,2025-04-19,146,35833
KROGER-1013,2025-04-20,160,35993
KROGER-1013,2025-04-21,138,36131
KROGER-1013,2025-04-22,140,36271
KROGER-1013,2025-04-23,158,36429
KROGER-1013,2025-04-24,148,36577
KROGER-1013,2025-04-25,159,36736
KROGER-1013,2025-04-26,162,36898
KROGER-1013,2025-04-27,138,37036
KROGER-1013,2025-04-28,144,37180
KROGER-1013,2025-04-29,157,37337
KROGER-1013,2025-04-30,131,37468
KROGER-1013,2025-05-01,150,37618
KROGER-1013,2025-05-02,145,37763
KROGER-1013,2025-05-03,131,37894
KROGER-1013,2025-05-04,154,38048
KROGER-1013,2025-05-05,136,38184
KROGER-1013,2025-05-06,132,38316
KROGER-1013,2025-05-07,145,38461
KROGER-1013,2025-05-08,123,38584
KROGER-1013,2025-05-09,137,38721
KROGER-1013,2025-05-10,184,38905
KROGER-1013,2025-05-11,161,39066
KROGER-1013,2025-05-12,135,39201
KROGER-1013,2025-05-13,162,39363
KROGER-1013,2025-05-14,134,39497
KROGER-1013,2025-05-15,139,39636
KROGER-1013,2025-05-16,132,39768
KROGER-1013,2025-05-17,156,39924
KROGER-1013,2025-05-18,169,40093
KROGER-1013,2025-05-19,134,40227
KROGER-1013,2025-05-20,121,40348
KROGER-1013,2025-05-21,158,40506
KROGER-1013,2025-05-22,163,40669
KROGER-1013,2025-05-23,122,40791
KROGER-1013,2025-05-24,158,40949
KROGER-1013,2025-05-25,155,41104
KROGER-1013,2025-05-26,136,41240
KROGER-1013,2025-05-27,129,41369
KROGER-1013,2025-05-28,157,41526
KROGER-1013,2025-05-29,147,41673
KROGER-1013,2025-05-30,148,41821
KROGER-1013,2025-05-31,145,41966
KROGER-1013,2025-06-01,143,42109
KROGER-1013,2025-06-02,117,42226
KROGER-1013,2025-06-03,143,42369
KROGER-1013,2025-06-04,162,42531
KROGER-1013,2025-06-05,135,42666
KROGER-1013,2025-06-06,128,42794
KROGER-1013,2025-06-07,158,42952
KROGER-1013,2025-06-08,160,43112
KROGER-1013,2025-06-09,138,43250
KROGER-1013,2025-06-10,141,43391
KROGER-1013,2025-06-11,148,43539
KROGER-1013,2025-06-12,144,43683
KROGER-1013,2025-06-13,157,43840
KROGER-1013,2025-06-14,182,44022
KROGER-1013,2025-06-15,132,44154
KROGER-1013,2025-06-16,160,44314
KROGER-1013,2025-06-17,147,44461
KROGER-1013,2025-06-18,162,44623
KROGER-1013,2025-06-19,154,44777
KROGER-1013,2025-06-20,146,44923
KROGER-1013,2025-06-21,162,45085
KROGER-1013,2025-06-22,148,45233
KROGER-1013,2025-06-23,136,45369
KROGER-1013,2025-06-24,155,45524
KROGER-1013,2025-06-25,135,45659
KROGER-1013,2025-06-26,153,45812
KROGER-1013,2025-06-27,146,45958
KROGER-1013,2025-06-28,124,46082
KROGER-1013,2025-06-29,146,46228
KROGER-1013,2025-06-30,149,46377
KROGER-1013,2025-07-01,141,46518
KROGER-1013,2025-07-02,116,46634
KROGER-1013,2025-07-03,161,46795
KROGER-1013,2025-07-04,147,46942
KROGER-1013,2025-07-05,158,47100
KROGER-1013,2025-07-06,147,47247
KROGER-1013,2025-07-07,152,47399
KROGER-1013,2025-07-08,167,47566
KROGER-1013,2025-07-09,137,47703
KROGER-1013,2025-07-10,165,47868
KROGER-1013,2025-07-11,150,48018
KROGER-1013,2025-07-12,142,48160
KROGER-1013,2025-07-13,180,48340
KROGER-1013,2025-07-14,150,48490
KROGER-1013,2025-07-15,153,48643
KROGER-1013,2025-07-16,142,48785
KROGER-1013,2025-07-17,136,48921
KROGER-1013,2025-07-18,147,49068
KROGER-1013,2025-07-19,172,49240
KROGER-1013,2025-07-20,149,49389
KROGER-1013,2025-07-21,145,49534
KROGER-1013,2025-07-22,162,49696
KROGER-1013,2025-07-23,142,49838
KROGER-1013,2025-07-24,151,49989
KROGER-1013,2025-07-25,156,50145
KROGER-1013,2025-07-26,150,50295
KROGER-1013,2025-07-27,156,50451
KROGER-1013,2025-07-28,153,50604
KROGER-1013,2025-07-29,141,50745
KROGER-1013,2025-07-30,155,50900
KROGER-1013,2025-07-31,139,51039
KROGER-1013,2025-08-01,137,51176
KROGER-1013,2025-08-02,134,51310
KROGER-1013,2025-08-03,146,51456
KROGER-1013,2025-08-04,136,51592
KROGER-1013,2025-08-05,141,51733
KROGER-1013,2025-08-06,152,51885
KROGER-1013,2025-08-07,125,52010
KROGER-1013,2025-08-08,122,52132
KROGER-1013,2025-08-09,143,52275
KROGER-1013,2025-08-10,158,52433
KROGER-1013,2025-08-11,149,52582
KROGER-1013,2025-08-12,136,52718
KROGER-1013,2025-08-13,159,52877
KROGER-1013,2025-08-14,138,53015
KROGER-1013,2025-08-15,151,53166
KROGER-1013,2025-08-16,148,53314
KROGER-1013,2025-08-17,142,53456
KROGER-1013,2025-08-18,138,53594
KROGER-1013,2025-08-19,154,53748
KROGER-1013,2025-08-20,150,53898
KROGER-1013,2025-08-21,157,54055
KROGER-1013,2025-08-22,150,54205
KROGER-1013,2025-08-23,133,54338
KROGER-1013,2025-08-24,179,54517
KROGER-1013,2025-08-25,150,54667
KROGER-1013,2025-08-26,151,54818
KROGER-1013,2025-08-27,141,54959
KROGER-1013,2025-08-28,158,55117
KROGER-1013,2025-08-29,133,55250
KROGER-1013,2025-08-30,160,55410
KROGER-1013,2025-08-31,127,55537
KROGER-1014,2024-09-01,293,293
KROGER-1014,2024-09-02,242,535
KROGER-1014,2024-09-03,271,806
KROGER-1014,2024-09-04,294,1100
KROGER-1014,2024-09-05,282,1382
KROGER-1014,2024-09-06,291,1673
KROGER-1014,2024-09-07,303,1976
KROGER-1014,2024-09-08,266,2242
KROGER-1014,2024-09-09,277,2519
KROGER-1014,2024-09-10,228,2747
KROGER-1014,2024-09-11,250,2997
KROGER-1014,2024-09-12,294,3291
KROGER-1014,2024-09-13,257,3548
KROGER-1014,2024-09-14,236,3784
KROGER-1014,2024-09-15,323,4107
KROGER-1014,2024-09-16,277,4384
KROGER-1014,2024-09-17,281,4665
KROGER-1014,2024-09-18,244,4909
KROGER-1014,2024-09-19,271,5180
KROGER-1014,2024-09-20,270,5450
KROGER-1014,2024-09-21,260,5710
KROGER-1014,2024-09-22,274,5984
KROGER-1014,2024-09-23,233,6217
KROGER-1014,2024-09-24,257,6474
KROGER-1014,2024-09-25,285,6759
KROGER-1014,2024-09-26,249,7008
KROGER-1014,2024-09-27,305,7313
KROGER-1014,2024-09-28,246,7559
KROGER-1014,2024-09-29,272,7831
KROGER-1014,2024-09-30,251,8082
KROGER-1014,2024-10-01,261,8343
KROGER-1014,2024-10-02,294,8637
KROGER-1014,2024-10-03,244,8881
KROGER-1014,2024-10-04,255,9136
KROGER-1014,2024-10-05,293,9429
KROGER-1014,2024-10-06,280,9709
KROGER-1014,2024-10-07,269,9978
KROGER-1014,2024-10-08,244,10222
KROGER-1014,2024-10-09,263,10485
KROGER-1014,2024-10-10,289,10774
KROGER-1014,2024-10-11,231,11005
KROGER-1014,2024-10-12,263,11268
KROGER-1014,2024-10-13,238,11506
KROGER-1014,2024-10-14,276,11782
KROGER-1014,2024-10-15,291,12073
KROGER-1014,2024-10-16,261,12334
KROGER-1014,2024-10-17,243,12577
KROGER-1014,2024-10-18,244,12821
KROGER-1014,2024-10-19,271,13092
KROGER-1014,2024-10-20,271,13363
KROGER-1014,2024-10-21,284,13647
KROGER-1014,2024-10-22,251,13898
KROGER-1014,2024-10-23,274,14172
KROGER-1014,2024-10-24,258,14430
KROGER-1014,2024-10-25,249,14679
KROGER-1014,2024-10-26,271,14950
KROGER-1014,2024-10-27,286,15236
KROGER-1014,2024-10-28,284,15520
KROGER-1014,2024-10-29,259,15779
KROGER-1014,2024-10-30,239,16018
KROGER-1014,2024-10-31,286,16304
KROGER-1014,2024-11-01,295,16599
KROGER-1014,2024-11-02,341,16940
KROGER-1014,2024-11-03,333,17273
KROGER-1014,2024-11-04,314,17587
KROGER-1014,2024-11-05,305,17892
KROGER-1014,2024-11-06,334,18226
KROGER-1014,2024-11-07,227,18453
KROGER-1014,2024-11-08,347,18800
KROGER-1014,2024-11-09,309,19109
KROGER-1014,2024-11-10,345,19454
KROGER-1014,2024-11-11,327,19781
KROGER-1014,2024-11-12,350,20131
KROGER-1014,2024-11-13,323,20454
KROGER-1014,2024-11-14,297,20751
KROGER-1014,2024-11-15,277,21028
KROGER-1014,2024-11-16,324,21352
KROGER-1014,2024-11-17,281,21633
KROGER-1014,2024-11-18,302,21935
KROGER-1014,2024-11-19,310,22245
KROGER-1014,2024-11-20,300,22545
KROGER-1014,2024-11-21,319,22864
KROGER-1014,2024-11-22,312,23176
KROGER-1014,2024-11-23,325,23501
KROGER-1014,2024-11-24,269,23770
KROGER-1014,2024-11-25,285,24055
KROGER-1014,2024-11-26,334,24389
KROGER-1014,2024-11-27,338,24727
KROGER-1014,2024-11-28,271,24998
KROGER-1014,2024-11-29,297,25295
KROGER-1014,2024-11-30,362,25657
KROGER-1014,2024-12-01,315,25972
KROGER-1014,2024-12-02,315,26287
KROGER-1014,2024-12-03,355,26642
KROGER-1014,2024-12-04,309,26951
KROGER-1014,2024-12-05,305,27256
KROGER-1014,2024-12-06,314,27570
KROGER-1014,2024-12-07,383,27953
KROGER-1014,2024-12-08,346,28299
KROGER-1014,2024-12-09,318,28617
KROGER-1014,2024-12-10,305,28922
KROGER-1014,2024-12-11,332,29254
KROGER-1014,2024-12-12,335,29589
KROGER-1014,2024-12-13,291,29880
KROGER-1014,2024-12-14,352,30232
KROGER-1014,2024-12-15,330,30562
KROGER-1014,2024-12-16,318,30880
KROGER-1014,2024-12-17,295,31175
KROGER-1014,2024-12-18,308,31483
KROGER-1014,2024-12-19,292,31775
KROGER-1014,2024-12-20,290,32065
KROGER-1014,2024-12-21,344,32409
KROGER-1014,2024-12-22,324,32733
KROGER-1014,2024-12-23,285,33018
KROGER-1014,2024-12-24,373,33391
KROGER-1014,2024-12-25,289,33680
KROGER-1014,2024-12-26,346,34026
KROGER-1014,2024-12-27,280,34306
KROGER-1014,2024-12-28,346,34652
KROGER-1014,2024-12-29,327,34979
KROGER-1014,2024-12-30,302,35281
KROGER-1014,2024-12-31,323,35604
KROGER-1014,2025-01-01,266,35870
KROGER-1014,2025-01-02,248,36118
KROGER-1014,2025-01-03,247,36365
KROGER-1014,2025-01-04,243,36608
KROGER-1014,2025-01-05,285,36893
KROGER-1014,2025-01-06,238,37131
KROGER-1014,2025-01-07,265,37396
KROGER-1014,2025-01-08,277,37673
KROGER-1014,2025-01-09,269,37942
KROGER-1014,2025-01-10,249,38191
KROGER-1014,2025-01-11,298,38489
KROGER-1014,2025-01-12,269,38758
KROGER-1014,2025-01-13,236,38994
KROGER-1014,2025-01-14,259,39253
KROGER-1014,2025-01-15,277,39530
KROGER-1014,2025-01-16,250,39780
KROGER-1014,2025-01-17,283,40063
KROGER-1014,2025-01-18,261,40324
KROGER-1014,2025-01-19,264,40588
KROGER-1014,2025-01-20,243,40831
KROGER-1014,2025-01-21,279,41110
KROGER-1014,2025-01-22,264,41374
KROGER-1014,2025-01-23,244,41618
KROGER-1014,2025-01-24,256,41874
KROGER-1014,2025-01-25,210,42084
KROGER-1014,2025-01-26,295,42379
KROGER-1014,2025-01-27,261,42640
KROGER-1014,2025-01-28,214,42854
KROGER-1014,2025-01-29,234,43088
KROGER-1014,2025-01-30,256,43344
KROGER-1014,2025-01-31,237,43581
KROGER-1014,2025-02-01,296,43877
KROGER-1014,2025-02-02,287,44164
KROGER-1014,2025-02-03,272,44436
KROGER-1014,2025-02-04,210,44646
KROGER-1014,2025-02-05,254,44900
KROGER-1014,2025-02-06,250,45150
KROGER-1014,2025-02-07,245,45395
KROGER-1014,2025-02-08,269,45664
KROGER-1014,2025-02-09,253,45917
KROGER-1014,2025-02-10,269,46186
KROGER-1014,2025-02-11,281,46467
KROGER-1014,2025-02-12,279,46746
KROGER-1014,2025-02-13,262,47008
KROGER-1014,2025-02-14,307,47315
KROGER-1014,2025-02-15,303,47618
KROGER-1014,2025-02-16,276,47894
KROGER-1014,2025-02-17,255,48149
KROGER-1014,2025-02-18,293,48442
KROGER-1014,2025-02-19,286,48728
KROGER-1014,2025-02-20,235,48963
KROGER-1014,2025-02-21,288,49251
KROGER-1014,2025-02-22,275,49526
KROGER-1014,2025-02-23,259,49785
KROGER-1014,2025-02-24,223,50008
KROGER-1014,2025-02-25,259,50267
KROGER-1014,2025-02-26,265,50532
KROGER-1014,2025-02-27,298,50830
KROGER-1014,2025-02-28,285,51115
KROGER-1014,2025-03-01,265,51380
KROGER-1014,2025-03-02,287,51667
KROGER-1014,2025-03-03,282,51949
KROGER-1014,2025-03-04,267,52216
KROGER-1014,2025-03-05,252,52468
KROGER-1014,2025-03-06,254,52722
KROGER-1014,2025-03-07,273,52995
KROGER-1014,2025-03-08,287,53282
KROGER-1014,2025-03-09,272,53554
KROGER-1014,2025-03-10,209,53763
KROGER-1014,2025-03-11,237,54000
KROGER-1014,2025-03-12,278,54278
KROGER-1014,2025-03-13,220,54498
KROGER-1014,2025-03-14,290,54788
KROGER-1014,2025-03-15,301,55089
KROGER-1014,2025-03-16,279,55368
KROGER-1014,2025-03-17,277,55645
KROGER-1014,2025-03-18,276,55921
KROGER-1014,2025-03-19,262,56183
KROGER-1014,2025-03-20,236,56419
KROGER-1014,2025-03-21,285,56704
KROGER-1014,2025-03-22,309,57013
KROGER-1014,2025-03-23,251,57264
KROGER-1014,2025-03-24,235,57499
KROGER-1014,2025-03-25,262,57761
KROGER-1014,2025-03-26,252,58013
KROGER-1014,2025-03-27,268,58281
KROGER-1014,2025-03-28,290,58571
KROGER-1014,2025-03-29,228,58799
KROGER-1014,2025-03-30,313,59112
KROGER-1014,2025-03-31,256,59368
KROGER-1014,2025-04-01,276,59644
KROGER-1014,2025-04-02,278,59922
KROGER-1014,2025-04-03,280,60202
KROGER-1014,2025-04-04,266,60468
KROGER-1014,2025-04-05,285,60753
KROGER-1014,2025-04-06,285,61038
KROGER-1014,2025-04-07,251,61289
KROGER-1014,2025-04-08,227,61516
KROGER-1014,2025-04-09,239,61755
KROGER-1014,2025-04-10,263,62018
KROGER-1014,2025-04-11,248,62266
KROGER-1014,2025-04-12,261,62527
KROGER-1014,2025-04-13,318,62845
KROGER-1014,2025-04-14,283,63128
KROGER-1014,2025-04-15,259,63387
KROGER-1014,2025-04-16,279,63666
KROGER-1014,2025-04-17,256,63922
KROGER-1014,2025-04-18,267,64189
KROGER-1014,2025-04-19,288,64477
KROGER-1014,2025-04-20,269,64746
KROGER-1014,2025-04-21,250,64996
KROGER-1014,2025-04-22,291,65287
KROGER-1014,2025-04-23,278,65565
KROGER-1014,2025-04-24,217,65782
KROGER-1014,2025-04-25,251,66033
KROGER-1014,2025-04-26,261,66294
KROGER-1014,2025-04-27,264,66558
KROGER-1014,2025-04-28,283,66841
KROGER-1014,2025-04-29,265,67106
KROGER-1014,2025-04-30,235,67341
KROGER-1014,2025-05-01,257,67598
KROGER-1014,2025-05-02,276,67874
KROGER-1014,2025-05-03,273,68147
KROGER-1014,2025-05-04,264,68411
KROGER-1014,2025-05-05,272,68683
KROGER-1014,2025-05-06,299,68982
KROGER-1014,2025-05-07,275,69257
KROGER-1014,2025-05-08,292,69549
KROGER-1014,2025-05-09,253,69802
KROGER-1014,2025-05-10,278,70080
KROGER-1014,2025-05-11,277,70357
KROGER-1014,2025-05-12,267,70624
KROGER-1014,2025-05-13,274,70898
KROGER-1014,2025-05-14,245,71143
KROGER-1014,2025-05-15,279,71422
KROGER-1014,2025-05-16,230,71652
KROGER-1014,2025-05-17,248,71900
KROGER-1014,2025-05-18,326,72226
KROGER-1014,2025-05-19,254,72480
KROGER-1014,2025-05-20,280,72760
KROGER-1014,2025-05-21,301,73061
KROGER-1014,2025-05-22,216,73277
KROGER-1014,2025-05-23,289,73566
KROGER-1014,2025-05-24,293,73859
KROGER-1014,2025-05-25,315,74174
KROGER-1014,2025-05-26,240,74414
KROGER-1014,2025-05-27,296,74710
KROGER-1014,2025-05-28,249,74959
KROGER-1014,2025-05-29,287,75246
KROGER-1014,2025-05-30,264,75510
KROGER-1014,2025-05-31,295,75805
KROGER-1014,2025-06-01,279,76084
KROGER-1014,2025-06-02,226,76310
KROGER-1014,2025-06-03,199,76509
KROGER-1014,2025-06-04,269,76778
KROGER-1014,2025-06-05,259,77037
KROGER-1014,2025-06-06,273,77310
KROGER-1014,2025-06-07,272,77582
KROGER-1014,2025-06-08,323,77905
KROGER-1014,2025-06-09,270,78175
KROGER-1014,2025-06-10,255,78430
KROGER-1014,2025-06-11,272,78702
KROGER-1014,2025-06-12,256,78958
KROGER-1014,2025-06-13,267,79225
KROGER-1014,2025-06-14,251,79476
KROGER-1014,2025-06-15,278,79754
KROGER-1014,2025-06-16,255,80009
KROGER-1014,2025-06-17,241,80250
KROGER-1014,2025-06-18,307,80557
KROGER-1014,2025-06-19,242,80799
KROGER-1014,2025-06-20,265,81064
KROGER-1014,2025-06-21,260,81324
KROGER-1014,2025-06-22,285,81609
KROGER-1014,2025-06-23,238,81847
KROGER-1014,2025-06-24,283,82130
KROGER-1014,2025-06-25,308,82438
KROGER-1014,2025-06-26,247,82685
KROGER-1014,2025-06-27,291,82976
KROGER-1014,2025-06-28,270,83246
KROGER-1014,2025-06-29,312,83558
KROGER-1014,2025-06-30,311,83869
KROGER-1014,2025-07-01,260,84129
KROGER-1014,2025-07-02,233,84362
KROGER-1014,2025-07-03,285,84647
KROGER-1014,2025-07-04,270,84917
KROGER-1014,2025-07-05,289,85206
KROGER-1014,2025-07-06,270,85476
KROGER-1014,2025-07-07,246,85722
KROGER-1014,2025-07-08,289,86011
KROGER-1014,2025-07-09,272,86283
KROGER-1014,2025-07-10,234,86517
KROGER-1014,2025-07-11,279,86796
KROGER-1014,2025-07-12,289,87085
KROGER-1014,2025-07-13,271,87356
KROGER-1014,2025-07-14,299,87655
KROGER-1014,2025-07-15,252,87907
KROGER-1014,2025-07-16,261,88168
KROGER-1014,2025-07-17,281,88449
KROGER-1014,2025-07-18,266,88715
KROGER-1014,2025-07-19,247,88962
KROGER-1014,2025-07-20,282,89244
KROGER-1014,2025-07-21,256,89500
KROGER-1014,2025-07-22,283,89783
KROGER-1014,2025-07-23,268,90051
KROGER-1014,2025-07-24,267,90318
KROGER-1014,2025-07-25,243,90561
KROGER-1014,2025-07-26,273,90834
KROGER-1014,2025-07-27,300,91134
KROGER-1014,2025-07-28,248,91382
KROGER-1014,2025-07-29,264,91646
KROGER-1014,2025-07-30,245,91891
KROGER-1014,2025-07-31,240,92131
KROGER-1014,2025-08-01,263,92394
KROGER-1014,2025-08-02,282,92676
KROGER-1014,2025-08-03,322,92998
KROGER-1014,2025-08-04,255,93253
KROGER-1014,2025-08-05,264,93517
KROGER-1014,2025-08-06,238,93755
KROGER-1014,2025-08-07,278,94033
KROGER-1014,2025-08-08,273,94306
KROGER-1014,2025-08-09,311,94617
KROGER-1014,2025-08-10,303,94920
KROGER-1014,2025-08-11,272,95192
KROGER-1014,2025-08-12,255,95447
KROGER-1014,2025-08-13,269,95716
KROGER-1014,2025-08-14,262,95978
KROGER-1014,2025-08-15,285,96263
KROGER-1014,2025-08-16,296,96559
KROGER-1014,2025-08-17,271,96830
KROGER-1014,2025-08-18,234,97064
KROGER-1014,2025-08-19,293,97357
KROGER-1014,2025-08-20,277,97634
KROGER-1014,2025-08-21,258,97892
KROGER-1014,2025-08-22,276,98168
KROGER-1014,2025-08-23,280,98448
KROGER-1014,2025-08-24,307,98755
KROGER-1014,2025-08-25,224,98979
KROGER-1014,2025-08-26,256,99235
KROGER-1014,2025-08-27,299,99534
KROGER-1014,2025-08-28,277,99811
KROGER-1014,2025-08-29,302,100113
KROGER-1014,2025-08-30,251,100364
KROGER-1014,2025-08-31,302,100666
KROGER-1015,2024-09-01,303,303
KROGER-1015,2024-09-02,231,534
KROGER-1015,2024-09-03,261,795
KROGER-1015,2024-09-04,265,1060
KROGER-1015,2024-09-05,233,1293
KROGER-1015,2024-09-06,261,1554
KROGER-1015,2024-09-07,300,1854
KROGER-1015,2024-09-08,272,2126
KROGER-1015,2024-09-09,272,2398
KROGER-1015,2024-09-10,273,2671
KROGER-1015,2024-09-11,267,2938
KROGER-1015,2024-09-12,252,3190
KROGER-1015,2024-09-13,281,3471
KROGER-1015,2024-09-14,245,3716
KROGER-1015,2024-09-15,281,3997
KROGER-1015,2024-09-16,297,4294
KROGER-1015,2024-09-17,258,4552
KROGER-1015,2024-09-18,252,4804
KROGER-1015,2024-09-19,283,5087
KROGER-1015,2024-09-20,271,5358
KROGER-1015,2024-09-21,297,5655
KROGER-1015,2024-09-22,282,5937
KROGER-1015,2024-09-23,216,6153
KROGER-1015,2024-09-24,293,6446
KROGER-1015,2024-09-25,312,6758
KROGER-1015,2024-09-26,295,7053
KROGER-1015,2024-09-27,191,7244
KROGER-1015,2024-09-28,291,7535
KROGER-1015,2024-09-29,270,7805
KROGER-1015,2024-09-30,244,8049
KROGER-1015,2024-10-01,270,8319
KROGER-1015,2024-10-02,264,8583
KROGER-1015,2024-10-03,278,8861
KROGER-1015,2024-10-04,269,9130
KROGER-1015,2024-10-05,255,9385
KROGER-1015,2024-10-06,268,9653
KROGER-1015,2024-10-07,251,9904
KROGER-1015,2024-10-08,231,10135
KROGER-1015,2024-10-09,238,10373
KROGER-1015,2024-10-10,263,10636
KROGER-1015,2024-10-11,298,10934
KROGER-1015,2024-10-12,269,11203
KROGER-1015,2024-10-13,264,11467
KROGER-1015,2024-10-14,242,11709
KROGER-1015,2024-10-15,268,11977
KROGER-1015,2024-10-16,293,12270
KROGER-1015,2024-10-17,310,12580
KROGER-1015,2024-10-18,273,12853
KROGER-1015,2024-10-19,284,13137
KROGER-1015,2024-10-20,268,13405
KROGER-1015,2024-10-21,259,13664
KROGER-1015,2024-10-22,281,13945
KROGER-1015,2024-10-23,261,14206
KROGER-1015,2024-10-24,264,14470
KROGER-1015,2024-10-25,267,14737
KROGER-1015,2024-10-26,267,15004
KROGER-1015,2024-10-27,279,15283
KROGER-1015,2024-10-28,224,15507
KROGER-1015,2024-10-29,279,15786
KROGER-1015,2024-10-30,318,16104
KROGER-1015,2024-10-31,255,16359
KROGER-1015,2024-11-01,330,16689
KROGER-1015,2024-11-02,360,17049
KROGER-1015,2024-11-03,372,17421
KROGER-1015,2024-11-04,314,17735
KROGER-1015,2024-11-05,275,18010
KROGER-1015,2024-11-06,328,18338
KROGER-1015,2024-11-07,324,18662
KROGER-1015,2024-11-08,312,18974
KROGER-1015,2024-11-09,333,19307
KROGER-1015,2024-11-10,341,19648
KROGER-1015,2024-11-11,330,19978
KROGER-1015,2024-11-12,329,20307
KROGER-1015,2024-11-13,315,20622
KROGER-1015,2024-11-14,331,20953
KROGER-1015,2024-11-15,314,21267
KROGER-1015,2024-11-16,354,21621
KROGER-1015,2024-11-17,320,21941
KROGER-1015,2024-11-18,323,22264
KROGER-1015,2024-11-19,279,22543
KROGER-1015,2024-11-20,311,22854
KROGER-1015,2024-11-21,335,23189
KROGER-1015,2024-11-22,294,23483
KROGER-1015,2024-11-23,328,23811
KROGER-1015,2024-11-24,272,24083
KROGER-1015,2024-11-25,286,24369
KROGER-1015,2024-11-26,292,24661
KROGER-1015,2024-11-27,323,24984
KROGER-1015,2024-11-28,329,25313
KROGER-1015,2024-11-29,319,25632
KROGER-1015,2024-11-30,327,25959
KROGER-1015,2024-12-01,327,26286
KROGER-1015,2024-12-02,339,26625
KROGER-1015,2024-12-03,326,26951
KROGER-1015,2024-12-04,312,27263
KROGER-1015,2024-12-05,354,27617
KROGER-1015,2024-12-06,371,27988
KROGER-1015,2024-12-07,303,28291
KROGER-1015,2024-12-08,351,28642
KROGER-1015,2024-12-09,400,29042
KROGER-1015,2024-12-10,328,29370
KROGER-1015,2024-12-11,324,29694
KROGER-1015,2024-12-12,319,30013
KROGER-1015,2024-12-13,333,30346
KROGER-1015,2024-12-14,357,30703
KROGER-1015,2024-12-15,303,31006
KROGER-1015,2024-12-16,320,31326
KROGER-1015,2024-12-17,263,31589
KROGER-1015,2024-12-18,315,31904
KROGER-1015,2024-12-19,298,32202
KROGER-1015,2024-12-20,330,32532
KROGER-1015,2024-12-21,292,32824
KROGER-1015,2024-12-22,323,33147
KROGER-1015,2024-12-23,346,33493
KROGER-1015,2024-12-24,303,33796
KROGER-1015,2024-12-25,272,34068
KROGER-1015,2024-12-26,327,34395
KROGER-1015,2024-12-27,306,34701
KROGER-1015,2024-12-28,332,35033
KROGER-1015,2024-12-29,317,35350
KROGER-1015,2024-12-30,372,35722
KROGER-1015,2024-12-31,281,36003
KROGER-1015,2025-01-01,328,36331
KROGER-1015,2025-01-02,259,36590
KROGER-1015,2025-01-03,271,36861
KROGER-1015,2025-01-04,268,37129
KROGER-1015,2025-01-05,267,37396
KROGER-1015,2025-01-06,250,37646
KROGER-1015,2025-01-07,280,37926
KROGER-1015,2025-01-08,237,38163
KROGER-1015,2025-01-09,275,38438
KROGER-1015,2025-01-10,221,38659
KROGER-1015,2025-01-11,287,38946
KROGER-1015,2025-01-12,300,39246
KROGER-1015,2025-01-13,240,39486
KROGER-1015,2025-01-14,282,39768
KROGER-1015,2025-01-15,268,40036
KROGER-1015,2025-01-16,302,40338
KROGER-1015,2025-01-17,249,40587
KROGER-1015,2025-01-18,344,40931
KROGER-1015,2025-01-19,227,41158
KROGER-1015,2025-01-20,260,41418
KROGER-1015,2025-01-21,231,41649
KROGER-1015,2025-01-22,307,41956
KROGER-1015,2025-01-23,262,42218
KROGER-1015,2025-01-24,264,42482
KROGER-1015,2025-01-25,291,42773
KROGER-1015,2025-01-26,281,43054
KROGER-1015,2025-01-27,255,43309
KROGER-1015,2025-01-28,240,43549
KROGER-1015,2025-01-29,271,43820
KROGER-1015,2025-01-30,275,44095
KROGER-1015,2025-01-31,282,44377
KROGER-1015,2025-02-01,324,44701
KROGER-1015,2025-02-02,232,44933
KROGER-1015,2025-02-03,266,45199
KROGER-1015,2025-02-04,293,45492
KROGER-1015,2025-02-05,265,45757
KROGER-1015,2025-02-06,217,45974
KROGER-1015,2025-02-07,240,46214
KROGER-1015,2025-02-08,288,46502
KROGER-1015,2025-02-09,287,46789
KROGER-1015,2025-02-10,282,47071
KROGER-1015,2025-02-11,251,47322
KROGER-1015,2025-02-12,273,47595
KROGER-1015,2025-02-13,247,47842
KROGER-1015,2025-02-14,273,48115
KROGER-1015,2025-02-15,282,48397
KROGER-1015,2025-02-16,262,48659
KROGER-1015,2025-02-17,301,48960
KROGER-1015,2025-02-18,231,49191
KROGER-1015,2025-02-19,264,49455
KROGER-1015,2025-02-20,249,49704
KROGER-1015,2025-02-21,307,50011
KROGER-1015,2025-02-22,294,50305
KROGER-1015,2025-02-23,266,50571
KROGER-1015,2025-02-24,261,50832
KROGER-1015,2025-02-25,307,51139
KROGER-1015,2025-02-26,247,51386
KROGER-1015,2025-02-27,230,51616
KROGER-1015,2025-02-28,274,51890
KROGER-1015,2025-03-01,288,52178
KROGER-1015,2025-03-02,296,52474
KROGER-1015,2025-03-03,282,52756
KROGER-1015,2025-03-04,305,53061
KROGER-1015,2025-03-05,230,53291
KROGER-1015,2025-03-06,242,53533
KROGER-1015,2025-03-07,281,53814
KROGER-1015,2025-03-08,256,54070
KROGER-1015,2025-03-09,248,54318
KROGER-1015,2025-03-10,307,54625
KROGER-1015,2025-03-11,233,54858
KROGER-1015,2025-03-12,260,55118
KROGER-1015,2025-03-13,266,55384
KROGER-1015,2025-03-14,295,55679
KROGER-1015,2025-03-15,239,55918
KROGER-1015,2025-03-16,290,56208
KROGER-1015,2025-03-17,248,56456
KROGER-1015,2025-03-18,281,56737
KROGER-1015,2025-03-19,248,56985
KROGER-1015,2025-03-20,301,57286
KROGER-1015,2025-03-21,248,57534
KROGER-1015,2025-03-22,225,57759
KROGER-1015,2025-03-23,263,58022
KROGER-1015,2025-03-24,262,58284
KROGER-1015,2025-03-25,290,58574
KROGER-1015,2025-03-26,240,58814
KROGER-1015,2025-03-27,241,59055
KROGER-1015,2025-03-28,288,59343
KROGER-1015,2025-03-29,250,59593
KROGER-1015,2025-03-30,277,59870
KROGER-1015,2025-03-31,264,60134
KROGER-1015,2025-04-01,272,60406
KROGER-1015,2025-04-02,251,60657
KROGER-1015,2025-04-03,247,60904
KROGER-1015,2025-04-04,274,61178
KROGER-1015,2025-04-05,261,61439
KROGER-1015,2025-04-06,250,61689
KROGER-1015,2025-04-07,294,61983
KROGER-1015,2025-04-08,278,62261
KROGER-1015,2025-04-09,305,62566
KROGER-1015,2025-04-10,284,62850
KROGER-1015,2025-04-11,240,63090
KROGER-1015,2025-04-12,283,63373
KROGER-1015,2025-04-13,258,63631
KROGER-1015,2025-04-14,232,63863
KROGER-1015,2025-04-15,258,64121
KROGER-1015,2025-04-16,288,64409
KROGER-1015,2025-04-17,273,64682
KROGER-1015,2025-04-18,238,64920
KROGER-1015,2025-04-19,270,65190
KROGER-1015,2025-04-20,277,65467
KROGER-1015,2025-04-21,231,65698
KROGER-1015,2025-04-22,283,65981
KROGER-1015,2025-04-23,262,66243
KROGER-1015,2025-04-24,238,66481
KROGER-1015,2025-04-25,236,66717
KROGER-1015,2025-04-26,305,67022
KROGER-1015,2025-04-27,272,67294
KROGER-1015,2025-04-28,293,67587
KROGER-1015,2025-04-29,301,67888
KROGER-1015,2025-04-30,289,68177
KROGER-1015,2025-05-01,256,68433
KROGER-1015,2025-05-02,214,68647
KROGER-1015,2025-05-03,288,68935
KROGER-1015,2025-05-04,328,69263
KROGER-1015,2025-05-05,267,69530
KROGER-1015,2025-05-06,225,69755
KROGER-1015,2025-05-07,253,70008
KROGER-1015,2025-05-08,263,70271
KROGER-1015,2025-05-09,244,70515
KROGER-1015,2025-05-10,223,70738
KROGER-1015,2025-05-11,278,71016
KROGER-1015,2025-05-12,250,71266
KROGER-1015,2025-05-13,305,71571
KROGER-1015,2025-05-14,269,71840
KROGER-1015,2025-05-15,277,72117
KROGER-1015,2025-05-16,265,72382
KROGER-1015,2025-05-17,283,72665
KROGER-1015,2025-05-18,244,72909
KROGER-1015,2025-05-19,245,73154
KROGER-1015,2025-05-20,291,73445
KROGER-1015,2025-05-21,272,73717
KROGER-1015,2025-05-22,259,73976
KROGER-1015,2025-05-23,278,74254
KROGER-1015,2025-05-24,292,74546
KROGER-1015,2025-05-25,325,74871
KROGER-1015,2025-05-26,271,75142
KROGER-1015,2025-05-27,245,75387
KROGER-1015,2025-05-28,265,75652
KROGER-1015,2025-05-29,280,75932
KROGER-1015,2025-05-30,289,76221
KROGER-1015,2025-05-31,244,76465
KROGER-1015,2025-06-01,286,76751
KROGER-1015,2025-06-02,248,76999
KROGER-1015,2025-06-03,255,77254
KROGER-1015,2025-06-04,285,77539
KROGER-1015,2025-06-05,283,77822
KROGER-1015,2025-06-06,253,78075
KROGER-1015,2025-06-07,277,78352
KROGER-1015,2025-06-08,269,78621
KROGER-1015,2025-06-09,329,78950
KROGER-1015,2025-06-10,273,79223
KROGER-1015,2025-06-11,249,79472
KROGER-1015,2025-06-12,296,79768
KROGER-1015,2025-06-13,296,80064
KROGER-1015,2025-06-14,321,80385
KROGER-1015,2025-06-15,328,80713
KROGER-1015,2025-06-16,282,80995
KROGER-1015,2025-06-17,260,81255
KROGER-1015,2025-06-18,263,81518
KROGER-1015,2025-06-19,261,81779
KROGER-1015,2025-06-20,259,82038
KROGER-1015,2025-06-21,309,82347
KROGER-1015,2025-06-22,281,82628
KROGER-1015,2025-06-23,288,82916
KROGER-1015,2025-06-24,282,83198
KROGER-1015,2025-06-25,244,83442
KROGER-1015,2025-06-26,231,83673
KROGER-1015,2025-06-27,241,83914
KROGER-1015,2025-06-28,271,84185
KROGER-1015,2025-06-29,284,84469
KROGER-1015,2025-06-30,253,84722
KROGER-1015,2025-07-01,282,85004
KROGER-1015,2025-07-02,256,85260
KROGER-1015,2025-07-03,273,85533
KROGER-1015,2025-07-04,270,85803
KROGER-1015,2025-07-05,320,86123
KROGER-1015,2025-07-06,259,86382
KROGER-1015,2025-07-07,315,86697
KROGER-1015,2025-07-08,255,86952
KROGER-1015,2025-07-09,239,87191
KROGER-1015,2025-07-10,263,87454
KROGER-1015,2025-07-11,337,87791
KROGER-1015,2025-07-12,301,88092
KROGER-1015,2025-07-13,294,88386
KROGER-1015,2025-07-14,284,88670
KROGER-1015,2025-07-15,251,88921
KROGER-1015,2025-07-16,274,89195
KROGER-1015,2025-07-17,267,89462
KROGER-1015,2025-07-18,306,89768
KROGER-1015,2025-07-19,278,90046
KROGER-1015,2025-07-20,272,90318
KROGER-1015,2025-07-21,242,90560
KROGER-1015,2025-07-22,270,90830
KROGER-1015,2025-07-23,274,91104
KROGER-1015,2025-07-24,242,91346
KROGER-1015,2025-07-25,277,91623
KROGER-1015,2025-07-26,286,91909
KROGER-1015,2025-07-27,303,92212
KROGER-1015,2025-07-28,293,92505
KROGER-1015,2025-07-29,269,92774
KROGER-1015,2025-07-30,245,93019
KROGER-1015,2025-07-31,250,93269
KROGER-1015,2025-08-01,305,93574
KROGER-1015,2025-08-02,284,93858
KROGER-1015,2025-08-03,320,94178
KROGER-1015,2025-08-04,278,94456
KROGER-1015,2025-08-05,283,94739
KROGER-1015,2025-08-06,287,95026
KROGER-1015,2025-08-07,241,95267
KROGER-1015,2025-08-08,274,95541
KROGER-1015,2025-08-09,253,95794
KROGER-1015,2025-08-10,274,96068
KROGER-1015,2025-08-11,281,96349
KROGER-1015,2025-08-12,245,96594
KROGER-1015,2025-08-13,279,96873
KROGER-1015,2025-08-14,235,97108
KROGER-1015,2025-08-15,292,97400
KROGER-1015,2025-08-16,266,97666
KROGER-1015,2025-08-17,258,97924
KROGER-1015,2025-08-18,237,98161
KROGER-1015,2025-08-19,255,98416
KROGER-1015,2025-08-20,226,98642
KROGER-1015,2025-08-21,256,98898
KROGER-1015,2025-08-22,291,99189
KROGER-1015,2025-08-23,276,99465
KROGER-1015,2025-08-24,254,99719
KROGER-1015,2025-08-25,272,99991
KROGER-1015,2025-08-26,270,100261
KROGER-1015,2025-08-27,309,100570
KROGER-1015,2025-08-28,284,100854
KROGER-1015,2025-08-29,274,101128
KROGER-1015,2025-08-30,301,101429
KROGER-1015,2025-08-31,278,101707
KROGER-1016,2024-09-01,395,395
KROGER-1016,2024-09-02,429,824
KROGER-1016,2024-09-03,329,1153
KROGER-1016,2024-09-04,408,1561
KROGER-1016,2024-09-05,375,1936
KROGER-1016,2024-09-06,369,2305
KROGER-1016,2024-09-07,380,2685
KROGER-1016,2024-09-08,402,3087
KROGER-1016,2024-09-09,377,3464
KROGER-1016,2024-09-10,366,3830
KROGER-1016,2024-09-11,357,4187
KROGER-1016,2024-09-12,321,4508
KROGER-1016,2024-09-13,356,4864
KROGER-1016,2024-09-14,381,5245
KROGER-1016,2024-09-15,402,5647
KROGER-1016,2024-09-16,438,6085
KROGER-1016,2024-09-17,360,6445
KROGER-1016,2024-09-18,347,6792
KROGER-1016,2024-09-19,357,7149
KROGER-1016,2024-09-20,383,7532
KROGER-1016,2024-09-21,416,7948
KROGER-1016,2024-09-22,420,8368
KROGER-1016,2024-09-23,403,8771
KROGER-1016,2024-09-24,408,9179
KROGER-1016,2024-09-25,370,9549
KROGER-1016,2024-09-26,440,9989
KROGER-1016,2024-09-27,368,10357
KROGER-1016,2024-09-28,401,10758
KROGER-1016,2024-09-29,438,11196
KROGER-1016,2024-09-30,395,11591
KROGER-1016,2024-10-01,310,11901
KROGER-1016,2024-10-02,378,12279
KROGER-1016,2024-10-03,404,12683
KROGER-1016,2024-10-04,338,13021
KROGER-1016,2024-10-05,421,13442
KROGER-1016,2024-10-06,410,13852
KROGER-1016,2024-10-07,414,14266
KROGER-1016,2024-10-08,357,14623
KROGER-1016,2024-10-09,408,15031
KROGER-1016,2024-10-10,383,15414
KROGER-1016,2024-10-11,432,15846
KROGER-1016,2024-10-12,486,16332
KROGER-1016,2024-10-13,446,16778
KROGER-1016,2024-10-14,393,17171
KROGER-1016,2024-10-15,449,17620
KROGER-1016,2024-10-16,397,18017
KROGER-1016,2024-10-17,351,18368
KROGER-1016,2024-10-18,377,18745
KROGER-1016,2024-10-19,421,19166
KROGER-1016,2024-10-20,423,19589
KROGER-1016,2024-10-21,344,19933
KROGER-1016,2024-10-22,345,20278
KROGER-1016,2024-10-23,368,20646
KROGER-1016,2024-10-24,394,21040
KROGER-1016,2024-10-25,398,21438
KROGER-1016,2024-10-26,402,21840
KROGER-1016,2024-10-27,371,22211
KROGER-1016,2024-10-28,431,22642
KROGER-1016,2024-10-29,346,22988
KROGER-1016,2024-10-30,418,23406
KROGER-1016,2024-10-31,401,23807
KROGER-1016,2024-11-01,501,24308
KROGER-1016,2024-11-02,460,24768
KROGER-1016,2024-11-03,471,25239
KROGER-1016,2024-11-04,456,25695
KROGER-1016,2024-11-05,437,26132
KROGER-1016,2024-11-06,462,26594
KROGER-1016,2024-11-07,511,27105
KROGER-1016,2024-11-08,407,27512
KROGER-1016,2024-11-09,452,27964
KROGER-1016,2024-11-10,448,28412
KROGER-1016,2024-11-11,451,28863
KROGER-1016,2024-11-12,449,29312
KROGER-1016,2024-11-13,482,29794
KROGER-1016,2024-11-14,455,30249
KROGER-1016,2024-11-15,465,30714
KROGER-1016,2024-11-16,492,31206
KROGER-1016,2024-11-17,486,31692
KROGER-1016,2024-11-18,480,32172
KROGER-1016,2024-11-19,450,32622
KROGER-1016,2024-11-20,514,33136
KROGER-1016,2024-11-21,546,33682
KROGER-1016,2024-11-22,480,34162
KROGER-1016,2024-11-23,485,34647
KROGER-1016,2024-11-24,501,35148
KROGER-1016,2024-11-25,414,35562
KROGER-1016,2024-11-26,461,36023
KROGER-1016,2024-11-27,427,36450
KROGER-1016,2024-11-28,473,36923
KROGER-1016,2024-11-29,428,37351
KROGER-1016,2024-11-30,464,37815
KROGER-1016,2024-12-01,405,38220
KROGER-1016,2024-12-02,411,38631
KROGER-1016,2024-12-03,467,39098
KROGER-1016,2024-12-04,422,39520
KROGER-1016,2024-12-05,493,40013
KROGER-1016,2024-12-06,419,40432
KROGER-1016,2024-12-07,494,40926
KROGER-1016,2024-12-08,448,41374
KROGER-1016,2024-12-09,468,41842
KROGER-1016,2024-12-10,398,42240
KROGER-1016,2024-12-11,438,42678
KROGER-1016,2024-12-12,423,43101
KROGER-1016,2024-12-13,486,43587
KROGER-1016,2024-12-14,494,44081
KROGER-1016,2024-12-15,430,44511
KROGER-1016,2024-12-16,447,44958
KROGER-1016,2024-12-17,426,45384
KROGER-1016,2024-12-18,489,45873
KROGER-1016,2024-12-19,500,46373
KROGER-1016,2024-12-20,402,46775
KROGER-1016,2024-12-21,508,47283
KROGER-1016,2024-12-22,445,47728
KROGER-1016,2024-12-23,445,48173
KROGER-1016,2024-12-24,455,48628
KROGER-1016,2024-12-25,520,49148
KROGER-1016,2024-12-26,418,49566
KROGER-1016,2024-12-27,484,50050
KROGER-1016,2024-12-28,432,50482
KROGER-1016,2024-12-29,429,50911
KROGER-1016,2024-12-30,455,51366
KROGER-1016,2024-12-31,455,51821
KROGER-1016,2025-01-01,292,52113
KROGER-1016,2025-01-02,413,52526
KROGER-1016,2025-01-03,313,52839
KROGER-1016,2025-01-04,393,53232
KROGER-1016,2025-01-05,439,53671
KROGER-1016,2025-01-06,445,54116
KROGER-1016,2025-01-07,367,54483
KROGER-1016,2025-01-08,335,54818
KROGER-1016,2025-01-09,417,55235
KROGER-1016,2025-01-10,404,55639
KROGER-1016,2025-01-11,382,56021
KROGER-1016,2025-01-12,378,56399
KROGER-1016,2025-01-13,357,56756
KROGER-1016,2025-01-14,368,57124
KROGER-1016,2025-01-15,388,57512
KROGER-1016,2025-01-16,361,57873
KROGER-1016,2025-01-17,365,58238
KROGER-1016,2025-01-18,418,58656
KROGER-1016,2025-01-19,350,59006
KROGER-1016,2025-01-20,367,59373
KROGER-1016,2025-01-21,327,59700
KROGER-1016,2025-01-22,382,60082
KROGER-1016,2025-01-23,319,60401
KROGER-1016,2025-01-24,405,60806
KROGER-1016,2025-01-25,355,61161
KROGER-1016,2025-01-26,341,61502
KROGER-1016,2025-01-27,367,61869
KROGER-1016,2025-01-28,430,62299
KROGER-1016,2025-01-29,400,62699
KROGER-1016,2025-01-30,320,63019
KROGER-1016,2025-01-31,338,63357
KROGER-1016,2025-02-01,385,63742
KROGER-1016,2025-02-02,468,64210
KROGER-1016,2025-02-03,350,64560
KROGER-1016,2025-02-04,350,64910
KROGER-1016,2025-02-05,425,65335
KROGER-1016,2025-02-06,384,65719
KROGER-1016,2025-02-07,410,66129
KROGER-1016,2025-02-08,374,66503
KROGER-1016,2025-02-09,394,66897
KROGER-1016,2025-02-10,418,67315
KROGER-1016,2025-02-11,374,67689
KROGER-1016,2025-02-12,412,68101
KROGER-1016,2025-02-13,390,68491
KROGER-1016,2025-02-14,347,68838
KROGER-1016,2025-02-15,397,69235
KROGER-1016,2025-02-16,428,69663
KROGER-1016,2025-02-17,399,70062
KROGER-1016,2025-02-18,377,70439
KROGER-1016,2025-02-19,321,70760
KROGER-1016,2025-02-20,324,71084
KROGER-1016,2025-02-21,330,71414
KROGER-1016,2025-02-22,381,71795
KROGER-1016,2025-02-23,385,72180
KROGER-1016,2025-02-24,334,72514
KROGER-1016,2025-02-25,409,72923
KROGER-1016,2025-02-26,340,73263
KROGER-1016,2025-02-27,337,73600
KROGER-1016,2025-02-28,381,73981
KROGER-1016,2025-03-01,428,74409
KROGER-1016,2025-03-02,463,74872
KROGER-1016,2025-03-03,396,75268
KROGER-1016,2025-03-04,426,75694
KROGER-1016,2025-03-05,342,76036
KROGER-1016,2025-03-06,444,76480
KROGER-1016,2025-03-07,322,76802
KROGER-1016,2025-03-08,381,77183
KROGER-1016,2025-03-09,415,77598
KROGER-1016,2025-03-10,330,77928
KROGER-1016,2025-03-11,350,78278
KROGER-1016,2025-03-12,345,78623
KROGER-1016,2025-03-13,369,78992
KROGER-1016,2025-03-14,421,79413
KROGER-1016,2025-03-15,398,79811
KROGER-1016,2025-03-16,382,80193
KROGER-1016,2025-03-17,291,80484
KROGER-1016,2025-03-18,392,80876
KROGER-1016,2025-03-19,402,81278
KROGER-1016,2025-03-20,327,81605
KROGER-1016,2025-03-21,376,81981
KROGER-1016,2025-03-22,403,82384
KROGER-1016,2025-03-23,428,82812
KROGER-1016,2025-03-24,356,83168
KROGER-1016,2025-03-25,352,83520
KROGER-1016,2025-03-26,364,83884
KROGER-1016,2025-03-27,417,84301
KROGER-1016,2025-03-28,410,84711
KROGER-1016,2025-03-29,397,85108
KROGER-1016,2025-03-30,430,85538
KROGER-1016,2025-03-31,306,85844
KROGER-1016,2025-04-01,402,86246
KROGER-1016,2025-04-02,344,86590
KROGER-1016,2025-04-03,432,87022
KROGER-1016,2025-04-04,346,87368
KROGER-1016,2025-04-05,370,87738
KROGER-1016,2025-04-06,415,88153
KROGER-1016,2025-04-07,398,88551
KROGER-1016,2025-04-08,365,88916
KROGER-1016,2025-04-09,390,89306
KROGER-1016,2025-04-10,393,89699
KROGER-1016,2025-04-11,390,90089
KROGER-1016,2025-04-12,384,90473
KROGER-1016,2025-04-13,413,90886
KROGER-1016,2025-04-14,421,91307
KROGER-1016,2025-04-15,341,91648
KROGER-1016,2025-04-16,353,92001
KROGER-1016,2025-04-17,379,92380
KROGER-1016,2025-04-18,346,92726
KROGER-1016,2025-04-19,340,93066
KROGER-1016,2025-04-20,432,93498
KROGER-1016,2025-04-21,311,93809
KROGER-1016,2025-04-22,366,94175
KROGER-1016,2025-04-23,401,94576
KROGER-1016,2025-04-24,386,94962
KROGER-1016,2025-04-25,367,95329
KROGER-1016,2025-04-26,362,95691
KROGER-1016,2025-04-27,408,96099
KROGER-1016,2025-04-28,348,96447
KROGER-1016,2025-04-29,386,96833
KROGER-1016,2025-04-30,383,97216
KROGER-1016,2025-05-01,383,97599
KROGER-1016,2025-05-02,359,97958
KROGER-1016,2025-05-03,462,98420
KROGER-1016,2025-05-04,409,98829
KROGER-1016,2025-05-05,370,99199
KROGER-1016,2025-05-06,386,99585
KROGER-1016,2025-05-07,355,99940
KROGER-1016,2025-05-08,367,100307
KROGER-1016,2025-05-09,451,100758
KROGER-1016,2025-05-10,373,101131
KROGER-1016,2025-05-11,395,101526
KROGER-1016,2025-05-12,364,101890
KROGER-1016,2025-05-13,347,102237
KROGER-1016,2025-05-14,391,102628
KROGER-1016,2025-05-15,379,103007
KROGER-1016,2025-05-16,406,103413
KROGER-1016,2025-05-17,423,103836
KROGER-1016,2025-05-18,426,104262
KROGER-1016,2025-05-19,350,104612
KROGER-1016,2025-05-20,398,105010
KROGER-1016,2025-05-21,398,105408
KROGER-1016,2025-05-22,347,105755
KROGER-1016,2025-05-23,369,106124
KROGER-1016,2025-05-24,351,106475
KROGER-1016,2025-05-25,419,106894
KROGER-1016,2025-05-26,398,107292
KROGER-1016,2025-05-27,422,107714
KROGER-1016,2025-05-28,371,108085
KROGER-1016,2025-05-29,392,108477
KROGER-1016,2025-05-30,408,108885
KROGER-1016,2025-05-31,373,109258
KROGER-1016,2025-06-01,368,109626
KROGER-1016,2025-06-02,356,109982
KROGER-1016,2025-06-03,368,110350
KROGER-1016,2025-06-04,352,110702
KROGER-1016,2025-06-05,358,111060
KROGER-1016,2025-06-06,405,111465
KROGER-1016,2025-06-07,394,111859
KROGER-1016,2025-06-08,407,112266
KROGER-1016,2025-06-09,362,112628
KROGER-1016,2025-06-10,360,112988
KROGER-1016,2025-06-11,387,113375
KROGER-1016,2025-06-12,382,113757
KROGER-1016,2025-06-13,402,114159
KROGER-1016,2025-06-14,439,114598
KROGER-1016,2025-06-15,375,114973
KROGER-1016,2025-06-16,404,115377
KROGER-1016,2025-06-17,346,115723
KROGER-1016,2025-06-18,441,116164
KROGER-1016,2025-06-19,354,116518
KROGER-1016,2025-06-20,399,116917
KROGER-1016,2025-06-21,363,117280
KROGER-1016,2025-06-22,392,117672
KROGER-1016,2025-06-23,425,118097
KROGER-1016,2025-06-24,353,118450
KROGER-1016,2025-06-25,445,118895
KROGER-1016,2025-06-26,378,119273
KROGER-1016,2025-06-27,408,119681
KROGER-1016,2025-06-28,410,120091
KROGER-1016,2025-06-29,412,120503
KROGER-1016,2025-06-30,335,120838
KROGER-1016,2025-07-01,364,121202
KROGER-1016,2025-07-02,414,121616
KROGER-1016,2025-07-03,368,121984
KROGER-1016,2025-07-04,382,122366
KROGER-1016,2025-07-05,348,122714
KROGER-1016,2025-07-06,380,123094
KROGER-1016,2025-07-07,412,123506
KROGER-1016,2025-07-08,339,123845
KROGER-1016,2025-07-09,400,124245
KROGER-1016,2025-07-10,384,124629
KROGER-1016,2025-07-11,371,125000
KROGER-1016,2025-07-12,388,125388
KROGER-1016,2025-07-13,382,125770
KROGER-1016,2025-07-14,366,126136
KROGER-1016,2025-07-15,406,126542
KROGER-1016,2025-07-16,365,126907
KROGER-1016,2025-07-17,433,127340
KROGER-1016,2025-07-18,387,127727
KROGER-1016,2025-07-19,379,128106
KROGER-1016,2025-07-20,428,128534
KROGER-1016,2025-07-21,397,128931
KROGER-1016,2025-07-22,328,129259
KROGER-1016,2025-07-23,347,129606
KROGER-1016,2025-07-24,375,129981
KROGER-1016,2025-07-25,330,130311
KROGER-1016,2025-07-26,464,130775
KROGER-1016,2025-07-27,423,131198
KROGER-1016,2025-07-28,378,131576
KROGER-1016,2025-07-29,368,131944
KROGER-1016,2025-07-30,360,132304
KROGER-1016,2025-07-31,319,132623
KROGER-1016,2025-08-01,326,132949
KROGER-1016,2025-08-02,458,133407
KROGER-1016,2025-08-03,447,133854
KROGER-1016,2025-08-04,361,134215
KROGER-1016,2025-08-05,406,134621
KROGER-1016,2025-08-06,394,135015
KROGER-1016,2025-08-07,397,135412
KROGER-1016,2025-08-08,335,135747
KROGER-1016,2025-08-09,340,136087
KROGER-1016,2025-08-10,435,136522
KROGER-1016,2025-08-11,318,136840
KROGER-1016,2025-08-12,374,137214
KROGER-1016,2025-08-13,367,137581
KROGER-1016,2025-08-14,364,137945
KROGER-1016,2025-08-15,388,138333
KROGER-1016,2025-08-16,376,138709
KROGER-1016,2025-08-17,410,139119
KROGER-1016,2025-08-18,383,139502
KROGER-1016,2025-08-19,442,139944
KROGER-1016,2025-08-20,336,140280
KROGER-1016,2025-08-21,379,140659
KROGER-1016,2025-08-22,391,141050
KROGER-1016,2025-08-23,389,141439
KROGER-1016,2025-08-24,355,141794
KROGER-1016,2025-08-25,416,142210
KROGER-1016,2025-08-26,388,142598
KROGER-1016,2025-08-27,340,142938
KROGER-1016,2025-08-28,392,143330
KROGER-1016,2025-08-29,430,143760
KROGER-1016,2025-08-30,396,144156
KROGER-1016,2025-08-31,397,144553
KROGER-1017,2024-09-01,469,469
KROGER-1017,2024-09-02,366,835
KROGER-1017,2024-09-03,452,1287
KROGER-1017,2024-09-04,428,1715
KROGER-1017,2024-09-05,367,2082
KROGER-1017,2024-09-06,376,2458
KROGER-1017,2024-09-07,399,2857
KROGER-1017,2024-09-08,355,3212
KROGER-1017,2024-09-09,405,3617
KROGER-1017,2024-09-10,369,3986
KROGER-1017,2024-09-11,406,4392
KROGER-1017,2024-09-12,356,4748
KROGER-1017,2024-09-13,426,5174
KROGER-1017,2024-09-14,441,5615
KROGER-1017,2024-09-15,393,6008
KROGER-1017,2024-09-16,408,6416
KROGER-1017,2024-09-17,399,6815
KROGER-1017,2024-09-18,444,7259
KROGER-1017,2024-09-19,364,7623
KROGER-1017,2024-09-20,392,8015
KROGER-1017,2024-09-21,395,8410
KROGER-1017,2024-09-22,418,8828
KROGER-1017,2024-09-23,414,9242
KROGER-1017,2024-09-24,376,9618
KROGER-1017,2024-09-25,385,10003
KROGER-1017,2024-09-26,428,10431
KROGER-1017,2024-09-27,440,10871
KROGER-1017,2024-09-28,433,11304
KROGER-1017,2024-09-29,412,11716
KROGER-1017,2024-09-30,389,12105
KROGER-1017,2024-10-01,414,12519
KROGER-1017,2024-10-02,404,12923
KROGER-1017,2024-10-03,344,13267
KROGER-1017,2024-10-04,415,13682
KROGER-1017,2024-10-05,388,14070
KROGER-1017,2024-10-06,369,14439
KROGER-1017,2024-10-07,344,14783
KROGER-1017,2024-10-08,390,15173
KROGER-1017,2024-10-09,365,15538
KROGER-1017,2024-10-10,323,15861
KROGER-1017,2024-10-11,385,16246
KROGER-1017,2024-10-12,400,16646
KROGER-1017,2024-10-13,412,17058
KROGER-1017,2024-10-14,377,17435
KROGER-1017,2024-10-15,455,17890
KROGER-1017,2024-10-16,413,18303
KROGER-1017,2024-10-17,381,18684
KROGER-1017,2024-10-18,395,19079
KROGER-1017,2024-10-19,464,19543
KROGER-1017,2024-10-20,449,19992
KROGER-1017,2024-10-21,352,20344
KROGER-1017,2024-10-22,366,20710
KROGER-1017,2024-10-23,372,21082
KROGER-1017,2024-10-24,383,21465
KROGER-1017,2024-10-25,378,21843
KROGER-1017,2024-10-26,418,22261
KROGER-1017,2024-10-27,441,22702
KROGER-1017,2024-10-28,426,23128
KROGER-1017,2024-10-29,386,23514
KROGER-1017,2024-10-30,345,23859
KROGER-1017,2024-10-31,364,24223
KROGER-1017,2024-11-01,456,24679
KROGER-1017,2024-11-02,450,25129
KROGER-1017,2024-11-03,546,25675
KROGER-1017,2024-11-04,431,26106
KROGER-1017,2024-11-05,500,26606
KROGER-1017,2024-11-06,412,27018
KROGER-1017,2024-11-07,501,27519
KROGER-1017,2024-11-08,471,27990
KROGER-1017,2024-11-09,561,28551
KROGER-1017,2024-11-10,455,29006
KROGER-1017,2024-11-11,455,29461
KROGER-1017,2024-11-12,462,29923
KROGER-1017,2024-11-13,470,30393
KROGER-1017,2024-11-14,463,30856
KROGER-1017,2024-11-15,464,31320
KROGER-1017,2024-11-16,486,31806
KROGER-1017,2024-11-17,417,32223
KROGER-1017,2024-11-18,514,32737
KROGER-1017,2024-11-19,585,33322
KROGER-1017,2024-11-20,488,33810
KROGER-1017,2024-11-21,433,34243
KROGER-1017,2024-11-22,437,34680
KROGER-1017,2024-11-23,525,35205
KROGER-1017,2024-11-24,516,35721
KROGER-1017,2024-11-25,465,36186
KROGER-1017,2024-11-26,505,36691
KROGER-1017,2024-11-27,398,37089
KROGER-1017,2024-11-28,505,37594
KROGER-1017,2024-11-29,485,38079
KROGER-1017,2024-11-30,460,38539
KROGER-1017,2024-12-01,443,38982
KROGER-1017,2024-12-02,481,39463
KROGER-1017,2024-12-03,530,39993
KROGER-1017,2024-12-04,468,40461
KROGER-1017,2024-12-05,444,40905
KROGER-1017,2024-12-06,484,41389
KROGER-1017,2024-12-07,573,41962
KROGER-1017,2024-12-08,517,42479
KROGER-1017,2024-12-09,497,42976
KROGER-1017,2024-12-10,523,43499
KROGER-1017,2024-12-11,494,43993
KROGER-1017,2024-12-12,446,44439
KROGER-1017,2024-12-13,410,44849
KROGER-1017,2024-12-14,463,45312
KROGER-1017,2024-12-15,456,45768
KROGER-1017,2024-12-16,501,46269
KROGER-1017,2024-12-17,507,46776
KROGER-1017,2024-12-18,483,47259
KROGER-1017,2024-12-19,428,47687
KROGER-1017,2024-12-20,544,48231
KROGER-1017,2024-12-21,483,48714
KROGER-1017,2024-12-22,524,49238
KROGER-1017,2024-12-23,478,49716
KROGER-1017,2024-12-24,484,50200
KROGER-1017,2024-12-25,498,50698
KROGER-1017,2024-12-26,450,51148
KROGER-1017,2024-12-27,526,51674
KROGER-1017,2024-12-28,437,52111
KROGER-1017,2024-12-29,459,52570
KROGER-1017,2024-12-30,526,53096
KROGER-1017,2024-12-31,499,53595
KROGER-1017,2025-01-01,478,54073
KROGER-1017,2025-01-02,399,54472
KROGER-1017,2025-01-03,451,54923
KROGER-1017,2025-01-04,355,55278
KROGER-1017,2025-01-05,370,55648
KROGER-1017,2025-01-06,425,56073
KROGER-1017,2025-01-07,342,56415
KROGER-1017,2025-01-08,391,56806
KROGER-1017,2025-01-09,434,57240
KROGER-1017,2025-01-10,413,57653
KROGER-1017,2025-01-11,417,58070
KROGER-1017,2025-01-12,402,58472
KROGER-1017,2025-01-13,403,58875
KROGER-1017,2025-01-14,415,59290
KROGER-1017,2025-01-15,376,59666
KROGER-1017,2025-01-16,409,60075
KROGER-1017,2025-01-17,431,60506
KROGER-1017,2025-01-18,409,60915
KROGER-1017,2025-01-19,419,61334
KROGER-1017,2025-01-20,412,61746
KROGER-1017,2025-01-21,414,62160
KROGER-1017,2025-01-22,425,62585
KROGER-1017,2025-01-23,365,62950
KROGER-1017,2025-01-24,380,63330
KROGER-1017,2025-01-25,400,63730
KROGER-1017,2025-01-26,387,64117
KROGER-1017,2025-01-27,340,64457
KROGER-1017,2025-01-28,293,64750
KROGER-1017,2025-01-29,435,65185
KROGER-1017,2025-01-30,347,65532
KROGER-1017,2025-01-31,447,65979
KROGER-1017,2025-02-01,441,66420
KROGER-1017,2025-02-02,403,66823
KROGER-1017,2025-02-03,416,67239
KROGER-1017,2025-02-04,410,67649
KROGER-1017,2025-02-05,362,68011
KROGER-1017,2025-02-06,396,68407
KROGER-1017,2025-02-07,366,68773
KROGER-1017,2025-02-08,439,69212
KROGER-1017,2025-02-09,393,69605
KROGER-1017,2025-02-10,394,69999
KROGER-1017,2025-02-11,392,70391
KROGER-1017,2025-02-12,401,70792
KROGER-1017,2025-02-13,450,71242
KROGER-1017,2025-02-14,389,71631
KROGER-1017,2025-02-15,457,72088
KROGER-1017,2025-02-16,433,72521
KROGER-1017,2025-02-17,442,72963
KROGER-1017,2025-02-18,386,73349
KROGER-1017,2025-02-19,419,73768
KROGER-1017,2025-02-20,395,74163
KROGER-1017,2025-02-21,302,74465
KROGER-1017,2025-02-22,380,74845
KROGER-1017,2025-02-23,436,75281
KROGER-1017,2025-02-24,413,75694
KROGER-1017,2025-02-25,356,76050
KROGER-1017,2025-02-26,404,76454
KROGER-1017,2025-02-27,413,76867
KROGER-1017,2025-02-28,396,77263
KROGER-1017,2025-03-01,441,77704
KROGER-1017,2025-03-02,436,78140
KROGER-1017,2025-03-03,396,78536
KROGER-1017,2025-03-04,381,78917
KROGER-1017,2025-03-05,430,79347
KROGER-1017,2025-03-06,412,79759
KROGER-1017,2025-03-07,353,80112
KROGER-1017,2025-03-08,424,80536
KROGER-1017,2025-03-09,378,80914
KROGER-1017,2025-03-10,366,81280
KROGER-1017,2025-03-11,376,81656
KROGER-1017,2025-03-12,398,82054
KROGER-1017,2025-03-13,409,82463
KROGER-1017,2025-03-14,384,82847
KROGER-1017,2025-03-15,404,83251
KROGER-1017,2025-03-16,400,83651
KROGER-1017,2025-03-17,430,84081
KROGER-1017,2025-03-18,306,84387
KROGER-1017,2025-03-19,387,84774
KROGER-1017,2025-03-20,446,85220
KROGER-1017,2025-03-21,413,85633
KROGER-1017,2025-03-22,459,86092
KROGER-1017,2025-03-23,349,86441
KROGER-1017,2025-03-24,357,86798
KROGER-1017,2025-03-25,413,87211
KROGER-1017,2025-03-26,446,87657
KROGER-1017,2025-03-27,361,88018
KROGER-1017,2025-03-28,384,88402
KROGER-1017,2025-03-29,430,88832
KROGER-1017,2025-03-30,368,89200
KROGER-1017,2025-03-31,413,89613
KROGER-1017,2025-04-01,312,89925
KROGER-1017,2025-04-02,412,90337
KROGER-1017,2025-04-03,365,90702
KROGER-1017,2025-04-04,383,91085
KROGER-1017,2025-04-05,438,91523
KROGER-1017,2025-04-06,432,91955
KROGER-1017,2025-04-07,397,92352
KROGER-1017,2025-04-08,428,92780
KROGER-1017,2025-04-09,343,93123
KROGER-1017,2025-04-10,403,93526
KROGER-1017,2025-04-11,372,93898
KROGER-1017,2025-04-12,447,94345
KROGER-1017,2025-04-13,440,94785
KROGER-1017,2025-04-14,420,95205
KROGER-1017,2025-04-15,449,95654
KROGER-1017,2025-04-16,433,96087
KROGER-1017,2025-04-17,392,96479
KROGER-1017,2025-04-18,397,96876
KROGER-1017,2025-04-19,437,97313
KROGER-1017,2025-04-20,421,97734
KROGER-1017,2025-04-21,419,98153
KROGER-1017,2025-04-22,326,98479
KROGER-1017,2025-04-23,457,98936
KROGER-1017,2025-04-24,399,99335
KROGER-1017,2025-04-25,345,99680
KROGER-1017,2025-04-26,386,100066
KROGER-1017,2025-04-27,346,100412
KROGER-1017,2025-04-28,362,100774
KROGER-1017,2025-04-29,392,101166
KROGER-1017,2025-04-30,445,101611
KROGER-1017,2025-05-01,410,102021
KROGER-1017,2025-05-02,404,102425
KROGER-1017,2025-05-03,379,102804
KROGER-1017,2025-05-04,389,103193
KROGER-1017,2025-05-05,373,103566
KROGER-1017,2025-05-06,374,103940
KROGER-1017,2025-05-07,386,104326
KROGER-1017,2025-05-08,388,104714
KROGER-1017,2025-05-09,386,105100
KROGER-1017,2025-05-10,394,105494
KROGER-1017,2025-05-11,421,105915
KROGER-1017,2025-05-12,387,106302
KROGER-1017,2025-05-13,346,106648
KROGER-1017,2025-05-14,398,107046
KROGER-1017,2025-05-15,393,107439
KROGER-1017,2025-05-16,347,107786
KROGER-1017,2025-05-17,397,108183
KROGER-1017,2025-05-18,437,108620
KROGER-1017,2025-05-19,361,108981
KROGER-1017,2025-05-20,357,109338
KROGER-1017,2025-05-21,386,109724
KROGER-1017,2025-05-22,417,110141
KROGER-1017,2025-05-23,454,110595
KROGER-1017,2025-05-24,439,111034
KROGER-1017,2025-05-25,453,111487
KROGER-1017,2025-05-26,408,111895
KROGER-1017,2025-05-27,375,112270
KROGER-1017,2025-05-28,418,112688
KROGER-1017,2025-05-29,394,113082
KROGER-1017,2025-05-30,409,113491
KROGER-1017,2025-05-31,385,113876
KROGER-1017,2025-06-01,432,114308
KROGER-1017,2025-06-02,393,114701
KROGER-1017,2025-06-03,404,115105
KROGER-1017,2025-06-04,394,115499
KROGER-1017,2025-06-05,388,115887
KROGER-1017,2025-06-06,412,116299
KROGER-1017,2025-06-07,403,116702
KROGER-1017,2025-06-08,364,117066
KROGER-1017,2025-06-09,337,117403
KROGER-1017,2025-06-10,403,117806
KROGER-1017,2025-06-11,383,118189
KROGER-1017,2025-06-12,342,118531
KROGER-1017,2025-06-13,400,118931
KROGER-1017,2025-06-14,414,119345
KROGER-1017,2025-06-15,400,119745
KROGER-1017,2025-06-16,405,120150
KROGER-1017,2025-06-17,439,120589
KROGER-1017,2025-06-18,438,121027
KROGER-1017,2025-06-19,401,121428
KROGER-1017,2025-06-20,394,121822
KROGER-1017,2025-06-21,422,122244
KROGER-1017,2025-06-22,427,122671
KROGER-1017,2025-06-23,388,123059
KROGER-1017,2025-06-24,402,123461
KROGER-1017,2025-06-25,347,123808
KROGER-1017,2025-06-26,399,124207
KROGER-1017,2025-06-27,412,124619
KROGER-1017,2025-06-28,400,125019
KROGER-1017,2025-06-29,413,125432
KROGER-1017,2025-06-30,361,125793
KROGER-1017,2025-07-01,357,126150
KROGER-1017,2025-07-02,404,126554
KROGER-1017,2025-07-03,374,126928
KROGER-1017,2025-07-04,340,127268
KROGER-1017,2025-07-05,380,127648
KROGER-1017,2025-07-06,384,128032
KROGER-1017,2025-07-07,421,128453
KROGER-1017,2025-07-08,403,128856
KROGER-1017,2025-07-09,369,129225
KROGER-1017,2025-07-10,378,129603
KROGER-1017,2025-07-11,439,130042
KROGER-1017,2025-07-12,448,130490
KROGER-1017,2025-07-13,379,130869
KROGER-1017,2025-07-14,434,131303
KROGER-1017,2025-07-15,394,131697
KROGER-1017,2025-07-16,422,132119
KROGER-1017,2025-07-17,392,132511
KROGER-1017,2025-07-18,435,132946
KROGER-1017,2025-07-19,378,133324
KROGER-1017,2025-07-20,408,133732
KROGER-1017,2025-07-21,435,134167
KROGER-1017,2025-07-22,321,134488
KROGER-1017,2025-07-23,395,134883
KROGER-1017,2025-07-24,384,135267
KROGER-1017,2025-07-25,419,135686
KROGER-1017,2025-07-26,452,136138
KROGER-1017,2025-07-27,441,136579
KROGER-1017,2025-07-28,404,136983
KROGER-1017,2025-07-29,398,137381
KROGER-1017,2025-07-30,386,137767
KROGER-1017,2025-07-31,403,138170
KROGER-1017,2025-08-01,443,138613
KROGER-1017,2025-08-02,389,139002
KROGER-1017,2025-08-03,403,139405
KROGER-1017,2025-08-04,394,139799
KROGER-1017,2025-08-05,429,140228
KROGER-1017,2025-08-06,404,140632
KROGER-1017,2025-08-07,428,141060
KROGER-1017,2025-08-08,430,141490
KROGER-1017,2025-08-09,436,141926
KROGER-1017,2025-08-10,381,142307
KROGER-1017,2025-08-11,450,142757
KROGER-1017,2025-08-12,442,143199
KROGER-1017,2025-08-13,399,143598
KROGER-1017,2025-08-14,353,143951
KROGER-1017,2025-08-15,347,144298
KROGER-1017,2025-08-16,425,144723
KROGER-1017,2025-08-17,393,145116
KROGER-1017,2025-08-18,342,145458
KROGER-1017,2025-08-19,347,145805
KROGER-1017,2025-08-20,382,146187
KROGER-1017,2025-08-21,403,146590
KROGER-1017,2025-08-22,442,147032
KROGER-1017,2025-08-23,433,147465
KROGER-1017,2025-08-24,404,147869
KROGER-1017,2025-08-25,409,148278
KROGER-1017,2025-08-26,406,148684
KROGER-1017,2025-08-27,420,149104
KROGER-1017,2025-08-28,396,149500
KROGER-1017,2025-08-29,430,149930
KROGER-1017,2025-08-30,444,150374
KROGER-1017,2025-08-31,419,150793
KROGER-1018,2024-09-01,415,415
KROGER-1018,2024-09-02,428,843
KROGER-1018,2024-09-03,376,1219
KROGER-1018,2024-09-04,351,1570
KROGER-1018,2024-09-05,350,1920
KROGER-1018,2024-09-06,373,2293
KROGER-1018,2024-09-07,441,2734
KROGER-1018,2024-09-08,404,3138
KROGER-1018,2024-09-09,405,3543
KROGER-1018,2024-09-10,383,3926
KROGER-1018,2024-09-11,383,4309
KROGER-1018,2024-09-12,366,4675
KROGER-1018,2024-09-13,396,5071
KROGER-1018,2024-09-14,413,5484
KROGER-1018,2024-09-15,432,5916
KROGER-1018,2024-09-16,408,6324
KROGER-1018,2024-09-17,392,6716
KROGER-1018,2024-09-18,351,7067
KROGER-1018,2024-09-19,433,7500
KROGER-1018,2024-09-20,396,7896
KROGER-1018,2024-09-21,421,8317
KROGER-1018,2024-09-22,472,8789
KROGER-1018,2024-09-23,428,9217
KROGER-1018,2024-09-24,413,9630
KROGER-1018,2024-09-25,399,10029
KROGER-1018,2024-09-26,398,10427
KROGER-1018,2024-09-27,406,10833
KROGER-1018,2024-09-28,432,11265
KROGER-1018,2024-09-29,476,11741
KROGER-1018,2024-09-30,478,12219
KROGER-1018,2024-10-01,408,12627
KROGER-1018,2024-10-02,330,12957
KROGER-1018,2024-10-03,368,13325
KROGER-1018,2024-10-04,456,13781
KROGER-1018,2024-10-05,443,14224
KROGER-1018,2024-10-06,433,14657
KROGER-1018,2024-10-07,393,15050
KROGER-1018,2024-10-08,361,15411
KROGER-1018,2024-10-09,452,15863
KROGER-1018,2024-10-10,372,16235
KROGER-1018,2024-10-11,422,16657
KROGER-1018,2024-10-12,375,17032
KROGER-1018,2024-10-13,411,17443
KROGER-1018,2024-10-14,430,17873
KROGER-1018,2024-10-15,391,18264
KROGER-1018,2024-10-16,387,18651
KROGER-1018,2024-10-17,399,19050
KROGER-1018,2024-10-18,356,19406
KROGER-1018,2024-10-19,367,19773
KROGER-1018,2024-10-20,443,20216
KROGER-1018,2024-10-21,385,20601
KROGER-1018,2024-10-22,421,21022
KROGER-1018,2024-10-23,434,21456
KROGER-1018,2024-10-24,437,21893
KROGER-1018,2024-10-25,347,22240
KROGER-1018,2024-10-26,395,22635
KROGER-1018,2024-10-27,437,23072
KROGER-1018,2024-10-28,416,23488
KROGER-1018,2024-10-29,470,23958
KROGER-1018,2024-10-30,370,24328
KROGER-1018,2024-10-31,436,24764
KROGER-1018,2024-11-01,493,25257
KROGER-1018,2024-11-02,436,25693
KROGER-1018,2024-11-03,480,26173
KROGER-1018,2024-11-04,489,26662
KROGER-1018,2024-11-05,413,27075
KROGER-1018,2024-11-06,399,27474
KROGER-1018,2024-11-07,411,27885
KROGER-1018,2024-11-08,488,28373
KROGER-1018,2024-11-09,483,28856
KROGER-1018,2024-11-10,477,29333
KROGER-1018,2024-11-11,456,29789
KROGER-1018,2024-11-12,424,30213
KROGER-1018,2024-11-13,461,30674
KROGER-1018,2024-11-14,409,31083
KROGER-1018,2024-11-15,524,31607
KROGER-1018,2024-11-16,571,32178
KROGER-1018,2024-11-17,409,32587
KROGER-1018,2024-11-18,460,33047
KROGER-1018,2024-11-19,463,33510
KROGER-1018,2024-11-20,472,33982
KROGER-1018,2024-11-21,517,34499
KROGER-1018,2024-11-22,461,34960
KROGER-1018,2024-11-23,499,35459
KROGER-1018,2024-11-24,622,36081
KROGER-1018,2024-11-25,474,36555
KROGER-1018,2024-11-26,546,37101
KROGER-1018,2024-11-27,498,37599
KROGER-1018,2024-11-28,457,38056
KROGER-1018,2024-11-29,451,38507
KROGER-1018,2024-11-30,502,39009
KROGER-1018,2024-12-01,457,39466
KROGER-1018,2024-12-02,445,39911
KROGER-1018,2024-12-03,462,40373
KROGER-1018,2024-12-04,490,40863
KROGER-1018,2024-12-05,548,41411
KROGER-1018,2024-12-06,460,41871
KROGER-1018,2024-12-07,521,42392
KROGER-1018,2024-12-08,437,42829
KROGER-1018,2024-12-09,519,43348
KROGER-1018,2024-12-10,412,43760
KROGER-1018,2024-12-11,509,44269
KROGER-1018,2024-12-12,475,44744
KROGER-1018,2024-12-13,474,45218
KROGER-1018,2024-12-14,490,45708
KROGER-1018,2024-12-15,450,46158
KROGER-1018,2024-12-16,431,46589
KROGER-1018,2024-12-17,511,47100
KROGER-1018,2024-12-18,479,47579
KROGER-1018,2024-12-19,467,48046
KROGER-1018,2024-12-20,495,48541
KROGER-1018,2024-12-21,506,49047
KROGER-1018,2024-12-22,471,49518
KROGER-1018,2024-12-23,573,50091
KROGER-1018,2024-12-24,507,50598
KROGER-1018,2024-12-25,483,51081
KROGER-1018,2024-12-26,459,51540
KROGER-1018,2024-12-27,515,52055
KROGER-1018,2024-12-28,471,52526
KROGER-1018,2024-12-29,467,52993
KROGER-1018,2024-12-30,543,53536
KROGER-1018,2024-12-31,480,54016
KROGER-1018,2025-01-01,374,54390
KROGER-1018,2025-01-02,399,54789
KROGER-1018,2025-01-03,426,55215
KROGER-1018,2025-01-04,439,55654
KROGER-1018,2025-01-05,451,56105
KROGER-1018,2025-01-06,359,56464
KROGER-1018,2025-01-07,429,56893
KROGER-1018,2025-01-08,393,57286
KROGER-1018,2025-01-09,401,57687
KROGER-1018,2025-01-10,437,58124
KROGER-1018,2025-01-11,442,58566
KROGER-1018,2025-01-12,430,58996
KROGER-1018,2025-01-13,335,59331
KROGER-1018,2025-01-14,397,59728
KROGER-1018,2025-01-15,374,60102
KROGER-1018,2025-01-16,421,60523
KROGER-1018,2025-01-17,430,60953
KROGER-1018,2025-01-18,408,61361
KROGER-1018,2025-01-19,396,61757
KROGER-1018,2025-01-20,448,62205
KROGER-1018,2025-01-21,379,62584
KROGER-1018,2025-01-22,360,62944
KROGER-1018,2025-01-23,372,63316
KROGER-1018,2025-01-24,381,63697
KROGER-1018,2025-01-25,390,64087
KROGER-1018,2025-01-26,447,64534
KROGER-1018,2025-01-27,328,64862
KROGER-1018,2025-01-28,370,65232
KROGER-1018,2025-01-29,397,65629
KROGER-1018,2025-01-30,405,66034
KROGER-1018,2025-01-31,453,66487
KROGER-1018,2025-02-01,470,66957
KROGER-1018,2025-02-02,365,67322
KROGER-1018,2025-02-03,338,67660
KROGER-1018,2025-02-04,399,68059
KROGER-1018,2025-02-05,377,68436
KROGER-1018,2025-02-06,361,68797
KROGER-1018,2025-02-07,399,69196
KROGER-1018,2025-02-08,426,69622
KROGER-1018,2025-02-09,390,70012
KROGER-1018,2025-02-10,379,70391
KROGER-1018,2025-02-11,374,70765
KROGER-1018,2025-02-12,386,71151
KROGER-1018,2025-02-13,416,71567
KROGER-1018,2025-02-14,364,71931
KROGER-1018,2025-02-15,397,72328
KROGER-1018,2025-02-16,405,72733
KROGER-1018,2025-02-17,398,73131
KROGER-1018,2025-02-18,407,73538
KROGER-1018,2025-02-19,464,74002
KROGER-1018,2025-02-20,417,74419
KROGER-1018,2025-02-21,418,74837
KROGER-1018,2025-02-22,410,75247
KROGER-1018,2025-02-23,386,75633
KROGER-1018,2025-02-24,382,76015
KROGER-1018,2025-02-25,376,76391
KROGER-1018,2025-02-26,411,76802
KROGER-1018,2025-02-27,346,77148
KROGER-1018,2025-02-28,418,77566
KROGER-1018,2025-03-01,415,77981
KROGER-1018,2025-03-02,443,78424
KROGER-1018,2025-03-03,376,78800
KROGER-1018,2025-03-04,370,79170
KROGER-1018,2025-03-05,386,79556
KROGER-1018,2025-03-06,385,79941
KROGER-1018,2025-03-07,424,80365
KROGER-1018,2025-03-08,445,80810
KROGER-1018,2025-03-09,482,81292
KROGER-1018,2025-03-10,383,81675
KROGER-1018,2025-03-11,292,81967
KROGER-1018,2025-03-12,386,82353
KROGER-1018,2025-03-13,406,82759
KROGER-1018,2025-03-14,421,83180
KROGER-1018,2025-03-15,429,83609
KROGER-1018,2025-03-16,402,84011
KROGER-1018,2025-03-17,453,84464
KROGER-1018,2025-03-18,366,84830
KROGER-1018,2025-03-19,390,85220
KROGER-1018,2025-03-20,364,85584
KROGER-1018,2025-03-21,399,85983
KROGER-1018,2025-03-22,472,86455
KROGER-1018,2025-03-23,414,86869
KROGER-1018,2025-03-24,394,87263
KROGER-1018,2025-03-25,344,87607
KROGER-1018,2025-03-26,389,87996
KROGER-1018,2025-03-27,435,88431
KROGER-1018,2025-03-28,391,88822
KROGER-1018,2025-03-29,408,89230
KROGER-1018,2025-03-30,456,89686
KROGER-1018,2025-03-31,389,90075
KROGER-1018,2025-04-01,440,90515
KROGER-1018,2025-04-02,358,90873
KROGER-1018,2025-04-03,420,91293
KROGER-1018,2025-04-04,451,91744
KROGER-1018,2025-04-05,452,92196
KROGER-1018,2025-04-06,356,92552
KROGER-1018,2025-04-07,378,92930
KROGER-1018,2025-04-08,391,93321
KROGER-1018,2025-04-09,431,93752
KROGER-1018,2025-04-10,356,94108
KROGER-1018,2025-04-11,366,94474
KROGER-1018,2025-04-12,365,94839
KROGER-1018,2025-04-13,391,95230
KROGER-1018,2025-04-14,359,95589
KROGER-1018,2025-04-15,450,96039
KROGER-1018,2025-04-16,378,96417
KROGER-1018,2025-04-17,421,96838
KROGER-1018,2025-04-18,399,97237
KROGER-1018,2025-04-19,419,97656
KROGER-1018,2025-04-20,399,98055
KROGER-1018,2025-04-21,423,98478
KROGER-1018,2025-04-22,404,98882
KROGER-1018,2025-04-23,402,99284
KROGER-1018,2025-04-24,380,99664
KROGER-1018,2025-04-25,385,100049
KROGER-1018,2025-04-26,438,100487
KROGER-1018,2025-04-27,426,100913
KROGER-1018,2025-04-28,403,101316
KROGER-1018,2025-04-29,375,101691
KROGER-1018,2025-04-30,461,102152
KROGER-1018,2025-05-01,383,102535
KROGER-1018,2025-05-02,398,102933
KROGER-1018,2025-05-03,412,103345
KROGER-1018,2025-05-04,484,103829
KROGER-1018,2025-05-05,389,104218
KROGER-1018,2025-05-06,386,104604
KROGER-1018,2025-05-07,402,105006
KROGER-1018,2025-05-08,376,105382
KROGER-1018,2025-05-09,402,105784
KROGER-1018,2025-05-10,498,106282
KROGER-1018,2025-05-11,429,106711
KROGER-1018,2025-05-12,407,107118
KROGER-1018,2025-05-13,376,107494
KROGER-1018,2025-05-14,453,107947
KROGER-1018,2025-05-15,461,108408
KROGER-1018,2025-05-16,426,108834
KROGER-1018,2025-05-17,441,109275
KROGER-1018,2025-05-18,411,109686
KROGER-1018,2025-05-19,411,110097
KROGER-1018,2025-05-20,372,110469
KROGER-1018,2025-05-21,363,110832
KROGER-1018,2025-05-22,351,111183
KROGER-1018,2025-05-23,412,111595
KROGER-1018,2025-05-24,372,111967
KROGER-1018,2025-05-25,402,112369
KROGER-1018,2025-05-26,397,112766
KROGER-1018,2025-05-27,430,113196
KROGER-1018,2025-05-28,380,113576
KROGER-1018,2025-05-29,434,114010
KROGER-1018,2025-05-30,429,114439
KROGER-1018,2025-05-31,383,114822
KROGER-1018,2025-06-01,456,115278
KROGER-1018,2025-06-02,390,115668
KROGER-1018,2025-06-03,383,116051
KROGER-1018,2025-06-04,390,116441
KROGER-1018,2025-06-05,399,116840
KROGER-1018,2025-06-06,385,117225
KROGER-1018,2025-06-07,390,117615
KROGER-1018,2025-06-08,393,118008
KROGER-1018,2025-06-09,403,118411
KROGER-1018,2025-06-10,394,118805
KROGER-1018,2025-06-11,415,119220
KROGER-1018,2025-06-12,400,119620
KROGER-1018,2025-06-13,401,120021
KROGER-1018,2025-06-14,438,120459
KROGER-1018,2025-06-15,466,120925
KROGER-1018,2025-06-16,445,121370
KROGER-1018,2025-06-17,441,121811
KROGER-1018,2025-06-18,426,122237
KROGER-1018,2025-06-19,465,122702
KROGER-1018,2025-06-20,413,123115
KROGER-1018,2025-06-21,430,123545
KROGER-1018,2025-06-22,494,124039
KROGER-1018,2025-06-23,312,124351
KROGER-1018,2025-06-24,392,124743
KROGER-1018,2025-06-25,439,125182
KROGER-1018,2025-06-26,430,125612
KROGER-1018,2025-06-27,481,126093
KROGER-1018,2025-06-28,422,126515
KROGER-1018,2025-06-29,404,126919
KROGER-1018,2025-06-30,388,127307
KROGER-1018,2025-07-01,409,127716
KROGER-1018,2025-07-02,450,128166
KROGER-1018,2025-07-03,451,128617
KROGER-1018,2025-07-04,397,129014
KROGER-1018,2025-07-05,427,129441
KROGER-1018,2025-07-06,398,129839
KROGER-1018,2025-07-07,382,130221
KROGER-1018,2025-07-08,432,130653
KROGER-1018,2025-07-09,450,131103
KROGER-1018,2025-07-10,376,131479
KROGER-1018,2025-07-11,406,131885
KROGER-1018,2025-07-12,410,132295
KROGER-1018,2025-07-13,448,132743
KROGER-1018,2025-07-14,386,133129
KROGER-1018,2025-07-15,337,133466
KROGER-1018,2025-07-16,431,133897
KROGER-1018,2025-07-17,389,134286
KROGER-1018,2025-07-18,392,134678
KROGER-1018,2025-07-19,433,135111
KROGER-1018,2025-07-20,430,135541
KROGER-1018,2025-07-21,413,135954
KROGER-1018,2025-07-22,347,136301
KROGER-1018,2025-07-23,416,136717
KROGER-1018,2025-07-24,338,137055
KROGER-1018,2025-07-25,423,137478
KROGER-1018,2025-07-26,456,137934
KROGER-1018,2025-07-27,373,138307
KROGER-1018,2025-07-28,409,138716
KROGER-1018,2025-07-29,432,139148
KROGER-1018,2025-07-30,384,139532
KROGER-1018,2025-07-31,420,139952
KROGER-1018,2025-08-01,310,140262
KROGER-1018,2025-08-02,455,140717
KROGER-1018,2025-08-03,420,141137
KROGER-1018,2025-08-04,390,141527
KROGER-1018,2025-08-05,430,141957
KROGER-1018,2025-08-06,454,142411
KROGER-1018,2025-08-07,414,142825
KROGER-1018,2025-08-08,450,143275
KROGER-1018,2025-08-09,367,143642
KROGER-1018,2025-08-10,441,144083
KROGER-1018,2025-08-11,394,144477
KROGER-1018,2025-08-12,373,144850
KROGER-1018,2025-08-13,337,145187
KROGER-1018,2025-08-14,418,145605
KROGER-1018,2025-08-15,427,146032
KROGER-1018,2025-08-16,464,146496
KROGER-1018,2025-08-17,458,146954
KROGER-1018,2025-08-18,374,147328
KROGER-1018,2025-08-19,440,147768
KROGER-1018,2025-08-20,443,148211
KROGER-1018,2025-08-21,390,148601
KROGER-1018,2025-08-22,400,149001
KROGER-1018,2025-08-23,387,149388
KROGER-1018,2025-08-24,468,149856
KROGER-1018,2025-08-25,350,150206
KROGER-1018,2025-08-26,416,150622
KROGER-1018,2025-08-27,380,151002
KROGER-1018,2025-08-28,363,151365
KROGER-1018,2025-08-29,339,151704
KROGER-1018,2025-08-30,411,152115
KROGER-1018,2025-08-31,376,152491
KROGER-1019,2024-09-01,192,192
KROGER-1019,2024-09-02,208,400
KROGER-1019,2024-09-03,185,585
KROGER-1019,2024-09-04,211,796
KROGER-1019,2024-09-05,168,964
KROGER-1019,2024-09-06,163,1127
KROGER-1019,2024-09-07,176,1303
KROGER-1019,2024-09-08,190,1493
KROGER-1019,2024-09-09,222,1715
KROGER-1019,2024-09-10,158,1873
KROGER-1019,2024-09-11,191,2064
KROGER-1019,2024-09-12,172,2236
KROGER-1019,2024-09-13,179,2415
KROGER-1019,2024-09-14,172,2587
KROGER-1019,2024-09-15,205,2792
KROGER-1019,2024-09-16,182,2974
KROGER-1019,2024-09-17,198,3172
KROGER-1019,2024-09-18,185,3357
KROGER-1019,2024-09-19,154,3511
KROGER-1019,2024-09-20,198,3709
KROGER-1019,2024-09-21,160,3869
KROGER-1019,2024-09-22,163,4032
KROGER-1019,2024-09-23,169,4201
KROGER-1019,2024-09-24,169,4370
KROGER-1019,2024-09-25,203,4573
KROGER-1019,2024-09-26,180,4753
KROGER-1019,2024-09-27,200,4953
KROGER-1019,2024-09-28,183,5136
KROGER-1019,2024-09-29,196,5332
KROGER-1019,2024-09-30,189,5521
KROGER-1019,2024-10-01,192,5713
KROGER-1019,2024-10-02,175,5888
KROGER-1019,2024-10-03,177,6065
KROGER-1019,2024-10-04,178,6243
KROGER-1019,2024-10-05,166,6409
KROGER-1019,2024-10-06,190,6599
KROGER-1019,2024-10-07,177,6776
KROGER-1019,2024-10-08,191,6967
KROGER-1019,2024-10-09,184,7151
KROGER-1019,2024-10-10,202,7353
KROGER-1019,2024-10-11,183,7536
KROGER-1019,2024-10-12,183,7719
KROGER-1019,2024-10-13,192,7911
KROGER-1019,2024-10-14,193,8104
KROGER-1019,2024-10-15,156,8260
KROGER-1019,2024-10-16,172,8432
KROGER-1019,2024-10-17,172,8604
KROGER-1019,2024-10-18,188,8792
KROGER-1019,2024-10-19,199,8991
KROGER-1019,2024-10-20,193,9184
KROGER-1019,2024-10-21,146,9330
KROGER-1019,2024-10-22,158,9488
KROGER-1019,2024-10-23,179,9667
KROGER-1019,2024-10-24,175,9842
KROGER-1019,2024-10-25,182,10024
KROGER-1019,2024-10-26,184,10208
KROGER-1019,2024-10-27,215,10423
KROGER-1019,2024-10-28,149,10572
KROGER-1019,2024-10-29,187,10759
KROGER-1019,2024-10-30,194,10953
KROGER-1019,2024-10-31,192,11145
KROGER-1019,2024-11-01,233,11378
KROGER-1019,2024-11-02,247,11625
KROGER-1019,2024-11-03,219,11844
KROGER-1019,2024-11-04,199,12043
KROGER-1019,2024-11-05,183,12226
KROGER-1019,2024-11-06,212,12438
KROGER-1019,2024-11-07,205,12643
KROGER-1019,2024-11-08,239,12882
KROGER-1019,2024-11-09,224,13106
KROGER-1019,2024-11-10,211,13317
KROGER-1019,2024-11-11,198,13515
KROGER-1019,2024-11-12,254,13769
KROGER-1019,2024-11-13,218,13987
KROGER-1019,2024-11-14,205,14192
KROGER-1019,2024-11-15,221,14413
KROGER-1019,2024-11-16,265,14678
KROGER-1019,2024-11-17,223,14901
KROGER-1019,2024-11-18,231,15132
KROGER-1019,2024-11-19,240,15372
KROGER-1019,2024-11-20,186,15558
KROGER-1019,2024-11-21,208,15766
KROGER-1019,2024-11-22,237,16003
KROGER-1019,2024-11-23,217,16220
KROGER-1019,2024-11-24,237,16457
KROGER-1019,2024-11-25,205,16662
KROGER-1019,2024-11-26,211,16873
KROGER-1019,2024-11-27,209,17082
KROGER-1019,2024-11-28,230,17312
KROGER-1019,2024-11-29,222,17534
KROGER-1019,2024-11-30,232,17766
KROGER-1019,2024-12-01,276,18042
KROGER-1019,2024-12-02,249,18291
KROGER-1019,2024-12-03,184,18475
KROGER-1019,2024-12-04,211,18686
KROGER-1019,2024-12-05,261,18947
KROGER-1019,2024-12-06,209,19156
KROGER-1019,2024-12-07,268,19424
KROGER-1019,2024-12-08,222,19646
KROGER-1019,2024-12-09,215,19861
KROGER-1019,2024-12-10,234,20095
KROGER-1019,2024-12-11,217,20312
KROGER-1019,2024-12-12,227,20539
KROGER-1019,2024-12-13,246,20785
KROGER-1019,2024-12-14,244,21029
KROGER-1019,2024-12-15,232,21261
KROGER-1019,2024-12-16,248,21509
KROGER-1019,2024-12-17,234,21743
KROGER-1019,2024-12-18,206,21949
KROGER-1019,2024-12-19,253,22202
KROGER-1019,2024-12-20,230,22432
KROGER-1019,2024-12-21,226,22658
KROGER-1019,2024-12-22,192,22850
KROGER-1019,2024-12-23,195,23045
KROGER-1019,2024-12-24,249,23294
KROGER-1019,2024-12-25,249,23543
KROGER-1019,2024-12-26,220,23763
KROGER-1019,2024-12-27,188,23951
KROGER-1019,2024-12-28,210,24161
KROGER-1019,2024-12-29,200,24361
KROGER-1019,2024-12-30,190,24551
KROGER-1019,2024-12-31,254,24805
KROGER-1019,2025-01-01,212,25017
KROGER-1019,2025-01-02,166,25183
KROGER-1019,2025-01-03,182,25365
KROGER-1019,2025-01-04,172,25537
KROGER-1019,2025-01-05,191,25728
KROGER-1019,2025-01-06,206,25934
KROGER-1019,2025-01-07,198,26132
KROGER-1019,2025-01-08,194,26326
KROGER-1019,2025-01-09,179,26505
KROGER-1019,2025-01-10,201,26706
KROGER-1019,2025-01-11,201,26907
KROGER-1019,2025-01-12,198,27105
KROGER-1019,2025-01-13,181,27286
KROGER-1019,2025-01-14,187,27473
KROGER-1019,2025-01-15,186,27659
KROGER-1019,2025-01-16,174,27833
KROGER-1019,2025-01-17,171,28004
KROGER-1019,2025-01-18,176,28180
KROGER-1019,2025-01-19,177,28357
KROGER-1019,2025-01-20,179,28536
KROGER-1019,2025-01-21,177,28713
KROGER-1019,2025-01-22,173,28886
KROGER-1019,2025-01-23,172,29058
KROGER-1019,2025-01-24,186,29244
KROGER-1019,2025-01-25,212,29456
KROGER-1019,2025-01-26,191,29647
KROGER-1019,2025-01-27,181,29828
KROGER-1019,2025-01-28,169,29997
KROGER-1019,2025-01-29,179,30176
KROGER-1019,2025-01-30,200,30376
KROGER-1019,2025-01-31,197,30573
KROGER-1019,2025-02-01,206,30779
KROGER-1019,2025-02-02,206,30985
KROGER-1019,2025-02-03,189,31174
KROGER-1019,2025-02-04,188,31362
KROGER-1019,2025-02-05,186,31548
KROGER-1019,2025-02-06,176,31724
KROGER-1019,2025-02-07,183,31907
KROGER-1019,2025-02-08,195,32102
KROGER-1019,2025-02-09,201,32303
KROGER-1019,2025-02-10,184,32487
KROGER-1019,2025-02-11,213,32700
KROGER-1019,2025-02-12,165,32865
KROGER-1019,2025-02-13,193,33058
KROGER-1019,2025-02-14,182,33240
KROGER-1019,2025-02-15,191,33431
KROGER-1019,2025-02-16,179,33610
KROGER-1019,2025-02-17,197,33807
KROGER-1019,2025-02-18,192,33999
KROGER-1019,2025-02-19,194,34193
KROGER-1019,2025-02-20,185,34378
KROGER-1019,2025-02-21,177,34555
KROGER-1019,2025-02-22,190,34745
KROGER-1019,2025-02-23,198,34943
KROGER-1019,2025-02-24,153,35096
KROGER-1019,2025-02-25,195,35291
KROGER-1019,2025-02-26,218,35509
KROGER-1019,2025-02-27,189,35698
KROGER-1019,2025-02-28,178,35876
KROGER-1019,2025-03-01,189,36065
KROGER-1019,2025-03-02,202,36267
KROGER-1019,2025-03-03,178,36445
KROGER-1019,2025-03-04,195,36640
KROGER-1019,2025-03-05,180,36820
KROGER-1019,2025-03-06,207,37027
KROGER-1019,2025-03-07,207,37234
KROGER-1019,2025-03-08,186,37420
KROGER-1019,2025-03-09,190,37610
KROGER-1019,2025-03-10,182,37792
KROGER-1019,2025-03-11,182,37974
KROGER-1019,2025-03-12,168,38142
KROGER-1019,2025-03-13,166,38308
KROGER-1019,2025-03-14,200,38508
KROGER-1019,2025-03-15,208,38716
KROGER-1019,2025-03-16,208,38924
KROGER-1019,2025-03-17,181,39105
KROGER-1019,2025-03-18,210,39315
KROGER-1019,2025-03-19,182,39497
KROGER-1019,2025-03-20,195,39692
KROGER-1019,2025-03-21,162,39854
KROGER-1019,2025-03-22,188,40042
KROGER-1019,2025-03-23,189,40231
KROGER-1019,2025-03-24,181,40412
KROGER-1019,2025-03-25,163,40575
KROGER-1019,2025-03-26,192,40767
KROGER-1019,2025-03-27,197,40964
KROGER-1019,2025-03-28,171,41135
KROGER-1019,2025-03-29,174,41309
KROGER-1019,2025-03-30,180,41489
KROGER-1019,2025-03-31,189,41678
KROGER-1019,2025-04-01,173,41851
KROGER-1019,2025-04-02,180,42031
KROGER-1019,2025-04-03,167,42198
KROGER-1019,2025-04-04,211,42409
KROGER-1019,2025-04-05,192,42601
KROGER-1019,2025-04-06,209,42810
KROGER-1019,2025-04-07,189,42999
KROGER-1019,2025-04-08,182,43181
KROGER-1019,2025-04-09,181,43362
KROGER-1019,2025-04-10,172,43534
KROGER-1019,2025-04-11,176,43710
KROGER-1019,2025-04-12,176,43886
KROGER-1019,2025-04-13,174,44060
KROGER-1019,2025-04-14,213,44273
KROGER-1019,2025-04-15,186,44459
KROGER-1019,2025-04-16,204,44663
KROGER-1019,2025-04-17,171,44834
KROGER-1019,2025-04-18,164,44998
KROGER-1019,2025-04-19,176,45174
KROGER-1019,2025-04-20,185,45359
KROGER-1019,2025-04-21,183,45542
KROGER-1019,2025-04-22,180,45722
KROGER-1019,2025-04-23,171,45893
KROGER-1019,2025-04-24,183,46076
KROGER-1019,2025-04-25,185,46261
KROGER-1019,2025-04-26,202,46463
KROGER-1019,2025-04-27,214,46677
KROGER-1019,2025-04-28,177,46854
KROGER-1019,2025-04-29,200,47054
KROGER-1019,2025-04-30,183,47237
KROGER-1019,2025-05-01,160,47397
KROGER-1019,2025-05-02,208,47605
KROGER-1019,2025-05-03,226,47831
KROGER-1019,2025-05-04,201,48032
KROGER-1019,2025-05-05,184,48216
KROGER-1019,2025-05-06,178,48394
KROGER-1019,2025-05-07,175,48569
KROGER-1019,2025-05-08,200,48769
KROGER-1019,2025-05-09,182,48951
KROGER-1019,2025-05-10,217,49168
KROGER-1019,2025-05-11,192,49360
KROGER-1019,2025-05-12,176,49536
KROGER-1019,2025-05-13,173,49709
KROGER-1019,2025-05-14,171,49880
KROGER-1019,2025-05-15,190,50070
KROGER-1019,2025-05-16,163,50233
KROGER-1019,2025-05-17,179,50412
KROGER-1019,2025-05-18,212,50624
KROGER-1019,2025-05-19,168,50792
KROGER-1019,2025-05-20,195,50987
KROGER-1019,2025-05-21,152,51139
KROGER-1019,2025-05-22,203,51342
KROGER-1019,2025-05-23,164,51506
KROGER-1019,2025-05-24,178,51684
KROGER-1019,2025-05-25,202,51886
KROGER-1019,2025-05-26,186,52072
KROGER-1019,2025-05-27,195,52267
KROGER-1019,2025-05-28,164,52431
KROGER-1019,2025-05-29,178,52609
KROGER-1019,2025-05-30,173,52782
KROGER-1019,2025-05-31,174,52956
KROGER-1019,2025-06-01,200,53156
KROGER-1019,2025-06-02,196,53352
KROGER-1019,2025-06-03,177,53529
KROGER-1019,2025-06-04,204,53733
KROGER-1019,2025-06-05,171,53904
KROGER-1019,2025-06-06,204,54108
KROGER-1019,2025-06-07,200,54308
KROGER-1019,2025-06-08,173,54481
KROGER-1019,2025-06-09,211,54692
KROGER-1019,2025-06-10,176,54868
KROGER-1019,2025-06-11,200,55068
KROGER-1019,2025-06-12,184,55252
KROGER-1019,2025-06-13,188,55440
KROGER-1019,2025-06-14,205,55645
KROGER-1019,2025-06-15,204,55849
KROGER-1019,2025-06-16,177,56026
KROGER-1019,2025-06-17,190,56216
KROGER-1019,2025-06-18,189,56405
KROGER-1019,2025-06-19,185,56590
KROGER-1019,2025-06-20,179,56769
KROGER-1019,2025-06-21,195,56964
KROGER-1019,2025-06-22,222,57186
KROGER-1019,2025-06-23,178,57364
KROGER-1019,2025-06-24,200,57564
KROGER-1019,2025-06-25,173,57737
KROGER-1019,2025-06-26,169,57906
KROGER-1019,2025-06-27,230,58136
KROGER-1019,2025-06-28,200,58336
KROGER-1019,2025-06-29,200,58536
KROGER-1019,2025-06-30,191,58727
KROGER-1019,2025-07-01,203,58930
KROGER-1019,2025-07-02,188,59118
KROGER-1019,2025-07-03,194,59312
KROGER-1019,2025-07-04,167,59479
KROGER-1019,2025-07-05,206,59685
KROGER-1019,2025-07-06,188,59873
KROGER-1019,2025-07-07,192,60065
KROGER-1019,2025-07-08,157,60222
KROGER-1019,2025-07-09,191,60413
KROGER-1019,2025-07-10,149,60562
KROGER-1019,2025-07-11,178,60740
KROGER-1019,2025-07-12,165,60905
KROGER-1019,2025-07-13,201,61106
KROGER-1019,2025-07-14,183,61289
KROGER-1019,2025-07-15,171,61460
KROGER-1019,2025-07-16,203,61663
KROGER-1019,2025-07-17,169,61832
KROGER-1019,2025-07-18,138,61970
KROGER-1019,2025-07-19,199,62169
KROGER-1019,2025-07-20,164,62333
KROGER-1019,2025-07-21,170,62503
KROGER-1019,2025-07-22,175,62678
KROGER-1019,2025-07-23,161,62839
KROGER-1019,2025-07-24,175,63014
KROGER-1019,2025-07-25,162,63176
KROGER-1019,2025-07-26,194,63370
KROGER-1019,2025-07-27,172,63542
KROGER-1019,2025-07-28,183,63725
KROGER-1019,2025-07-29,199,63924
KROGER-1019,2025-07-30,194,64118
KROGER-1019,2025-07-31,181,64299
KROGER-1019,2025-08-01,168,64467
KROGER-1019,2025-08-02,194,64661
KROGER-1019,2025-08-03,181,64842
KROGER-1019,2025-08-04,185,65027
KROGER-1019,2025-08-05,157,65184
KROGER-1019,2025-08-06,194,65378
KROGER-1019,2025-08-07,183,65561
KROGER-1019,2025-08-08,214,65775
KROGER-1019,2025-08-09,211,65986
KROGER-1019,2025-08-10,200,66186
KROGER-1019,2025-08-11,180,66366
KROGER-1019,2025-08-12,172,66538
KROGER-1019,2025-08-13,196,66734
KROGER-1019,2025-08-14,179,66913
KROGER-1019,2025-08-15,199,67112
KROGER-1019,2025-08-16,197,67309
KROGER-1019,2025-08-17,198,67507
KROGER-1019,2025-08-18,191,67698
KROGER-1019,2025-08-19,169,67867
KROGER-1019,2025-08-20,167,68034
KROGER-1019,2025-08-21,167,68201
KROGER-1019,2025-08-22,197,68398
KROGER-1019,2025-08-23,177,68575
KROGER-1019,2025-08-24,179,68754
KROGER-1019,2025-08-25,190,68944
KROGER-1019,2025-08-26,179,69123
KROGER-1019,2025-08-27,177,69300
KROGER-1019,2025-08-28,175,69475
KROGER-1019,2025-08-29,148,69623
KROGER-1019,2025-08-30,176,69799
KROGER-1019,2025-08-31,209,70008
KROGER-1020,2024-09-01,1313,1313
KROGER-1020,2024-09-02,1109,2422
KROGER-1020,2024-09-03,1202,3624
KROGER-1020,2024-09-04,1345,4969
KROGER-1020,2024-09-05,1343,6312
KROGER-1020,2024-09-06,1277,7589
KROGER-1020,2024-09-07,1297,8886
KROGER-1020,2024-09-08,1219,10105
KROGER-1020,2024-09-09,1346,11451
KROGER-1020,2024-09-10,1395,12846
KROGER-1020,2024-09-11,1442,14288
KROGER-1020,2024-09-12,1191,15479
KROGER-1020,2024-09-13,1450,16929
KROGER-1020,2024-09-14,1367,18296
KROGER-1020,2024-09-15,1376,19672
KROGER-1020,2024-09-16,1401,21073
KROGER-1020,2024-09-17,1251,22324
KROGER-1020,2024-09-18,1081,23405
KROGER-1020,2024-09-19,1381,24786
KROGER-1020,2024-09-20,1344,26130
KROGER-1020,2024-09-21,1333,27463
KROGER-1020,2024-09-22,1441,28904
KROGER-1020,2024-09-23,1394,30298
KROGER-1020,2024-09-24,1149,31447
KROGER-1020,2024-09-25,1310,32757
KROGER-1020,2024-09-26,1069,33826
KROGER-1020,2024-09-27,1294,35120
KROGER-1020,2024-09-28,1332,36452
KROGER-1020,2024-09-29,1427,37879
KROGER-1020,2024-09-30,1195,39074
KROGER-1020,2024-10-01,1263,40337
KROGER-1020,2024-10-02,971,41308
KROGER-1020,2024-10-03,1366,42674
KROGER-1020,2024-10-04,1298,43972
KROGER-1020,2024-10-05,1382,45354
KROGER-1020,2024-10-06,1209,46563
KROGER-1020,2024-10-07,1349,47912
KROGER-1020,2024-10-08,1480,49392
KROGER-1020,2024-10-09,1288,50680
KROGER-1020,2024-10-10,1375,52055
KROGER-1020,2024-10-11,1216,53271
KROGER-1020,2024-10-12,1364,54635
KROGER-1020,2024-10-13,1205,55840
KROGER-1020,2024-10-14,1390,57230
KROGER-1020,2024-10-15,1324,58554
KROGER-1020,2024-10-16,1180,59734
KROGER-1020,2024-10-17,1223,60957
KROGER-1020,2024-10-18,1314,62271
KROGER-1020,2024-10-19,1474,63745
KROGER-1020,2024-10-20,1535,65280
KROGER-1020,2024-10-21,1293,66573
KROGER-1020,2024-10-22,1165,67738
KROGER-1020,2024-10-23,1332,69070
KROGER-1020,2024-10-24,1494,70564
KROGER-1020,2024-10-25,1138,71702
KROGER-1020,2024-10-26,1268,72970
KROGER-1020,2024-10-27,1440,74410
KROGER-1020,2024-10-28,1323,75733
KROGER-1020,2024-10-29,1250,76983
KROGER-1020,2024-10-30,1330,78313
KROGER-1020,2024-10-31,1410,79723
KROGER-1020,2024-11-01,1557,81280
KROGER-1020,2024-11-02,1623,82903
KROGER-1020,2024-11-03,1725,84628
KROGER-1020,2024-11-04,1535,86163
KROGER-1020,2024-11-05,1712,87875
KROGER-1020,2024-11-06,1823,89698
KROGER-1020,2024-11-07,1457,91155
KROGER-1020,2024-11-08,1412,92567
KROGER-1020,2024-11-09,1696,94263
KROGER-1020,2024-11-10,1478,95741
KROGER-1020,2024-11-11,1405,97146
KROGER-1020,2024-11-12,1312,98458
KROGER-1020,2024-11-13,1521,99979
KROGER-1020,2024-11-14,1565,101544
KROGER-1020,2024-11-15,1504,103048
KROGER-1020,2024-11-16,1831,104879
KROGER-1020,2024-11-17,1821,106700
KROGER-1020,2024-11-18,1811,108511
KROGER-1020,2024-11-19,1575,110086
KROGER-1020,2024-11-20,1718,111804
KROGER-1020,2024-11-21,1608,113412
KROGER-1020,2024-11-22,1595,115007
KROGER-1020,2024-11-23,1586,116593
KROGER-1020,2024-11-24,1349,117942
KROGER-1020,2024-11-25,1649,119591
KROGER-1020,2024-11-26,1714,121305
KROGER-1020,2024-11-27,1377,122682
KROGER-1020,2024-11-28,1568,124250
KROGER-1020,2024-11-29,1693,125943
KROGER-1020,2024-11-30,1600,127543
KROGER-1020,2024-12-01,1805,129348
KROGER-1020,2024-12-02,1551,130899
KROGER-1020,2024-12-03,1503,132402
KROGER-1020,2024-12-04,1726,134128
KROGER-1020,2024-12-05,1452,135580
KROGER-1020,2024-12-06,1478,137058
KROGER-1020,2024-12-07,1529,138587
KROGER-1020,2024-12-08,1497,140084
KROGER-1020,2024-12-09,1588,141672
KROGER-1020,2024-12-10,1505,143177
KROGER-1020,2024-12-11,1630,144807
KROGER-1020,2024-12-12,1351,146158
KROGER-1020,2024-12-13,1428,147586
KROGER-1020,2024-12-14,1654,149240
KROGER-1020,2024-12-15,1841,151081
KROGER-1020,2024-12-16,1616,152697
KROGER-1020,2024-12-17,1495,154192
KROGER-1020,2024-12-18,1382,155574
KROGER-1020,2024-12-19,1488,157062
KROGER-1020,2024-12-20,1564,158626
KROGER-1020,2024-12-21,1337,159963
KROGER-1020,2024-12-22,1487,161450
KROGER-1020,2024-12-23,1476,162926
KROGER-1020,2024-12-24,1537,164463
KROGER-1020,2024-12-25,1562,166025
KROGER-1020,2024-12-26,1492,167517
KROGER-1020,2024-12-27,1632,169149
KROGER-1020,2024-12-28,1664,170813
KROGER-1020,2024-12-29,1599,172412
KROGER-1020,2024-12-30,1650,174062
KROGER-1020,2024-12-31,1639,175701
KROGER-1020,2025-01-01,1155,176856
KROGER-1020,2025-01-02,1304,178160
KROGER-1020,2025-01-03,1401,179561
KROGER-1020,2025-01-04,1489,181050
KROGER-1020,2025-01-05,1414,182464
KROGER-1020,2025-01-06,1283,183747
KROGER-1020,2025-01-07,1351,185098
KROGER-1020,2025-01-08,1392,186490
KROGER-1020,2025-01-09,1319,187809
KROGER-1020,2025-01-10,1331,189140
KROGER-1020,2025-01-11,1345,190485
KROGER-1020,2025-01-12,1226,191711
KROGER-1020,2025-01-13,1289,193000
KROGER-1020,2025-01-14,1237,194237
KROGER-1020,2025-01-15,1143,195380
KROGER-1020,2025-01-16,1197,196577
KROGER-1020,2025-01-17,1411,197988
KROGER-1020,2025-01-18,1401,199389
KROGER-1020,2025-01-19,1359,200748
KROGER-1020,2025-01-20,1254,202002
KROGER-1020,2025-01-21,1358,203360
KROGER-1020,2025-01-22,1219,204579
KROGER-1020,2025-01-23,1339,205918
KROGER-1020,2025-01-24,1231,207149
KROGER-1020,2025-01-25,1274,208423
KROGER-1020,2025-01-26,1303,209726
KROGER-1020,2025-01-27,1268,210994
KROGER-1020,2025-01-28,1302,212296
KROGER-1020,2025-01-29,1332,213628
KROGER-1020,2025-01-30,921,214549
KROGER-1020,2025-01-31,1223,215772
KROGER-1020,2025-02-01,1330,217102
KROGER-1020,2025-02-02,1538,218640
KROGER-1020,2025-02-03,1194,219834
KROGER-1020,2025-02-04,1324,221158
KROGER-1020,2025-02-05,1464,222622
KROGER-1020,2025-02-06,1170,223792
KROGER-1020,2025-02-07,1349,225141
KROGER-1020,2025-02-08,1285,226426
KROGER-1020,2025-02-09,1317,227743
KROGER-1020,2025-02-10,1223,228966
KROGER-1020,2025-02-11,1231,230197
KROGER-1020,2025-02-12,1592,231789
KROGER-1020,2025-02-13,1396,233185
KROGER-1020,2025-02-14,1423,234608
KROGER-1020,2025-02-15,1427,236035
KROGER-1020,2025-02-16,1196,237231
KROGER-1020,2025-02-17,1349,238580
KROGER-1020,2025-02-18,1420,240000
KROGER-1020,2025-02-19,1218,241218
KROGER-1020,2025-02-20,1408,242626
KROGER-1020,2025-02-21,1381,244007
KROGER-1020,2025-02-22,1576,245583
KROGER-1020,2025-02-23,1327,246910
KROGER-1020,2025-02-24,1193,248103
KROGER-1020,2025-02-25,1270,249373
KROGER-1020,2025-02-26,1458,250831
KROGER-1020,2025-02-27,1116,251947
KROGER-1020,2025-02-28,1091,253038
KROGER-1020,2025-03-01,1383,254421
KROGER-1020,2025-03-02,1324,255745
KROGER-1020,2025-03-03,1308,257053
KROGER-1020,2025-03-04,1406,258459
KROGER-1020,2025-03-05,1250,259709
KROGER-1020,2025-03-06,1111,260820
KROGER-1020,2025-03-07,1521,262341
KROGER-1020,2025-03-08,1263,263604
KROGER-1020,2025-03-09,1256,264860
KROGER-1020,2025-03-10,1423,266283
KROGER-1020,2025-03-11,1267,267550
KROGER-1020,2025-03-12,1301,268851
KROGER-1020,2025-03-13,1358,270209
KROGER-1020,2025-03-14,1421,271630
KROGER-1020,2025-03-15,1336,272966
KROGER-1020,2025-03-16,1540,274506
KROGER-1020,2025-03-17,1084,275590
KROGER-1020,2025-03-18,1387,276977
KROGER-1020,2025-03-19,1220,278197
KROGER-1020,2025-03-20,1451,279648
KROGER-1020,2025-03-21,1322,280970
KROGER-1020,2025-03-22,1299,282269
KROGER-1020,2025-03-23,1446,283715
KROGER-1020,2025-03-24,1401,285116
KROGER-1020,2025-03-25,1375,286491
KROGER-1020,2025-03-26,1200,287691
KROGER-1020,2025-03-27,1257,288948
KROGER-1020,2025-03-28,1307,290255
KROGER-1020,2025-03-29,1368,291623
KROGER-1020,2025-03-30,1455,293078
KROGER-1020,2025-03-31,1097,294175
KROGER-1020,2025-04-01,1342,295517
KROGER-1020,2025-04-02,1277,296794
KROGER-1020,2025-04-03,1220,298014
KROGER-1020,2025-04-04,1230,299244
KROGER-1020,2025-04-05,1349,300593
KROGER-1020,2025-04-06,977,301570
KROGER-1020,2025-04-07,1234,302804
KROGER-1020,2025-04-08,1216,304020
KROGER-1020,2025-04-09,1363,305383
KROGER-1020,2025-04-10,1223,306606
KROGER-1020,2025-04-11,1285,307891
KROGER-1020,2025-04-12,1542,309433
KROGER-1020,2025-04-13,1482,310915
KROGER-1020,2025-04-14,1402,312317
KROGER-1020,2025-04-15,1255,313572
KROGER-1020,2025-04-16,1364,314936
KROGER-1020,2025-04-17,1283,316219
KROGER-1020,2025-04-18,1287,317506
KROGER-1020,2025-04-19,1418,318924
KROGER-1020,2025-04-20,1307,320231
KROGER-1020,2025-04-21,1464,321695
KROGER-1020,2025-04-22,1291,322986
KROGER-1020,2025-04-23,1372,324358
KROGER-1020,2025-04-24,1460,325818
KROGER-1020,2025-04-25,1415,327233
KROGER-1020,2025-04-26,1218,328451
KROGER-1020,2025-04-27,1422,329873
KROGER-1020,2025-04-28,1396,331269
KROGER-1020,2025-04-29,1401,332670
KROGER-1020,2025-04-30,1191,333861
KROGER-1020,2025-05-01,1239,335100
KROGER-1020,2025-05-02,1411,336511
KROGER-1020,2025-05-03,1289,337800
KROGER-1020,2025-05-04,1340,339140
KROGER-1020,2025-05-05,1472,340612
KROGER-1020,2025-05-06,1302,341914
KROGER-1020,2025-05-07,1231,343145
KROGER-1020,2025-05-08,1216,344361
KROGER-1020,2025-05-09,1342,345703
KROGER-1020,2025-05-10,1226,346929
KROGER-1020,2025-05-11,1346,348275
KROGER-1020,2025-05-12,1342,349617
KROGER-1020,2025-05-13,1443,351060
KROGER-1020,2025-05-14,1377,352437
KROGER-1020,2025-05-15,1233,353670
KROGER-1020,2025-05-16,1431,355101
KROGER-1020,2025-05-17,1340,356441
KROGER-1020,2025-05-18,1237,357678
KROGER-1020,2025-05-19,1289,358967
KROGER-1020,2025-05-20,1458,360425
KROGER-1020,2025-05-21,1325,361750
KROGER-1020,2025-05-22,1309,363059
KROGER-1020,2025-05-23,1479,364538
KROGER-1020,2025-05-24,1216,365754
KROGER-1020,2025-05-25,1232,366986
KROGER-1020,2025-05-26,1138,368124
KROGER-1020,2025-05-27,1346,369470
KROGER-1020,2025-05-28,1325,370795
KROGER-1020,2025-05-29,1469,372264
KROGER-1020,2025-05-30,1333,373597
KROGER-1020,2025-05-31,1328,374925
KROGER-1020,2025-06-01,1373,376298
KROGER-1020,2025-06-02,1320,377618
KROGER-1020,2025-06-03,1132,378750
KROGER-1020,2025-06-04,1591,380341
KROGER-1020,2025-06-05,1362,381703
KROGER-1020,2025-06-06,1329,383032
KROGER-1020,2025-06-07,1440,384472
KROGER-1020,2025-06-08,1451,385923
KROGER-1020,2025-06-09,1293,387216
KROGER-1020,2025-06-10,1271,388487
KROGER-1020,2025-06-11,1278,389765
KROGER-1020,2025-06-12,1375,391140
KROGER-1020,2025-06-13,1504,392644
KROGER-1020,2025-06-14,1448,394092
KROGER-1020,2025-06-15,1464,395556
KROGER-1020,2025-06-16,1203,396759
KROGER-1020,2025-06-17,1316,398075
KROGER-1020,2025-06-18,1252,399327
KROGER-1020,2025-06-19,1381,400708
KROGER-1020,2025-06-20,1391,402099
KROGER-1020,2025-06-21,1552,403651
KROGER-1020,2025-06-22,1136,404787
KROGER-1020,2025-06-23,1241,406028
KROGER-1020,2025-06-24,1443,407471
KROGER-1020,2025-06-25,1161,408632
KROGER-1020,2025-06-26,1392,410024
KROGER-1020,2025-06-27,1426,411450
KROGER-1020,2025-06-28,1370,412820
KROGER-1020,2025-06-29,1217,414037
KROGER-1020,2025-06-30,1295,415332
KROGER-1020,2025-07-01,1460,416792
KROGER-1020,2025-07-02,1468,418260
KROGER-1020,2025-07-03,1329,419589
KROGER-1020,2025-07-04,1205,420794
KROGER-1020,2025-07-05,1564,422358
KROGER-1020,2025-07-06,1463,423821
KROGER-1020,2025-07-07,1212,425033
KROGER-1020,2025-07-08,1343,426376
KROGER-1020,2025-07-09,1338,427714
KROGER-1020,2025-07-10,1241,428955
KROGER-1020,2025-07-11,1344,430299
KROGER-1020,2025-07-12,1494,431793
KROGER-1020,2025-07-13,1340,433133
KROGER-1020,2025-07-14,1434,434567
KROGER-1020,2025-07-15,1124,435691
KROGER-1020,2025-07-16,1539,437230
KROGER-1020,2025-07-17,1313,438543
KROGER-1020,2025-07-18,1420,439963
KROGER-1020,2025-07-19,1397,441360
KROGER-1020,2025-07-20,1282,442642
KROGER-1020,2025-07-21,1304,443946
KROGER-1020,2025-07-22,1108,445054
KROGER-1020,2025-07-23,1379,446433
KROGER-1020,2025-07-24,1328,447761
KROGER-1020,2025-07-25,1287,449048
KROGER-1020,2025-07-26,1455,450503
KROGER-1020,2025-07-27,1377,451880
KROGER-1020,2025-07-28,1371,453251
KROGER-1020,2025-07-29,1408,454659
KROGER-1020,2025-07-30,1250,455909
KROGER-1020,2025-07-31,1220,457129
KROGER-1020,2025-08-01,1127,458256
KROGER-1020,2025-08-02,1386,459642
KROGER-1020,2025-08-03,1422,461064
KROGER-1020,2025-08-04,1169,462233
KROGER-1020,2025-08-05,1456,463689
KROGER-1020,2025-08-06,1221,464910
KROGER-1020,2025-08-07,1087,465997
KROGER-1020,2025-08-08,1464,467461
KROGER-1020,2025-08-09,1156,468617
KROGER-1020,2025-08-10,1479,470096
KROGER-1020,2025-08-11,1383,471479
KROGER-1020,2025-08-12,1341,472820
KROGER-1020,2025-08-13,1253,474073
KROGER-1020,2025-08-14,1360,475433
KROGER-1020,2025-08-15,1417,476850
KROGER-1020,2025-08-16,1264,478114
KROGER-1020,2025-08-17,1480,479594
KROGER-1020,2025-08-18,1405,480999
KROGER-1020,2025-08-19,1338,482337
KROGER-1020,2025-08-20,1251,483588
KROGER-1020,2025-08-21,1405,484993
KROGER-1020,2025-08-22,1361,486354
KROGER-1020,2025-08-23,1261,487615
KROGER-1020,2025-08-24,1332,488947
KROGER-1020,2025-08-25,1393,490340
KROGER-1020,2025-08-26,1319,491659
KROGER-1020,2025-08-27,1421,493080
KROGER-1020,2025-08-28,1272,494352
KROGER-1020,2025-08-29,1203,495555
KROGER-1020,2025-08-30,1614,497169
KROGER-1020,2025-08-31,1188,498357
KROGER-1021,2024-09-01,314,314
KROGER-1021,2024-09-02,318,632
KROGER-1021,2024-09-03,336,968
KROGER-1021,2024-09-04,327,1295
KROGER-1021,2024-09-05,369,1664
KROGER-1021,2024-09-06,308,1972
KROGER-1021,2024-09-07,304,2276
KROGER-1021,2024-09-08,321,2597
KROGER-1021,2024-09-09,303,2900
KROGER-1021,2024-09-10,309,3209
KROGER-1021,2024-09-11,287,3496
KROGER-1021,2024-09-12,331,3827
KROGER-1021,2024-09-13,320,4147
KROGER-1021,2024-09-14,294,4441
KROGER-1021,2024-09-15,352,4793
KROGER-1021,2024-09-16,291,5084
KROGER-1021,2024-09-17,282,5366
KROGER-1021,2024-09-18,313,5679
KROGER-1021,2024-09-19,267,5946
KROGER-1021,2024-09-20,326,6272
KROGER-1021,2024-09-21,252,6524
KROGER-1021,2024-09-22,300,6824
KROGER-1021,2024-09-23,350,7174
KROGER-1021,2024-09-24,294,7468
KROGER-1021,2024-09-25,298,7766
KROGER-1021,2024-09-26,343,8109
KROGER-1021,2024-09-27,291,8400
KROGER-1021,2024-09-28,347,8747
KROGER-1021,2024-09-29,357,9104
KROGER-1021,2024-09-30,323,9427
KROGER-1021,2024-10-01,275,9702
KROGER-1021,2024-10-02,296,9998
KROGER-1021,2024-10-03,379,10377
KROGER-1021,2024-10-04,299,10676
KROGER-1021,2024-10-05,405,11081
KROGER-1021,2024-10-06,371,11452
KROGER-1021,2024-10-07,324,11776
KROGER-1021,2024-10-08,319,12095
KROGER-1021,2024-10-09,300,12395
KROGER-1021,2024-10-10,309,12704
KROGER-1021,2024-10-11,294,12998
KROGER-1021,2024-10-12,325,13323
KROGER-1021,2024-10-13,291,13614
KROGER-1021,2024-10-14,276,13890
KROGER-1021,2024-10-15,344,14234
KROGER-1021,2024-10-16,271,14505
KROGER-1021,2024-10-17,333,14838
KROGER-1021,2024-10-18,264,15102
KROGER-1021,2024-10-19,343,15445
KROGER-1021,2024-10-20,321,15766
KROGER-1021,2024-10-21,344,16110
KROGER-1021,2024-10-22,303,16413
KROGER-1021,2024-10-23,261,16674
KROGER-1021,2024-10-24,306,16980
KROGER-1021,2024-10-25,315,17295
KROGER-1021,2024-10-26,323,17618
KROGER-1021,2024-10-27,342,17960
KROGER-1021,2024-10-28,297,18257
KROGER-1021,2024-10-29,280,18537
KROGER-1021,2024-10-30,286,18823
KROGER-1021,2024-10-31,298,19121
KROGER-1021,2024-11-01,358,19479
KROGER-1021,2024-11-02,468,19947
KROGER-1021,2024-11-03,432,20379
KROGER-1021,2024-11-04,394,20773
KROGER-1021,2024-11-05,387,21160
KROGER-1021,2024-11-06,382,21542
KROGER-1021,2024-11-07,383,21925
KROGER-1021,2024-11-08,378,22303
KROGER-1021,2024-11-09,393,22696
KROGER-1021,2024-11-10,326,23022
KROGER-1021,2024-11-11,362,23384
KROGER-1021,2024-11-12,366,23750
KROGER-1021,2024-11-13,351,24101
KROGER-1021,2024-11-14,357,24458
KROGER-1021,2024-11-15,382,24840
KROGER-1021,2024-11-16,416,25256
KROGER-1021,2024-11-17,402,25658
KROGER-1021,2024-11-18,396,26054
KROGER-1021,2024-11-19,396,26450
KROGER-1021,2024-11-20,364,26814
KROGER-1021,2024-11-21,389,27203
KROGER-1021,2024-11-22,321,27524
KROGER-1021,2024-11-23,380,27904
KROGER-1021,2024-11-24,376,28280
KROGER-1021,2024-11-25,419,28699
KROGER-1021,2024-11-26,384,29083
KROGER-1021,2024-11-27,334,29417
KROGER-1021,2024-11-28,391,29808
KROGER-1021,2024-11-29,401,30209
KROGER-1021,2024-11-30,389,30598
KROGER-1021,2024-12-01,414,31012
KROGER-1021,2024-12-02,299,31311
KROGER-1021,2024-12-03,293,31604
KROGER-1021,2024-12-04,338,31942
KROGER-1021,2024-12-05,378,32320
KROGER-1021,2024-12-06,419,32739
KROGER-1021,2024-12-07,357,33096
KROGER-1021,2024-12-08,365,33461
KROGER-1021,2024-12-09,376,33837
KROGER-1021,2024-12-10,359,34196
KROGER-1021,2024-12-11,357,34553
KROGER-1021,2024-12-12,361,34914
KROGER-1021,2024-12-13,413,35327
KROGER-1021,2024-12-14,427,35754
KROGER-1021,2024-12-15,393,36147
KROGER-1021,2024-12-16,423,36570
KROGER-1021,2024-12-17,389,36959
KROGER-1021,2024-12-18,408,37367
KROGER-1021,2024-12-19,348,37715
KROGER-1021,2024-12-20,354,38069
KROGER-1021,2024-12-21,371,38440
KROGER-1021,2024-12-22,389,38829
KROGER-1021,2024-12-23,375,39204
KROGER-1021,2024-12-24,383,39587
KROGER-1021,2024-12-25,432,40019
KROGER-1021,2024-12-26,395,40414
KROGER-1021,2024-12-27,358,40772
KROGER-1021,2024-12-28,392,41164
KROGER-1021,2024-12-29,439,41603
KROGER-1021,2024-12-30,397,42000
KROGER-1021,2024-12-31,418,42418
KROGER-1021,2025-01-01,299,42717
KROGER-1021,2025-01-02,293,43010
KROGER-1021,2025-01-03,294,43304
KROGER-1021,2025-01-04,316,43620
KROGER-1021,2025-01-05,299,43919
KROGER-1021,2025-01-06,318,44237
KROGER-1021,2025-01-07,319,44556
KROGER-1021,2025-01-08,344,44900
KROGER-1021,2025-01-09,267,45167
KROGER-1021,2025-01-10,288,45455
KROGER-1021,2025-01-11,348,45803
KROGER-1021,2025-01-12,331,46134
KROGER-1021,2025-01-13,312,46446
KROGER-1021,2025-01-14,343,46789
KROGER-1021,2025-01-15,286,47075
KROGER-1021,2025-01-16,293,47368
KROGER-1021,2025-01-17,290,47658
KROGER-1021,2025-01-18,274,47932
KROGER-1021,2025-01-19,330,48262
KROGER-1021,2025-01-20,298,48560
KROGER-1021,2025-01-21,293,48853
KROGER-1021,2025-01-22,288,49141
KROGER-1021,2025-01-23,311,49452
KROGER-1021,2025-01-24,291,49743
KROGER-1021,2025-01-25,332,50075
KROGER-1021,2025-01-26,339,50414
KROGER-1021,2025-01-27,304,50718
KROGER-1021,2025-01-28,302,51020
KROGER-1021,2025-01-29,316,51336
KROGER-1021,2025-01-30,310,51646
KROGER-1021,2025-01-31,344,51990
KROGER-1021,2025-02-01,335,52325
KROGER-1021,2025-02-02,355,52680
KROGER-1021,2025-02-03,326,53006
KROGER-1021,2025-02-04,278,53284
KROGER-1021,2025-02-05,297,53581
KROGER-1021,2025-02-06,310,53891
KROGER-1021,2025-02-07,333,54224
KROGER-1021,2025-02-08,377,54601
KROGER-1021,2025-02-09,314,54915
KROGER-1021,2025-02-10,312,55227
KROGER-1021,2025-02-11,331,55558
KROGER-1021,2025-02-12,310,55868
KROGER-1021,2025-02-13,352,56220
KROGER-1021,2025-02-14,278,56498
KROGER-1021,2025-02-15,344,56842
KROGER-1021,2025-02-16,344,57186
KROGER-1021,2025-02-17,340,57526
KROGER-1021,2025-02-18,313,57839
KROGER-1021,2025-02-19,333,58172
KROGER-1021,2025-02-20,305,58477
KROGER-1021,2025-02-21,291,58768
KROGER-1021,2025-02-22,302,59070
KROGER-1021,2025-02-23,289,59359
KROGER-1021,2025-02-24,300,59659
KROGER-1021,2025-02-25,319,59978
KROGER-1021,2025-02-26,306,60284
KROGER-1021,2025-02-27,316,60600
KROGER-1021,2025-02-28,342,60942
KROGER-1021,2025-03-01,313,61255
KROGER-1021,2025-03-02,388,61643
KROGER-1021,2025-03-03,330,61973
KROGER-1021,2025-03-04,306,62279
KROGER-1021,2025-03-05,306,62585
KROGER-1021,2025-03-06,286,62871
KROGER-1021,2025-03-07,310,63181
KROGER-1021,2025-03-08,270,63451
KROGER-1021,2025-03-09,360,63811
KROGER-1021,2025-03-10,241,64052
KROGER-1021,2025-03-11,312,64364
KROGER-1021,2025-03-12,283,64647
KROGER-1021,2025-03-13,294,64941
KROGER-1021,2025-03-14,297,65238
KROGER-1021,2025-03-15,377,65615
KROGER-1021,2025-03-16,298,65913
KROGER-1021,2025-03-17,334,66247
KROGER-1021,2025-03-18,340,66587
KROGER-1021,2025-03-19,253,66840
KROGER-1021,2025-03-20,296,67136
KROGER-1021,2025-03-21,348,67484
KROGER-1021,2025-03-22,292,67776
KROGER-1021,2025-03-23,358,68134
KROGER-1021,2025-03-24,311,68445
KROGER-1021,2025-03-25,310,68755
KROGER-1021,2025-03-26,313,69068
KROGER-1021,2025-03-27,320,69388
KROGER-1021,2025-03-28,287,69675
KROGER-1021,2025-03-29,320,69995
KROGER-1021,2025-03-30,336,70331
KROGER-1021,2025-03-31,316,70647
KROGER-1021,2025-04-01,320,70967
KROGER-1021,2025-04-02,293,71260
KROGER-1021,2025-04-03,327,71587
KROGER-1021,2025-04-04,314,71901
KROGER-1021,2025-04-05,285,72186
KROGER-1021,2025-04-06,313,72499
KROGER-1021,2025-04-07,289,72788
KROGER-1021,2025-04-08,288,73076
KROGER-1021,2025-04-09,299,73375
KROGER-1021,2025-04-10,326,73701
KROGER-1021,2025-04-11,295,73996
KROGER-1021,2025-04-12,333,74329
KROGER-1021,2025-04-13,328,74657
KROGER-1021,2025-04-14,292,74949
KROGER-1021,2025-04-15,303,75252
KROGER-1021,2025-04-16,333,75585
KROGER-1021,2025-04-17,315,75900
KROGER-1021,2025-04-18,325,76225
KROGER-1021,2025-04-19,360,76585
KROGER-1021,2025-04-20,338,76923
KROGER-1021,2025-04-21,263,77186
KROGER-1021,2025-04-22,318,77504
KROGER-1021,2025-04-23,296,77800
KROGER-1021,2025-04-24,356,78156
KROGER-1021,2025-04-25,321,78477
KROGER-1021,2025-04-26,311,78788
KROGER-1021,2025-04-27,342,79130
KROGER-1021,2025-04-28,313,79443
KROGER-1021,2025-04-29,268,79711
KROGER-1021,2025-04-30,333,80044
KROGER-1021,2025-05-01,301,80345
KROGER-1021,2025-05-02,347,80692
KROGER-1021,2025-05-03,323,81015
KROGER-1021,2025-05-04,364,81379
KROGER-1021,2025-05-05,322,81701
KROGER-1021,2025-05-06,335,82036
KROGER-1021,2025-05-07,299,82335
KROGER-1021,2025-05-08,320,82655
KROGER-1021,2025-05-09,268,82923
KROGER-1021,2025-05-10,323,83246
KROGER-1021,2025-05-11,288,83534
KROGER-1021,2025-05-12,283,83817
KROGER-1021,2025-05-13,289,84106
KROGER-1021,2025-05-14,328,84434
KROGER-1021,2025-05-15,307,84741
KROGER-1021,2025-05-16,312,85053
KROGER-1021,2025-05-17,322,85375
KROGER-1021,2025-05-18,355,85730
KROGER-1021,2025-05-19,311,86041
KROGER-1021,2025-05-20,317,86358
KROGER-1021,2025-05-21,297,86655
KROGER-1021,2025-05-22,340,86995
KROGER-1021,2025-05-23,342,87337
KROGER-1021,2025-05-24,326,87663
KROGER-1021,2025-05-25,311,87974
KROGER-1021,2025-05-26,271,88245
KROGER-1021,2025-05-27,289,88534
KROGER-1021,2025-05-28,257,88791
KROGER-1021,2025-05-29,288,89079
KROGER-1021,2025-05-30,320,89399
KROGER-1021,2025-05-31,325,89724
KROGER-1021,2025-06-01,387,90111
KROGER-1021,2025-06-02,302,90413
KROGER-1021,2025-06-03,300,90713
KROGER-1021,2025-06-04,338,91051
KROGER-1021,2025-06-05,263,91314
KROGER-1021,2025-06-06,274,91588
KROGER-1021,2025-06-07,344,91932
KROGER-1021,2025-06-08,322,92254
KROGER-1021,2025-06-09,307,92561
KROGER-1021,2025-06-10,288,92849
KROGER-1021,2025-06-11,317,93166
KROGER-1021,2025-06-12,291,93457
KROGER-1021,2025-06-13,313,93770
KROGER-1021,2025-06-14,296,94066
KROGER-1021,2025-06-15,322,94388
KROGER-1021,2025-06-16,362,94750
KROGER-1021,2025-06-17,301,95051
KROGER-1021,2025-06-18,308,95359
KROGER-1021,2025-06-19,306,95665
KROGER-1021,2025-06-20,315,95980
KROGER-1021,2025-06-21,339,96319
KROGER-1021,2025-06-22,333,96652
KROGER-1021,2025-06-23,318,96970
KROGER-1021,2025-06-24,307,97277
KROGER-1021,2025-06-25,314,97591
KROGER-1021,2025-06-26,306,97897
KROGER-1021,2025-06-27,266,98163
KROGER-1021,2025-06-28,396,98559
KROGER-1021,2025-06-29,346,98905
KROGER-1021,2025-06-30,287,99192
KROGER-1021,2025-07-01,317,99509
KROGER-1021,2025-07-02,278,99787
KROGER-1021,2025-07-03,299,100086
KROGER-1021,2025-07-04,274,100360
KROGER-1021,2025-07-05,325,100685
KROGER-1021,2025-07-06,285,100970
KROGER-1021,2025-07-07,321,101291
KROGER-1021,2025-07-08,328,101619
KROGER-1021,2025-07-09,290,101909
KROGER-1021,2025-07-10,315,102224
KROGER-1021,2025-07-11,289,102513
KROGER-1021,2025-07-12,340,102853
KROGER-1021,2025-07-13,309,103162
KROGER-1021,2025-07-14,331,103493
KROGER-1021,2025-07-15,266,103759
KROGER-1021,2025-07-16,286,104045
KROGER-1021,2025-07-17,283,104328
KROGER-1021,2025-07-18,316,104644
KROGER-1021,2025-07-19,341,104985
KROGER-1021,2025-07-20,334,105319
KROGER-1021,2025-07-21,298,105617
KROGER-1021,2025-07-22,241,105858
KROGER-1021,2025-07-23,312,106170
KROGER-1021,2025-07-24,331,106501
KROGER-1021,2025-07-25,378,106879
KROGER-1021,2025-07-26,316,107195
KROGER-1021,2025-07-27,309,107504
KROGER-1021,2025-07-28,319,107823
KROGER-1021,2025-07-29,305,108128
KROGER-1021,2025-07-30,343,108471
KROGER-1021,2025-07-31,291,108762
KROGER-1021,2025-08-01,305,109067
KROGER-1021,2025-08-02,350,109417
KROGER-1021,2025-08-03,335,109752
KROGER-1021,2025-08-04,340,110092
KROGER-1021,2025-08-05,300,110392
KROGER-1021,2025-08-06,343,110735
KROGER-1021,2025-08-07,270,111005
KROGER-1021,2025-08-08,271,111276
KROGER-1021,2025-08-09,360,111636
KROGER-1021,2025-08-10,327,111963
KROGER-1021,2025-08-11,334,112297
KROGER-1021,2025-08-12,314,112611
KROGER-1021,2025-08-13,311,112922
KROGER-1021,2025-08-14,278,113200
KROGER-1021,2025-08-15,310,113510
KROGER-1021,2025-08-16,362,113872
KROGER-1021,2025-08-17,328,114200
KROGER-1021,2025-08-18,328,114528
KROGER-1021,2025-08-19,327,114855
KROGER-1021,2025-08-20,286,115141
KROGER-1021,2025-08-21,332,115473
KROGER-1021,2025-08-22,303,115776
KROGER-1021,2025-08-23,320,116096
KROGER-1021,2025-08-24,382,116478
KROGER-1021,2025-08-25,326,116804
KROGER-1021,2025-08-26,295,117099
KROGER-1021,2025-08-27,313,117412
KROGER-1021,2025-08-28,312,117724
KROGER-1021,2025-08-29,353,118077
KROGER-1021,2025-08-30,328,118405
KROGER-1021,2025-08-31,384,118789
KROGER-1022,2024-09-01,611,611
KROGER-1022,2024-09-02,648,1259
KROGER-1022,2024-09-03,610,1869
KROGER-1022,2024-09-04,624,2493
KROGER-1022,2024-09-05,625,3118
KROGER-1022,2024-09-06,613,3731
KROGER-1022,2024-09-07,777,4508
KROGER-1022,2024-09-08,760,5268
KROGER-1022,2024-09-09,671,5939
KROGER-1022,2024-09-10,625,6564
KROGER-1022,2024-09-11,614,7178
KROGER-1022,2024-09-12,688,7866
KROGER-1022,2024-09-13,665,8531
KROGER-1022,2024-09-14,674,9205
KROGER-1022,2024-09-15,712,9917
KROGER-1022,2024-09-16,696,10613
KROGER-1022,2024-09-17,642,11255
KROGER-1022,2024-09-18,609,11864
KROGER-1022,2024-09-19,581,12445
KROGER-1022,2024-09-20,663,13108
KROGER-1022,2024-09-21,800,13908
KROGER-1022,2024-09-22,621,14529
KROGER-1022,2024-09-23,707,15236
KROGER-1022,2024-09-24,614,15850
KROGER-1022,2024-09-25,625,16475
KROGER-1022,2024-09-26,697,17172
KROGER-1022,2024-09-27,636,17808
KROGER-1022,2024-09-28,696,18504
KROGER-1022,2024-09-29,695,19199
KROGER-1022,2024-09-30,615,19814
KROGER-1022,2024-10-01,696,20510
KROGER-1022,2024-10-02,646,21156
KROGER-1022,2024-10-03,577,21733
KROGER-1022,2024-10-04,603,22336
KROGER-1022,2024-10-05,512,22848
KROGER-1022,2024-10-06,685,23533
KROGER-1022,2024-10-07,717,24250
KROGER-1022,2024-10-08,595,24845
KROGER-1022,2024-10-09,680,25525
KROGER-1022,2024-10-10,672,26197
KROGER-1022,2024-10-11,610,26807
KROGER-1022,2024-10-12,766,27573
KROGER-1022,2024-10-13,667,28240
KROGER-1022,2024-10-14,754,28994
KROGER-1022,2024-10-15,565,29559
KROGER-1022,2024-10-16,636,30195
KROGER-1022,2024-10-17,642,30837
KROGER-1022,2024-10-18,647,31484
KROGER-1022,2024-10-19,721,32205
KROGER-1022,2024-10-20,868,33073
KROGER-1022,2024-10-21,673,33746
KROGER-1022,2024-10-22,651,34397
KROGER-1022,2024-10-23,593,34990
KROGER-1022,2024-10-24,551,35541
KROGER-1022,2024-10-25,710,36251
KROGER-1022,2024-10-26,652,36903
KROGER-1022,2024-10-27,824,37727
KROGER-1022,2024-10-28,695,38422
KROGER-1022,2024-10-29,667,39089
KROGER-1022,2024-10-30,670,39759
KROGER-1022,2024-10-31,671,40430
KROGER-1022,2024-11-01,736,41166
KROGER-1022,2024-11-02,704,41870
KROGER-1022,2024-11-03,783,42653
KROGER-1022,2024-11-04,778,43431
KROGER-1022,2024-11-05,739,44170
KROGER-1022,2024-11-06,699,44869
KROGER-1022,2024-11-07,733,45602
KROGER-1022,2024-11-08,844,46446
KROGER-1022,2024-11-09,868,47314
KROGER-1022,2024-11-10,830,48144
KROGER-1022,2024-11-11,816,48960
KROGER-1022,2024-11-12,709,49669
KROGER-1022,2024-11-13,730,50399
KROGER-1022,2024-11-14,799,51198
KROGER-1022,2024-11-15,717,51915
KROGER-1022,2024-11-16,826,52741
KROGER-1022,2024-11-17,736,53477
KROGER-1022,2024-11-18,677,54154
KROGER-1022,2024-11-19,826,54980
KROGER-1022,2024-11-20,844,55824
KROGER-1022,2024-11-21,740,56564
KROGER-1022,2024-11-22,685,57249
KROGER-1022,2024-11-23,674,57923
KROGER-1022,2024-11-24,939,58862
KROGER-1022,2024-11-25,787,59649
KROGER-1022,2024-11-26,742,60391
KROGER-1022,2024-11-27,757,61148
KROGER-1022,2024-11-28,660,61808
KROGER-1022,2024-11-29,818,62626
KROGER-1022,2024-11-30,950,63576
KROGER-1022,2024-12-01,767,64343
KROGER-1022,2024-12-02,928,65271
KROGER-1022,2024-12-03,772,66043
KROGER-1022,2024-12-04,884,66927
KROGER-1022,2024-12-05,799,67726
KROGER-1022,2024-12-06,799,68525
KROGER-1022,2024-12-07,939,69464
KROGER-1022,2024-12-08,870,70334
KROGER-1022,2024-12-09,803,71137
KROGER-1022,2024-12-10,658,71795
KROGER-1022,2024-12-11,686,72481
KROGER-1022,2024-12-12,808,73289
KROGER-1022,2024-12-13,871,74160
KROGER-1022,2024-12-14,827,74987
KROGER-1022,2024-12-15,780,75767
KROGER-1022,2024-12-16,665,76432
KROGER-1022,2024-12-17,731,77163
KROGER-1022,2024-12-18,788,77951
KROGER-1022,2024-12-19,726,78677
KROGER-1022,2024-12-20,719,79396
KROGER-1022,2024-12-21,815,80211
KROGER-1022,2024-12-22,914,81125
KROGER-1022,2024-12-23,822,81947
KROGER-1022,2024-12-24,797,82744
KROGER-1022,2024-12-25,791,83535
KROGER-1022,2024-12-26,814,84349
KROGER-1022,2024-12-27,773,85122
KROGER-1022,2024-12-28,792,85914
KROGER-1022,2024-12-29,867,86781
KROGER-1022,2024-12-30,766,87547
KROGER-1022,2024-12-31,705,88252
KROGER-1022,2025-01-01,725,88977
KROGER-1022,2025-01-02,552,89529
KROGER-1022,2025-01-03,729,90258
KROGER-1022,2025-01-04,710,90968
KROGER-1022,2025-01-05,629,91597
KROGER-1022,2025-01-06,651,92248
KROGER-1022,2025-01-07,627,92875
KROGER-1022,2025-01-08,692,93567
KROGER-1022,2025-01-09,691,94258
KROGER-1022,2025-01-10,674,94932
KROGER-1022,2025-01-11,723,95655
KROGER-1022,2025-01-12,676,96331
KROGER-1022,2025-01-13,741,97072
KROGER-1022,2025-01-14,713,97785
KROGER-1022,2025-01-15,625,98410
KROGER-1022,2025-01-16,692,99102
KROGER-1022,2025-01-17,687,99789
KROGER-1022,2025-01-18,668,100457
KROGER-1022,2025-01-19,664,101121
KROGER-1022,2025-01-20,713,101834
KROGER-1022,2025-01-21,649,102483
KROGER-1022,2025-01-22,663,103146
KROGER-1022,2025-01-23,722,103868
KROGER-1022,2025-01-24,781,104649
KROGER-1022,2025-01-25,653,105302
KROGER-1022,2025-01-26,670,105972
KROGER-1022,2025-01-27,653,106625
KROGER-1022,2025-01-28,655,107280
KROGER-1022,2025-01-29,669,107949
KROGER-1022,2025-01-30,624,108573
KROGER-1022,2025-01-31,584,109157
KROGER-1022,2025-02-01,778,109935
KROGER-1022,2025-02-02,716,110651
KROGER-1022,2025-02-03,628,111279
KROGER-1022,2025-02-04,672,111951
KROGER-1022,2025-02-05,745,112696
KROGER-1022,2025-02-06,609,113305
KROGER-1022,2025-02-07,661,113966
KROGER-1022,2025-02-08,606,114572
KROGER-1022,2025-02-09,676,115248
KROGER-1022,2025-02-10,682,115930
KROGER-1022,2025-02-11,592,116522
KROGER-1022,2025-02-12,640,117162
KROGER-1022,2025-02-13,691,117853
KROGER-1022,2025-02-14,680,118533
KROGER-1022,2025-02-15,619,119152
KROGER-1022,2025-02-16,702,119854
KROGER-1022,2025-02-17,679,120533
KROGER-1022,2025-02-18,655,121188
KROGER-1022,2025-02-19,706,121894
KROGER-1022,2025-02-20,619,122513
KROGER-1022,2025-02-21,671,123184
KROGER-1022,2025-02-22,618,123802
KROGER-1022,2025-02-23,595,124397
KROGER-1022,2025-02-24,690,125087
KROGER-1022,2025-02-25,651,125738
KROGER-1022,2025-02-26,625,126363
KROGER-1022,2025-02-27,594,126957
KROGER-1022,2025-02-28,693,127650
KROGER-1022,2025-03-01,600,128250
KROGER-1022,2025-03-02,736,128986
KROGER-1022,2025-03-03,673,129659
KROGER-1022,2025-03-04,574,130233
KROGER-1022,2025-03-05,656,130889
KROGER-1022,2025-03-06,788,131677
KROGER-1022,2025-03-07,711,132388
KROGER-1022,2025-03-08,637,133025
KROGER-1022,2025-03-09,721,133746
KROGER-1022,2025-03-10,576,134322
KROGER-1022,2025-03-11,578,134900
KROGER-1022,2025-03-12,646,135546
KROGER-1022,2025-03-13,678,136224
KROGER-1022,2025-03-14,692,136916
KROGER-1022,2025-03-15,727,137643
KROGER-1022,2025-03-16,709,138352
KROGER-1022,2025-03-17,566,138918
KROGER-1022,2025-03-18,646,139564
KROGER-1022,2025-03-19,700,140264
KROGER-1022,2025-03-20,673,140937
KROGER-1022,2025-03-21,659,141596
KROGER-1022,2025-03-22,700,142296
KROGER-1022,2025-03-23,699,142995
KROGER-1022,2025-03-24,547,143542
KROGER-1022,2025-03-25,710,144252
KROGER-1022,2025-03-26,644,144896
KROGER-1022,2025-03-27,686,145582
KROGER-1022,2025-03-28,530,146112
KROGER-1022,2025-03-29,773,146885
KROGER-1022,2025-03-30,619,147504
KROGER-1022,2025-03-31,782,148286
KROGER-1022,2025-04-01,760,149046
KROGER-1022,2025-04-02,581,149627
KROGER-1022,2025-04-03,692,150319
KROGER-1022,2025-04-04,597,150916
KROGER-1022,2025-04-05,647,151563
KROGER-1022,2025-04-06,648,152211
KROGER-1022,2025-04-07,673,152884
KROGER-1022,2025-04-08,666,153550
KROGER-1022,2025-04-09,587,154137
KROGER-1022,2025-04-10,672,154809
KROGER-1022,2025-04-11,639,155448
KROGER-1022,2025-04-12,583,156031
KROGER-1022,2025-04-13,658,156689
KROGER-1022,2025-04-14,736,157425
KROGER-1022,2025-04-15,629,158054
KROGER-1022,2025-04-16,554,158608
KROGER-1022,2025-04-17,692,159300
KROGER-1022,2025-04-18,601,159901
KROGER-1022,2025-04-19,694,160595
KROGER-1022,2025-04-20,673,161268
KROGER-1022,2025-04-21,741,162009
KROGER-1022,2025-04-22,641,162650
KROGER-1022,2025-04-23,590,163240
KROGER-1022,2025-04-24,625,163865
KROGER-1022,2025-04-25,586,164451
KROGER-1022,2025-04-26,671,165122
KROGER-1022,2025-04-27,779,165901
KROGER-1022,2025-04-28,715,166616
KROGER-1022,2025-04-29,756,167372
KROGER-1022,2025-04-30,675,168047
KROGER-1022,2025-05-01,657,168704
KROGER-1022,2025-05-02,598,169302
KROGER-1022,2025-05-03,697,169999
KROGER-1022,2025-05-04,675,170674
KROGER-1022,2025-05-05,690,171364
KROGER-1022,2025-05-06,591,171955
KROGER-1022,2025-05-07,652,172607
KROGER-1022,2025-05-08,568,173175
KROGER-1022,2025-05-09,667,173842
KROGER-1022,2025-05-10,719,174561
KROGER-1022,2025-05-11,594,175155
KROGER-1022,2025-05-12,580,175735
KROGER-1022,2025-05-13,582,176317
KROGER-1022,2025-05-14,640,176957
KROGER-1022,2025-05-15,577,177534
KROGER-1022,2025-05-16,721,178255
KROGER-1022,2025-05-17,706,178961
KROGER-1022,2025-05-18,715,179676
KROGER-1022,2025-05-19,567,180243
KROGER-1022,2025-05-20,717,180960
KROGER-1022,2025-05-21,683,181643
KROGER-1022,2025-05-22,614,182257
KROGER-1022,2025-05-23,569,182826
KROGER-1022,2025-05-24,678,183504
KROGER-1022,2025-05-25,657,184161
KROGER-1022,2025-05-26,627,184788
KROGER-1022,2025-05-27,613,185401
KROGER-1022,2025-05-28,687,186088
KROGER-1022,2025-05-29,514,186602
KROGER-1022,2025-05-30,724,187326
KROGER-1022,2025-05-31,737,188063
KROGER-1022,2025-06-01,694,188757
KROGER-1022,2025-06-02,642,189399
KROGER-1022,2025-06-03,706,190105
KROGER-1022,2025-06-04,647,190752
KROGER-1022,2025-06-05,635,191387
KROGER-1022,2025-06-06,709,192096
KROGER-1022,2025-06-07,796,192892
KROGER-1022,2025-06-08,629,193521
KROGER-1022,2025-06-09,672,194193
KROGER-1022,2025-06-10,593,194786
KROGER-1022,2025-06-11,676,195462
KROGER-1022,2025-06-12,609,196071
KROGER-1022,2025-06-13,713,196784
KROGER-1022,2025-06-14,677,197461
KROGER-1022,2025-06-15,685,198146
KROGER-1022,2025-06-16,734,198880
KROGER-1022,2025-06-17,611,199491
KROGER-1022,2025-06-18,685,200176
KROGER-1022,2025-06-19,617,200793
KROGER-1022,2025-06-20,712,201505
KROGER-1022,2025-06-21,780,202285
KROGER-1022,2025-06-22,668,202953
KROGER-1022,2025-06-23,535,203488
KROGER-1022,2025-06-24,614,204102
KROGER-1022,2025-06-25,776,204878
KROGER-1022,2025-06-26,619,205497
KROGER-1022,2025-06-27,742,206239
KROGER-1022,2025-06-28,649,206888
KROGER-1022,2025-06-29,648,207536
KROGER-1022,2025-06-30,690,208226
KROGER-1022,2025-07-01,684,208910
KROGER-1022,2025-07-02,694,209604
KROGER-1022,2025-07-03,650,210254
KROGER-1022,2025-07-04,703,210957
KROGER-1022,2025-07-05,735,211692
KROGER-1022,2025-07-06,745,212437
KROGER-1022,2025-07-07,617,213054
KROGER-1022,2025-07-08,703,213757
KROGER-1022,2025-07-09,622,214379
KROGER-1022,2025-07-10,641,215020
KROGER-1022,2025-07-11,640,215660
KROGER-1022,2025-07-12,628,216288
KROGER-1022,2025-07-13,587,216875
KROGER-1022,2025-07-14,713,217588
KROGER-1022,2025-07-15,613,218201
KROGER-1022,2025-07-16,636,218837
KROGER-1022,2025-07-17,612,219449
KROGER-1022,2025-07-18,636,220085
KROGER-1022,2025-07-19,654,220739
KROGER-1022,2025-07-20,752,221491
KROGER-1022,2025-07-21,619,222110
KROGER-1022,2025-07-22,739,222849
KROGER-1022,2025-07-23,709,223558
KROGER-1022,2025-07-24,625,224183
KROGER-1022,2025-07-25,666,224849
KROGER-1022,2025-07-26,626,225475
KROGER-1022,2025-07-27,704,226179
KROGER-1022,2025-07-28,700,226879
KROGER-1022,2025-07-29,700,227579
KROGER-1022,2025-07-30,605,228184
KROGER-1022,2025-07-31,670,228854
KROGER-1022,2025-08-01,603,229457
KROGER-1022,2025-08-02,671,230128
KROGER-1022,2025-08-03,710,230838
KROGER-1022,2025-08-04,705,231543
KROGER-1022,2025-08-05,538,232081
KROGER-1022,2025-08-06,655,232736
KROGER-1022,2025-08-07,723,233459
KROGER-1022,2025-08-08,662,234121
KROGER-1022,2025-08-09,687,234808
KROGER-1022,2025-08-10,651,235459
KROGER-1022,2025-08-11,721,236180
KROGER-1022,2025-08-12,623,236803
KROGER-1022,2025-08-13,644,237447
KROGER-1022,2025-08-14,625,238072
KROGER-1022,2025-08-15,655,238727
KROGER-1022,2025-08-16,760,239487
KROGER-1022,2025-08-17,633,240120
KROGER-1022,2025-08-18,655,240775
KROGER-1022,2025-08-19,670,241445
KROGER-1022,2025-08-20,607,242052
KROGER-1022,2025-08-21,647,242699
KROGER-1022,2025-08-22,746,243445
KROGER-1022,2025-08-23,586,244031
KROGER-1022,2025-08-24,659,244690
KROGER-1022,2025-08-25,663,245353
KROGER-1022,2025-08-26,630,245983
KROGER-1022,2025-08-27,800,246783
KROGER-1022,2025-08-28,678,247461
KROGER-1022,2025-08-29,595,248056
KROGER-1022,2025-08-30,554,248610
KROGER-1022,2025-08-31,701,249311
KROGER-1023,2024-09-01,179,179
KROGER-1023,2024-09-02,200,379
KROGER-1023,2024-09-03,177,556
KROGER-1023,2024-09-04,173,729
KROGER-1023,2024-09-05,173,902
KROGER-1023,2024-09-06,196,1098
KROGER-1023,2024-09-07,197,1295
KROGER-1023,2024-09-08,217,1512
KROGER-1023,2024-09-09,178,1690
KROGER-1023,2024-09-10,194,1884
KROGER-1023,2024-09-11,194,2078
KROGER-1023,2024-09-12,191,2269
KROGER-1023,2024-09-13,174,2443
KROGER-1023,2024-09-14,197,2640
KROGER-1023,2024-09-15,189,2829
KROGER-1023,2024-09-16,179,3008
KROGER-1023,2024-09-17,169,3177
KROGER-1023,2024-09-18,150,3327
KROGER-1023,2024-09-19,199,3526
KROGER-1023,2024-09-20,187,3713
KROGER-1023,2024-09-21,170,3883
KROGER-1023,2024-09-22,201,4084
KROGER-1023,2024-09-23,200,4284
KROGER-1023,2024-09-24,192,4476
KROGER-1023,2024-09-25,168,4644
KROGER-1023,2024-09-26,171,4815
KROGER-1023,2024-09-27,173,4988
KROGER-1023,2024-09-28,203,5191
KROGER-1023,2024-09-29,198,5389
KROGER-1023,2024-09-30,222,5611
KROGER-1023,2024-10-01,157,5768
KROGER-1023,2024-10-02,180,5948
KROGER-1023,2024-10-03,153,6101
KROGER-1023,2024-10-04,190,6291
KROGER-1023,2024-10-05,207,6498
KROGER-1023,2024-10-06,212,6710
KROGER-1023,2024-10-07,184,6894
KROGER-1023,2024-10-08,153,7047
KROGER-1023,2024-10-09,180,7227
KROGER-1023,2024-10-10,188,7415
KROGER-1023,2024-10-11,167,7582
KROGER-1023,2024-10-12,186,7768
KROGER-1023,2024-10-13,171,7939
KROGER-1023,2024-10-14,172,8111
KROGER-1023,2024-10-15,194,8305
KROGER-1023,2024-10-16,191,8496
KROGER-1023,2024-10-17,161,8657
KROGER-1023,2024-10-18,171,8828
KROGER-1023,2024-10-19,191,9019
KROGER-1023,2024-10-20,194,9213
KROGER-1023,2024-10-21,172,9385
KROGER-1023,2024-10-22,188,9573
KROGER-1023,2024-10-23,181,9754
KROGER-1023,2024-10-24,144,9898
KROGER-1023,2024-10-25,173,10071
KROGER-1023,2024-10-26,181,10252
KROGER-1023,2024-10-27,201,10453
KROGER-1023,2024-10-28,191,10644
KROGER-1023,2024-10-29,157,10801
KROGER-1023,2024-10-30,188,10989
KROGER-1023,2024-10-31,180,11169
KROGER-1023,2024-11-01,220,11389
KROGER-1023,2024-11-02,217,11606
KROGER-1023,2024-11-03,227,11833
KROGER-1023,2024-11-04,238,12071
KROGER-1023,2024-11-05,219,12290
KROGER-1023,2024-11-06,217,12507
KROGER-1023,2024-11-07,209,12716
KROGER-1023,2024-11-08,236,12952
KROGER-1023,2024-11-09,205,13157
KROGER-1023,2024-11-10,214,13371
KROGER-1023,2024-11-11,194,13565
KROGER-1023,2024-11-12,221,13786
KROGER-1023,2024-11-13,238,14024
KROGER-1023,2024-11-14,212,14236
KROGER-1023,2024-11-15,199,14435
KROGER-1023,2024-11-16,258,14693
KROGER-1023,2024-11-17,237,14930
KROGER-1023,2024-11-18,222,15152
KROGER-1023,2024-11-19,214,15366
KROGER-1023,2024-11-20,229,15595
KROGER-1023,2024-11-21,222,15817
KROGER-1023,2024-11-22,209,16026
KROGER-1023,2024-11-23,223,16249
KROGER-1023,2024-11-24,210,16459
KROGER-1023,2024-11-25,198,16657
KROGER-1023,2024-11-26,212,16869
KROGER-1023,2024-11-27,238,17107
KROGER-1023,2024-11-28,199,17306
KROGER-1023,2024-11-29,232,17538
KROGER-1023,2024-11-30,214,17752
KROGER-1023,2024-12-01,196,17948
KROGER-1023,2024-12-02,227,18175
KROGER-1023,2024-12-03,246,18421
KROGER-1023,2024-12-04,203,18624
KROGER-1023,2024-12-05,190,18814
KROGER-1023,2024-12-06,225,19039
KROGER-1023,2024-12-07,211,19250
KROGER-1023,2024-12-08,238,19488
KROGER-1023,2024-12-09,238,19726
KROGER-1023,2024-12-10,223,19949
KROGER-1023,2024-12-11,232,20181
KROGER-1023,2024-12-12,232,20413
KROGER-1023,2024-12-13,235,20648
KROGER-1023,2024-12-14,229,20877
KROGER-1023,2024-12-15,243,21120
KROGER-1023,2024-12-16,220,21340
KROGER-1023,2024-12-17,224,21564
KROGER-1023,2024-12-18,271,21835
KROGER-1023,2024-12-19,222,22057
KROGER-1023,2024-12-20,191,22248
KROGER-1023,2024-12-21,225,22473
KROGER-1023,2024-12-22,223,22696
KROGER-1023,2024-12-23,213,22909
KROGER-1023,2024-12-24,234,23143
KROGER-1023,2024-12-25,237,23380
KROGER-1023,2024-12-26,216,23596
KROGER-1023,2024-12-27,193,23789
KROGER-1023,2024-12-28,230,24019
KROGER-1023,2024-12-29,218,24237
KROGER-1023,2024-12-30,221,24458
KROGER-1023,2024-12-31,215,24673
KROGER-1023,2025-01-01,199,24872
KROGER-1023,2025-01-02,185,25057
KROGER-1023,2025-01-03,173,25230
KROGER-1023,2025-01-04,169,25399
KROGER-1023,2025-01-05,190,25589
KROGER-1023,2025-01-06,181,25770
KROGER-1023,2025-01-07,177,25947
KROGER-1023,2025-01-08,192,26139
KROGER-1023,2025-01-09,161,26300
KROGER-1023,2025-01-10,170,26470
KROGER-1023,2025-01-11,191,26661
KROGER-1023,2025-01-12,182,26843
KROGER-1023,2025-01-13,176,27019
KROGER-1023,2025-01-14,180,27199
KROGER-1023,2025-01-15,191,27390
KROGER-1023,2025-01-16,180,27570
KROGER-1023,2025-01-17,153,27723
KROGER-1023,2025-01-18,181,27904
KROGER-1023,2025-01-19,198,28102
KROGER-1023,2025-01-20,192,28294
KROGER-1023,2025-01-21,193,28487
KROGER-1023,2025-01-22,197,28684
KROGER-1023,2025-01-23,183,28867
KROGER-1023,2025-01-24,185,29052
KROGER-1023,2025-01-25,175,29227
KROGER-1023,2025-01-26,157,29384
KROGER-1023,2025-01-27,161,29545
KROGER-1023,2025-01-28,171,29716
KROGER-1023,2025-01-29,161,29877
KROGER-1023,2025-01-30,177,30054
KROGER-1023,2025-01-31,174,30228
KROGER-1023,2025-02-01,205,30433
KROGER-1023,2025-02-02,175,30608
KROGER-1023,2025-02-03,183,30791
KROGER-1023,2025-02-04,175,30966
KROGER-1023,2025-02-05,167,31133
KROGER-1023,2025-02-06,171,31304
KROGER-1023,2025-02-07,151,31455
KROGER-1023,2025-02-08,202,31657
KROGER-1023,2025-02-09,212,31869
KROGER-1023,2025-02-10,177,32046
KROGER-1023,2025-02-11,182,32228
KROGER-1023,2025-02-12,177,32405
KROGER-1023,2025-02-13,169,32574
KROGER-1023,2025-02-14,191,32765
KROGER-1023,2025-02-15,195,32960
KROGER-1023,2025-02-16,146,33106
KROGER-1023,2025-02-17,166,33272
KROGER-1023,2025-02-18,151,33423
KROGER-1023,2025-02-19,204,33627
KROGER-1023,2025-02-20,179,33806
KROGER-1023,2025-02-21,185,33991
KROGER-1023,2025-02-22,185,34176
KROGER-1023,2025-02-23,207,34383
KROGER-1023,2025-02-24,194,34577
KROGER-1023,2025-02-25,178,34755
KROGER-1023,2025-02-26,206,34961
KROGER-1023,2025-02-27,184,35145
KROGER-1023,2025-02-28,160,35305
KROGER-1023,2025-03-01,192,35497
KROGER-1023,2025-03-02,198,35695
KROGER-1023,2025-03-03,179,35874
KROGER-1023,2025-03-04,175,36049
KROGER-1023,2025-03-05,207,36256
KROGER-1023,2025-03-06,164,36420
KROGER-1023,2025-03-07,141,36561
KROGER-1023,2025-03-08,215,36776
KROGER-1023,2025-03-09,172,36948
KROGER-1023,2025-03-10,177,37125
KROGER-1023,2025-03-11,176,37301
KROGER-1023,2025-03-12,199,37500
KROGER-1023,2025-03-13,202,37702
KROGER-1023,2025-03-14,162,37864
KROGER-1023,2025-03-15,211,38075
KROGER-1023,2025-03-16,211,38286
KROGER-1023,2025-03-17,181,38467
KROGER-1023,2025-03-18,195,38662
KROGER-1023,2025-03-19,196,38858
KROGER-1023,2025-03-20,178,39036
KROGER-1023,2025-03-21,179,39215
KROGER-1023,2025-03-22,199,39414
KROGER-1023,2025-03-23,165,39579
KROGER-1023,2025-03-24,176,39755
KROGER-1023,2025-03-25,164,39919
KROGER-1023,2025-03-26,202,40121
KROGER-1023,2025-03-27,176,40297
KROGER-1023,2025-03-28,185,40482
KROGER-1023,2025-03-29,187,40669
KROGER-1023,2025-03-30,186,40855
KROGER-1023,2025-03-31,184,41039
KROGER-1023,2025-04-01,171,41210
KROGER-1023,2025-04-02,178,41388
KROGER-1023,2025-04-03,178,41566
KROGER-1023,2025-04-04,175,41741
KROGER-1023,2025-04-05,196,41937
KROGER-1023,2025-04-06,183,42120
KROGER-1023,2025-04-07,205,42325
KROGER-1023,2025-04-08,190,42515
KROGER-1023,2025-04-09,162,42677
KROGER-1023,2025-04-10,189,42866
KROGER-1023,2025-04-11,171,43037
KROGER-1023,2025-04-12,192,43229
KROGER-1023,2025-04-13,179,43408
KROGER-1023,2025-04-14,149,43557
KROGER-1023,2025-04-15,181,43738
KROGER-1023,2025-04-16,160,43898
KROGER-1023,2025-04-17,187,44085
KROGER-1023,2025-04-18,184,44269
KROGER-1023,2025-04-19,181,44450
KROGER-1023,2025-04-20,218,44668
KROGER-1023,2025-04-21,163,44831
KROGER-1023,2025-04-22,172,45003
KROGER-1023,2025-04-23,165,45168
KROGER-1023,2025-04-24,211,45379
KROGER-1023,2025-04-25,201,45580
KROGER-1023,2025-04-26,169,45749
KROGER-1023,2025-04-27,178,45927
KROGER-1023,2025-04-28,170,46097
KROGER-1023,2025-04-29,173,46270
KROGER-1023,2025-04-30,166,46436
KROGER-1023,2025-05-01,172,46608
KROGER-1023,2025-05-02,196,46804
KROGER-1023,2025-05-03,220,47024
KROGER-1023,2025-05-04,167,47191
KROGER-1023,2025-05-05,166,47357
KROGER-1023,2025-05-06,184,47541
KROGER-1023,2025-05-07,158,47699
KROGER-1023,2025-05-08,185,47884
KROGER-1023,2025-05-09,189,48073
KROGER-1023,2025-05-10,201,48274
KROGER-1023,2025-05-11,198,48472
KROGER-1023,2025-05-12,173,48645
KROGER-1023,2025-05-13,179,48824
KROGER-1023,2025-05-14,164,48988
KROGER-1023,2025-05-15,188,49176
KROGER-1023,2025-05-16,204,49380
KROGER-1023,2025-05-17,197,49577
KROGER-1023,2025-05-18,180,49757
KROGER-1023,2025-05-19,196,49953
KROGER-1023,2025-05-20,216,50169
KROGER-1023,2025-05-21,185,50354
KROGER-1023,2025-05-22,189,50543
KROGER-1023,2025-05-23,191,50734
KROGER-1023,2025-05-24,166,50900
KROGER-1023,2025-05-25,184,51084
KROGER-1023,2025-05-26,174,51258
KROGER-1023,2025-05-27,193,51451
KROGER-1023,2025-05-28,192,51643
KROGER-1023,2025-05-29,179,51822
KROGER-1023,2025-05-30,173,51995
KROGER-1023,2025-05-31,165,52160
KROGER-1023,2025-06-01,190,52350
KROGER-1023,2025-06-02,167,52517
KROGER-1023,2025-06-03,165,52682
KROGER-1023,2025-06-04,195,52877
KROGER-1023,2025-06-05,193,53070
KROGER-1023,2025-06-06,174,53244
KROGER-1023,2025-06-07,166,53410
KROGER-1023,2025-06-08,178,53588
KROGER-1023,2025-06-09,196,53784
KROGER-1023,2025-06-10,188,53972
KROGER-1023,2025-06-11,174,54146
KROGER-1023,2025-06-12,182,54328
KROGER-1023,2025-06-13,151,54479
KROGER-1023,2025-06-14,157,54636
KROGER-1023,2025-06-15,220,54856
KROGER-1023,2025-06-16,189,55045
KROGER-1023,2025-06-17,181,55226
KROGER-1023,2025-06-18,175,55401
KROGER-1023,2025-06-19,156,55557
KROGER-1023,2025-06-20,196,55753
KROGER-1023,2025-06-21,173,55926
KROGER-1023,2025-06-22,201,56127
KROGER-1023,2025-06-23,183,56310
KROGER-1023,2025-06-24,180,56490
KROGER-1023,2025-06-25,162,56652
KROGER-1023,2025-06-26,162,56814
KROGER-1023,2025-06-27,187,57001
KROGER-1023,2025-06-28,191,57192
KROGER-1023,2025-06-29,191,57383
KROGER-1023,2025-06-30,185,57568
KROGER-1023,2025-07-01,153,57721
KROGER-1023,2025-07-02,196,57917
KROGER-1023,2025-07-03,176,58093
KROGER-1023,2025-07-04,198,58291
KROGER-1023,2025-07-05,160,58451
KROGER-1023,2025-07-06,199,58650
KROGER-1023,2025-07-07,189,58839
KROGER-1023,2025-07-08,160,58999
KROGER-1023,2025-07-09,172,59171
KROGER-1023,2025-07-10,166,59337
KROGER-1023,2025-07-11,194,59531
KROGER-1023,2025-07-12,195,59726
KROGER-1023,2025-07-13,215,59941
KROGER-1023,2025-07-14,184,60125
KROGER-1023,2025-07-15,192,60317
KROGER-1023,2025-07-16,198,60515
KROGER-1023,2025-07-17,189,60704
KROGER-1023,2025-07-18,176,60880
KROGER-1023,2025-07-19,182,61062
KROGER-1023,2025-07-20,189,61251
KROGER-1023,2025-07-21,193,61444
KROGER-1023,2025-07-22,170,61614
KROGER-1023,2025-07-23,191,61805
KROGER-1023,2025-07-24,186,61991
KROGER-1023,2025-07-25,163,62154
KROGER-1023,2025-07-26,199,62353
KROGER-1023,2025-07-27,192,62545
KROGER-1023,2025-07-28,173,62718
KROGER-1023,2025-07-29,183,62901
KROGER-1023,2025-07-30,174,63075
KROGER-1023,2025-07-31,185,63260
KROGER-1023,2025-08-01,179,63439
KROGER-1023,2025-08-02,167,63606
KROGER-1023,2025-08-03,188,63794
KROGER-1023,2025-08-04,175,63969
KROGER-1023,2025-08-05,190,64159
KROGER-1023,2025-08-06,194,64353
KROGER-1023,2025-08-07,174,64527
KROGER-1023,2025-08-08,170,64697
KROGER-1023,2025-08-09,165,64862
KROGER-1023,2025-08-10,178,65040
KROGER-1023,2025-08-11,176,65216
KROGER-1023,2025-08-12,162,65378
KROGER-1023,2025-08-13,194,65572
KROGER-1023,2025-08-14,185,65757
KROGER-1023,2025-08-15,179,65936
KROGER-1023,2025-08-16,190,66126
KROGER-1023,2025-08-17,195,66321
KROGER-1023,2025-08-18,190,66511
KROGER-1023,2025-08-19,193,66704
KROGER-1023,2025-08-20,177,66881
KROGER-1023,2025-08-21,179,67060
KROGER-1023,2025-08-22,184,67244
KROGER-1023,2025-08-23,187,67431
KROGER-1023,2025-08-24,204,67635
KROGER-1023,2025-08-25,199,67834
KROGER-1023,2025-08-26,186,68020
KROGER-1023,2025-08-27,168,68188
KROGER-1023,2025-08-28,189,68377
KROGER-1023,2025-08-29,187,68564
KROGER-1023,2025-08-30,175,68739
KROGER-1023,2025-08-31,196,68935
KROGER-1024,2024-09-01,271,271
KROGER-1024,2024-09-02,286,557
KROGER-1024,2024-09-03,280,837
KROGER-1024,2024-09-04,274,1111
KROGER-1024,2024-09-05,270,1381
KROGER-1024,2024-09-06,223,1604
KROGER-1024,2024-09-07,255,1859
KROGER-1024,2024-09-08,280,2139
KROGER-1024,2024-09-09,302,2441
KROGER-1024,2024-09-10,282,2723
KROGER-1024,2024-09-11,309,3032
KROGER-1024,2024-09-12,271,3303
KROGER-1024,2024-09-13,269,3572
KROGER-1024,2024-09-14,315,3887
KROGER-1024,2024-09-15,279,4166
KROGER-1024,2024-09-16,248,4414
KROGER-1024,2024-09-17,276,4690
KROGER-1024,2024-09-18,294,4984
KROGER-1024,2024-09-19,252,5236
KROGER-1024,2024-09-20,282,5518
KROGER-1024,2024-09-21,281,5799
KROGER-1024,2024-09-22,293,6092
KROGER-1024,2024-09-23,276,6368
KROGER-1024,2024-09-24,261,6629
KROGER-1024,2024-09-25,267,6896
KROGER-1024,2024-09-26,262,7158
KROGER-1024,2024-09-27,272,7430
KROGER-1024,2024-09-28,264,7694
KROGER-1024,2024-09-29,269,7963
KROGER-1024,2024-09-30,261,8224
KROGER-1024,2024-10-01,278,8502
KROGER-1024,2024-10-02,239,8741
KROGER-1024,2024-10-03,267,9008
KROGER-1024,2024-10-04,254,9262
KROGER-1024,2024-10-05,274,9536
KROGER-1024,2024-10-06,268,9804
KROGER-1024,2024-10-07,274,10078
KROGER-1024,2024-10-08,266,10344
KROGER-1024,2024-10-09,285,10629
KROGER-1024,2024-10-10,278,10907
KROGER-1024,2024-10-11,236,11143
KROGER-1024,2024-10-12,261,11404
KROGER-1024,2024-10-13,279,11683
KROGER-1024,2024-10-14,269,11952
KROGER-1024,2024-10-15,251,12203
KROGER-1024,2024-10-16,298,12501
KROGER-1024,2024-10-17,288,12789
KROGER-1024,2024-10-18,234,13023
KROGER-1024,2024-10-19,291,13314
KROGER-1024,2024-10-20,282,13596
KROGER-1024,2024-10-21,296,13892
KROGER-1024,2024-10-22,236,14128
KROGER-1024,2024-10-23,314,14442
KROGER-1024,2024-10-24,251,14693
KROGER-1024,2024-10-25,278,14971
KROGER-1024,2024-10-26,269,15240
KROGER-1024,2024-10-27,274,15514
KROGER-1024,2024-10-28,233,15747
KROGER-1024,2024-10-29,295,16042
KROGER-1024,2024-10-30,264,16306
KROGER-1024,2024-10-31,265,16571
KROGER-1024,2024-11-01,383,16954
KROGER-1024,2024-11-02,366,17320
KROGER-1024,2024-11-03,321,17641
KROGER-1024,2024-11-04,308,17949
KROGER-1024,2024-11-05,330,18279
KROGER-1024,2024-11-06,343,18622
KROGER-1024,2024-11-07,369,18991
KROGER-1024,2024-11-08,282,19273
KROGER-1024,2024-11-09,359,19632
KROGER-1024,2024-11-10,364,19996
KROGER-1024,2024-11-11,303,20299
KROGER-1024,2024-11-12,314,20613
KROGER-1024,2024-11-13,281,20894
KROGER-1024,2024-11-14,310,21204
KROGER-1024,2024-11-15,329,21533
KROGER-1024,2024-11-16,383,21916
KROGER-1024,2024-11-17,386,22302
KROGER-1024,2024-11-18,297,22599
KROGER-1024,2024-11-19,361,22960
KROGER-1024,2024-11-20,273,23233
KROGER-1024,2024-11-21,308,23541
KROGER-1024,2024-11-22,316,23857
KROGER-1024,2024-11-23,347,24204
KROGER-1024,2024-11-24,343,24547
KROGER-1024,2024-11-25,333,24880
KROGER-1024,2024-11-26,319,25199
KROGER-1024,2024-11-27,348,25547
KROGER-1024,2024-11-28,341,25888
KROGER-1024,2024-11-29,316,26204
KROGER-1024,2024-11-30,363,26567
KROGER-1024,2024-12-01,396,26963
KROGER-1024,2024-12-02,306,27269
KROGER-1024,2024-12-03,367,27636
KROGER-1024,2024-12-04,308,27944
KROGER-1024,2024-12-05,360,28304
KROGER-1024,2024-12-06,309,28613
KROGER-1024,2024-12-07,361,28974
KROGER-1024,2024-12-08,345,29319
KROGER-1024,2024-12-09,277,29596
KROGER-1024,2024-12-10,373,29969
KROGER-1024,2024-12-11,300,30269
KROGER-1024,2024-12-12,291,30560
KROGER-1024,2024-12-13,307,30867
KROGER-1024,2024-12-14,409,31276
KROGER-1024,2024-12-15,306,31582
KROGER-1024,2024-12-16,328,31910
KROGER-1024,2024-12-17,294,32204
KROGER-1024,2024-12-18,299,32503
KROGER-1024,2024-12-19,282,32785
KROGER-1024,2024-12-20,332,33117
KROGER-1024,2024-12-21,335,33452
KROGER-1024,2024-12-22,309,33761
KROGER-1024,2024-12-23,346,34107
KROGER-1024,2024-12-24,349,34456
KROGER-1024,2024-12-25,334,34790
KROGER-1024,2024-12-26,354,35144
KROGER-1024,2024-12-27,314,35458
KROGER-1024,2024-12-28,348,35806
KROGER-1024,2024-12-29,330,36136
KROGER-1024,2024-12-30,284,36420
KROGER-1024,2024-12-31,329,36749
KROGER-1024,2025-01-01,273,37022
KROGER-1024,2025-01-02,269,37291
KROGER-1024,2025-01-03,278,37569
KROGER-1024,2025-01-04,315,37884
KROGER-1024,2025-01-05,278,38162
KROGER-1024,2025-01-06,249,38411
KROGER-1024,2025-01-07,264,38675
KROGER-1024,2025-01-08,267,38942
KROGER-1024,2025-01-09,291,39233
KROGER-1024,2025-01-10,272,39505
KROGER-1024,2025-01-11,257,39762
KROGER-1024,2025-01-12,301,40063
KROGER-1024,2025-01-13,283,40346
KROGER-1024,2025-01-14,272,40618
KROGER-1024,2025-01-15,290,40908
KROGER-1024,2025-01-16,294,41202
KROGER-1024,2025-01-17,261,41463
KROGER-1024,2025-01-18,263,41726
KROGER-1024,2025-01-19,283,42009
KROGER-1024,2025-01-20,281,42290
KROGER-1024,2025-01-21,267,42557
KROGER-1024,2025-01-22,248,42805
KROGER-1024,2025-01-23,273,43078
KROGER-1024,2025-01-24,226,43304
KROGER-1024,2025-01-25,276,43580
KROGER-1024,2025-01-26,302,43882
KROGER-1024,2025-01-27,289,44171
KROGER-1024,2025-01-28,188,44359
KROGER-1024,2025-01-29,265,44624
KROGER-1024,2025-01-30,282,44906
KROGER-1024,2025-01-31,244,45150
KROGER-1024,2025-02-01,275,45425
KROGER-1024,2025-02-02,310,45735
KROGER-1024,2025-02-03,259,45994
KROGER-1024,2025-02-04,304,46298
KROGER-1024,2025-02-05,253,46551
KROGER-1024,2025-02-06,300,46851
KROGER-1024,2025-02-07,270,47121
KROGER-1024,2025-02-08,263,47384
KROGER-1024,2025-02-09,315,47699
KROGER-1024,2025-02-10,243,47942
KROGER-1024,2025-02-11,252,48194
KROGER-1024,2025-02-12,280,48474
KROGER-1024,2025-02-13,271,48745
KROGER-1024,2025-02-14,275,49020
KROGER-1024,2025-02-15,275,49295
KROGER-1024,2025-02-16,256,49551
KROGER-1024,2025-02-17,255,49806
KROGER-1024,2025-02-18,298,50104
KROGER-1024,2025-02-19,241,50345
KROGER-1024,2025-02-20,305,50650
KROGER-1024,2025-02-21,276,50926
KROGER-1024,2025-02-22,269,51195
KROGER-1024,2025-02-23,238,51433
KROGER-1024,2025-02-24,229,51662
KROGER-1024,2025-02-25,262,51924
KROGER-1024,2025-02-26,259,52183
KROGER-1024,2025-02-27,272,52455
KROGER-1024,2025-02-28,307,52762
KROGER-1024,2025-03-01,295,53057
KROGER-1024,2025-03-02,280,53337
KROGER-1024,2025-03-03,296,53633
KROGER-1024,2025-03-04,273,53906
KROGER-1024,2025-03-05,304,54210
KROGER-1024,2025-03-06,255,54465
KROGER-1024,2025-03-07,245,54710
KROGER-1024,2025-03-08,238,54948
KROGER-1024,2025-03-09,281,55229
KROGER-1024,2025-03-10,243,55472
KROGER-1024,2025-03-11,243,55715
KROGER-1024,2025-03-12,292,56007
KROGER-1024,2025-03-13,232,56239
KROGER-1024,2025-03-14,272,56511
KROGER-1024,2025-03-15,281,56792
KROGER-1024,2025-03-16,285,57077
KROGER-1024,2025-03-17,299,57376
KROGER-1024,2025-03-18,252,57628
KROGER-1024,2025-03-19,299,57927
KROGER-1024,2025-03-20,231,58158
KROGER-1024,2025-03-21,284,58442
KROGER-1024,2025-03-22,316,58758
KROGER-1024,2025-03-23,191,58949
KROGER-1024,2025-03-24,269,59218
KROGER-1024,2025-03-25,267,59485
KROGER-1024,2025-03-26,271,59756
KROGER-1024,2025-03-27,306,60062
KROGER-1024,2025-03-28,253,60315
KROGER-1024,2025-03-29,256,60571
KROGER-1024,2025-03-30,285,60856
KROGER-1024,2025-03-31,294,61150
KROGER-1024,2025-04-01,282,61432
KROGER-1024,2025-04-02,270,61702
KROGER-1024,2025-04-03,265,61967
KROGER-1024,2025-04-04,226,62193
KROGER-1024,2025-04-05,296,62489
KROGER-1024,2025-04-06,299,62788
KROGER-1024,2025-04-07,255,63043
KROGER-1024,2025-04-08,259,63302
KROGER-1024,2025-04-09,247,63549
KROGER-1024,2025-04-10,288,63837
KROGER-1024,2025-04-11,262,64099
KROGER-1024,2025-04-12,280,64379
KROGER-1024,2025-04-13,297,64676
KROGER-1024,2025-04-14,277,64953
KROGER-1024,2025-04-15,282,65235
KROGER-1024,2025-04-16,273,65508
KROGER-1024,2025-04-17,274,65782
KROGER-1024,2025-04-18,274,66056
KROGER-1024,2025-04-19,293,66349
KROGER-1024,2025-04-20,294,66643
KROGER-1024,2025-04-21,243,66886
KROGER-1024,2025-04-22,257,67143
KROGER-1024,2025-04-23,265,67408
KROGER-1024,2025-04-24,279,67687
KROGER-1024,2025-04-25,304,67991
KROGER-1024,2025-04-26,265,68256
KROGER-1024,2025-04-27,303,68559
KROGER-1024,2025-04-28,257,68816
KROGER-1024,2025-04-29,299,69115
KROGER-1024,2025-04-30,311,69426
KROGER-1024,2025-05-01,232,69658
KROGER-1024,2025-05-02,262,69920
KROGER-1024,2025-05-03,230,70150
KROGER-1024,2025-05-04,245,70395
KROGER-1024,2025-05-05,234,70629
KROGER-1024,2025-05-06,283,70912
KROGER-1024,2025-05-07,279,71191
KROGER-1024,2025-05-08,287,71478
KROGER-1024,2025-05-09,283,71761
KROGER-1024,2025-05-10,294,72055
KROGER-1024,2025-05-11,286,72341
KROGER-1024,2025-05-12,267,72608
KROGER-1024,2025-05-13,292,72900
KROGER-1024,2025-05-14,270,73170
KROGER-1024,2025-05-15,281,73451
KROGER-1024,2025-05-16,219,73670
KROGER-1024,2025-05-17,256,73926
KROGER-1024,2025-05-18,305,74231
KROGER-1024,2025-05-19,255,74486
KROGER-1024,2025-05-20,239,74725
KROGER-1024,2025-05-21,283,75008
KROGER-1024,2025-05-22,270,75278
KROGER-1024,2025-05-23,261,75539
KROGER-1024,2025-05-24,317,75856
KROGER-1024,2025-05-25,313,76169
KROGER-1024,2025-05-26,265,76434
KROGER-1024,2025-05-27,285,76719
KROGER-1024,2025-05-28,221,76940
KROGER-1024,2025-05-29,293,77233
KROGER-1024,2025-05-30,246,77479
KROGER-1024,2025-05-31,250,77729
KROGER-1024,2025-06-01,242,77971
KROGER-1024,2025-06-02,229,78200
KROGER-1024,2025-06-03,293,78493
KROGER-1024,2025-06-04,283,78776
KROGER-1024,2025-06-05,253,79029
KROGER-1024,2025-06-06,288,79317
KROGER-1024,2025-06-07,269,79586
KROGER-1024,2025-06-08,290,79876
KROGER-1024,2025-06-09,259,80135
KROGER-1024,2025-06-10,267,80402
KROGER-1024,2025-06-11,250,80652
KROGER-1024,2025-06-12,253,80905
KROGER-1024,2025-06-13,281,81186
KROGER-1024,2025-06-14,299,81485
KROGER-1024,2025-06-15,274,81759
KROGER-1024,2025-06-16,237,81996
KROGER-1024,2025-06-17,323,82319
KROGER-1024,2025-06-18,270,82589
KROGER-1024,2025-06-19,276,82865
KROGER-1024,2025-06-20,242,83107
KROGER-1024,2025-06-21,311,83418
KROGER-1024,2025-06-22,314,83732
KROGER-1024,2025-06-23,233,83965
KROGER-1024,2025-06-24,267,84232
KROGER-1024,2025-06-25,266,84498
KROGER-1024,2025-06-26,321,84819
KROGER-1024,2025-06-27,301,85120
KROGER-1024,2025-06-28,250,85370
KROGER-1024,2025-06-29,266,85636
KROGER-1024,2025-06-30,250,85886
KROGER-1024,2025-07-01,278,86164
KROGER-1024,2025-07-02,303,86467
KROGER-1024,2025-07-03,272,86739
KROGER-1024,2025-07-04,280,87019
KROGER-1024,2025-07-05,268,87287
KROGER-1024,2025-07-06,294,87581
KROGER-1024,2025-07-07,259,87840
KROGER-1024,2025-07-08,234,88074
KROGER-1024,2025-07-09,279,88353
KROGER-1024,2025-07-10,269,88622
KROGER-1024,2025-07-11,246,88868
KROGER-1024,2025-07-12,320,89188
KROGER-1024,2025-07-13,266,89454
KROGER-1024,2025-07-14,283,89737
KROGER-1024,2025-07-15,262,89999
KROGER-1024,2025-07-16,303,90302
KROGER-1024,2025-07-17,264,90566
KROGER-1024,2025-07-18,233,90799
KROGER-1024,2025-07-19,301,91100
KROGER-1024,2025-07-20,318,91418
KROGER-1024,2025-07-21,260,91678
KROGER-1024,2025-07-22,284,91962
KROGER-1024,2025-07-23,272,92234
KROGER-1024,2025-07-24,261,92495
KROGER-1024,2025-07-25,288,92783
KROGER-1024,2025-07-26,265,93048
KROGER-1024,2025-07-27,284,93332
KROGER-1024,2025-07-28,275,93607
KROGER-1024,2025-07-29,274,93881
KROGER-1024,2025-07-30,253,94134
KROGER-1024,2025-07-31,314,94448
KROGER-1024,2025-08-01,297,94745
KROGER-1024,2025-08-02,305,95050
KROGER-1024,2025-08-03,315,95365
KROGER-1024,2025-08-04,271,95636
KROGER-1024,2025-08-05,261,95897
KROGER-1024,2025-08-06,246,96143
KROGER-1024,2025-08-07,254,96397
KROGER-1024,2025-08-08,248,96645
KROGER-1024,2025-08-09,271,96916
KROGER-1024,2025-08-10,289,97205
KROGER-1024,2025-08-11,289,97494
KROGER-1024,2025-08-12,289,97783
KROGER-1024,2025-08-13,244,98027
KROGER-1024,2025-08-14,284,98311
KROGER-1024,2025-08-15,294,98605
KROGER-1024,2025-08-16,277,98882
KROGER-1024,2025-08-17,310,99192
KROGER-1024,2025-08-18,288,99480
KROGER-1024,2025-08-19,242,99722
KROGER-1024,2025-08-20,317,100039
KROGER-1024,2025-08-21,254,100293
KROGER-1024,2025-08-22,290,100583
KROGER-1024,2025-08-23,304,100887
KROGER-1024,2025-08-24,255,101142
KROGER-1024,2025-08-25,273,101415
KROGER-1024,2025-08-26,289,101704
KROGER-1024,2025-08-27,243,101947
KROGER-1024,2025-08-28,272,102219
KROGER-1024,2025-08-29,291,102510
KROGER-1024,2025-08-30,307,102817
KROGER-1024,2025-08-31,274,103091
KROGER-1025,2024-09-01,427,427
KROGER-1025,2024-09-02,400,827
KROGER-1025,2024-09-03,369,1196
KROGER-1025,2024-09-04,343,1539
KROGER-1025,2024-09-05,328,1867
KROGER-1025,2024-09-06,373,2240
KROGER-1025,2024-09-07,425,2665
KROGER-1025,2024-09-08,376,3041
KROGER-1025,2024-09-09,337,3378
KROGER-1025,2024-09-10,386,3764
KROGER-1025,2024-09-11,367,4131
KROGER-1025,2024-09-12,377,4508
KROGER-1025,2024-09-13,347,4855
KROGER-1025,2024-09-14,369,5224
KROGER-1025,2024-09-15,364,5588
KROGER-1025,2024-09-16,377,5965
KROGER-1025,2024-09-17,352,6317
KROGER-1025,2024-09-18,379,6696
KROGER-1025,2024-09-19,344,7040
KROGER-1025,2024-09-20,377,7417
KROGER-1025,2024-09-21,402,7819
KROGER-1025,2024-09-22,390,8209
KROGER-1025,2024-09-23,389,8598
KROGER-1025,2024-09-24,348,8946
KROGER-1025,2024-09-25,382,9328
KROGER-1025,2024-09-26,369,9697
KROGER-1025,2024-09-27,339,10036
KROGER-1025,2024-09-28,322,10358
KROGER-1025,2024-09-29,329,10687
KROGER-1025,2024-09-30,298,10985
KROGER-1025,2024-10-01,374,11359
KROGER-1025,2024-10-02,353,11712
KROGER-1025,2024-10-03,365,12077
KROGER-1025,2024-10-04,357,12434
KROGER-1025,2024-10-05,398,12832
KROGER-1025,2024-10-06,399,13231
KROGER-1025,2024-10-07,363,13594
KROGER-1025,2024-10-08,365,13959
KROGER-1025,2024-10-09,366,14325
KROGER-1025,2024-10-10,402,14727
KROGER-1025,2024-10-11,304,15031
KROGER-1025,2024-10-12,360,15391
KROGER-1025,2024-10-13,407,15798
KROGER-1025,2024-10-14,394,16192
KROGER-1025,2024-10-15,374,16566
KROGER-1025,2024-10-16,357,16923
KROGER-1025,2024-10-17,416,17339
KROGER-1025,2024-10-18,367,17706
KROGER-1025,2024-10-19,381,18087
KROGER-1025,2024-10-20,421,18508
KROGER-1025,2024-10-21,376,18884
KROGER-1025,2024-10-22,389,19273
KROGER-1025,2024-10-23,393,19666
KROGER-1025,2024-10-24,351,20017
KROGER-1025,2024-10-25,413,20430
KROGER-1025,2024-10-26,305,20735
KROGER-1025,2024-10-27,320,21055
KROGER-1025,2024-10-28,342,21397
KROGER-1025,2024-10-29,350,21747
KROGER-1025,2024-10-30,373,22120
KROGER-1025,2024-10-31,342,22462
KROGER-1025,2024-11-01,434,22896
KROGER-1025,2024-11-02,449,23345
KROGER-1025,2024-11-03,530,23875
KROGER-1025,2024-11-04,407,24282
KROGER-1025,2024-11-05,376,24658
KROGER-1025,2024-11-06,474,25132
KROGER-1025,2024-11-07,410,25542
KROGER-1025,2024-11-08,431,25973
KROGER-1025,2024-11-09,433,26406
KROGER-1025,2024-11-10,483,26889
KROGER-1025,2024-11-11,387,27276
KROGER-1025,2024-11-12,337,27613
KROGER-1025,2024-11-13,480,28093
KROGER-1025,2024-11-14,443,28536
KROGER-1025,2024-11-15,472,29008
KROGER-1025,2024-11-16,502,29510
KROGER-1025,2024-11-17,423,29933
KROGER-1025,2024-11-18,437,30370
KROGER-1025,2024-11-19,452,30822
KROGER-1025,2024-11-20,431,31253
KROGER-1025,2024-11-21,424,31677
KROGER-1025,2024-11-22,427,32104
KROGER-1025,2024-11-23,496,32600
KROGER-1025,2024-11-24,447,33047
KROGER-1025,2024-11-25,455,33502
KROGER-1025,2024-11-26,447,33949
KROGER-1025,2024-11-27,401,34350
KROGER-1025,2024-11-28,445,34795
KROGER-1025,2024-11-29,381,35176
KROGER-1025,2024-11-30,471,35647
KROGER-1025,2024-12-01,489,36136
KROGER-1025,2024-12-02,474,36610
KROGER-1025,2024-12-03,401,37011
KROGER-1025,2024-12-04,416,37427
KROGER-1025,2024-12-05,444,37871
KROGER-1025,2024-12-06,418,38289
KROGER-1025,2024-12-07,386,38675
KROGER-1025,2024-12-08,437,39112
KROGER-1025,2024-12-09,444,39556
KROGER-1025,2024-12-10,472,40028
KROGER-1025,2024-12-11,493,40521
KROGER-1025,2024-12-12,439,40960
KROGER-1025,2024-12-13,454,41414
KROGER-1025,2024-12-14,491,41905
KROGER-1025,2024-12-15,381,42286
KROGER-1025,2024-12-16,399,42685
KROGER-1025,2024-12-17,438,43123
KROGER-1025,2024-12-18,489,43612
KROGER-1025,2024-12-19,457,44069
KROGER-1025,2024-12-20,446,44515
KROGER-1025,2024-12-21,448,44963
KROGER-1025,2024-12-22,472,45435
KROGER-1025,2024-12-23,414,45849
KROGER-1025,2024-12-24,407,46256
KROGER-1025,2024-12-25,410,46666
KROGER-1025,2024-12-26,481,47147
KROGER-1025,2024-12-27,405,47552
KROGER-1025,2024-12-28,442,47994
KROGER-1025,2024-12-29,474,48468
KROGER-1025,2024-12-30,404,48872
KROGER-1025,2024-12-31,442,49314
KROGER-1025,2025-01-01,369,49683
KROGER-1025,2025-01-02,344,50027
KROGER-1025,2025-01-03,355,50382
KROGER-1025,2025-01-04,351,50733
KROGER-1025,2025-01-05,422,51155
KROGER-1025,2025-01-06,370,51525
KROGER-1025,2025-01-07,332,51857
KROGER-1025,2025-01-08,366,52223
KROGER-1025,2025-01-09,367,52590
KROGER-1025,2025-01-10,297,52887
KROGER-1025,2025-01-11,421,53308
KROGER-1025,2025-01-12,350,53658
KROGER-1025,2025-01-13,423,54081
KROGER-1025,2025-01-14,385,54466
KROGER-1025,2025-01-15,329,54795
KROGER-1025,2025-01-16,353,55148
KROGER-1025,2025-01-17,389,55537
KROGER-1025,2025-01-18,373,55910
KROGER-1025,2025-01-19,416,56326
KROGER-1025,2025-01-20,351,56677
KROGER-1025,2025-01-21,360,57037
KROGER-1025,2025-01-22,390,57427
KROGER-1025,2025-01-23,380,57807
KROGER-1025,2025-01-24,335,58142
KROGER-1025,2025-01-25,393,58535
KROGER-1025,2025-01-26,385,58920
KROGER-1025,2025-01-27,336,59256
KROGER-1025,2025-01-28,322,59578
KROGER-1025,2025-01-29,306,59884
KROGER-1025,2025-01-30,354,60238
KROGER-1025,2025-01-31,361,60599
KROGER-1025,2025-02-01,396,60995
KROGER-1025,2025-02-02,405,61400
KROGER-1025,2025-02-03,350,61750
KROGER-1025,2025-02-04,360,62110
KROGER-1025,2025-02-05,340,62450
KROGER-1025,2025-02-06,365,62815
KROGER-1025,2025-02-07,390,63205
KROGER-1025,2025-02-08,383,63588
KROGER-1025,2025-02-09,416,64004
KROGER-1025,2025-02-10,390,64394
KROGER-1025,2025-02-11,404,64798
KROGER-1025,2025-02-12,366,65164
KROGER-1025,2025-02-13,347,65511
KROGER-1025,2025-02-14,380,65891
KROGER-1025,2025-02-15,369,66260
KROGER-1025,2025-02-16,398,66658
KROGER-1025,2025-02-17,343,67001
KROGER-1025,2025-02-18,338,67339
KROGER-1025,2025-02-19,397,67736
KROGER-1025,2025-02-20,333,68069
KROGER-1025,2025-02-21,392,68461
KROGER-1025,2025-02-22,398,68859
KROGER-1025,2025-02-23,383,69242
KROGER-1025,2025-02-24,307,69549
KROGER-1025,2025-02-25,405,69954
KROGER-1025,2025-02-26,335,70289
KROGER-1025,2025-02-27,390,70679
KROGER-1025,2025-02-28,342,71021
KROGER-1025,2025-03-01,357,71378
KROGER-1025,2025-03-02,401,71779
KROGER-1025,2025-03-03,378,72157
KROGER-1025,2025-03-04,329,72486
KROGER-1025,2025-03-05,404,72890
KROGER-1025,2025-03-06,356,73246
KROGER-1025,2025-03-07,364,73610
KROGER-1025,2025-03-08,371,73981
KROGER-1025,2025-03-09,347,74328
KROGER-1025,2025-03-10,383,74711
KROGER-1025,2025-03-11,370,75081
KROGER-1025,2025-03-12,339,75420
KROGER-1025,2025-03-13,389,75809
KROGER-1025,2025-03-14,364,76173
KROGER-1025,2025-03-15,383,76556
KROGER-1025,2025-03-16,434,76990
KROGER-1025,2025-03-17,315,77305
KROGER-1025,2025-03-18,315,77620
KROGER-1025,2025-03-19,322,77942
KROGER-1025,2025-03-20,373,78315
KROGER-1025,2025-03-21,352,78667
KROGER-1025,2025-03-22,372,79039
KROGER-1025,2025-03-23,352,79391
KROGER-1025,2025-03-24,410,79801
KROGER-1025,2025-03-25,420,80221
KROGER-1025,2025-03-26,388,80609
KROGER-1025,2025-03-27,318,80927
KROGER-1025,2025-03-28,348,81275
KROGER-1025,2025-03-29,405,81680
KROGER-1025,2025-03-30,379,82059
KROGER-1025,2025-03-31,388,82447
KROGER-1025,2025-04-01,398,82845
KROGER-1025,2025-04-02,417,83262
KROGER-1025,2025-04-03,343,83605
KROGER-1025,2025-04-04,364,83969
KROGER-1025,2025-04-05,367,84336
KROGER-1025,2025-04-06,319,84655
KROGER-1025,2025-04-07,382,85037
KROGER-1025,2025-04-08,378,85415
KROGER-1025,2025-04-09,346,85761
KROGER-1025,2025-04-10,316,86077
KROGER-1025,2025-04-11,351,86428
KROGER-1025,2025-04-12,402,86830
KROGER-1025,2025-04-13,421,87251
KROGER-1025,2025-04-14,341,87592
KROGER-1025,2025-04-15,394,87986
KROGER-1025,2025-04-16,380,88366
KROGER-1025,2025-04-17,374,88740
KROGER-1025,2025-04-18,325,89065
KROGER-1025,2025-04-19,342,89407
KROGER-1025,2025-04-20,355,89762
KROGER-1025,2025-04-21,353,90115
KROGER-1025,2025-04-22,414,90529
KROGER-1025,2025-04-23,343,90872
KROGER-1025,2025-04-24,384,91256
KROGER-1025,2025-04-25,349,91605
KROGER-1025,2025-04-26,395,92000
KROGER-1025,2025-04-27,378,92378
KROGER-1025,2025-04-28,367,92745
KROGER-1025,2025-04-29,373,93118
KROGER-1025,2025-04-30,355,93473
KROGER-1025,2025-05-01,373,93846
KROGER-1025,2025-05-02,398,94244
KROGER-1025,2025-05-03,357,94601
KROGER-1025,2025-05-04,416,95017
KROGER-1025,2025-05-05,354,95371
KROGER-1025,2025-05-06,351,95722
KROGER-1025,2025-05-07,382,96104
KROGER-1025,2025-05-08,352,96456
KROGER-1025,2025-05-09,371,96827
KROGER-1025,2025-05-10,387,97214
KROGER-1025,2025-05-11,317,97531
KROGER-1025,2025-05-12,374,97905
KROGER-1025,2025-05-13,320,98225
KROGER-1025,2025-05-14,322,98547
KROGER-1025,2025-05-15,373,98920
KROGER-1025,2025-05-16,378,99298
KROGER-1025,2025-05-17,417,99715
KROGER-1025,2025-05-18,347,100062
KROGER-1025,2025-05-19,341,100403
KROGER-1025,2025-05-20,376,100779
KROGER-1025,2025-05-21,398,101177
KROGER-1025,2025-05-22,368,101545
KROGER-1025,2025-05-23,337,101882
KROGER-1025,2025-05-24,426,102308
KROGER-1025,2025-05-25,372,102680
KROGER-1025,2025-05-26,355,103035
KROGER-1025,2025-05-27,320,103355
KROGER-1025,2025-05-28,383,103738
KROGER-1025,2025-05-29,387,104125
KROGER-1025,2025-05-30,342,104467
KROGER-1025,2025-05-31,434,104901
KROGER-1025,2025-06-01,362,105263
KROGER-1025,2025-06-02,380,105643
KROGER-1025,2025-06-03,369,106012
KROGER-1025,2025-06-04,303,106315
KROGER-1025,2025-06-05,378,106693
KROGER-1025,2025-06-06,375,107068
KROGER-1025,2025-06-07,326,107394
KROGER-1025,2025-06-08,427,107821
KROGER-1025,2025-06-09,375,108196
KROGER-1025,2025-06-10,398,108594
KROGER-1025,2025-06-11,312,108906
KROGER-1025,2025-06-12,350,109256
KROGER-1025,2025-06-13,396,109652
KROGER-1025,2025-06-14,332,109984
KROGER-1025,2025-06-15,369,110353
KROGER-1025,2025-06-16,374,110727
KROGER-1025,2025-06-17,307,111034
KROGER-1025,2025-06-18,324,111358
KROGER-1025,2025-06-19,402,111760
KROGER-1025,2025-06-20,364,112124
KROGER-1025,2025-06-21,416,112540
KROGER-1025,2025-06-22,386,112926
KROGER-1025,2025-06-23,433,113359
KROGER-1025,2025-06-24,375,113734
KROGER-1025,2025-06-25,399,114133
KROGER-1025,2025-06-26,355,114488
KROGER-1025,2025-06-27,368,114856
KROGER-1025,2025-06-28,400,115256
KROGER-1025,2025-06-29,405,115661
KROGER-1025,2025-06-30,361,116022
KROGER-1025,2025-07-01,362,116384
KROGER-1025,2025-07-02,377,116761
KROGER-1025,2025-07-03,377,117138
KROGER-1025,2025-07-04,332,117470
KROGER-1025,2025-07-05,387,117857
KROGER-1025,2025-07-06,390,118247
KROGER-1025,2025-07-07,334,118581
KROGER-1025,2025-07-08,388,118969
KROGER-1025,2025-07-09,374,119343
KROGER-1025,2025-07-10,430,119773
KROGER-1025,2025-07-11,361,120134
KROGER-1025,2025-07-12,415,120549
KROGER-1025,2025-07-13,397,120946
KROGER-1025,2025-07-14,418,121364
KROGER-1025,2025-07-15,334,121698
KROGER-1025,2025-07-16,348,122046
KROGER-1025,2025-07-17,335,122381
KROGER-1025,2025-07-18,360,122741
KROGER-1025,2025-07-19,346,123087
KROGER-1025,2025-07-20,334,123421
KROGER-1025,2025-07-21,300,123721
KROGER-1025,2025-07-22,298,124019
KROGER-1025,2025-07-23,381,124400
KROGER-1025,2025-07-24,349,124749
KROGER-1025,2025-07-25,326,125075
KROGER-1025,2025-07-26,360,125435
KROGER-1025,2025-07-27,364,125799
KROGER-1025,2025-07-28,334,126133
KROGER-1025,2025-07-29,409,126542
KROGER-1025,2025-07-30,403,126945
KROGER-1025,2025-07-31,408,127353
KROGER-1025,2025-08-01,367,127720
KROGER-1025,2025-08-02,389,128109
KROGER-1025,2025-08-03,360,128469
KROGER-1025,2025-08-04,338,128807
KROGER-1025,2025-08-05,363,129170
KROGER-1025,2025-08-06,381,129551
KROGER-1025,2025-08-07,397,129948
KROGER-1025,2025-08-08,346,130294
KROGER-1025,2025-08-09,342,130636
KROGER-1025,2025-08-10,403,131039
KROGER-1025,2025-08-11,309,131348
KROGER-1025,2025-08-12,361,131709
KROGER-1025,2025-08-13,365,132074
KROGER-1025,2025-08-14,351,132425
KROGER-1025,2025-08-15,317,132742
KROGER-1025,2025-08-16,369,133111
KROGER-1025,2025-08-17,430,133541
KROGER-1025,2025-08-18,379,133920
KROGER-1025,2025-08-19,396,134316
KROGER-1025,2025-08-20,327,134643
KROGER-1025,2025-08-21,369,135012
KROGER-1025,2025-08-22,365,135377
KROGER-1025,2025-08-23,383,135760
KROGER-1025,2025-08-24,397,136157
KROGER-1025,2025-08-25,366,136523
KROGER-1025,2025-08-26,328,136851
KROGER-1025,2025-08-27,380,137231
KROGER-1025,2025-08-28,386,137617
KROGER-1025,2025-08-29,400,138017
KROGER-1025,2025-08-30,422,138439
KROGER-1025,2025-08-31,395,138834
KROGER-1026,2024-09-01,196,196
KROGER-1026,2024-09-02,180,376
KROGER-1026,2024-09-03,201,577
KROGER-1026,2024-09-04,220,797
KROGER-1026,2024-09-05,219,1016
KROGER-1026,2024-09-06,209,1225
KROGER-1026,2024-09-07,215,1440
KROGER-1026,2024-09-08,248,1688
KROGER-1026,2024-09-09,214,1902
KROGER-1026,2024-09-10,204,2106
KROGER-1026,2024-09-11,194,2300
KROGER-1026,2024-09-12,188,2488
KROGER-1026,2024-09-13,187,2675
KROGER-1026,2024-09-14,198,2873
KROGER-1026,2024-09-15,220,3093
KROGER-1026,2024-09-16,205,3298
KROGER-1026,2024-09-17,200,3498
KROGER-1026,2024-09-18,217,3715
KROGER-1026,2024-09-19,235,3950
KROGER-1026,2024-09-20,191,4141
KROGER-1026,2024-09-21,204,4345
KROGER-1026,2024-09-22,177,4522
KROGER-1026,2024-09-23,205,4727
KROGER-1026,2024-09-24,203,4930
KROGER-1026,2024-09-25,220,5150
KROGER-1026,2024-09-26,204,5354
KROGER-1026,2024-09-27,195,5549
KROGER-1026,2024-09-28,219,5768
KROGER-1026,2024-09-29,225,5993
KROGER-1026,2024-09-30,178,6171
KROGER-1026,2024-10-01,222,6393
KROGER-1026,2024-10-02,226,6619
KROGER-1026,2024-10-03,214,6833
KROGER-1026,2024-10-04,190,7023
KROGER-1026,2024-10-05,210,7233
KROGER-1026,2024-10-06,236,7469
KROGER-1026,2024-10-07,189,7658
KROGER-1026,2024-10-08,215,7873
KROGER-1026,2024-10-09,204,8077
KROGER-1026,2024-10-10,208,8285
KROGER-1026,2024-10-11,191,8476
KROGER-1026,2024-10-12,221,8697
KROGER-1026,2024-10-13,220,8917
KROGER-1026,2024-10-14,180,9097
KROGER-1026,2024-10-15,205,9302
KROGER-1026,2024-10-16,215,9517
KROGER-1026,2024-10-17,199,9716
KROGER-1026,2024-10-18,165,9881
KROGER-1026,2024-10-19,213,10094
KROGER-1026,2024-10-20,241,10335
KROGER-1026,2024-10-21,199,10534
KROGER-1026,2024-10-22,228,10762
KROGER-1026,2024-10-23,192,10954
KROGER-1026,2024-10-24,186,11140
KROGER-1026,2024-10-25,205,11345
KROGER-1026,2024-10-26,201,11546
KROGER-1026,2024-10-27,221,11767
KROGER-1026,2024-10-28,199,11966
KROGER-1026,2024-10-29,229,12195
KROGER-1026,2024-10-30,198,12393
KROGER-1026,2024-10-31,206,12599
KROGER-1026,2024-11-01,258,12857
KROGER-1026,2024-11-02,278,13135
KROGER-1026,2024-11-03,289,13424
KROGER-1026,2024-11-04,241,13665
KROGER-1026,2024-11-05,238,13903
KROGER-1026,2024-11-06,208,14111
KROGER-1026,2024-11-07,286,14397
KROGER-1026,2024-11-08,253,14650
KROGER-1026,2024-11-09,274,14924
KROGER-1026,2024-11-10,270,15194
KROGER-1026,2024-11-11,247,15441
KROGER-1026,2024-11-12,253,15694
KROGER-1026,2024-11-13,235,15929
KROGER-1026,2024-11-14,240,16169
KROGER-1026,2024-11-15,227,16396
KROGER-1026,2024-11-16,291,16687
KROGER-1026,2024-11-17,270,16957
KROGER-1026,2024-11-18,285,17242
KROGER-1026,2024-11-19,291,17533
KROGER-1026,2024-11-20,218,17751
KROGER-1026,2024-11-21,266,18017
KROGER-1026,2024-11-22,219,18236
KROGER-1026,2024-11-23,262,18498
KROGER-1026,2024-11-24,265,18763
KROGER-1026,2024-11-25,221,18984
KROGER-1026,2024-11-26,232,19216
KROGER-1026,2024-11-27,253,19469
KROGER-1026,2024-11-28,250,19719
KROGER-1026,2024-11-29,226,19945
KROGER-1026,2024-11-30,244,20189
KROGER-1026,2024-12-01,228,20417
KROGER-1026,2024-12-02,222,20639
KROGER-1026,2024-12-03,239,20878
KROGER-1026,2024-12-04,266,21144
KROGER-1026,2024-12-05,268,21412
KROGER-1026,2024-12-06,282,21694
KROGER-1026,2024-12-07,267,21961
KROGER-1026,2024-12-08,262,22223
KROGER-1026,2024-12-09,256,22479
KROGER-1026,2024-12-10,256,22735
KROGER-1026,2024-12-11,214,22949
KROGER-1026,2024-12-12,283,23232
KROGER-1026,2024-12-13,208,23440
KROGER-1026,2024-12-14,282,23722
KROGER-1026,2024-12-15,260,23982
KROGER-1026,2024-12-16,225,24207
KROGER-1026,2024-12-17,257,24464
KROGER-1026,2024-12-18,244,24708
KROGER-1026,2024-12-19,233,24941
KROGER-1026,2024-12-20,219,25160
KROGER-1026,2024-12-21,228,25388
KROGER-1026,2024-12-22,246,25634
KROGER-1026,2024-12-23,238,25872
KROGER-1026,2024-12-24,222,26094
KROGER-1026,2024-12-25,247,26341
KROGER-1026,2024-12-26,225,26566
KROGER-1026,2024-12-27,253,26819
KROGER-1026,2024-12-28,284,27103
KROGER-1026,2024-12-29,264,27367
KROGER-1026,2024-12-30,244,27611
KROGER-1026,2024-12-31,236,27847
KROGER-1026,2025-01-01,229,28076
KROGER-1026,2025-01-02,202,28278
KROGER-1026,2025-01-03,246,28524
KROGER-1026,2025-01-04,195,28719
KROGER-1026,2025-01-05,220,28939
KROGER-1026,2025-01-06,228,29167
KROGER-1026,2025-01-07,194,29361
KROGER-1026,2025-01-08,201,29562
KROGER-1026,2025-01-09,215,29777
KROGER-1026,2025-01-10,211,29988
KROGER-1026,2025-01-11,225,30213
KROGER-1026,2025-01-12,235,30448
KROGER-1026,2025-01-13,199,30647
KROGER-1026,2025-01-14,229,30876
KROGER-1026,2025-01-15,177,31053
KROGER-1026,2025-01-16,223,31276
KROGER-1026,2025-01-17,224,31500
KROGER-1026,2025-01-18,202,31702
KROGER-1026,2025-01-19,190,31892
KROGER-1026,2025-01-20,201,32093
KROGER-1026,2025-01-21,212,32305
KROGER-1026,2025-01-22,199,32504
KROGER-1026,2025-01-23,213,32717
KROGER-1026,2025-01-24,237,32954
KROGER-1026,2025-01-25,192,33146
KROGER-1026,2025-01-26,182,33328
KROGER-1026,2025-01-27,204,33532
KROGER-1026,2025-01-28,194,33726
KROGER-1026,2025-01-29,197,33923
KROGER-1026,2025-01-30,226,34149
KROGER-1026,2025-01-31,203,34352
KROGER-1026,2025-02-01,215,34567
KROGER-1026,2025-02-02,208,34775
KROGER-1026,2025-02-03,204,34979
KROGER-1026,2025-02-04,209,35188
KROGER-1026,2025-02-05,251,35439
KROGER-1026,2025-02-06,210,35649
KROGER-1026,2025-02-07,224,35873
KROGER-1026,2025-02-08,218,36091
KROGER-1026,2025-02-09,180,36271
KROGER-1026,2025-02-10,196,36467
KROGER-1026,2025-02-11,210,36677
KROGER-1026,2025-02-12,217,36894
KROGER-1026,2025-02-13,208,37102
KROGER-1026,2025-02-14,220,37322
KROGER-1026,2025-02-15,190,37512
KROGER-1026,2025-02-16,216,37728
KROGER-1026,2025-02-17,227,37955
KROGER-1026,2025-02-18,189,38144
KROGER-1026,2025-02-19,223,38367
KROGER-1026,2025-02-20,223,38590
KROGER-1026,2025-02-21,185,38775
KROGER-1026,2025-02-22,221,38996
KROGER-1026,2025-02-23,218,39214
KROGER-1026,2025-02-24,202,39416
KROGER-1026,2025-02-25,180,39596
KROGER-1026,2025-02-26,201,39797
KROGER-1026,2025-02-27,202,39999
KROGER-1026,2025-02-28,177,40176
KROGER-1026,2025-03-01,193,40369
KROGER-1026,2025-03-02,199,40568
KROGER-1026,2025-03-03,188,40756
KROGER-1026,2025-03-04,210,40966
KROGER-1026,2025-03-05,220,41186
KROGER-1026,2025-03-06,200,41386
KROGER-1026,2025-03-07,218,41604
KROGER-1026,2025-03-08,232,41836
KROGER-1026,2025-03-09,214,42050
KROGER-1026,2025-03-10,212,42262
KROGER-1026,2025-03-11,201,42463
KROGER-1026,2025-03-12,187,42650
KROGER-1026,2025-03-13,193,42843
KROGER-1026,2025-03-14,210,43053
KROGER-1026,2025-03-15,213,43266
KROGER-1026,2025-03-16,228,43494
KROGER-1026,2025-03-17,174,43668
KROGER-1026,2025-03-18,178,43846
KROGER-1026,2025-03-19,180,44026
KROGER-1026,2025-03-20,208,44234
KROGER-1026,2025-03-21,182,44416
KROGER-1026,2025-03-22,221,44637
KROGER-1026,2025-03-23,228,44865
KROGER-1026,2025-03-24,230,45095
KROGER-1026,2025-03-25,228,45323
KROGER-1026,2025-03-26,194,45517
KROGER-1026,2025-03-27,178,45695
KROGER-1026,2025-03-28,195,45890
KROGER-1026,2025-03-29,232,46122
KROGER-1026,2025-03-30,209,46331
KROGER-1026,2025-03-31,205,46536
KROGER-1026,2025-04-01,196,46732
KROGER-1026,2025-04-02,231,46963
KROGER-1026,2025-04-03,188,47151
KROGER-1026,2025-04-04,206,47357
KROGER-1026,2025-04-05,234,47591
KROGER-1026,2025-04-06,247,47838
KROGER-1026,2025-04-07,194,48032
KROGER-1026,2025-04-08,221,48253
KROGER-1026,2025-04-09,195,48448
KROGER-1026,2025-04-10,228,48676
KROGER-1026,2025-04-11,233,48909
KROGER-1026,2025-04-12,200,49109
KROGER-1026,2025-04-13,227,49336
KROGER-1026,2025-04-14,223,49559
KROGER-1026,2025-04-15,200,49759
KROGER-1026,2025-04-16,214,49973
KROGER-1026,2025-04-17,215,50188
KROGER-1026,2025-04-18,238,50426
KROGER-1026,2025-04-19,181,50607
KROGER-1026,2025-04-20,214,50821
KROGER-1026,2025-04-21,184,51005
KROGER-1026,2025-04-22,205,51210
KROGER-1026,2025-04-23,192,51402
KROGER-1026,2025-04-24,201,51603
KROGER-1026,2025-04-25,191,51794
KROGER-1026,2025-04-26,218,52012
KROGER-1026,2025-04-27,234,52246
KROGER-1026,2025-04-28,199,52445
KROGER-1026,2025-04-29,229,52674
KROGER-1026,2025-04-30,222,52896
KROGER-1026,2025-05-01,238,53134
KROGER-1026,2025-05-02,212,53346
KROGER-1026,2025-05-03,214,53560
KROGER-1026,2025-05-04,188,53748
KROGER-1026,2025-05-05,192,53940
KROGER-1026,2025-05-06,202,54142
KROGER-1026,2025-05-07,204,54346
KROGER-1026,2025-05-08,244,54590
KROGER-1026,2025-05-09,202,54792
KROGER-1026,2025-05-10,185,54977
KROGER-1026,2025-05-11,227,55204
KROGER-1026,2025-05-12,215,55419
KROGER-1026,2025-05-13,197,55616
KROGER-1026,2025-05-14,240,55856
KROGER-1026,2025-05-15,174,56030
KROGER-1026,2025-05-16,226,56256
KROGER-1026,2025-05-17,210,56466
KROGER-1026,2025-05-18,199,56665
KROGER-1026,2025-05-19,244,56909
KROGER-1026,2025-05-20,217,57126
KROGER-1026,2025-05-21,200,57326
KROGER-1026,2025-05-22,200,57526
KROGER-1026,2025-05-23,210,57736
KROGER-1026,2025-05-24,207,57943
KROGER-1026,2025-05-25,238,58181
KROGER-1026,2025-05-26,206,58387
KROGER-1026,2025-05-27,222,58609
KROGER-1026,2025-05-28,208,58817
KROGER-1026,2025-05-29,219,59036
KROGER-1026,2025-05-30,227,59263
KROGER-1026,2025-05-31,244,59507
KROGER-1026,2025-06-01,224,59731
KROGER-1026,2025-06-02,191,59922
KROGER-1026,2025-06-03,202,60124
KROGER-1026,2025-06-04,205,60329
KROGER-1026,2025-06-05,196,60525
KROGER-1026,2025-06-06,193,60718
KROGER-1026,2025-06-07,218,60936
KROGER-1026,2025-06-08,198,61134
KROGER-1026,2025-06-09,186,61320
KROGER-1026,2025-06-10,177,61497
KROGER-1026,2025-06-11,213,61710
KROGER-1026,2025-06-12,211,61921
KROGER-1026,2025-06-13,200,62121
KROGER-1026,2025-06-14,232,62353
KROGER-1026,2025-06-15,198,62551
KROGER-1026,2025-06-16,211,62762
KROGER-1026,2025-06-17,206,62968
KROGER-1026,2025-06-18,193,63161
KROGER-1026,2025-06-19,197,63358
KROGER-1026,2025-06-20,196,63554
KROGER-1026,2025-06-21,220,63774
KROGER-1026,2025-06-22,226,64000
KROGER-1026,2025-06-23,198,64198
KROGER-1026,2025-06-24,193,64391
KROGER-1026,2025-06-25,207,64598
KROGER-1026,2025-06-26,178,64776
KROGER-1026,2025-06-27,206,64982
KROGER-1026,2025-06-28,242,65224
KROGER-1026,2025-06-29,203,65427
KROGER-1026,2025-06-30,202,65629
KROGER-1026,2025-07-01,222,65851
KROGER-1026,2025-07-02,217,66068
KROGER-1026,2025-07-03,206,66274
KROGER-1026,2025-07-04,204,66478
KROGER-1026,2025-07-05,194,66672
KROGER-1026,2025-07-06,224,66896
KROGER-1026,2025-07-07,183,67079
KROGER-1026,2025-07-08,171,67250
KROGER-1026,2025-07-09,222,67472
KROGER-1026,2025-07-10,211,67683
KROGER-1026,2025-07-11,219,67902
KROGER-1026,2025-07-12,203,68105
KROGER-1026,2025-07-13,223,68328
KROGER-1026,2025-07-14,198,68526
KROGER-1026,2025-07-15,200,68726
KROGER-1026,2025-07-16,221,68947
KROGER-1026,2025-07-17,203,69150
KROGER-1026,2025-07-18,194,69344
KROGER-1026,2025-07-19,192,69536
KROGER-1026,2025-07-20,221,69757
KROGER-1026,2025-07-21,222,69979
KROGER-1026,2025-07-22,192,70171
KROGER-1026,2025-07-23,216,70387
KROGER-1026,2025-07-24,189,70576
KROGER-1026,2025-07-25,217,70793
KROGER-1026,2025-07-26,216,71009
KROGER-1026,2025-07-27,220,71229
KROGER-1026,2025-07-28,194,71423
KROGER-1026,2025-07-29,211,71634
KROGER-1026,2025-07-30,195,71829
KROGER-1026,2025-07-31,198,72027
KROGER-1026,2025-08-01,180,72207
KROGER-1026,2025-08-02,202,72409
KROGER-1026,2025-08-03,206,72615
KROGER-1026,2025-08-04,210,72825
KROGER-1026,2025-08-05,215,73040
KROGER-1026,2025-08-06,195,73235
KROGER-1026,2025-08-07,202,73437
KROGER-1026,2025-08-08,233,73670
KROGER-1026,2025-08-09,218,73888
KROGER-1026,2025-08-10,206,74094
KROGER-1026,2025-08-11,177,74271
KROGER-1026,2025-08-12,191,74462
KROGER-1026,2025-08-13,190,74652
KROGER-1026,2025-08-14,238,74890
KROGER-1026,2025-08-15,191,75081
KROGER-1026,2025-08-16,216,75297
KROGER-1026,2025-08-17,222,75519
KROGER-1026,2025-08-18,223,75742
KROGER-1026,2025-08-19,205,75947
KROGER-1026,2025-08-20,197,76144
KROGER-1026,2025-08-21,196,76340
KROGER-1026,2025-08-22,211,76551
KROGER-1026,2025-08-23,203,76754
KROGER-1026,2025-08-24,196,76950
KROGER-1026,2025-08-25,197,77147
KROGER-1026,2025-08-26,183,77330
KROGER-1026,2025-08-27,235,77565
KROGER-1026,2025-08-28,215,77780
KROGER-1026,2025-08-29,232,78012
KROGER-1026,2025-08-30,224,78236
KROGER-1026,2025-08-31,242,78478
KROGER-1027,2024-09-01,441,441
KROGER-1027,2024-09-02,432,873
KROGER-1027,2024-09-03,338,1211
KROGER-1027,2024-09-04,378,1589
KROGER-1027,2024-09-05,409,1998
KROGER-1027,2024-09-06,410,2408
KROGER-1027,2024-09-07,426,2834
KROGER-1027,2024-09-08,444,3278
KROGER-1027,2024-09-09,424,3702
KROGER-1027,2024-09-10,436,4138
KROGER-1027,2024-09-11,430,4568
KROGER-1027,2024-09-12,447,5015
KROGER-1027,2024-09-13,448,5463
KROGER-1027,2024-09-14,434,5897
KROGER-1027,2024-09-15,500,6397
KROGER-1027,2024-09-16,452,6849
KROGER-1027,2024-09-17,382,7231
KROGER-1027,2024-09-18,421,7652
KROGER-1027,2024-09-19,348,8000
KROGER-1027,2024-09-20,353,8353
KROGER-1027,2024-09-21,411,8764
KROGER-1027,2024-09-22,398,9162
KROGER-1027,2024-09-23,392,9554
KROGER-1027,2024-09-24,419,9973
KROGER-1027,2024-09-25,448,10421
KROGER-1027,2024-09-26,446,10867
KROGER-1027,2024-09-27,421,11288
KROGER-1027,2024-09-28,391,11679
KROGER-1027,2024-09-29,409,12088
KROGER-1027,2024-09-30,429,12517
KROGER-1027,2024-10-01,381,12898
KROGER-1027,2024-10-02,367,13265
KROGER-1027,2024-10-03,424,13689
KROGER-1027,2024-10-04,406,14095
KROGER-1027,2024-10-05,421,14516
KROGER-1027,2024-10-06,466,14982
KROGER-1027,2024-10-07,444,15426
KROGER-1027,2024-10-08,466,15892
KROGER-1027,2024-10-09,387,16279
KROGER-1027,2024-10-10,422,16701
KROGER-1027,2024-10-11,409,17110
KROGER-1027,2024-10-12,440,17550
KROGER-1027,2024-10-13,389,17939
KROGER-1027,2024-10-14,362,18301
KROGER-1027,2024-10-15,407,18708
KROGER-1027,2024-10-16,380,19088
KROGER-1027,2024-10-17,439,19527
KROGER-1027,2024-10-18,359,19886
KROGER-1027,2024-10-19,380,20266
KROGER-1027,2024-10-20,414,20680
KROGER-1027,2024-10-21,358,21038
KROGER-1027,2024-10-22,463,21501
KROGER-1027,2024-10-23,402,21903
KROGER-1027,2024-10-24,388,22291
KROGER-1027,2024-10-25,423,22714
KROGER-1027,2024-10-26,459,23173
KROGER-1027,2024-10-27,435,23608
KROGER-1027,2024-10-28,406,24014
KROGER-1027,2024-10-29,376,24390
KROGER-1027,2024-10-30,429,24819
KROGER-1027,2024-10-31,454,25273
KROGER-1027,2024-11-01,481,25754
KROGER-1027,2024-11-02,479,26233
KROGER-1027,2024-11-03,522,26755
KROGER-1027,2024-11-04,490,27245
KROGER-1027,2024-11-05,442,27687
KROGER-1027,2024-11-06,470,28157
KROGER-1027,2024-11-07,560,28717
KROGER-1027,2024-11-08,437,29154
KROGER-1027,2024-11-09,486,29640
KROGER-1027,2024-11-10,475,30115
KROGER-1027,2024-11-11,456,30571
KROGER-1027,2024-11-12,472,31043
KROGER-1027,2024-11-13,507,31550
KROGER-1027,2024-11-14,541,32091
KROGER-1027,2024-11-15,498,32589
KROGER-1027,2024-11-16,486,33075
KROGER-1027,2024-11-17,578,33653
KROGER-1027,2024-11-18,409,34062
KROGER-1027,2024-11-19,516,34578
KROGER-1027,2024-11-20,449,35027
KROGER-1027,2024-11-21,488,35515
KROGER-1027,2024-11-22,512,36027
KROGER-1027,2024-11-23,448,36475
KROGER-1027,2024-11-24,520,36995
KROGER-1027,2024-11-25,498,37493
KROGER-1027,2024-11-26,547,38040
KROGER-1027,2024-11-27,596,38636
KROGER-1027,2024-11-28,429,39065
KROGER-1027,2024-11-29,545,39610
KROGER-1027,2024-11-30,513,40123
KROGER-1027,2024-12-01,481,40604
KROGER-1027,2024-12-02,504,41108
KROGER-1027,2024-12-03,439,41547
KROGER-1027,2024-12-04,441,41988
KROGER-1027,2024-12-05,422,42410
KROGER-1027,2024-12-06,511,42921
KROGER-1027,2024-12-07,528,43449
KROGER-1027,2024-12-08,481,43930
KROGER-1027,2024-12-09,549,44479
KROGER-1027,2024-12-10,464,44943
KROGER-1027,2024-12-11,540,45483
KROGER-1027,2024-12-12,494,45977
KROGER-1027,2024-12-13,463,46440
KROGER-1027,2024-12-14,509,46949
KROGER-1027,2024-12-15,463,47412
KROGER-1027,2024-12-16,498,47910
KROGER-1027,2024-12-17,491,48401
KROGER-1027,2024-12-18,510,48911
KROGER-1027,2024-12-19,524,49435
KROGER-1027,2024-12-20,494,49929
KROGER-1027,2024-12-21,453,50382
KROGER-1027,2024-12-22,553,50935
KROGER-1027,2024-12-23,490,51425
KROGER-1027,2024-12-24,415,51840
KROGER-1027,2024-12-25,502,52342
KROGER-1027,2024-12-26,505,52847
KROGER-1027,2024-12-27,476,53323
KROGER-1027,2024-12-28,506,53829
KROGER-1027,2024-12-29,490,54319
KROGER-1027,2024-12-30,506,54825
KROGER-1027,2024-12-31,495,55320
KROGER-1027,2025-01-01,378,55698
KROGER-1027,2025-01-02,461,56159
KROGER-1027,2025-01-03,386,56545
KROGER-1027,2025-01-04,336,56881
KROGER-1027,2025-01-05,412,57293
KROGER-1027,2025-01-06,442,57735
KROGER-1027,2025-01-07,401,58136
KROGER-1027,2025-01-08,355,58491
KROGER-1027,2025-01-09,374,58865
KROGER-1027,2025-01-10,373,59238
KROGER-1027,2025-01-11,409,59647
KROGER-1027,2025-01-12,419,60066
KROGER-1027,2025-01-13,424,60490
KROGER-1027,2025-01-14,412,60902
KROGER-1027,2025-01-15,414,61316
KROGER-1027,2025-01-16,466,61782
KROGER-1027,2025-01-17,436,62218
KROGER-1027,2025-01-18,455,62673
KROGER-1027,2025-01-19,366,63039
KROGER-1027,2025-01-20,383,63422
KROGER-1027,2025-01-21,356,63778
KROGER-1027,2025-01-22,383,64161
KROGER-1027,2025-01-23,434,64595
KROGER-1027,2025-01-24,395,64990
KROGER-1027,2025-01-25,465,65455
KROGER-1027,2025-01-26,452,65907
KROGER-1027,2025-01-27,410,66317
KROGER-1027,2025-01-28,444,66761
KROGER-1027,2025-01-29,453,67214
KROGER-1027,2025-01-30,423,67637
KROGER-1027,2025-01-31,415,68052
KROGER-1027,2025-02-01,450,68502
KROGER-1027,2025-02-02,380,68882
KROGER-1027,2025-02-03,404,69286
KROGER-1027,2025-02-04,407,69693
KROGER-1027,2025-02-05,396,70089
KROGER-1027,2025-02-06,382,70471
KROGER-1027,2025-02-07,441,70912
KROGER-1027,2025-02-08,434,71346
KROGER-1027,2025-02-09,437,71783
KROGER-1027,2025-02-10,455,72238
KROGER-1027,2025-02-11,402,72640
KROGER-1027,2025-02-12,395,73035
KROGER-1027,2025-02-13,452,73487
KROGER-1027,2025-02-14,359,73846
KROGER-1027,2025-02-15,430,74276
KROGER-1027,2025-02-16,403,74679
KROGER-1027,2025-02-17,418,75097
KROGER-1027,2025-02-18,427,75524
KROGER-1027,2025-02-19,428,75952
KROGER-1027,2025-02-20,441,76393
KROGER-1027,2025-02-21,400,76793
KROGER-1027,2025-02-22,422,77215
KROGER-1027,2025-02-23,446,77661
KROGER-1027,2025-02-24,437,78098
KROGER-1027,2025-02-25,365,78463
KROGER-1027,2025-02-26,418,78881
KROGER-1027,2025-02-27,395,79276
KROGER-1027,2025-02-28,411,79687
KROGER-1027,2025-03-01,416,80103
KROGER-1027,2025-03-02,404,80507
KROGER-1027,2025-03-03,375,80882
KROGER-1027,2025-03-04,403,81285
KROGER-1027,2025-03-05,420,81705
KROGER-1027,2025-03-06,388,82093
KROGER-1027,2025-03-07,447,82540
KROGER-1027,2025-03-08,513,83053
KROGER-1027,2025-03-09,443,83496
KROGER-1027,2025-03-10,407,83903
KROGER-1027,2025-03-11,378,84281
KROGER-1027,2025-03-12,420,84701
KROGER-1027,2025-03-13,456,85157
KROGER-1027,2025-03-14,472,85629
KROGER-1027,2025-03-15,476,86105
KROGER-1027,2025-03-16,457,86562
KROGER-1027,2025-03-17,421,86983
KROGER-1027,2025-03-18,374,87357
KROGER-1027,2025-03-19,405,87762
KROGER-1027,2025-03-20,401,88163
KROGER-1027,2025-03-21,405,88568
KROGER-1027,2025-03-22,404,88972
KROGER-1027,2025-03-23,454,89426
KROGER-1027,2025-03-24,399,89825
KROGER-1027,2025-03-25,396,90221
KROGER-1027,2025-03-26,385,90606
KROGER-1027,2025-03-27,416,91022
KROGER-1027,2025-03-28,457,91479
KROGER-1027,2025-03-29,428,91907
KROGER-1027,2025-03-30,438,92345
KROGER-1027,2025-03-31,471,92816
KROGER-1027,2025-04-01,447,93263
KROGER-1027,2025-04-02,427,93690
KROGER-1027,2025-04-03,426,94116
KROGER-1027,2025-04-04,388,94504
KROGER-1027,2025-04-05,404,94908
KROGER-1027,2025-04-06,433,95341
KROGER-1027,2025-04-07,413,95754
KROGER-1027,2025-04-08,380,96134
KROGER-1027,2025-04-09,431,96565
KROGER-1027,2025-04-10,399,96964
KROGER-1027,2025-04-11,445,97409
KROGER-1027,2025-04-12,426,97835
KROGER-1027,2025-04-13,423,98258
KROGER-1027,2025-04-14,377,98635
KROGER-1027,2025-04-15,381,99016
KROGER-1027,2025-04-16,451,99467
KROGER-1027,2025-04-17,417,99884
KROGER-1027,2025-04-18,421,100305
KROGER-1027,2025-04-19,483,100788
KROGER-1027,2025-04-20,383,101171
KROGER-1027,2025-04-21,430,101601
KROGER-1027,2025-04-22,356,101957
KROGER-1027,2025-04-23,394,102351
KROGER-1027,2025-04-24,371,102722
KROGER-1027,2025-04-25,436,103158
KROGER-1027,2025-04-26,364,103522
KROGER-1027,2025-04-27,420,103942
KROGER-1027,2025-04-28,370,104312
KROGER-1027,2025-04-29,380,104692
KROGER-1027,2025-04-30,385,105077
KROGER-1027,2025-05-01,451,105528
KROGER-1027,2025-05-02,397,105925
KROGER-1027,2025-05-03,488,106413
KROGER-1027,2025-05-04,495,106908
KROGER-1027,2025-05-05,477,107385
KROGER-1027,2025-05-06,406,107791
KROGER-1027,2025-05-07,415,108206
KROGER-1027,2025-05-08,420,108626
KROGER-1027,2025-05-09,396,109022
KROGER-1027,2025-05-10,443,109465
KROGER-1027,2025-05-11,396,109861
KROGER-1027,2025-05-12,347,110208
KROGER-1027,2025-05-13,431,110639
KROGER-1027,2025-05-14,397,111036
KROGER-1027,2025-05-15,376,111412
KROGER-1027,2025-05-16,380,111792
KROGER-1027,2025-05-17,480,112272
KROGER-1027,2025-05-18,444,112716
KROGER-1027,2025-05-19,358,113074
KROGER-1027,2025-05-20,369,113443
KROGER-1027,2025-05-21,398,113841
KROGER-1027,2025-05-22,424,114265
KROGER-1027,2025-05-23,382,114647
KROGER-1027,2025-05-24,422,115069
KROGER-1027,2025-05-25,432,115501
KROGER-1027,2025-05-26,412,115913
KROGER-1027,2025-05-27,330,116243
KROGER-1027,2025-05-28,415,116658
KROGER-1027,2025-05-29,351,117009
KROGER-1027,2025-05-30,399,117408
KROGER-1027,2025-05-31,411,117819
KROGER-1027,2025-06-01,391,118210
KROGER-1027,2025-06-02,436,118646
KROGER-1027,2025-06-03,371,119017
KROGER-1027,2025-06-04,391,119408
KROGER-1027,2025-06-05,437,119845
KROGER-1027,2025-06-06,390,120235
KROGER-1027,2025-06-07,402,120637
KROGER-1027,2025-06-08,419,121056
KROGER-1027,2025-06-09,426,121482
KROGER-1027,2025-06-10,455,121937
KROGER-1027,2025-06-11,377,122314
KROGER-1027,2025-06-12,380,122694
KROGER-1027,2025-06-13,399,123093
KROGER-1027,2025-06-14,436,123529
KROGER-1027,2025-06-15,402,123931
KROGER-1027,2025-06-16,430,124361
KROGER-1027,2025-06-17,378,124739
KROGER-1027,2025-06-18,346,125085
KROGER-1027,2025-06-19,425,125510
KROGER-1027,2025-06-20,429,125939
KROGER-1027,2025-06-21,464,126403
KROGER-1027,2025-06-22,360,126763
KROGER-1027,2025-06-23,386,127149
KROGER-1027,2025-06-24,400,127549
KROGER-1027,2025-06-25,465,128014
KROGER-1027,2025-06-26,403,128417
KROGER-1027,2025-06-27,364,128781
KROGER-1027,2025-06-28,439,129220
KROGER-1027,2025-06-29,473,129693
KROGER-1027,2025-06-30,444,130137
KROGER-1027,2025-07-01,426,130563
KROGER-1027,2025-07-02,417,130980
KROGER-1027,2025-07-03,334,131314
KROGER-1027,2025-07-04,409,131723
KROGER-1027,2025-07-05,434,132157
KROGER-1027,2025-07-06,423,132580
KROGER-1027,2025-07-07,431,133011
KROGER-1027,2025-07-08,402,133413
KROGER-1027,2025-07-09,396,133809
KROGER-1027,2025-07-10,442,134251
KROGER-1027,2025-07-11,394,134645
KROGER-1027,2025-07-12,431,135076
KROGER-1027,2025-07-13,459,135535
KROGER-1027,2025-07-14,375,135910
KROGER-1027,2025-07-15,371,136281
KROGER-1027,2025-07-16,452,136733
KROGER-1027,2025-07-17,389,137122
KROGER-1027,2025-07-18,431,137553
KROGER-1027,2025-07-19,367,137920
KROGER-1027,2025-07-20,343,138263
KROGER-1027,2025-07-21,420,138683
KROGER-1027,2025-07-22,404,139087
KROGER-1027,2025-07-23,420,139507
KROGER-1027,2025-07-24,469,139976
KROGER-1027,2025-07-25,368,140344
KROGER-1027,2025-07-26,430,140774
KROGER-1027,2025-07-27,479,141253
KROGER-1027,2025-07-28,372,141625
KROGER-1027,2025-07-29,389,142014
KROGER-1027,2025-07-30,350,142364
KROGER-1027,2025-07-31,481,142845
KROGER-1027,2025-08-01,336,143181
KROGER-1027,2025-08-02,456,143637
KROGER-1027,2025-08-03,383,144020
KROGER-1027,2025-08-04,374,144394
KROGER-1027,2025-08-05,443,144837
KROGER-1027,2025-08-06,384,145221
KROGER-1027,2025-08-07,429,145650
KROGER-1027,2025-08-08,453,146103
KROGER-1027,2025-08-09,435,146538
KROGER-1027,2025-08-10,459,146997
KROGER-1027,2025-08-11,411,147408
KROGER-1027,2025-08-12,412,147820
KROGER-1027,2025-08-13,387,148207
KROGER-1027,2025-08-14,471,148678
KROGER-1027,2025-08-15,432,149110
KROGER-1027,2025-08-16,446,149556
KROGER-1027,2025-08-17,455,150011
KROGER-1027,2025-08-18,386,150397
KROGER-1027,2025-08-19,438,150835
KROGER-1027,2025-08-20,459,151294
KROGER-1027,2025-08-21,363,151657
KROGER-1027,2025-08-22,426,152083
KROGER-1027,2025-08-23,431,152514
KROGER-1027,2025-08-24,411,152925
KROGER-1027,2025-08-25,372,153297
KROGER-1027,2025-08-26,442,153739
KROGER-1027,2025-08-27,415,154154
KROGER-1027,2025-08-28,401,154555
KROGER-1027,2025-08-29,426,154981
KROGER-1027,2025-08-30,424,155405
KROGER-1027,2025-08-31,404,155809
KROGER-1028,2024-09-01,493,493
KROGER-1028,2024-09-02,464,957
KROGER-1028,2024-09-03,399,1356
KROGER-1028,2024-09-04,442,1798
KROGER-1028,2024-09-05,418,2216
KROGER-1028,2024-09-06,403,2619
KROGER-1028,2024-09-07,507,3126
KROGER-1028,2024-09-08,462,3588
KROGER-1028,2024-09-09,504,4092
KROGER-1028,2024-09-10,397,4489
KROGER-1028,2024-09-11,454,4943
KROGER-1028,2024-09-12,442,5385
KROGER-1028,2024-09-13,406,5791
KROGER-1028,2024-09-14,488,6279
KROGER-1028,2024-09-15,430,6709
KROGER-1028,2024-09-16,473,7182
KROGER-1028,2024-09-17,492,7674
KROGER-1028,2024-09-18,475,8149
KROGER-1028,2024-09-19,480,8629
KROGER-1028,2024-09-20,503,9132
KROGER-1028,2024-09-21,487,9619
KROGER-1028,2024-09-22,456,10075
KROGER-1028,2024-09-23,442,10517
KROGER-1028,2024-09-24,443,10960
KROGER-1028,2024-09-25,426,11386
KROGER-1028,2024-09-26,494,11880
KROGER-1028,2024-09-27,485,12365
KROGER-1028,2024-09-28,423,12788
KROGER-1028,2024-09-29,456,13244
KROGER-1028,2024-09-30,424,13668
KROGER-1028,2024-10-01,477,14145
KROGER-1028,2024-10-02,505,14650
KROGER-1028,2024-10-03,482,15132
KROGER-1028,2024-10-04,439,15571
KROGER-1028,2024-10-05,476,16047
KROGER-1028,2024-10-06,434,16481
KROGER-1028,2024-10-07,416,16897
KROGER-1028,2024-10-08,496,17393
KROGER-1028,2024-10-09,519,17912
KROGER-1028,2024-10-10,438,18350
KROGER-1028,2024-10-11,467,18817
KROGER-1028,2024-10-12,516,19333
KROGER-1028,2024-10-13,423,19756
KROGER-1028,2024-10-14,426,20182
KROGER-1028,2024-10-15,539,20721
KROGER-1028,2024-10-16,429,21150
KROGER-1028,2024-10-17,451,21601
KROGER-1028,2024-10-18,442,22043
KROGER-1028,2024-10-19,410,22453
KROGER-1028,2024-10-20,491,22944
KROGER-1028,2024-10-21,464,23408
KROGER-1028,2024-10-22,472,23880
KROGER-1028,2024-10-23,462,24342
KROGER-1028,2024-10-24,448,24790
KROGER-1028,2024-10-25,446,25236
KROGER-1028,2024-10-26,469,25705
KROGER-1028,2024-10-27,450,26155
KROGER-1028,2024-10-28,434,26589
KROGER-1028,2024-10-29,429,27018
KROGER-1028,2024-10-30,486,27504
KROGER-1028,2024-10-31,476,27980
KROGER-1028,2024-11-01,559,28539
KROGER-1028,2024-11-02,677,29216
KROGER-1028,2024-11-03,543,29759
KROGER-1028,2024-11-04,608,30367
KROGER-1028,2024-11-05,546,30913
KROGER-1028,2024-11-06,565,31478
KROGER-1028,2024-11-07,588,32066
KROGER-1028,2024-11-08,537,32603
KROGER-1028,2024-11-09,536,33139
KROGER-1028,2024-11-10,544,33683
KROGER-1028,2024-11-11,464,34147
KROGER-1028,2024-11-12,585,34732
KROGER-1028,2024-11-13,584,35316
KROGER-1028,2024-11-14,629,35945
KROGER-1028,2024-11-15,577,36522
KROGER-1028,2024-11-16,617,37139
KROGER-1028,2024-11-17,582,37721
KROGER-1028,2024-11-18,579,38300
KROGER-1028,2024-11-19,607,38907
KROGER-1028,2024-11-20,566,39473
KROGER-1028,2024-11-21,535,40008
KROGER-1028,2024-11-22,548,40556
KROGER-1028,2024-11-23,621,41177
KROGER-1028,2024-11-24,563,41740
KROGER-1028,2024-11-25,598,42338
KROGER-1028,2024-11-26,643,42981
KROGER-1028,2024-11-27,598,43579
KROGER-1028,2024-11-28,591,44170
KROGER-1028,2024-11-29,574,44744
KROGER-1028,2024-11-30,550,45294
KROGER-1028,2024-12-01,545,45839
KROGER-1028,2024-12-02,519,46358
KROGER-1028,2024-12-03,583,46941
KROGER-1028,2024-12-04,541,47482
KROGER-1028,2024-12-05,557,48039
KROGER-1028,2024-12-06,577,48616
KROGER-1028,2024-12-07,547,49163
KROGER-1028,2024-12-08,562,49725
KROGER-1028,2024-12-09,572,50297
KROGER-1028,2024-12-10,545,50842
KROGER-1028,2024-12-11,549,51391
KROGER-1028,2024-12-12,512,51903
KROGER-1028,2024-12-13,550,52453
KROGER-1028,2024-12-14,663,53116
KROGER-1028,2024-12-15,565,53681
KROGER-1028,2024-12-16,507,54188
KROGER-1028,2024-12-17,601,54789
KROGER-1028,2024-12-18,581,55370
KROGER-1028,2024-12-19,568,55938
KROGER-1028,2024-12-20,499,56437
KROGER-1028,2024-12-21,531,56968
KROGER-1028,2024-12-22,514,57482
KROGER-1028,2024-12-23,577,58059
KROGER-1028,2024-12-24,604,58663
KROGER-1028,2024-12-25,579,59242
KROGER-1028,2024-12-26,645,59887
KROGER-1028,2024-12-27,538,60425
KROGER-1028,2024-12-28,571,60996
KROGER-1028,2024-12-29,591,61587
KROGER-1028,2024-12-30,548,62135
KROGER-1028,2024-12-31,580,62715
KROGER-1028,2025-01-01,441,63156
KROGER-1028,2025-01-02,413,63569
KROGER-1028,2025-01-03,398,63967
KROGER-1028,2025-01-04,507,64474
KROGER-1028,2025-01-05,468,64942
KROGER-1028,2025-01-06,421,65363
KROGER-1028,2025-01-07,442,65805
KROGER-1028,2025-01-08,538,66343
KROGER-1028,2025-01-09,424,66767
KROGER-1028,2025-01-10,492,67259
KROGER-1028,2025-01-11,505,67764
KROGER-1028,2025-01-12,541,68305
KROGER-1028,2025-01-13,460,68765
KROGER-1028,2025-01-14,407,69172
KROGER-1028,2025-01-15,502,69674
KROGER-1028,2025-01-16,456,70130
KROGER-1028,2025-01-17,512,70642
KROGER-1028,2025-01-18,520,71162
KROGER-1028,2025-01-19,527,71689
KROGER-1028,2025-01-20,553,72242
KROGER-1028,2025-01-21,475,72717
KROGER-1028,2025-01-22,519,73236
KROGER-1028,2025-01-23,450,73686
KROGER-1028,2025-01-24,485,74171
KROGER-1028,2025-01-25,469,74640
KROGER-1028,2025-01-26,507,75147
KROGER-1028,2025-01-27,479,75626
KROGER-1028,2025-01-28,388,76014
KROGER-1028,2025-01-29,442,76456
KROGER-1028,2025-01-30,474,76930
KROGER-1028,2025-01-31,381,77311
KROGER-1028,2025-02-01,484,77795
KROGER-1028,2025-02-02,528,78323
KROGER-1028,2025-02-03,513,78836
KROGER-1028,2025-02-04,436,79272
KROGER-1028,2025-02-05,516,79788
KROGER-1028,2025-02-06,510,80298
KROGER-1028,2025-02-07,385,80683
KROGER-1028,2025-02-08,493,81176
KROGER-1028,2025-02-09,497,81673
KROGER-1028,2025-02-10,522,82195
KROGER-1028,2025-02-11,476,82671
KROGER-1028,2025-02-12,517,83188
KROGER-1028,2025-02-13,436,83624
KROGER-1028,2025-02-14,405,84029
KROGER-1028,2025-02-15,463,84492
KROGER-1028,2025-02-16,550,85042
KROGER-1028,2025-02-17,499,85541
KROGER-1028,2025-02-18,551,86092
KROGER-1028,2025-02-19,411,86503
KROGER-1028,2025-02-20,504,87007
KROGER-1028,2025-02-21,493,87500
KROGER-1028,2025-02-22,477,87977
KROGER-1028,2025-02-23,519,88496
KROGER-1028,2025-02-24,470,88966
KROGER-1028,2025-02-25,482,89448
KROGER-1028,2025-02-26,490,89938
KROGER-1028,2025-02-27,501,90439
KROGER-1028,2025-02-28,468,90907
KROGER-1028,2025-03-01,558,91465
KROGER-1028,2025-03-02,480,91945
KROGER-1028,2025-03-03,535,92480
KROGER-1028,2025-03-04,423,92903
KROGER-1028,2025-03-05,428,93331
KROGER-1028,2025-03-06,430,93761
KROGER-1028,2025-03-07,501,94262
KROGER-1028,2025-03-08,457,94719
KROGER-1028,2025-03-09,546,95265
KROGER-1028,2025-03-10,445,95710
KROGER-1028,2025-03-11,480,96190
KROGER-1028,2025-03-12,489,96679
KROGER-1028,2025-03-13,427,97106
KROGER-1028,2025-03-14,413,97519
KROGER-1028,2025-03-15,499,98018
KROGER-1028,2025-03-16,477,98495
KROGER-1028,2025-03-17,484,98979
KROGER-1028,2025-03-18,415,99394
KROGER-1028,2025-03-19,452,99846
KROGER-1028,2025-03-20,458,100304
KROGER-1028,2025-03-21,374,100678
KROGER-1028,2025-03-22,527,101205
KROGER-1028,2025-03-23,459,101664
KROGER-1028,2025-03-24,521,102185
KROGER-1028,2025-03-25,439,102624
KROGER-1028,2025-03-26,446,103070
KROGER-1028,2025-03-27,419,103489
KROGER-1028,2025-03-28,508,103997
KROGER-1028,2025-03-29,506,104503
KROGER-1028,2025-03-30,543,105046
KROGER-1028,2025-03-31,457,105503
KROGER-1028,2025-04-01,463,105966
KROGER-1028,2025-04-02,402,106368
KROGER-1028,2025-04-03,442,106810
KROGER-1028,2025-04-04,471,107281
KROGER-1028,2025-04-05,503,107784
KROGER-1028,2025-04-06,560,108344
KROGER-1028,2025-04-07,396,108740
KROGER-1028,2025-04-08,473,109213
KROGER-1028,2025-04-09,451,109664
KROGER-1028,2025-04-10,468,110132
KROGER-1028,2025-04-11,469,110601
KROGER-1028,2025-04-12,481,111082
KROGER-1028,2025-04-13,444,111526
KROGER-1028,2025-04-14,416,111942
KROGER-1028,2025-04-15,455,112397
KROGER-1028,2025-04-16,412,112809
KROGER-1028,2025-04-17,461,113270
KROGER-1028,2025-04-18,456,113726
KROGER-1028,2025-04-19,392,114118
KROGER-1028,2025-04-20,564,114682
KROGER-1028,2025-04-21,468,115150
KROGER-1028,2025-04-22,374,115524
KROGER-1028,2025-04-23,474,115998
KROGER-1028,2025-04-24,457,116455
KROGER-1028,2025-04-25,416,116871
KROGER-1028,2025-04-26,500,117371
KROGER-1028,2025-04-27,451,117822
KROGER-1028,2025-04-28,472,118294
KROGER-1028,2025-04-29,439,118733
KROGER-1028,2025-04-30,431,119164
KROGER-1028,2025-05-01,464,119628
KROGER-1028,2025-05-02,405,120033
KROGER-1028,2025-05-03,485,120518
KROGER-1028,2025-05-04,514,121032
KROGER-1028,2025-05-05,512,121544
KROGER-1028,2025-05-06,505,122049
KROGER-1028,2025-05-07,515,122564
KROGER-1028,2025-05-08,448,123012
KROGER-1028,2025-05-09,427,123439
KROGER-1028,2025-05-10,520,123959
KROGER-1028,2025-05-11,468,124427
KROGER-1028,2025-05-12,465,124892
KROGER-1028,2025-05-13,493,125385
KROGER-1028,2025-05-14,540,125925
KROGER-1028,2025-05-15,485,126410
KROGER-1028,2025-05-16,473,126883
KROGER-1028,2025-05-17,444,127327
KROGER-1028,2025-05-18,534,127861
KROGER-1028,2025-05-19,480,128341
KROGER-1028,2025-05-20,452,128793
KROGER-1028,2025-05-21,448,129241
KROGER-1028,2025-05-22,450,129691
KROGER-1028,2025-05-23,467,130158
KROGER-1028,2025-05-24,431,130589
KROGER-1028,2025-05-25,536,131125
KROGER-1028,2025-05-26,503,131628
KROGER-1028,2025-05-27,459,132087
KROGER-1028,2025-05-28,450,132537
KROGER-1028,2025-05-29,464,133001
KROGER-1028,2025-05-30,470,133471
KROGER-1028,2025-05-31,476,133947
KROGER-1028,2025-06-01,527,134474
KROGER-1028,2025-06-02,412,134886
KROGER-1028,2025-06-03,438,135324
KROGER-1028,2025-06-04,494,135818
KROGER-1028,2025-06-05,477,136295
KROGER-1028,2025-06-06,440,136735
KROGER-1028,2025-06-07,504,137239
KROGER-1028,2025-06-08,457,137696
KROGER-1028,2025-06-09,453,138149
KROGER-1028,2025-06-10,504,138653
KROGER-1028,2025-06-11,500,139153
KROGER-1028,2025-06-12,476,139629
KROGER-1028,2025-06-13,426,140055
KROGER-1028,2025-06-14,473,140528
KROGER-1028,2025-06-15,492,141020
KROGER-1028,2025-06-16,519,141539
KROGER-1028,2025-06-17,399,141938
KROGER-1028,2025-06-18,432,142370
KROGER-1028,2025-06-19,507,142877
KROGER-1028,2025-06-20,516,143393
KROGER-1028,2025-06-21,485,143878
KROGER-1028,2025-06-22,548,144426
KROGER-1028,2025-06-23,438,144864
KROGER-1028,2025-06-24,409,145273
KROGER-1028,2025-06-25,494,145767
KROGER-1028,2025-06-26,513,146280
KROGER-1028,2025-06-27,513,146793
KROGER-1028,2025-06-28,454,147247
KROGER-1028,2025-06-29,496,147743
KROGER-1028,2025-06-30,496,148239
KROGER-1028,2025-07-01,476,148715
KROGER-1028,2025-07-02,519,149234
KROGER-1028,2025-07-03,450,149684
KROGER-1028,2025-07-04,462,150146
KROGER-1028,2025-07-05,497,150643
KROGER-1028,2025-07-06,521,151164
KROGER-1028,2025-07-07,458,151622
KROGER-1028,2025-07-08,499,152121
KROGER-1028,2025-07-09,525,152646
KROGER-1028,2025-07-10,446,153092
KROGER-1028,2025-07-11,459,153551
KROGER-1028,2025-07-12,526,154077
KROGER-1028,2025-07-13,564,154641
KROGER-1028,2025-07-14,489,155130
KROGER-1028,2025-07-15,436,155566
KROGER-1028,2025-07-16,472,156038
KROGER-1028,2025-07-17,501,156539
KROGER-1028,2025-07-18,435,156974
KROGER-1028,2025-07-19,446,157420
KROGER-1028,2025-07-20,475,157895
KROGER-1028,2025-07-21,490,158385
KROGER-1028,2025-07-22,414,158799
KROGER-1028,2025-07-23,439,159238
KROGER-1028,2025-07-24,475,159713
KROGER-1028,2025-07-25,506,160219
KROGER-1028,2025-07-26,500,160719
KROGER-1028,2025-07-27,503,161222
KROGER-1028,2025-07-28,502,161724
KROGER-1028,2025-07-29,524,162248
KROGER-1028,2025-07-30,520,162768
KROGER-1028,2025-07-31,389,163157
KROGER-1028,2025-08-01,469,163626
KROGER-1028,2025-08-02,524,164150
KROGER-1028,2025-08-03,555,164705
KROGER-1028,2025-08-04,489,165194
KROGER-1028,2025-08-05,433,165627
KROGER-1028,2025-08-06,438,166065
KROGER-1028,2025-08-07,439,166504
KROGER-1028,2025-08-08,476,166980
KROGER-1028,2025-08-09,469,167449
KROGER-1028,2025-08-10,369,167818
KROGER-1028,2025-08-11,421,168239
KROGER-1028,2025-08-12,448,168687
KROGER-1028,2025-08-13,414,169101
KROGER-1028,2025-08-14,420,169521
KROGER-1028,2025-08-15,541,170062
KROGER-1028,2025-08-16,488,170550
KROGER-1028,2025-08-17,473,171023
KROGER-1028,2025-08-18,490,171513
KROGER-1028,2025-08-19,508,172021
KROGER-1028,2025-08-20,548,172569
KROGER-1028,2025-08-21,528,173097
KROGER-1028,2025-08-22,481,173578
KROGER-1028,2025-08-23,428,174006
KROGER-1028,2025-08-24,449,174455
KROGER-1028,2025-08-25,450,174905
KROGER-1028,2025-08-26,484,175389
KROGER-1028,2025-08-27,468,175857
KROGER-1028,2025-08-28,410,176267
KROGER-1028,2025-08-29,403,176670
KROGER-1028,2025-08-30,498,177168
KROGER-1028,2025-08-31,493,177661
KROGER-1029,2024-09-01,560,560
KROGER-1029,2024-09-02,564,1124
KROGER-1029,2024-09-03,597,1721
KROGER-1029,2024-09-04,556,2277
KROGER-1029,2024-09-05,502,2779
KROGER-1029,2024-09-06,626,3405
KROGER-1029,2024-09-07,562,3967
KROGER-1029,2024-09-08,572,4539
KROGER-1029,2024-09-09,514,5053
KROGER-1029,2024-09-10,496,5549
KROGER-1029,2024-09-11,500,6049
KROGER-1029,2024-09-12,490,6539
KROGER-1029,2024-09-13,412,6951
KROGER-1029,2024-09-14,563,7514
KROGER-1029,2024-09-15,620,8134
KROGER-1029,2024-09-16,500,8634
KROGER-1029,2024-09-17,654,9288
KROGER-1029,2024-09-18,603,9891
KROGER-1029,2024-09-19,542,10433
KROGER-1029,2024-09-20,494,10927
KROGER-1029,2024-09-21,497,11424
KROGER-1029,2024-09-22,565,11989
KROGER-1029,2024-09-23,546,12535
KROGER-1029,2024-09-24,534,13069
KROGER-1029,2024-09-25,589,13658
KROGER-1029,2024-09-26,608,14266
KROGER-1029,2024-09-27,563,14829
KROGER-1029,2024-09-28,594,15423
KROGER-1029,2024-09-29,555,15978
KROGER-1029,2024-09-30,542,16520
KROGER-1029,2024-10-01,561,17081
KROGER-1029,2024-10-02,529,17610
KROGER-1029,2024-10-03,571,18181
KROGER-1029,2024-10-04,497,18678
KROGER-1029,2024-10-05,536,19214
KROGER-1029,2024-10-06,522,19736
KROGER-1029,2024-10-07,514,20250
KROGER-1029,2024-10-08,530,20780
KROGER-1029,2024-10-09,587,21367
KROGER-1029,2024-10-10,545,21912
KROGER-1029,2024-10-11,487,22399
KROGER-1029,2024-10-12,506,22905
KROGER-1029,2024-10-13,551,23456
KROGER-1029,2024-10-14,579,24035
KROGER-1029,2024-10-15,604,24639
KROGER-1029,2024-10-16,474,25113
KROGER-1029,2024-10-17,559,25672
KROGER-1029,2024-10-18,525,26197
KROGER-1029,2024-10-19,555,26752
KROGER-1029,2024-10-20,521,27273
KROGER-1029,2024-10-21,533,27806
KROGER-1029,2024-10-22,494,28300
KROGER-1029,2024-10-23,531,28831
KROGER-1029,2024-10-24,593,29424
KROGER-1029,2024-10-25,570,29994
KROGER-1029,2024-10-26,657,30651
KROGER-1029,2024-10-27,594,31245
KROGER-1029,2024-10-28,550,31795
KROGER-1029,2024-10-29,567,32362
KROGER-1029,2024-10-30,509,32871
KROGER-1029,2024-10-31,452,33323
KROGER-1029,2024-11-01,693,34016
KROGER-1029,2024-11-02,586,34602
KROGER-1029,2024-11-03,745,35347
KROGER-1029,2024-11-04,690,36037
KROGER-1029,2024-11-05,607,36644
KROGER-1029,2024-11-06,629,37273
KROGER-1029,2024-11-07,651,37924
KROGER-1029,2024-11-08,603,38527
KROGER-1029,2024-11-09,714,39241
KROGER-1029,2024-11-10,718,39959
KROGER-1029,2024-11-11,576,40535
KROGER-1029,2024-11-12,608,41143
KROGER-1029,2024-11-13,649,41792
KROGER-1029,2024-11-14,711,42503
KROGER-1029,2024-11-15,685,43188
KROGER-1029,2024-11-16,556,43744
KROGER-1029,2024-11-17,668,44412
KROGER-1029,2024-11-18,676,45088
KROGER-1029,2024-11-19,610,45698
KROGER-1029,2024-11-20,606,46304
KROGER-1029,2024-11-21,612,46916
KROGER-1029,2024-11-22,635,47551
KROGER-1029,2024-11-23,630,48181
KROGER-1029,2024-11-24,720,48901
KROGER-1029,2024-11-25,606,49507
KROGER-1029,2024-11-26,597,50104
KROGER-1029,2024-11-27,631,50735
KROGER-1029,2024-11-28,728,51463
KROGER-1029,2024-11-29,679,52142
KROGER-1029,2024-11-30,716,52858
KROGER-1029,2024-12-01,700,53558
KROGER-1029,2024-12-02,602,54160
KROGER-1029,2024-12-03,618,54778
KROGER-1029,2024-12-04,609,55387
KROGER-1029,2024-12-05,708,56095
KROGER-1029,2024-12-06,667,56762
KROGER-1029,2024-12-07,593,57355
KROGER-1029,2024-12-08,763,58118
KROGER-1029,2024-12-09,634,58752
KROGER-1029,2024-12-10,685,59437
KROGER-1029,2024-12-11,706,60143
KROGER-1029,2024-12-12,518,60661
KROGER-1029,2024-12-13,675,61336
KROGER-1029,2024-12-14,670,62006
KROGER-1029,2024-12-15,551,62557
KROGER-1029,2024-12-16,592,63149
KROGER-1029,2024-12-17,628,63777
KROGER-1029,2024-12-18,695,64472
KROGER-1029,2024-12-19,642,65114
KROGER-1029,2024-12-20,659,65773
KROGER-1029,2024-12-21,664,66437
KROGER-1029,2024-12-22,743,67180
KROGER-1029,2024-12-23,679,67859
KROGER-1029,2024-12-24,660,68519
KROGER-1029,2024-12-25,592,69111
KROGER-1029,2024-12-26,658,69769
KROGER-1029,2024-12-27,796,70565
KROGER-1029,2024-12-28,727,71292
KROGER-1029,2024-12-29,643,71935
KROGER-1029,2024-12-30,748,72683
KROGER-1029,2024-12-31,610,73293
KROGER-1029,2025-01-01,574,73867
KROGER-1029,2025-01-02,541,74408
KROGER-1029,2025-01-03,551,74959
KROGER-1029,2025-01-04,580,75539
KROGER-1029,2025-01-05,559,76098
KROGER-1029,2025-01-06,526,76624
KROGER-1029,2025-01-07,485,77109
KROGER-1029,2025-01-08,494,77603
KROGER-1029,2025-01-09,557,78160
KROGER-1029,2025-01-10,513,78673
KROGER-1029,2025-01-11,528,79201
KROGER-1029,2025-01-12,699,79900
KROGER-1029,2025-01-13,651,80551
KROGER-1029,2025-01-14,568,81119
KROGER-1029,2025-01-15,574,81693
KROGER-1029,2025-01-16,507,82200
KROGER-1029,2025-01-17,491,82691
KROGER-1029,2025-01-18,554,83245
KROGER-1029,2025-01-19,570,83815
KROGER-1029,2025-01-20,574,84389
KROGER-1029,2025-01-21,463,84852
KROGER-1029,2025-01-22,636,85488
KROGER-1029,2025-01-23,553,86041
KROGER-1029,2025-01-24,475,86516
KROGER-1029,2025-01-25,577,87093
KROGER-1029,2025-01-26,529,87622
KROGER-1029,2025-01-27,500,88122
KROGER-1029,2025-01-28,497,88619
KROGER-1029,2025-01-29,532,89151
KROGER-1029,2025-01-30,634,89785
KROGER-1029,2025-01-31,547,90332
KROGER-1029,2025-02-01,602,90934
KROGER-1029,2025-02-02,613,91547
KROGER-1029,2025-02-03,536,92083
KROGER-1029,2025-02-04,492,92575
KROGER-1029,2025-02-05,473,93048
KROGER-1029,2025-02-06,526,93574
KROGER-1029,2025-02-07,592,94166
KROGER-1029,2025-02-08,613,94779
KROGER-1029,2025-02-09,582,95361
KROGER-1029,2025-02-10,560,95921
KROGER-1029,2025-02-11,537,96458
KROGER-1029,2025-02-12,522,96980
KROGER-1029,2025-02-13,511,97491
KROGER-1029,2025-02-14,479,97970
KROGER-1029,2025-02-15,652,98622
KROGER-1029,2025-02-16,578,99200
KROGER-1029,2025-02-17,523,99723
KROGER-1029,2025-02-18,622,100345
KROGER-1029,2025-02-19,630,100975
KROGER-1029,2025-02-20,662,101637
KROGER-1029,2025-02-21,532,102169
KROGER-1029,2025-02-22,575,102744
KROGER-1029,2025-02-23,600,103344
KROGER-1029,2025-02-24,615,103959
KROGER-1029,2025-02-25,545,104504
KROGER-1029,2025-02-26,500,105004
KROGER-1029,2025-02-27,510,105514
KROGER-1029,2025-02-28,594,106108
KROGER-1029,2025-03-01,598,106706
KROGER-1029,2025-03-02,562,107268
KROGER-1029,2025-03-03,532,107800
KROGER-1029,2025-03-04,535,108335
KROGER-1029,2025-03-05,597,108932
KROGER-1029,2025-03-06,508,109440
KROGER-1029,2025-03-07,490,109930
KROGER-1029,2025-03-08,653,110583
KROGER-1029,2025-03-09,571,111154
KROGER-1029,2025-03-10,539,111693
KROGER-1029,2025-03-11,572,112265
KROGER-1029,2025-03-12,500,112765
KROGER-1029,2025-03-13,575,113340
KROGER-1029,2025-03-14,526,113866
KROGER-1029,2025-03-15,621,114487
KROGER-1029,2025-03-16,500,114987
KROGER-1029,2025-03-17,562,115549
KROGER-1029,2025-03-18,533,116082
KROGER-1029,2025-03-19,512,116594
KROGER-1029,2025-03-20,576,117170
KROGER-1029,2025-03-21,536,117706
KROGER-1029,2025-03-22,591,118297
KROGER-1029,2025-03-23,628,118925
KROGER-1029,2025-03-24,577,119502
KROGER-1029,2025-03-25,496,119998
KROGER-1029,2025-03-26,519,120517
KROGER-1029,2025-03-27,563,121080
KROGER-1029,2025-03-28,577,121657
KROGER-1029,2025-03-29,552,122209
KROGER-1029,2025-03-30,579,122788
KROGER-1029,2025-03-31,551,123339
KROGER-1029,2025-04-01,557,123896
KROGER-1029,2025-04-02,491,124387
KROGER-1029,2025-04-03,481,124868
KROGER-1029,2025-04-04,445,125313
KROGER-1029,2025-04-05,575,125888
KROGER-1029,2025-04-06,508,126396
KROGER-1029,2025-04-07,636,127032
KROGER-1029,2025-04-08,571,127603
KROGER-1029,2025-04-09,491,128094
KROGER-1029,2025-04-10,592,128686
KROGER-1029,2025-04-11,592,129278
KROGER-1029,2025-04-12,625,129903
KROGER-1029,2025-04-13,533,130436
KROGER-1029,2025-04-14,574,131010
KROGER-1029,2025-04-15,596,131606
KROGER-1029,2025-04-16,611,132217
KROGER-1029,2025-04-17,476,132693
KROGER-1029,2025-04-18,533,133226
KROGER-1029,2025-04-19,531,133757
KROGER-1029,2025-04-20,655,134412
KROGER-1029,2025-04-21,564,134976
KROGER-1029,2025-04-22,581,135557
KROGER-1029,2025-04-23,563,136120
KROGER-1029,2025-04-24,559,136679
KROGER-1029,2025-04-25,505,137184
KROGER-1029,2025-04-26,549,137733
KROGER-1029,2025-04-27,573,138306
KROGER-1029,2025-04-28,515,138821
KROGER-1029,2025-04-29,506,139327
KROGER-1029,2025-04-30,534,139861
KROGER-1029,2025-05-01,516,140377
KROGER-1029,2025-05-02,545,140922
KROGER-1029,2025-05-03,550,141472
KROGER-1029,2025-05-04,539,142011
KROGER-1029,2025-05-05,502,142513
KROGER-1029,2025-05-06,543,143056
KROGER-1029,2025-05-07,581,143637
KROGER-1029,2025-05-08,571,144208
KROGER-1029,2025-05-09,476,144684
KROGER-1029,2025-05-10,609,145293
KROGER-1029,2025-05-11,599,145892
KROGER-1029,2025-05-12,581,146473
KROGER-1029,2025-05-13,590,147063
KROGER-1029,2025-05-14,511,147574
KROGER-1029,2025-05-15,530,148104
KROGER-1029,2025-05-16,621,148725
KROGER-1029,2025-05-17,649,149374
KROGER-1029,2025-05-18,566,149940
KROGER-1029,2025-05-19,569,150509
KROGER-1029,2025-05-20,573,151082
KROGER-1029,2025-05-21,619,151701
KROGER-1029,2025-05-22,558,152259
KROGER-1029,2025-05-23,490,152749
KROGER-1029,2025-05-24,548,153297
KROGER-1029,2025-05-25,713,154010
KROGER-1029,2025-05-26,488,154498
KROGER-1029,2025-05-27,545,155043
KROGER-1029,2025-05-28,643,155686
KROGER-1029,2025-05-29,508,156194
KROGER-1029,2025-05-30,424,156618
KROGER-1029,2025-05-31,454,157072
KROGER-1029,2025-06-01,534,157606
KROGER-1029,2025-06-02,466,158072
KROGER-1029,2025-06-03,588,158660
KROGER-1029,2025-06-04,554,159214
KROGER-1029,2025-06-05,450,159664
KROGER-1029,2025-06-06,473,160137
KROGER-1029,2025-06-07,626,160763
KROGER-1029,2025-06-08,579,161342
KROGER-1029,2025-06-09,605,161947
KROGER-1029,2025-06-10,591,162538
KROGER-1029,2025-06-11,493,163031
KROGER-1029,2025-06-12,581,163612
KROGER-1029,2025-06-13,567,164179
KROGER-1029,2025-06-14,480,164659
KROGER-1029,2025-06-15,508,165167
KROGER-1029,2025-06-16,649,165816
KROGER-1029,2025-06-17,502,166318
KROGER-1029,2025-06-18,561,166879
KROGER-1029,2025-06-19,534,167413
KROGER-1029,2025-06-20,551,167964
KROGER-1029,2025-06-21,564,168528
KROGER-1029,2025-06-22,614,169142
KROGER-1029,2025-06-23,584,169726
KROGER-1029,2025-06-24,548,170274
KROGER-1029,2025-06-25,503,170777
KROGER-1029,2025-06-26,518,171295
KROGER-1029,2025-06-27,474,171769
KROGER-1029,2025-06-28,555,172324
KROGER-1029,2025-06-29,489,172813
KROGER-1029,2025-06-30,552,173365
KROGER-1029,2025-07-01,556,173921
KROGER-1029,2025-07-02,586,174507
KROGER-1029,2025-07-03,490,174997
KROGER-1029,2025-07-04,493,175490
KROGER-1029,2025-07-05,639,176129
KROGER-1029,2025-07-06,507,176636
KROGER-1029,2025-07-07,632,177268
KROGER-1029,2025-07-08,503,177771
KROGER-1029,2025-07-09,503,178274
KROGER-1029,2025-07-10,579,178853
KROGER-1029,2025-07-11,567,179420
KROGER-1029,2025-07-12,645,180065
KROGER-1029,2025-07-13,484,180549
KROGER-1029,2025-07-14,566,181115
KROGER-1029,2025-07-15,541,181656
KROGER-1029,2025-07-16,496,182152
KROGER-1029,2025-07-17,624,182776
KROGER-1029,2025-07-18,553,183329
KROGER-1029,2025-07-19,567,183896
KROGER-1029,2025-07-20,591,184487
KROGER-1029,2025-07-21,468,184955
KROGER-1029,2025-07-22,488,185443
KROGER-1029,2025-07-23,528,185971
KROGER-1029,2025-07-24,556,186527
KROGER-1029,2025-07-25,598,187125
KROGER-1029,2025-07-26,529,187654
KROGER-1029,2025-07-27,519,188173
KROGER-1029,2025-07-28,564,188737
KROGER-1029,2025-07-29,537,189274
KROGER-1029,2025-07-30,459,189733
KROGER-1029,2025-07-31,503,190236
KROGER-1029,2025-08-01,535,190771
KROGER-1029,2025-08-02,563,191334
KROGER-1029,2025-08-03,574,191908
KROGER-1029,2025-08-04,486,192394
KROGER-1029,2025-08-05,537,192931
KROGER-1029,2025-08-06,492,193423
KROGER-1029,2025-08-07,607,194030
KROGER-1029,2025-08-08,485,194515
KROGER-1029,2025-08-09,631,195146
KROGER-1029,2025-08-10,624,195770
KROGER-1029,2025-08-11,582,196352
KROGER-1029,2025-08-12,513,196865
KROGER-1029,2025-08-13,558,197423
KROGER-1029,2025-08-14,487,197910
KROGER-1029,2025-08-15,582,198492
KROGER-1029,2025-08-16,566,199058
KROGER-1029,2025-08-17,551,199609
KROGER-1029,2025-08-18,490,200099
KROGER-1029,2025-08-19,435,200534
KROGER-1029,2025-08-20,498,201032
KROGER-1029,2025-08-21,591,201623
KROGER-1029,2025-08-22,525,202148
KROGER-1029,2025-08-23,562,202710
KROGER-1029,2025-08-24,600,203310
KROGER-1029,2025-08-25,621,203931
KROGER-1029,2025-08-26,600,204531
KROGER-1029,2025-08-27,500,205031
KROGER-1029,2025-08-28,458,205489
KROGER-1029,2025-08-29,645,206134
KROGER-1029,2025-08-30,673,206807
KROGER-1029,2025-08-31,578,207385
KROGER-1030,2024-09-01,438,438
KROGER-1030,2024-09-02,501,939
KROGER-1030,2024-09-03,461,1400
KROGER-1030,2024-09-04,460,1860
KROGER-1030,2024-09-05,498,2358
KROGER-1030,2024-09-06,477,2835
KROGER-1030,2024-09-07,442,3277
KROGER-1030,2024-09-08,475,3752
KROGER-1030,2024-09-09,489,4241
KROGER-1030,2024-09-10,484,4725
KROGER-1030,2024-09-11,474,5199
KROGER-1030,2024-09-12,499,5698
KROGER-1030,2024-09-13,451,6149
KROGER-1030,2024-09-14,495,6644
KROGER-1030,2024-09-15,356,7000
KROGER-1030,2024-09-16,448,7448
KROGER-1030,2024-09-17,493,7941
KROGER-1030,2024-09-18,450,8391
KROGER-1030,2024-09-19,447,8838
KROGER-1030,2024-09-20,426,9264
KROGER-1030,2024-09-21,527,9791
KROGER-1030,2024-09-22,509,10300
KROGER-1030,2024-09-23,495,10795
KROGER-1030,2024-09-24,400,11195
KROGER-1030,2024-09-25,459,11654
KROGER-1030,2024-09-26,454,12108
KROGER-1030,2024-09-27,454,12562
KROGER-1030,2024-09-28,464,13026
KROGER-1030,2024-09-29,474,13500
KROGER-1030,2024-09-30,496,13996
KROGER-1030,2024-10-01,394,14390
KROGER-1030,2024-10-02,531,14921
KROGER-1030,2024-10-03,483,15404
KROGER-1030,2024-10-04,463,15867
KROGER-1030,2024-10-05,523,16390
KROGER-1030,2024-10-06,431,16821
KROGER-1030,2024-10-07,440,17261
KROGER-1030,2024-10-08,460,17721
KROGER-1030,2024-10-09,516,18237
KROGER-1030,2024-10-10,463,18700
KROGER-1030,2024-10-11,481,19181
KROGER-1030,2024-10-12,465,19646
KROGER-1030,2024-10-13,507,20153
KROGER-1030,2024-10-14,527,20680
KROGER-1030,2024-10-15,502,21182
KROGER-1030,2024-10-16,462,21644
KROGER-1030,2024-10-17,490,22134
KROGER-1030,2024-10-18,486,22620
KROGER-1030,2024-10-19,508,23128
KROGER-1030,2024-10-20,531,23659
KROGER-1030,2024-10-21,506,24165
KROGER-1030,2024-10-22,460,24625
KROGER-1030,2024-10-23,489,25114
KROGER-1030,2024-10-24,450,25564
KROGER-1030,2024-10-25,430,25994
KROGER-1030,2024-10-26,477,26471
KROGER-1030,2024-10-27,485,26956
KROGER-1030,2024-10-28,403,27359
KROGER-1030,2024-10-29,497,27856
KROGER-1030,2024-10-30,362,28218
KROGER-1030,2024-10-31,566,28784
KROGER-1030,2024-11-01,625,29409
KROGER-1030,2024-11-02,573,29982
KROGER-1030,2024-11-03,586,30568
KROGER-1030,2024-11-04,571,31139
KROGER-1030,2024-11-05,531,31670
KROGER-1030,2024-11-06,566,32236
KROGER-1030,2024-11-07,551,32787
KROGER-1030,2024-11-08,554,33341
KROGER-1030,2024-11-09,594,33935
KROGER-1030,2024-11-10,524,34459
KROGER-1030,2024-11-11,560,35019
KROGER-1030,2024-11-12,565,35584
KROGER-1030,2024-11-13,563,36147
KROGER-1030,2024-11-14,548,36695
KROGER-1030,2024-11-15,609,37304
KROGER-1030,2024-11-16,569,37873
KROGER-1030,2024-11-17,596,38469
KROGER-1030,2024-11-18,616,39085
KROGER-1030,2024-11-19,554,39639
KROGER-1030,2024-11-20,567,40206
KROGER-1030,2024-11-21,553,40759
KROGER-1030,2024-11-22,613,41372
KROGER-1030,2024-11-23,574,41946
KROGER-1030,2024-11-24,646,42592
KROGER-1030,2024-11-25,553,43145
KROGER-1030,2024-11-26,519,43664
KROGER-1030,2024-11-27,588,44252
KROGER-1030,2024-11-28,544,44796
KROGER-1030,2024-11-29,585,45381
KROGER-1030,2024-11-30,458,45839
KROGER-1030,2024-12-01,586,46425
KROGER-1030,2024-12-02,537,46962
KROGER-1030,2024-12-03,510,47472
KROGER-1030,2024-12-04,533,48005
KROGER-1030,2024-12-05,532,48537
KROGER-1030,2024-12-06,556,49093
KROGER-1030,2024-12-07,522,49615
KROGER-1030,2024-12-08,600,50215
KROGER-1030,2024-12-09,619,50834
KROGER-1030,2024-12-10,570,51404
KROGER-1030,2024-12-11,594,51998
KROGER-1030,2024-12-12,607,52605
KROGER-1030,2024-12-13,613,53218
KROGER-1030,2024-12-14,673,53891
KROGER-1030,2024-12-15,562,54453
KROGER-1030,2024-12-16,526,54979
KROGER-1030,2024-12-17,593,55572
KROGER-1030,2024-12-18,589,56161
KROGER-1030,2024-12-19,592,56753
KROGER-1030,2024-12-20,642,57395
KROGER-1030,2024-12-21,586,57981
KROGER-1030,2024-12-22,606,58587
KROGER-1030,2024-12-23,514,59101
KROGER-1030,2024-12-24,653,59754
KROGER-1030,2024-12-25,543,60297
KROGER-1030,2024-12-26,544,60841
KROGER-1030,2024-12-27,542,61383
KROGER-1030,2024-12-28,555,61938
KROGER-1030,2024-12-29,551,62489
KROGER-1030,2024-12-30,534,63023
KROGER-1030,2024-12-31,497,63520
KROGER-1030,2025-01-01,435,63955
KROGER-1030,2025-01-02,537,64492
KROGER-1030,2025-01-03,492,64984
KROGER-1030,2025-01-04,524,65508
KROGER-1030,2025-01-05,534,66042
KROGER-1030,2025-01-06,533,66575
KROGER-1030,2025-01-07,399,66974
KROGER-1030,2025-01-08,419,67393
KROGER-1030,2025-01-09,435,67828
KROGER-1030,2025-01-10,447,68275
KROGER-1030,2025-01-11,476,68751
KROGER-1030,2025-01-12,470,69221
KROGER-1030,2025-01-13,473,69694
KROGER-1030,2025-01-14,466,70160
KROGER-1030,2025-01-15,438,70598
KROGER-1030,2025-01-16,384,70982
KROGER-1030,2025-01-17,428,71410
KROGER-1030,2025-01-18,466,71876
KROGER-1030,2025-01-19,478,72354
KROGER-1030,2025-01-20,423,72777
KROGER-1030,2025-01-21,446,73223
KROGER-1030,2025-01-22,423,73646
KROGER-1030,2025-01-23,460,74106
KROGER-1030,2025-01-24,425,74531
KROGER-1030,2025-01-25,455,74986
KROGER-1030,2025-01-26,437,75423
KROGER-1030,2025-01-27,459,75882
KROGER-1030,2025-01-28,432,76314
KROGER-1030,2025-01-29,498,76812
KROGER-1030,2025-01-30,480,77292
KROGER-1030,2025-01-31,462,77754
KROGER-1030,2025-02-01,457,78211
KROGER-1030,2025-02-02,503,78714
KROGER-1030,2025-02-03,490,79204
KROGER-1030,2025-02-04,470,79674
KROGER-1030,2025-02-05,524,80198
KROGER-1030,2025-02-06,482,80680
KROGER-1030,2025-02-07,499,81179
KROGER-1030,2025-02-08,493,81672
KROGER-1030,2025-02-09,514,82186
KROGER-1030,2025-02-10,435,82621
KROGER-1030,2025-02-11,448,83069
KROGER-1030,2025-02-12,478,83547
KROGER-1030,2025-02-13,477,84024
KROGER-1030,2025-02-14,484,84508
KROGER-1030,2025-02-15,531,85039
KROGER-1030,2025-02-16,432,85471
KROGER-1030,2025-02-17,428,85899
KROGER-1030,2025-02-18,473,86372
KROGER-1030,2025-02-19,438,86810
KROGER-1030,2025-02-20,590,87400
KROGER-1030,2025-02-21,484,87884
KROGER-1030,2025-02-22,485,88369
KROGER-1030,2025-02-23,468,88837
KROGER-1030,2025-02-24,447,89284
KROGER-1030,2025-02-25,466,89750
KROGER-1030,2025-02-26,469,90219
KROGER-1030,2025-02-27,448,90667
KROGER-1030,2025-02-28,455,91122
KROGER-1030,2025-03-01,540,91662
KROGER-1030,2025-03-02,542,92204
KROGER-1030,2025-03-03,474,92678
KROGER-1030,2025-03-04,415,93093
KROGER-1030,2025-03-05,485,93578
KROGER-1030,2025-03-06,523,94101
KROGER-1030,2025-03-07,516,94617
KROGER-1030,2025-03-08,517,95134
KROGER-1030,2025-03-09,544,95678
KROGER-1030,2025-03-10,467,96145
KROGER-1030,2025-03-11,488,96633
KROGER-1030,2025-03-12,439,97072
KROGER-1030,2025-03-13,476,97548
KROGER-1030,2025-03-14,514,98062
KROGER-1030,2025-03-15,465,98527
KROGER-1030,2025-03-16,454,98981
KROGER-1030,2025-03-17,468,99449
KROGER-1030,2025-03-18,456,99905
KROGER-1030,2025-03-19,489,100394
KROGER-1030,2025-03-20,448,100842
KROGER-1030,2025-03-21,529,101371
KROGER-1030,2025-03-22,438,101809
KROGER-1030,2025-03-23,537,102346
KROGER-1030,2025-03-24,436,102782
KROGER-1030,2025-03-25,398,103180
KROGER-1030,2025-03-26,474,103654
KROGER-1030,2025-03-27,455,104109
KROGER-1030,2025-03-28,423,104532
KROGER-1030,2025-03-29,422,104954
KROGER-1030,2025-03-30,488,105442
KROGER-1030,2025-03-31,501,105943
KROGER-1030,2025-04-01,486,106429
KROGER-1030,2025-04-02,467,106896
KROGER-1030,2025-04-03,483,107379
KROGER-1030,2025-04-04,464,107843
KROGER-1030,2025-04-05,432,108275
KROGER-1030,2025-04-06,432,108707
KROGER-1030,2025-04-07,457,109164
KROGER-1030,2025-04-08,459,109623
KROGER-1030,2025-04-09,496,110119
KROGER-1030,2025-04-10,493,110612
KROGER-1030,2025-04-11,487,111099
KROGER-1030,2025-04-12,477,111576
KROGER-1030,2025-04-13,434,112010
KROGER-1030,2025-04-14,480,112490
KROGER-1030,2025-04-15,484,112974
KROGER-1030,2025-04-16,376,113350
KROGER-1030,2025-04-17,434,113784
KROGER-1030,2025-04-18,439,114223
KROGER-1030,2025-04-19,493,114716
KROGER-1030,2025-04-20,457,115173
KROGER-1030,2025-04-21,463,115636
KROGER-1030,2025-04-22,457,116093
KROGER-1030,2025-04-23,459,116552
KROGER-1030,2025-04-24,438,116990
KROGER-1030,2025-04-25,441,117431
KROGER-1030,2025-04-26,446,117877
KROGER-1030,2025-04-27,503,118380
KROGER-1030,2025-04-28,486,118866
KROGER-1030,2025-04-29,436,119302
KROGER-1030,2025-04-30,521,119823
KROGER-1030,2025-05-01,453,120276
KROGER-1030,2025-05-02,522,120798
KROGER-1030,2025-05-03,463,121261
KROGER-1030,2025-05-04,409,121670
KROGER-1030,2025-05-05,480,122150
KROGER-1030,2025-05-06,474,122624
KROGER-1030,2025-05-07,466,123090
KROGER-1030,2025-05-08,441,123531
KROGER-1030,2025-05-09,463,123994
KROGER-1030,2025-05-10,468,124462
KROGER-1030,2025-05-11,476,124938
KROGER-1030,2025-05-12,496,125434
KROGER-1030,2025-05-13,472,125906
KROGER-1030,2025-05-14,487,126393
KROGER-1030,2025-05-15,456,126849
KROGER-1030,2025-05-16,452,127301
KROGER-1030,2025-05-17,443,127744
KROGER-1030,2025-05-18,474,128218
KROGER-1030,2025-05-19,341,128559
KROGER-1030,2025-05-20,443,129002
KROGER-1030,2025-05-21,462,129464
KROGER-1030,2025-05-22,486,129950
KROGER-1030,2025-05-23,455,130405
KROGER-1030,2025-05-24,502,130907
KROGER-1030,2025-05-25,403,131310
KROGER-1030,2025-05-26,463,131773
KROGER-1030,2025-05-27,402,132175
KROGER-1030,2025-05-28,420,132595
KROGER-1030,2025-05-29,458,133053
KROGER-1030,2025-05-30,512,133565
KROGER-1030,2025-05-31,502,134067
KROGER-1030,2025-06-01,489,134556
KROGER-1030,2025-06-02,464,135020
KROGER-1030,2025-06-03,438,135458
KROGER-1030,2025-06-04,444,135902
KROGER-1030,2025-06-05,481,136383
KROGER-1030,2025-06-06,413,136796
KROGER-1030,2025-06-07,511,137307
KROGER-1030,2025-06-08,473,137780
KROGER-1030,2025-06-09,495,138275
KROGER-1030,2025-06-10,500,138775
KROGER-1030,2025-06-11,402,139177
KROGER-1030,2025-06-12,443,139620
KROGER-1030,2025-06-13,433,140053
KROGER-1030,2025-06-14,417,140470
KROGER-1030,2025-06-15,448,140918
KROGER-1030,2025-06-16,556,141474
KROGER-1030,2025-06-17,487,141961
KROGER-1030,2025-06-18,536,142497
KROGER-1030,2025-06-19,496,142993
KROGER-1030,2025-06-20,437,143430
KROGER-1030,2025-06-21,473,143903
KROGER-1030,2025-06-22,511,144414
KROGER-1030,2025-06-23,481,144895
KROGER-1030,2025-06-24,443,145338
KROGER-1030,2025-06-25,409,145747
KROGER-1030,2025-06-26,587,146334
KROGER-1030,2025-06-27,459,146793
KROGER-1030,2025-06-28,475,147268
KROGER-1030,2025-06-29,492,147760
KROGER-1030,2025-06-30,456,148216
KROGER-1030,2025-07-01,469,148685
KROGER-1030,2025-07-02,513,149198
KROGER-1030,2025-07-03,460,149658
KROGER-1030,2025-07-04,421,150079
KROGER-1030,2025-07-05,482,150561
KROGER-1030,2025-07-06,470,151031
KROGER-1030,2025-07-07,518,151549
KROGER-1030,2025-07-08,508,152057
KROGER-1030,2025-07-09,469,152526
KROGER-1030,2025-07-10,417,152943
KROGER-1030,2025-07-11,419,153362
KROGER-1030,2025-07-12,489,153851
KROGER-1030,2025-07-13,501,154352
KROGER-1030,2025-07-14,451,154803
KROGER-1030,2025-07-15,447,155250
KROGER-1030,2025-07-16,443,155693
KROGER-1030,2025-07-17,464,156157
KROGER-1030,2025-07-18,376,156533
KROGER-1030,2025-07-19,445,156978
KROGER-1030,2025-07-20,463,157441
KROGER-1030,2025-07-21,510,157951
KROGER-1030,2025-07-22,434,158385
KROGER-1030,2025-07-23,471,158856
KROGER-1030,2025-07-24,473,159329
KROGER-1030,2025-07-25,513,159842
KROGER-1030,2025-07-26,537,160379
KROGER-1030,2025-07-27,486,160865
KROGER-1030,2025-07-28,447,161312
KROGER-1030,2025-07-29,440,161752
KROGER-1030,2025-07-30,456,162208
KROGER-1030,2025-07-31,449,162657
KROGER-1030,2025-08-01,485,163142
KROGER-1030,2025-08-02,504,163646
KROGER-1030,2025-08-03,511,164157
KROGER-1030,2025-08-04,512,164669
KROGER-1030,2025-08-05,534,165203
KROGER-1030,2025-08-06,469,165672
KROGER-1030,2025-08-07,506,166178
KROGER-1030,2025-08-08,452,166630
KROGER-1030,2025-08-09,534,167164
KROGER-1030,2025-08-10,529,167693
KROGER-1030,2025-08-11,502,168195
KROGER-1030,2025-08-12,468,168663
KROGER-1030,2025-08-13,440,169103
KROGER-1030,2025-08-14,413,169516
KROGER-1030,2025-08-15,463,169979
KROGER-1030,2025-08-16,548,170527
KROGER-1030,2025-08-17,476,171003
KROGER-1030,2025-08-18,494,171497
KROGER-1030,2025-08-19,496,171993
KROGER-1030,2025-08-20,454,172447
KROGER-1030,2025-08-21,514,172961
KROGER-1030,2025-08-22,356,173317
KROGER-1030,2025-08-23,440,173757
KROGER-1030,2025-08-24,452,174209
KROGER-1030,2025-08-25,434,174643
KROGER-1030,2025-08-26,477,175120
KROGER-1030,2025-08-27,475,175595
KROGER-1030,2025-08-28,479,176074
KROGER-1030,2025-08-29,487,176561
KROGER-1030,2025-08-30,451,177012
KROGER-1030,2025-08-31,440,177452
KROGER-1031,2024-09-01,1718,1718
KROGER-1031,2024-09-02,1506,3224
KROGER-1031,2024-09-03,1387,4611
KROGER-1031,2024-09-04,1710,6321
KROGER-1031,2024-09-05,1763,8084
KROGER-1031,2024-09-06,1784,9868
KROGER-1031,2024-09-07,1691,11559
KROGER-1031,2024-09-08,1749,13308
KROGER-1031,2024-09-09,1760,15068
KROGER-1031,2024-09-10,1505,16573
KROGER-1031,2024-09-11,1727,18300
KROGER-1031,2024-09-12,1621,19921
KROGER-1031,2024-09-13,1702,21623
KROGER-1031,2024-09-14,1690,23313
KROGER-1031,2024-09-15,1838,25151
KROGER-1031,2024-09-16,1615,26766
KROGER-1031,2024-09-17,1398,28164
KROGER-1031,2024-09-18,1771,29935
KROGER-1031,2024-09-19,1466,31401
KROGER-1031,2024-09-20,1745,33146
KROGER-1031,2024-09-21,1654,34800
KROGER-1031,2024-09-22,1822,36622
KROGER-1031,2024-09-23,1730,38352
KROGER-1031,2024-09-24,1641,39993
KROGER-1031,2024-09-25,1651,41644
KROGER-1031,2024-09-26,1640,43284
KROGER-1031,2024-09-27,1331,44615
KROGER-1031,2024-09-28,1681,46296
KROGER-1031,2024-09-29,1517,47813
KROGER-1031,2024-09-30,1608,49421
KROGER-1031,2024-10-01,1441,50862
KROGER-1031,2024-10-02,1436,52298
KROGER-1031,2024-10-03,1790,54088
KROGER-1031,2024-10-04,1722,55810
KROGER-1031,2024-10-05,1665,57475
KROGER-1031,2024-10-06,1690,59165
KROGER-1031,2024-10-07,1555,60720
KROGER-1031,2024-10-08,1659,62379
KROGER-1031,2024-10-09,1500,63879
KROGER-1031,2024-10-10,1712,65591
KROGER-1031,2024-10-11,1554,67145
KROGER-1031,2024-10-12,1610,68755
KROGER-1031,2024-10-13,1669,70424
KROGER-1031,2024-10-14,1511,71935
KROGER-1031,2024-10-15,1628,73563
KROGER-1031,2024-10-16,1518,75081
KROGER-1031,2024-10-17,1646,76727
KROGER-1031,2024-10-18,1741,78468
KROGER-1031,2024-10-19,1570,80038
KROGER-1031,2024-10-20,1648,81686
KROGER-1031,2024-10-21,1645,83331
KROGER-1031,2024-10-22,1531,84862
KROGER-1031,2024-10-23,1645,86507
KROGER-1031,2024-10-24,1657,88164
KROGER-1031,2024-10-25,1724,89888
KROGER-1031,2024-10-26,1585,91473
KROGER-1031,2024-10-27,1540,93013
KROGER-1031,2024-10-28,1547,94560
KROGER-1031,2024-10-29,1463,96023
KROGER-1031,2024-10-30,1658,97681
KROGER-1031,2024-10-31,1439,99120
KROGER-1031,2024-11-01,2259,101379
KROGER-1031,2024-11-02,2206,103585
KROGER-1031,2024-11-03,2001,105586
KROGER-1031,2024-11-04,2036,107622
KROGER-1031,2024-11-05,1654,109276
KROGER-1031,2024-11-06,2288,111564
KROGER-1031,2024-11-07,1814,113378
KROGER-1031,2024-11-08,1885,115263
KROGER-1031,2024-11-09,1702,116965
KROGER-1031,2024-11-10,2077,119042
KROGER-1031,2024-11-11,1735,120777
KROGER-1031,2024-11-12,1919,122696
KROGER-1031,2024-11-13,1821,124517
KROGER-1031,2024-11-14,1739,126256
KROGER-1031,2024-11-15,1781,128037
KROGER-1031,2024-11-16,2035,130072
KROGER-1031,2024-11-17,1794,131866
KROGER-1031,2024-11-18,1790,133656
KROGER-1031,2024-11-19,2005,135661
KROGER-1031,2024-11-20,2300,137961
KROGER-1031,2024-11-21,1976,139937
KROGER-1031,2024-11-22,1764,141701
KROGER-1031,2024-11-23,1940,143641
KROGER-1031,2024-11-24,2004,145645
KROGER-1031,2024-11-25,1850,147495
KROGER-1031,2024-11-26,2041,149536
KROGER-1031,2024-11-27,1937,151473
KROGER-1031,2024-11-28,2042,153515
KROGER-1031,2024-11-29,1856,155371
KROGER-1031,2024-11-30,2211,157582
KROGER-1031,2024-12-01,1972,159554
KROGER-1031,2024-12-02,1756,161310
KROGER-1031,2024-12-03,2235,163545
KROGER-1031,2024-12-04,1626,165171
KROGER-1031,2024-12-05,1791,166962
KROGER-1031,2024-12-06,1808,168770
KROGER-1031,2024-12-07,2400,171170
KROGER-1031,2024-12-08,2288,173458
KROGER-1031,2024-12-09,2131,175589
KROGER-1031,2024-12-10,1853,177442
KROGER-1031,2024-12-11,2273,179715
KROGER-1031,2024-12-12,1960,181675
KROGER-1031,2024-12-13,2053,183728
KROGER-1031,2024-12-14,2028,185756
KROGER-1031,2024-12-15,1991,187747
KROGER-1031,2024-12-16,1865,189612
KROGER-1031,2024-12-17,1872,191484
KROGER-1031,2024-12-18,1996,193480
KROGER-1031,2024-12-19,1891,195371
KROGER-1031,2024-12-20,2071,197442
KROGER-1031,2024-12-21,2200,199642
KROGER-1031,2024-12-22,2007,201649
KROGER-1031,2024-12-23,1768,203417
KROGER-1031,2024-12-24,2041,205458
KROGER-1031,2024-12-25,1901,207359
KROGER-1031,2024-12-26,1848,209207
KROGER-1031,2024-12-27,1682,210889
KROGER-1031,2024-12-28,2335,213224
KROGER-1031,2024-12-29,2117,215341
KROGER-1031,2024-12-30,2033,217374
KROGER-1031,2024-12-31,1772,219146
KROGER-1031,2025-01-01,1596,220742
KROGER-1031,2025-01-02,1576,222318
KROGER-1031,2025-01-03,1686,224004
KROGER-1031,2025-01-04,1847,225851
KROGER-1031,2025-01-05,1474,227325
KROGER-1031,2025-01-06,1450,228775
KROGER-1031,2025-01-07,1668,230443
KROGER-1031,2025-01-08,1522,231965
KROGER-1031,2025-01-09,1690,233655
KROGER-1031,2025-01-10,1539,235194
KROGER-1031,2025-01-11,1499,236693
KROGER-1031,2025-01-12,1431,238124
KROGER-1031,2025-01-13,1648,239772
KROGER-1031,2025-01-14,1651,241423
KROGER-1031,2025-01-15,1709,243132
KROGER-1031,2025-01-16,1628,244760
KROGER-1031,2025-01-17,1109,245869
KROGER-1031,2025-01-18,1733,247602
KROGER-1031,2025-01-19,1471,249073
KROGER-1031,2025-01-20,1349,250422
KROGER-1031,2025-01-21,1334,251756
KROGER-1031,2025-01-22,1322,253078
KROGER-1031,2025-01-23,1622,254700
KROGER-1031,2025-01-24,1493,256193
KROGER-1031,2025-01-25,1463,257656
KROGER-1031,2025-01-26,1669,259325
KROGER-1031,2025-01-27,1446,260771
KROGER-1031,2025-01-28,1711,262482
KROGER-1031,2025-01-29,1770,264252
KROGER-1031,2025-01-30,1559,265811
KROGER-1031,2025-01-31,1761,267572
KROGER-1031,2025-02-01,1849,269421
KROGER-1031,2025-02-02,1677,271098
KROGER-1031,2025-02-03,1806,272904
KROGER-1031,2025-02-04,1507,274411
KROGER-1031,2025-02-05,1338,275749
KROGER-1031,2025-02-06,1389,277138
KROGER-1031,2025-02-07,1502,278640
KROGER-1031,2025-02-08,1737,280377
KROGER-1031,2025-02-09,1512,281889
KROGER-1031,2025-02-10,1500,283389
KROGER-1031,2025-02-11,1428,284817
KROGER-1031,2025-02-12,1503,286320
KROGER-1031,2025-02-13,1757,288077
KROGER-1031,2025-02-14,1632,289709
KROGER-1031,2025-02-15,1589,291298
KROGER-1031,2025-02-16,1828,293126
KROGER-1031,2025-02-17,1590,294716
KROGER-1031,2025-02-18,1603,296319
KROGER-1031,2025-02-19,1731,298050
KROGER-1031,2025-02-20,1543,299593
KROGER-1031,2025-02-21,1703,301296
KROGER-1031,2025-02-22,1778,303074
KROGER-1031,2025-02-23,1646,304720
KROGER-1031,2025-02-24,1409,306129
KROGER-1031,2025-02-25,1588,307717
KROGER-1031,2025-02-26,1731,309448
KROGER-1031,2025-02-27,1690,311138
KROGER-1031,2025-02-28,1803,312941
KROGER-1031,2025-03-01,1600,314541
KROGER-1031,2025-03-02,1769,316310
KROGER-1031,2025-03-03,1459,317769
KROGER-1031,2025-03-04,1612,319381
KROGER-1031,2025-03-05,1727,321108
KROGER-1031,2025-03-06,1701,322809
KROGER-1031,2025-03-07,1599,324408
KROGER-1031,2025-03-08,1630,326038
KROGER-1031,2025-03-09,1533,327571
KROGER-1031,2025-03-10,1558,329129
KROGER-1031,2025-03-11,1420,330549
KROGER-1031,2025-03-12,1543,332092
KROGER-1031,2025-03-13,1357,333449
KROGER-1031,2025-03-14,1419,334868
KROGER-1031,2025-03-15,1779,336647
KROGER-1031,2025-03-16,1764,338411
KROGER-1031,2025-03-17,1550,339961
KROGER-1031,2025-03-18,1595,341556
KROGER-1031,2025-03-19,1612,343168
KROGER-1031,2025-03-20,1645,344813
KROGER-1031,2025-03-21,1631,346444
KROGER-1031,2025-03-22,1487,347931
KROGER-1031,2025-03-23,1340,349271
KROGER-1031,2025-03-24,1457,350728
KROGER-1031,2025-03-25,1567,352295
KROGER-1031,2025-03-26,1708,354003
KROGER-1031,2025-03-27,1616,355619
KROGER-1031,2025-03-28,1654,357273
KROGER-1031,2025-03-29,1546,358819
KROGER-1031,2025-03-30,1656,360475
KROGER-1031,2025-03-31,1595,362070
KROGER-1031,2025-04-01,1490,363560
KROGER-1031,2025-04-02,1451,365011
KROGER-1031,2025-04-03,1558,366569
KROGER-1031,2025-04-04,1670,368239
KROGER-1031,2025-04-05,1545,369784
KROGER-1031,2025-04-06,1638,371422
KROGER-1031,2025-04-07,1758,373180
KROGER-1031,2025-04-08,1520,374700
KROGER-1031,2025-04-09,1587,376287
KROGER-1031,2025-04-10,1573,377860
KROGER-1031,2025-04-11,1562,379422
KROGER-1031,2025-04-12,1888,381310
KROGER-1031,2025-04-13,1706,383016
KROGER-1031,2025-04-14,1387,384403
KROGER-1031,2025-04-15,1780,386183
KROGER-1031,2025-04-16,1621,387804
KROGER-1031,2025-04-17,1539,389343
KROGER-1031,2025-04-18,1598,390941
KROGER-1031,2025-04-19,1896,392837
KROGER-1031,2025-04-20,1721,394558
KROGER-1031,2025-04-21,1617,396175
KROGER-1031,2025-04-22,1595,397770
KROGER-1031,2025-04-23,1690,399460
KROGER-1031,2025-04-24,1366,400826
KROGER-1031,2025-04-25,1597,402423
KROGER-1031,2025-04-26,1656,404079
KROGER-1031,2025-04-27,1762,405841
KROGER-1031,2025-04-28,1562,407403
KROGER-1031,2025-04-29,1454,408857
KROGER-1031,2025-04-30,1587,410444
KROGER-1031,2025-05-01,1449,411893
KROGER-1031,2025-05-02,1342,413235
KROGER-1031,2025-05-03,1763,414998
KROGER-1031,2025-05-04,1743,416741
KROGER-1031,2025-05-05,1646,418387
KROGER-1031,2025-05-06,1752,420139
KROGER-1031,2025-05-07,1502,421641
KROGER-1031,2025-05-08,1405,423046
KROGER-1031,2025-05-09,1577,424623
KROGER-1031,2025-05-10,1619,426242
KROGER-1031,2025-05-11,1553,427795
KROGER-1031,2025-05-12,1576,429371
KROGER-1031,2025-05-13,1509,430880
KROGER-1031,2025-05-14,1353,432233
KROGER-1031,2025-05-15,1530,433763
KROGER-1031,2025-05-16,1442,435205
KROGER-1031,2025-05-17,1696,436901
KROGER-1031,2025-05-18,1578,438479
KROGER-1031,2025-05-19,1727,440206
KROGER-1031,2025-05-20,1790,441996
KROGER-1031,2025-05-21,1673,443669
KROGER-1031,2025-05-22,1389,445058
KROGER-1031,2025-05-23,1777,446835
KROGER-1031,2025-05-24,1876,448711
KROGER-1031,2025-05-25,1668,450379
KROGER-1031,2025-05-26,1754,452133
KROGER-1031,2025-05-27,1516,453649
KROGER-1031,2025-05-28,1349,454998
KROGER-1031,2025-05-29,1490,456488
KROGER-1031,2025-05-30,1806,458294
KROGER-1031,2025-05-31,1467,459761
KROGER-1031,2025-06-01,1666,461427
KROGER-1031,2025-06-02,1591,463018
KROGER-1031,2025-06-03,1521,464539
KROGER-1031,2025-06-04,1530,466069
KROGER-1031,2025-06-05,1595,467664
KROGER-1031,2025-06-06,1515,469179
KROGER-1031,2025-06-07,1476,470655
KROGER-1031,2025-06-08,1694,472349
KROGER-1031,2025-06-09,1723,474072
KROGER-1031,2025-06-10,1697,475769
KROGER-1031,2025-06-11,1483,477252
KROGER-1031,2025-06-12,1427,478679
KROGER-1031,2025-06-13,1550,480229
KROGER-1031,2025-06-14,1875,482104
KROGER-1031,2025-06-15,1752,483856
KROGER-1031,2025-06-16,1676,485532
KROGER-1031,2025-06-17,1699,487231
KROGER-1031,2025-06-18,1640,488871
KROGER-1031,2025-06-19,1602,490473
KROGER-1031,2025-06-20,1670,492143
KROGER-1031,2025-06-21,1593,493736
KROGER-1031,2025-06-22,1477,495213
KROGER-1031,2025-06-23,1678,496891
KROGER-1031,2025-06-24,1743,498634
KROGER-1031,2025-06-25,1444,500078
KROGER-1031,2025-06-26,1691,501769
KROGER-1031,2025-06-27,1800,503569
KROGER-1031,2025-06-28,1665,505234
KROGER-1031,2025-06-29,1557,506791
KROGER-1031,2025-06-30,1602,508393
KROGER-1031,2025-07-01,1516,509909
KROGER-1031,2025-07-02,1508,511417
KROGER-1031,2025-07-03,1641,513058
KROGER-1031,2025-07-04,1383,514441
KROGER-1031,2025-07-05,1473,515914
KROGER-1031,2025-07-06,1668,517582
KROGER-1031,2025-07-07,1583,519165
KROGER-1031,2025-07-08,1630,520795
KROGER-1031,2025-07-09,1824,522619
KROGER-1031,2025-07-10,1600,524219
KROGER-1031,2025-07-11,1662,525881
KROGER-1031,2025-07-12,1536,527417
KROGER-1031,2025-07-13,1768,529185
KROGER-1031,2025-07-14,1519,530704
KROGER-1031,2025-07-15,1595,532299
KROGER-1031,2025-07-16,1572,533871
KROGER-1031,2025-07-17,1717,535588
KROGER-1031,2025-07-18,1420,537008
KROGER-1031,2025-07-19,1361,538369
KROGER-1031,2025-07-20,1637,540006
KROGER-1031,2025-07-21,1646,541652
KROGER-1031,2025-07-22,1606,543258
KROGER-1031,2025-07-23,1743,545001
KROGER-1031,2025-07-24,1642,546643
KROGER-1031,2025-07-25,1515,548158
KROGER-1031,2025-07-26,1356,549514
KROGER-1031,2025-07-27,1634,551148
KROGER-1031,2025-07-28,1717,552865
KROGER-1031,2025-07-29,1537,554402
KROGER-1031,2025-07-30,1590,555992
KROGER-1031,2025-07-31,1640,557632
KROGER-1031,2025-08-01,1457,559089
KROGER-1031,2025-08-02,1749,560838
KROGER-1031,2025-08-03,1884,562722
KROGER-1031,2025-08-04,1564,564286
KROGER-1031,2025-08-05,1443,565729
KROGER-1031,2025-08-06,1578,567307
KROGER-1031,2025-08-07,1304,568611
KROGER-1031,2025-08-08,1629,570240
KROGER-1031,2025-08-09,1726,571966
KROGER-1031,2025-08-10,1889,573855
KROGER-1031,2025-08-11,1562,575417
KROGER-1031,2025-08-12,1638,577055
KROGER-1031,2025-08-13,1477,578532
KROGER-1031,2025-08-14,1541,580073
KROGER-1031,2025-08-15,1393,581466
KROGER-1031,2025-08-16,1627,583093
KROGER-1031,2025-08-17,1556,584649
KROGER-1031,2025-08-18,1421,586070
KROGER-1031,2025-08-19,1630,587700
KROGER-1031,2025-08-20,1666,589366
KROGER-1031,2025-08-21,1681,591047
KROGER-1031,2025-08-22,1571,592618
KROGER-1031,2025-08-23,1923,594541
KROGER-1031,2025-08-24,1485,596026
KROGER-1031,2025-08-25,1399,597425
KROGER-1031,2025-08-26,1482,598907
KROGER-1031,2025-08-27,1587,600494
KROGER-1031,2025-08-28,1447,601941
KROGER-1031,2025-08-29,1757,603698
KROGER-1031,2025-08-30,1567,605265
KROGER-1031,2025-08-31,1543,606808
KROGER-1032,2024-09-01,390,390
KROGER-1032,2024-09-02,348,738
KROGER-1032,2024-09-03,364,1102
KROGER-1032,2024-09-04,341,1443
KROGER-1032,2024-09-05,350,1793
KROGER-1032,2024-09-06,303,2096
KROGER-1032,2024-09-07,355,2451
KROGER-1032,2024-09-08,329,2780
KROGER-1032,2024-09-09,396,3176
KROGER-1032,2024-09-10,378,3554
KROGER-1032,2024-09-11,324,3878
KROGER-1032,2024-09-12,337,4215
KROGER-1032,2024-09-13,338,4553
KROGER-1032,2024-09-14,422,4975
KROGER-1032,2024-09-15,371,5346
KROGER-1032,2024-09-16,331,5677
KROGER-1032,2024-09-17,346,6023
KROGER-1032,2024-09-18,300,6323
KROGER-1032,2024-09-19,340,6663
KROGER-1032,2024-09-20,313,6976
KROGER-1032,2024-09-21,306,7282
KROGER-1032,2024-09-22,417,7699
KROGER-1032,2024-09-23,342,8041
KROGER-1032,2024-09-24,321,8362
KROGER-1032,2024-09-25,296,8658
KROGER-1032,2024-09-26,336,8994
KROGER-1032,2024-09-27,338,9332
KROGER-1032,2024-09-28,382,9714
KROGER-1032,2024-09-29,332,10046
KROGER-1032,2024-09-30,328,10374
KROGER-1032,2024-10-01,317,10691
KROGER-1032,2024-10-02,336,11027
KROGER-1032,2024-10-03,288,11315
KROGER-1032,2024-10-04,320,11635
KROGER-1032,2024-10-05,378,12013
KROGER-1032,2024-10-06,324,12337
KROGER-1032,2024-10-07,370,12707
KROGER-1032,2024-10-08,366,13073
KROGER-1032,2024-10-09,369,13442
KROGER-1032,2024-10-10,342,13784
KROGER-1032,2024-10-11,340,14124
KROGER-1032,2024-10-12,369,14493
KROGER-1032,2024-10-13,398,14891
KROGER-1032,2024-10-14,376,15267
KROGER-1032,2024-10-15,297,15564
KROGER-1032,2024-10-16,318,15882
KROGER-1032,2024-10-17,313,16195
KROGER-1032,2024-10-18,362,16557
KROGER-1032,2024-10-19,340,16897
KROGER-1032,2024-10-20,354,17251
KROGER-1032,2024-10-21,389,17640
KROGER-1032,2024-10-22,373,18013
KROGER-1032,2024-10-23,380,18393
KROGER-1032,2024-10-24,323,18716
KROGER-1032,2024-10-25,266,18982
KROGER-1032,2024-10-26,348,19330
KROGER-1032,2024-10-27,318,19648
KROGER-1032,2024-10-28,289,19937
KROGER-1032,2024-10-29,373,20310
KROGER-1032,2024-10-30,318,20628
KROGER-1032,2024-10-31,320,20948
KROGER-1032,2024-11-01,399,21347
KROGER-1032,2024-11-02,488,21835
KROGER-1032,2024-11-03,426,22261
KROGER-1032,2024-11-04,442,22703
KROGER-1032,2024-11-05,401,23104
KROGER-1032,2024-11-06,359,23463
KROGER-1032,2024-11-07,372,23835
KROGER-1032,2024-11-08,411,24246
KROGER-1032,2024-11-09,435,24681
KROGER-1032,2024-11-10,450,25131
KROGER-1032,2024-11-11,429,25560
KROGER-1032,2024-11-12,441,26001
KROGER-1032,2024-11-13,386,26387
KROGER-1032,2024-11-14,471,26858
KROGER-1032,2024-11-15,474,27332
KROGER-1032,2024-11-16,413,27745
KROGER-1032,2024-11-17,404,28149
KROGER-1032,2024-11-18,352,28501
KROGER-1032,2024-11-19,417,28918
KROGER-1032,2024-11-20,426,29344
KROGER-1032,2024-11-21,392,29736
KROGER-1032,2024-11-22,420,30156
KROGER-1032,2024-11-23,384,30540
KROGER-1032,2024-11-24,465,31005
KROGER-1032,2024-11-25,393,31398
KROGER-1032,2024-11-26,420,31818
KROGER-1032,2024-11-27,418,32236
KROGER-1032,2024-11-28,346,32582
KROGER-1032,2024-11-29,438,33020
KROGER-1032,2024-11-30,404,33424
KROGER-1032,2024-12-01,438,33862
KROGER-1032,2024-12-02,365,34227
KROGER-1032,2024-12-03,395,34622
KROGER-1032,2024-12-04,423,35045
KROGER-1032,2024-12-05,375,35420
KROGER-1032,2024-12-06,377,35797
KROGER-1032,2024-12-07,436,36233
KROGER-1032,2024-12-08,426,36659
KROGER-1032,2024-12-09,422,37081
KROGER-1032,2024-12-10,399,37480
KROGER-1032,2024-12-11,432,37912
KROGER-1032,2024-12-12,392,38304
KROGER-1032,2024-12-13,431,38735
KROGER-1032,2024-12-14,400,39135
KROGER-1032,2024-12-15,410,39545
KROGER-1032,2024-12-16,435,39980
KROGER-1032,2024-12-17,394,40374
KROGER-1032,2024-12-18,372,40746
KROGER-1032,2024-12-19,468,41214
KROGER-1032,2024-12-20,410,41624
KROGER-1032,2024-12-21,448,42072
KROGER-1032,2024-12-22,353,42425
KROGER-1032,2024-12-23,455,42880
KROGER-1032,2024-12-24,498,43378
KROGER-1032,2024-12-25,452,43830
KROGER-1032,2024-12-26,456,44286
KROGER-1032,2024-12-27,397,44683
KROGER-1032,2024-12-28,440,45123
KROGER-1032,2024-12-29,448,45571
KROGER-1032,2024-12-30,388,45959
KROGER-1032,2024-12-31,407,46366
KROGER-1032,2025-01-01,315,46681
KROGER-1032,2025-01-02,331,47012
KROGER-1032,2025-01-03,365,47377
KROGER-1032,2025-01-04,309,47686
KROGER-1032,2025-01-05,387,48073
KROGER-1032,2025-01-06,299,48372
KROGER-1032,2025-01-07,344,48716
KROGER-1032,2025-01-08,346,49062
KROGER-1032,2025-01-09,358,49420
KROGER-1032,2025-01-10,337,49757
KROGER-1032,2025-01-11,329,50086
KROGER-1032,2025-01-12,365,50451
KROGER-1032,2025-01-13,402,50853
KROGER-1032,2025-01-14,342,51195
KROGER-1032,2025-01-15,318,51513
KROGER-1032,2025-01-16,330,51843
KROGER-1032,2025-01-17,346,52189
KROGER-1032,2025-01-18,352,52541
KROGER-1032,2025-01-19,348,52889
KROGER-1032,2025-01-20,379,53268
KROGER-1032,2025-01-21,357,53625
KROGER-1032,2025-01-22,339,53964
KROGER-1032,2025-01-23,339,54303
KROGER-1032,2025-01-24,347,54650
KROGER-1032,2025-01-25,376,55026
KROGER-1032,2025-01-26,396,55422
KROGER-1032,2025-01-27,331,55753
KROGER-1032,2025-01-28,315,56068
KROGER-1032,2025-01-29,327,56395
KROGER-1032,2025-01-30,318,56713
KROGER-1032,2025-01-31,300,57013
KROGER-1032,2025-02-01,400,57413
KROGER-1032,2025-02-02,384,57797
KROGER-1032,2025-02-03,280,58077
KROGER-1032,2025-02-04,348,58425
KROGER-1032,2025-02-05,332,58757
KROGER-1032,2025-02-06,329,59086
KROGER-1032,2025-02-07,274,59360
KROGER-1032,2025-02-08,359,59719
KROGER-1032,2025-02-09,362,60081
KROGER-1032,2025-02-10,310,60391
KROGER-1032,2025-02-11,387,60778
KROGER-1032,2025-02-12,364,61142
KROGER-1032,2025-02-13,313,61455
KROGER-1032,2025-02-14,370,61825
KROGER-1032,2025-02-15,346,62171
KROGER-1032,2025-02-16,390,62561
KROGER-1032,2025-02-17,303,62864
KROGER-1032,2025-02-18,347,63211
KROGER-1032,2025-02-19,309,63520
KROGER-1032,2025-02-20,319,63839
KROGER-1032,2025-02-21,289,64128
KROGER-1032,2025-02-22,324,64452
KROGER-1032,2025-02-23,324,64776
KROGER-1032,2025-02-24,305,65081
KROGER-1032,2025-02-25,348,65429
KROGER-1032,2025-02-26,294,65723
KROGER-1032,2025-02-27,351,66074
KROGER-1032,2025-02-28,370,66444
KROGER-1032,2025-03-01,334,66778
KROGER-1032,2025-03-02,357,67135
KROGER-1032,2025-03-03,333,67468
KROGER-1032,2025-03-04,331,67799
KROGER-1032,2025-03-05,272,68071
KROGER-1032,2025-03-06,311,68382
KROGER-1032,2025-03-07,382,68764
KROGER-1032,2025-03-08,369,69133
KROGER-1032,2025-03-09,353,69486
KROGER-1032,2025-03-10,287,69773
KROGER-1032,2025-03-11,359,70132
KROGER-1032,2025-03-12,317,70449
KROGER-1032,2025-03-13,308,70757
KROGER-1032,2025-03-14,311,71068
KROGER-1032,2025-03-15,374,71442
KROGER-1032,2025-03-16,357,71799
KROGER-1032,2025-03-17,366,72165
KROGER-1032,2025-03-18,373,72538
KROGER-1032,2025-03-19,322,72860
KROGER-1032,2025-03-20,341,73201
KROGER-1032,2025-03-21,334,73535
KROGER-1032,2025-03-22,320,73855
KROGER-1032,2025-03-23,324,74179
KROGER-1032,2025-03-24,338,74517
KROGER-1032,2025-03-25,341,74858
KROGER-1032,2025-03-26,341,75199
KROGER-1032,2025-03-27,341,75540
KROGER-1032,2025-03-28,320,75860
KROGER-1032,2025-03-29,421,76281
KROGER-1032,2025-03-30,366,76647
KROGER-1032,2025-03-31,327,76974
KROGER-1032,2025-04-01,353,77327
KROGER-1032,2025-04-02,319,77646
KROGER-1032,2025-04-03,343,77989
KROGER-1032,2025-04-04,353,78342
KROGER-1032,2025-04-05,375,78717
KROGER-1032,2025-04-06,323,79040
KROGER-1032,2025-04-07,425,79465
KROGER-1032,2025-04-08,375,79840
KROGER-1032,2025-04-09,398,80238
KROGER-1032,2025-04-10,335,80573
KROGER-1032,2025-04-11,349,80922
KROGER-1032,2025-04-12,361,81283
KROGER-1032,2025-04-13,344,81627
KROGER-1032,2025-04-14,363,81990
KROGER-1032,2025-04-15,318,82308
KROGER-1032,2025-04-16,361,82669
KROGER-1032,2025-04-17,329,82998
KROGER-1032,2025-04-18,353,83351
KROGER-1032,2025-04-19,402,83753
KROGER-1032,2025-04-20,356,84109
KROGER-1032,2025-04-21,364,84473
KROGER-1032,2025-04-22,328,84801
KROGER-1032,2025-04-23,310,85111
KROGER-1032,2025-04-24,388,85499
KROGER-1032,2025-04-25,363,85862
KROGER-1032,2025-04-26,356,86218
KROGER-1032,2025-04-27,380,86598
KROGER-1032,2025-04-28,314,86912
KROGER-1032,2025-04-29,354,87266
KROGER-1032,2025-04-30,348,87614
KROGER-1032,2025-05-01,360,87974
KROGER-1032,2025-05-02,387,88361
KROGER-1032,2025-05-03,401,88762
KROGER-1032,2025-05-04,319,89081
KROGER-1032,2025-05-05,288,89369
KROGER-1032,2025-05-06,349,89718
KROGER-1032,2025-05-07,347,90065
KROGER-1032,2025-05-08,311,90376
KROGER-1032,2025-05-09,316,90692
KROGER-1032,2025-05-10,337,91029
KROGER-1032,2025-05-11,398,91427
KROGER-1032,2025-05-12,329,91756
KROGER-1032,2025-05-13,301,92057
KROGER-1032,2025-05-14,341,92398
KROGER-1032,2025-05-15,342,92740
KROGER-1032,2025-05-16,314,93054
KROGER-1032,2025-05-17,376,93430
KROGER-1032,2025-05-18,392,93822
KROGER-1032,2025-05-19,333,94155
KROGER-1032,2025-05-20,301,94456
KROGER-1032,2025-05-21,335,94791
KROGER-1032,2025-05-22,351,95142
KROGER-1032,2025-05-23,283,95425
KROGER-1032,2025-05-24,373,95798
KROGER-1032,2025-05-25,349,96147
KROGER-1032,2025-05-26,344,96491
KROGER-1032,2025-05-27,334,96825
KROGER-1032,2025-05-28,322,97147
KROGER-1032,2025-05-29,339,97486
KROGER-1032,2025-05-30,328,97814
KROGER-1032,2025-05-31,349,98163
KROGER-1032,2025-06-01,334,98497
KROGER-1032,2025-06-02,357,98854
KROGER-1032,2025-06-03,376,99230
KROGER-1032,2025-06-04,318,99548
KROGER-1032,2025-06-05,339,99887
KROGER-1032,2025-06-06,312,100199
KROGER-1032,2025-06-07,371,100570
KROGER-1032,2025-06-08,366,100936
KROGER-1032,2025-06-09,326,101262
KROGER-1032,2025-06-10,340,101602
KROGER-1032,2025-06-11,366,101968
KROGER-1032,2025-06-12,298,102266
KROGER-1032,2025-06-13,307,102573
KROGER-1032,2025-06-14,376,102949
KROGER-1032,2025-06-15,361,103310
KROGER-1032,2025-06-16,340,103650
KROGER-1032,2025-06-17,368,104018
KROGER-1032,2025-06-18,362,104380
KROGER-1032,2025-06-19,389,104769
KROGER-1032,2025-06-20,367,105136
KROGER-1032,2025-06-21,375,105511
KROGER-1032,2025-06-22,358,105869
KROGER-1032,2025-06-23,338,106207
KROGER-1032,2025-06-24,342,106549
KROGER-1032,2025-06-25,348,106897
KROGER-1032,2025-06-26,309,107206
KROGER-1032,2025-06-27,350,107556
KROGER-1032,2025-06-28,352,107908
KROGER-1032,2025-06-29,370,108278
KROGER-1032,2025-06-30,326,108604
KROGER-1032,2025-07-01,324,108928
KROGER-1032,2025-07-02,349,109277
KROGER-1032,2025-07-03,355,109632
KROGER-1032,2025-07-04,326,109958
KROGER-1032,2025-07-05,397,110355
KROGER-1032,2025-07-06,397,110752
KROGER-1032,2025-07-07,299,111051
KROGER-1032,2025-07-08,321,111372
KROGER-1032,2025-07-09,346,111718
KROGER-1032,2025-07-10,353,112071
KROGER-1032,2025-07-11,401,112472
KROGER-1032,2025-07-12,364,112836
KROGER-1032,2025-07-13,356,113192
KROGER-1032,2025-07-14,311,113503
KROGER-1032,2025-07-15,299,113802
KROGER-1032,2025-07-16,339,114141
KROGER-1032,2025-07-17,399,114540
KROGER-1032,2025-07-18,337,114877
KROGER-1032,2025-07-19,337,115214
KROGER-1032,2025-07-20,373,115587
KROGER-1032,2025-07-21,287,115874
KROGER-1032,2025-07-22,345,116219
KROGER-1032,2025-07-23,365,116584
KROGER-1032,2025-07-24,316,116900
KROGER-1032,2025-07-25,380,117280
KROGER-1032,2025-07-26,378,117658
KROGER-1032,2025-07-27,399,118057
KROGER-1032,2025-07-28,305,118362
KROGER-1032,2025-07-29,337,118699
KROGER-1032,2025-07-30,368,119067
KROGER-1032,2025-07-31,301,119368
KROGER-1032,2025-08-01,368,119736
KROGER-1032,2025-08-02,354,120090
KROGER-1032,2025-08-03,387,120477
KROGER-1032,2025-08-04,348,120825
KROGER-1032,2025-08-05,381,121206
KROGER-1032,2025-08-06,307,121513
KROGER-1032,2025-08-07,351,121864
KROGER-1032,2025-08-08,301,122165
KROGER-1032,2025-08-09,372,122537
KROGER-1032,2025-08-10,369,122906
KROGER-1032,2025-08-11,335,123241
KROGER-1032,2025-08-12,321,123562
KROGER-1032,2025-08-13,333,123895
KROGER-1032,2025-08-14,345,124240
KROGER-1032,2025-08-15,350,124590
KROGER-1032,2025-08-16,415,125005
KROGER-1032,2025-08-17,385,125390
KROGER-1032,2025-08-18,326,125716
KROGER-1032,2025-08-19,358,126074
KROGER-1032,2025-08-20,367,126441
KROGER-1032,2025-08-21,324,126765
KROGER-1032,2025-08-22,362,127127
KROGER-1032,2025-08-23,317,127444
KROGER-1032,2025-08-24,340,127784
KROGER-1032,2025-08-25,303,128087
KROGER-1032,2025-08-26,337,128424
KROGER-1032,2025-08-27,329,128753
KROGER-1032,2025-08-28,331,129084
KROGER-1032,2025-08-29,365,129449
KROGER-1032,2025-08-30,362,129811
KROGER-1032,2025-08-31,383,130194
KROGER-1033,2024-09-01,254,254
KROGER-1033,2024-09-02,250,504
KROGER-1033,2024-09-03,211,715
KROGER-1033,2024-09-04,223,938
KROGER-1033,2024-09-05,211,1149
KROGER-1033,2024-09-06,231,1380
KROGER-1033,2024-09-07,239,1619
KROGER-1033,2024-09-08,213,1832
KROGER-1033,2024-09-09,205,2037
KROGER-1033,2024-09-10,238,2275
KROGER-1033,2024-09-11,204,2479
KROGER-1033,2024-09-12,212,2691
KROGER-1033,2024-09-13,225,2916
KROGER-1033,2024-09-14,222,3138
KROGER-1033,2024-09-15,252,3390
KROGER-1033,2024-09-16,232,3622
KROGER-1033,2024-09-17,199,3821
KROGER-1033,2024-09-18,204,4025
KROGER-1033,2024-09-19,224,4249
KROGER-1033,2024-09-20,213,4462
KROGER-1033,2024-09-21,190,4652
KROGER-1033,2024-09-22,207,4859
KROGER-1033,2024-09-23,218,5077
KROGER-1033,2024-09-24,229,5306
KROGER-1033,2024-09-25,229,5535
KROGER-1033,2024-09-26,247,5782
KROGER-1033,2024-09-27,202,5984
KROGER-1033,2024-09-28,213,6197
KROGER-1033,2024-09-29,224,6421
KROGER-1033,2024-09-30,185,6606
KROGER-1033,2024-10-01,214,6820
KROGER-1033,2024-10-02,210,7030
KROGER-1033,2024-10-03,227,7257
KROGER-1033,2024-10-04,230,7487
KROGER-1033,2024-10-05,231,7718
KROGER-1033,2024-10-06,225,7943
KROGER-1033,2024-10-07,220,8163
KROGER-1033,2024-10-08,200,8363
KROGER-1033,2024-10-09,212,8575
KROGER-1033,2024-10-10,214,8789
KROGER-1033,2024-10-11,213,9002
KROGER-1033,2024-10-12,221,9223
KROGER-1033,2024-10-13,213,9436
KROGER-1033,2024-10-14,196,9632
KROGER-1033,2024-10-15,210,9842
KROGER-1033,2024-10-16,224,10066
KROGER-1033,2024-10-17,184,10250
KROGER-1033,2024-10-18,205,10455
KROGER-1033,2024-10-19,262,10717
KROGER-1033,2024-10-20,221,10938
KROGER-1033,2024-10-21,216,11154
KROGER-1033,2024-10-22,245,11399
KROGER-1033,2024-10-23,219,11618
KROGER-1033,2024-10-24,220,11838
KROGER-1033,2024-10-25,198,12036
KROGER-1033,2024-10-26,230,12266
KROGER-1033,2024-10-27,224,12490
KROGER-1033,2024-10-28,230,12720
KROGER-1033,2024-10-29,236,12956
KROGER-1033,2024-10-30,214,13170
KROGER-1033,2024-10-31,220,13390
KROGER-1033,2024-11-01,218,13608
KROGER-1033,2024-11-02,221,13829
KROGER-1033,2024-11-03,293,14122
KROGER-1033,2024-11-04,205,14327
KROGER-1033,2024-11-05,263,14590
KROGER-1033,2024-11-06,253,14843
KROGER-1033,2024-11-07,282,15125
KROGER-1033,2024-11-08,256,15381
KROGER-1033,2024-11-09,308,15689
KROGER-1033,2024-11-10,265,15954
KROGER-1033,2024-11-11,280,16234
KROGER-1033,2024-11-12,226,16460
KROGER-1033,2024-11-13,209,16669
KROGER-1033,2024-11-14,256,16925
KROGER-1033,2024-11-15,228,17153
KROGER-1033,2024-11-16,268,17421
KROGER-1033,2024-11-17,261,17682
KROGER-1033,2024-11-18,269,17951
KROGER-1033,2024-11-19,235,18186
KROGER-1033,2024-11-20,265,18451
KROGER-1033,2024-11-21,274,18725
KROGER-1033,2024-11-22,252,18977
KROGER-1033,2024-11-23,280,19257
KROGER-1033,2024-11-24,248,19505
KROGER-1033,2024-11-25,249,19754
KROGER-1033,2024-11-26,229,19983
KROGER-1033,2024-11-27,305,20288
KROGER-1033,2024-11-28,282,20570
KROGER-1033,2024-11-29,291,20861
KROGER-1033,2024-11-30,296,21157
KROGER-1033,2024-12-01,255,21412
KROGER-1033,2024-12-02,225,21637
KROGER-1033,2024-12-03,248,21885
KROGER-1033,2024-12-04,266,22151
KROGER-1033,2024-12-05,251,22402
KROGER-1033,2024-12-06,211,22613
KROGER-1033,2024-12-07,286,22899
KROGER-1033,2024-12-08,235,23134
KROGER-1033,2024-12-09,248,23382
KROGER-1033,2024-12-10,293,23675
KROGER-1033,2024-12-11,258,23933
KROGER-1033,2024-12-12,279,24212
KROGER-1033,2024-12-13,264,24476
KROGER-1033,2024-12-14,248,24724
KROGER-1033,2024-12-15,285,25009
KROGER-1033,2024-12-16,255,25264
KROGER-1033,2024-12-17,226,25490
KROGER-1033,2024-12-18,223,25713
KROGER-1033,2024-12-19,265,25978
KROGER-1033,2024-12-20,301,26279
KROGER-1033,2024-12-21,246,26525
KROGER-1033,2024-12-22,249,26774
KROGER-1033,2024-12-23,265,27039
KROGER-1033,2024-12-24,230,27269
KROGER-1033,2024-12-25,305,27574
KROGER-1033,2024-12-26,239,27813
KROGER-1033,2024-12-27,246,28059
KROGER-1033,2024-12-28,252,28311
KROGER-1033,2024-12-29,290,28601
KROGER-1033,2024-12-30,301,28902
KROGER-1033,2024-12-31,242,29144
KROGER-1033,2025-01-01,229,29373
KROGER-1033,2025-01-02,191,29564
KROGER-1033,2025-01-03,230,29794
KROGER-1033,2025-01-04,256,30050
KROGER-1033,2025-01-05,251,30301
KROGER-1033,2025-01-06,216,30517
KROGER-1033,2025-01-07,196,30713
KROGER-1033,2025-01-08,214,30927
KROGER-1033,2025-01-09,208,31135
KROGER-1033,2025-01-10,206,31341
KROGER-1033,2025-01-11,228,31569
KROGER-1033,2025-01-12,223,31792
KROGER-1033,2025-01-13,226,32018
KROGER-1033,2025-01-14,226,32244
KROGER-1033,2025-01-15,213,32457
KROGER-1033,2025-01-16,221,32678
KROGER-1033,2025-01-17,236,32914
KROGER-1033,2025-01-18,215,33129
KROGER-1033,2025-01-19,225,33354
KROGER-1033,2025-01-20,196,33550
KROGER-1033,2025-01-21,222,33772
KROGER-1033,2025-01-22,217,33989
KROGER-1033,2025-01-23,222,34211
KROGER-1033,2025-01-24,197,34408
KROGER-1033,2025-01-25,238,34646
KROGER-1033,2025-01-26,226,34872
KROGER-1033,2025-01-27,231,35103
KROGER-1033,2025-01-28,206,35309
KROGER-1033,2025-01-29,225,35534
KROGER-1033,2025-01-30,221,35755
KROGER-1033,2025-01-31,240,35995
KROGER-1033,2025-02-01,222,36217
KROGER-1033,2025-02-02,215,36432
KROGER-1033,2025-02-03,205,36637
KROGER-1033,2025-02-04,195,36832
KROGER-1033,2025-02-05,205,37037
KROGER-1033,2025-02-06,174,37211
KROGER-1033,2025-02-07,237,37448
KROGER-1033,2025-02-08,259,37707
KROGER-1033,2025-02-09,222,37929
KROGER-1033,2025-02-10,221,38150
KROGER-1033,2025-02-11,217,38367
KROGER-1033,2025-02-12,191,38558
KROGER-1033,2025-02-13,231,38789
KROGER-1033,2025-02-14,234,39023
KROGER-1033,2025-02-15,206,39229
KROGER-1033,2025-02-16,230,39459
KROGER-1033,2025-02-17,209,39668
KROGER-1033,2025-02-18,234,39902
KROGER-1033,2025-02-19,212,40114
KROGER-1033,2025-02-20,213,40327
KROGER-1033,2025-02-21,245,40572
KROGER-1033,2025-02-22,201,40773
KROGER-1033,2025-02-23,229,41002
KROGER-1033,2025-02-24,215,41217
KROGER-1033,2025-02-25,203,41420
KROGER-1033,2025-02-26,249,41669
KROGER-1033,2025-02-27,220,41889
KROGER-1033,2025-02-28,225,42114
KROGER-1033,2025-03-01,239,42353
KROGER-1033,2025-03-02,219,42572
KROGER-1033,2025-03-03,235,42807
KROGER-1033,2025-03-04,232,43039
KROGER-1033,2025-03-05,212,43251
KROGER-1033,2025-03-06,230,43481
KROGER-1033,2025-03-07,235,43716
KROGER-1033,2025-03-08,239,43955
KROGER-1033,2025-03-09,209,44164
KROGER-1033,2025-03-10,212,44376
KROGER-1033,2025-03-11,222,44598
KROGER-1033,2025-03-12,218,44816
KROGER-1033,2025-03-13,201,45017
KROGER-1033,2025-03-14,209,45226
KROGER-1033,2025-03-15,231,45457
KROGER-1033,2025-03-16,197,45654
KROGER-1033,2025-03-17,214,45868
KROGER-1033,2025-03-18,226,46094
KROGER-1033,2025-03-19,219,46313
KROGER-1033,2025-03-20,199,46512
KROGER-1033,2025-03-21,202,46714
KROGER-1033,2025-03-22,251,46965
KROGER-1033,2025-03-23,208,47173
KROGER-1033,2025-03-24,234,47407
KROGER-1033,2025-03-25,203,47610
KROGER-1033,2025-03-26,233,47843
KROGER-1033,2025-03-27,223,48066
KROGER-1033,2025-03-28,208,48274
KROGER-1033,2025-03-29,193,48467
KROGER-1033,2025-03-30,232,48699
KROGER-1033,2025-03-31,217,48916
KROGER-1033,2025-04-01,221,49137
KROGER-1033,2025-04-02,223,49360
KROGER-1033,2025-04-03,191,49551
KROGER-1033,2025-04-04,221,49772
KROGER-1033,2025-04-05,238,50010
KROGER-1033,2025-04-06,238,50248
KROGER-1033,2025-04-07,192,50440
KROGER-1033,2025-04-08,234,50674
KROGER-1033,2025-04-09,221,50895
KROGER-1033,2025-04-10,223,51118
KROGER-1033,2025-04-11,198,51316
KROGER-1033,2025-04-12,238,51554
KROGER-1033,2025-04-13,193,51747
KROGER-1033,2025-04-14,199,51946
KROGER-1033,2025-04-15,236,52182
KROGER-1033,2025-04-16,226,52408
KROGER-1033,2025-04-17,219,52627
KROGER-1033,2025-04-18,230,52857
KROGER-1033,2025-04-19,243,53100
KROGER-1033,2025-04-20,238,53338
KROGER-1033,2025-04-21,210,53548
KROGER-1033,2025-04-22,199,53747
KROGER-1033,2025-04-23,202,53949
KROGER-1033,2025-04-24,238,54187
KROGER-1033,2025-04-25,192,54379
KROGER-1033,2025-04-26,233,54612
KROGER-1033,2025-04-27,233,54845
KROGER-1033,2025-04-28,239,55084
KROGER-1033,2025-04-29,222,55306
KROGER-1033,2025-04-30,207,55513
KROGER-1033,2025-05-01,207,55720
KROGER-1033,2025-05-02,214,55934
KROGER-1033,2025-05-03,245,56179
KROGER-1033,2025-05-04,239,56418
KROGER-1033,2025-05-05,195,56613
KROGER-1033,2025-05-06,219,56832
KROGER-1033,2025-05-07,228,57060
KROGER-1033,2025-05-08,210,57270
KROGER-1033,2025-05-09,177,57447
KROGER-1033,2025-05-10,221,57668
KROGER-1033,2025-05-11,198,57866
KROGER-1033,2025-05-12,186,58052
KROGER-1033,2025-05-13,232,58284
KROGER-1033,2025-05-14,257,58541
KROGER-1033,2025-05-15,237,58778
KROGER-1033,2025-05-16,169,58947
KROGER-1033,2025-05-17,221,59168
KROGER-1033,2025-05-18,214,59382
KROGER-1033,2025-05-19,189,59571
KROGER-1033,2025-05-20,222,59793
KROGER-1033,2025-05-21,211,60004
KROGER-1033,2025-05-22,194,60198
KROGER-1033,2025-05-23,179,60377
KROGER-1033,2025-05-24,214,60591
KROGER-1033,2025-05-25,225,60816
KROGER-1033,2025-05-26,212,61028
KROGER-1033,2025-05-27,232,61260
KROGER-1033,2025-05-28,220,61480
KROGER-1033,2025-05-29,208,61688
KROGER-1033,2025-05-30,200,61888
KROGER-1033,2025-05-31,193,62081
KROGER-1033,2025-06-01,205,62286
KROGER-1033,2025-06-02,237,62523
KROGER-1033,2025-06-03,229,62752
KROGER-1033,2025-06-04,219,62971
KROGER-1033,2025-06-05,205,63176
KROGER-1033,2025-06-06,235,63411
KROGER-1033,2025-06-07,206,63617
KROGER-1033,2025-06-08,207,63824
KROGER-1033,2025-06-09,212,64036
KROGER-1033,2025-06-10,176,64212
KROGER-1033,2025-06-11,196,64408
KROGER-1033,2025-06-12,210,64618
KROGER-1033,2025-06-13,206,64824
KROGER-1033,2025-06-14,207,65031
KROGER-1033,2025-06-15,261,65292
KROGER-1033,2025-06-16,237,65529
KROGER-1033,2025-06-17,243,65772
KROGER-1033,2025-06-18,212,65984
KROGER-1033,2025-06-19,205,66189
KROGER-1033,2025-06-20,241,66430
KROGER-1033,2025-06-21,226,66656
KROGER-1033,2025-06-22,205,66861
KROGER-1033,2025-06-23,197,67058
KROGER-1033,2025-06-24,208,67266
KROGER-1033,2025-06-25,213,67479
KROGER-1033,2025-06-26,215,67694
KROGER-1033,2025-06-27,211,67905
KROGER-1033,2025-06-28,267,68172
KROGER-1033,2025-06-29,200,68372
KROGER-1033,2025-06-30,225,68597
KROGER-1033,2025-07-01,206,68803
KROGER-1033,2025-07-02,213,69016
KROGER-1033,2025-07-03,230,69246
KROGER-1033,2025-07-04,183,69429
KROGER-1033,2025-07-05,207,69636
KROGER-1033,2025-07-06,222,69858
KROGER-1033,2025-07-07,239,70097
KROGER-1033,2025-07-08,239,70336
KROGER-1033,2025-07-09,236,70572
KROGER-1033,2025-07-10,176,70748
KROGER-1033,2025-07-11,196,70944
KROGER-1033,2025-07-12,206,71150
KROGER-1033,2025-07-13,224,71374
KROGER-1033,2025-07-14,182,71556
KROGER-1033,2025-07-15,233,71789
KROGER-1033,2025-07-16,180,71969
KROGER-1033,2025-07-17,232,72201
KROGER-1033,2025-07-18,229,72430
KROGER-1033,2025-07-19,205,72635
KROGER-1033,2025-07-20,247,72882
KROGER-1033,2025-07-21,208,73090
KROGER-1033,2025-07-22,204,73294
KROGER-1033,2025-07-23,207,73501
KROGER-1033,2025-07-24,208,73709
KROGER-1033,2025-07-25,210,73919
KROGER-1033,2025-07-26,221,74140
KROGER-1033,2025-07-27,208,74348
KROGER-1033,2025-07-28,203,74551
KROGER-1033,2025-07-29,204,74755
KROGER-1033,2025-07-30,242,74997
KROGER-1033,2025-07-31,204,75201
KROGER-1033,2025-08-01,203,75404
KROGER-1033,2025-08-02,252,75656
KROGER-1033,2025-08-03,219,75875
KROGER-1033,2025-08-04,199,76074
KROGER-1033,2025-08-05,195,76269
KROGER-1033,2025-08-06,189,76458
KROGER-1033,2025-08-07,223,76681
KROGER-1033,2025-08-08,183,76864
KROGER-1033,2025-08-09,249,77113
KROGER-1033,2025-08-10,223,77336
KROGER-1033,2025-08-11,206,77542
KROGER-1033,2025-08-12,210,77752
KROGER-1033,2025-08-13,222,77974
KROGER-1033,2025-08-14,206,78180
KROGER-1033,2025-08-15,211,78391
KROGER-1033,2025-08-16,243,78634
KROGER-1033,2025-08-17,231,78865
KROGER-1033,2025-08-18,192,79057
KROGER-1033,2025-08-19,202,79259
KROGER-1033,2025-08-20,183,79442
KROGER-1033,2025-08-21,224,79666
KROGER-1033,2025-08-22,226,79892
KROGER-1033,2025-08-23,208,80100
KROGER-1033,2025-08-24,266,80366
KROGER-1033,2025-08-25,256,80622
KROGER-1033,2025-08-26,214,80836
KROGER-1033,2025-08-27,200,81036
KROGER-1033,2025-08-28,218,81254
KROGER-1033,2025-08-29,200,81454
KROGER-1033,2025-08-30,242,81696
KROGER-1033,2025-08-31,228,81924
KROGER-1034,2024-09-01,534,534
KROGER-1034,2024-09-02,569,1103
KROGER-1034,2024-09-03,474,1577
KROGER-1034,2024-09-04,476,2053
KROGER-1034,2024-09-05,533,2586
KROGER-1034,2024-09-06,482,3068
KROGER-1034,2024-09-07,591,3659
KROGER-1034,2024-09-08,566,4225
KROGER-1034,2024-09-09,484,4709
KROGER-1034,2024-09-10,427,5136
KROGER-1034,2024-09-11,441,5577
KROGER-1034,2024-09-12,480,6057
KROGER-1034,2024-09-13,515,6572
KROGER-1034,2024-09-14,570,7142
KROGER-1034,2024-09-15,515,7657
KROGER-1034,2024-09-16,463,8120
KROGER-1034,2024-09-17,493,8613
KROGER-1034,2024-09-18,500,9113
KROGER-1034,2024-09-19,551,9664
KROGER-1034,2024-09-20,549,10213
KROGER-1034,2024-09-21,482,10695
KROGER-1034,2024-09-22,543,11238
KROGER-1034,2024-09-23,465,11703
KROGER-1034,2024-09-24,466,12169
KROGER-1034,2024-09-25,540,12709
KROGER-1034,2024-09-26,491,13200
KROGER-1034,2024-09-27,524,13724
KROGER-1034,2024-09-28,546,14270
KROGER-1034,2024-09-29,521,14791
KROGER-1034,2024-09-30,512,15303
KROGER-1034,2024-10-01,507,15810
KROGER-1034,2024-10-02,453,16263
KROGER-1034,2024-10-03,518,16781
KROGER-1034,2024-10-04,471,17252
KROGER-1034,2024-10-05,479,17731
KROGER-1034,2024-10-06,560,18291
KROGER-1034,2024-10-07,475,18766
KROGER-1034,2024-10-08,543,19309
KROGER-1034,2024-10-09,543,19852
KROGER-1034,2024-10-10,480,20332
KROGER-1034,2024-10-11,542,20874
KROGER-1034,2024-10-12,508,21382
KROGER-1034,2024-10-13,521,21903
KROGER-1034,2024-10-14,519,22422
KROGER-1034,2024-10-15,580,23002
KROGER-1034,2024-10-16,537,23539
KROGER-1034,2024-10-17,497,24036
KROGER-1034,2024-10-18,503,24539
KROGER-1034,2024-10-19,457,24996
KROGER-1034,2024-10-20,566,25562
KROGER-1034,2024-10-21,535,26097
KROGER-1034,2024-10-22,510,26607
KROGER-1034,2024-10-23,528,27135
KROGER-1034,2024-10-24,418,27553
KROGER-1034,2024-10-25,456,28009
KROGER-1034,2024-10-26,599,28608
KROGER-1034,2024-10-27,513,29121
KROGER-1034,2024-10-28,529,29650
KROGER-1034,2024-10-29,469,30119
KROGER-1034,2024-10-30,481,30600
KROGER-1034,2024-10-31,573,31173
KROGER-1034,2024-11-01,591,31764
KROGER-1034,2024-11-02,655,32419
KROGER-1034,2024-11-03,635,33054
KROGER-1034,2024-11-04,611,33665
KROGER-1034,2024-11-05,609,34274
KROGER-1034,2024-11-06,504,34778
KROGER-1034,2024-11-07,622,35400
KROGER-1034,2024-11-08,573,35973
KROGER-1034,2024-11-09,718,36691
KROGER-1034,2024-11-10,590,37281
KROGER-1034,2024-11-11,576,37857
KROGER-1034,2024-11-12,716,38573
KROGER-1034,2024-11-13,633,39206
KROGER-1034,2024-11-14,552,39758
KROGER-1034,2024-11-15,607,40365
KROGER-1034,2024-11-16,567,40932
KROGER-1034,2024-11-17,642,41574
KROGER-1034,2024-11-18,560,42134
KROGER-1034,2024-11-19,688,42822
KROGER-1034,2024-11-20,619,43441
KROGER-1034,2024-11-21,624,44065
KROGER-1034,2024-11-22,644,44709
KROGER-1034,2024-11-23,682,45391
KROGER-1034,2024-11-24,594,45985
KROGER-1034,2024-11-25,603,46588
KROGER-1034,2024-11-26,577,47165
KROGER-1034,2024-11-27,699,47864
KROGER-1034,2024-11-28,489,48353
KROGER-1034,2024-11-29,571,48924
KROGER-1034,2024-11-30,625,49549
KROGER-1034,2024-12-01,636,50185
KROGER-1034,2024-12-02,604,50789
KROGER-1034,2024-12-03,597,51386
KROGER-1034,2024-12-04,591,51977
KROGER-1034,2024-12-05,610,52587
KROGER-1034,2024-12-06,621,53208
KROGER-1034,2024-12-07,719,53927
KROGER-1034,2024-12-08,718,54645
KROGER-1034,2024-12-09,613,55258
KROGER-1034,2024-12-10,575,55833
KROGER-1034,2024-12-11,578,56411
KROGER-1034,2024-12-12,536,56947
KROGER-1034,2024-12-13,645,57592
KROGER-1034,2024-12-14,627,58219
KROGER-1034,2024-12-15,651,58870
KROGER-1034,2024-12-16,615,59485
KROGER-1034,2024-12-17,565,60050
KROGER-1034,2024-12-18,559,60609
KROGER-1034,2024-12-19,577,61186
KROGER-1034,2024-12-20,622,61808
KROGER-1034,2024-12-21,625,62433
KROGER-1034,2024-12-22,540,62973
KROGER-1034,2024-12-23,550,63523
KROGER-1034,2024-12-24,586,64109
KROGER-1034,2024-12-25,597,64706
KROGER-1034,2024-12-26,624,65330
KROGER-1034,2024-12-27,601,65931
KROGER-1034,2024-12-28,611,66542
KROGER-1034,2024-12-29,609,67151
KROGER-1034,2024-12-30,608,67759
KROGER-1034,2024-12-31,619,68378
KROGER-1034,2025-01-01,486,68864
KROGER-1034,2025-01-02,456,69320
KROGER-1034,2025-01-03,495,69815
KROGER-1034,2025-01-04,497,70312
KROGER-1034,2025-01-05,536,70848
KROGER-1034,2025-01-06,558,71406
KROGER-1034,2025-01-07,445,71851
KROGER-1034,2025-01-08,545,72396
KROGER-1034,2025-01-09,518,72914
KROGER-1034,2025-01-10,543,73457
KROGER-1034,2025-01-11,506,73963
KROGER-1034,2025-01-12,463,74426
KROGER-1034,2025-01-13,506,74932
KROGER-1034,2025-01-14,555,75487
KROGER-1034,2025-01-15,457,75944
KROGER-1034,2025-01-16,463,76407
KROGER-1034,2025-01-17,522,76929
KROGER-1034,2025-01-18,502,77431
KROGER-1034,2025-01-19,594,78025
KROGER-1034,2025-01-20,525,78550
KROGER-1034,2025-01-21,470,79020
KROGER-1034,2025-01-22,476,79496
KROGER-1034,2025-01-23,478,79974
KROGER-1034,2025-01-24,497,80471
KROGER-1034,2025-01-25,537,81008
KROGER-1034,2025-01-26,534,81542
KROGER-1034,2025-01-27,454,81996
KROGER-1034,2025-01-28,535,82531
KROGER-1034,2025-01-29,487,83018
KROGER-1034,2025-01-30,462,83480
KROGER-1034,2025-01-31,480,83960
KROGER-1034,2025-02-01,566,84526
KROGER-1034,2025-02-02,532,85058
KROGER-1034,2025-02-03,510,85568
KROGER-1034,2025-02-04,452,86020
KROGER-1034,2025-02-05,504,86524
KROGER-1034,2025-02-06,539,87063
KROGER-1034,2025-02-07,427,87490
KROGER-1034,2025-02-08,508,87998
KROGER-1034,2025-02-09,550,88548
KROGER-1034,2025-02-10,505,89053
KROGER-1034,2025-02-11,458,89511
KROGER-1034,2025-02-12,515,90026
KROGER-1034,2025-02-13,452,90478
KROGER-1034,2025-02-14,464,90942
KROGER-1034,2025-02-15,492,91434
KROGER-1034,2025-02-16,589,92023
KROGER-1034,2025-02-17,432,92455
KROGER-1034,2025-02-18,435,92890
KROGER-1034,2025-02-19,510,93400
KROGER-1034,2025-02-20,503,93903
KROGER-1034,2025-02-21,480,94383
KROGER-1034,2025-02-22,524,94907
KROGER-1034,2025-02-23,479,95386
KROGER-1034,2025-02-24,503,95889
KROGER-1034,2025-02-25,507,96396
KROGER-1034,2025-02-26,547,96943
KROGER-1034,2025-02-27,575,97518
KROGER-1034,2025-02-28,488,98006
KROGER-1034,2025-03-01,470,98476
KROGER-1034,2025-03-02,540,99016
KROGER-1034,2025-03-03,494,99510
KROGER-1034,2025-03-04,492,100002
KROGER-1034,2025-03-05,435,100437
KROGER-1034,2025-03-06,503,100940
KROGER-1034,2025-03-07,516,101456
KROGER-1034,2025-03-08,566,102022
KROGER-1034,2025-03-09,503,102525
KROGER-1034,2025-03-10,466,102991
KROGER-1034,2025-03-11,478,103469
KROGER-1034,2025-03-12,536,104005
KROGER-1034,2025-03-13,554,104559
KROGER-1034,2025-03-14,544,105103
KROGER-1034,2025-03-15,551,105654
KROGER-1034,2025-03-16,523,106177
KROGER-1034,2025-03-17,504,106681
KROGER-1034,2025-03-18,510,107191
KROGER-1034,2025-03-19,489,107680
KROGER-1034,2025-03-20,534,108214
KROGER-1034,2025-03-21,433,108647
KROGER-1034,2025-03-22,462,109109
KROGER-1034,2025-03-23,454,109563
KROGER-1034,2025-03-24,467,110030
KROGER-1034,2025-03-25,553,110583
KROGER-1034,2025-03-26,451,111034
KROGER-1034,2025-03-27,453,111487
KROGER-1034,2025-03-28,466,111953
KROGER-1034,2025-03-29,570,112523
KROGER-1034,2025-03-30,584,113107
KROGER-1034,2025-03-31,539,113646
KROGER-1034,2025-04-01,542,114188
KROGER-1034,2025-04-02,565,114753
KROGER-1034,2025-04-03,427,115180
KROGER-1034,2025-04-04,450,115630
KROGER-1034,2025-04-05,495,116125
KROGER-1034,2025-04-06,528,116653
KROGER-1034,2025-04-07,503,117156
KROGER-1034,2025-04-08,504,117660
KROGER-1034,2025-04-09,532,118192
KROGER-1034,2025-04-10,422,118614
KROGER-1034,2025-04-11,493,119107
KROGER-1034,2025-04-12,535,119642
KROGER-1034,2025-04-13,510,120152
KROGER-1034,2025-04-14,506,120658
KROGER-1034,2025-04-15,540,121198
KROGER-1034,2025-04-16,501,121699
KROGER-1034,2025-04-17,584,122283
KROGER-1034,2025-04-18,537,122820
KROGER-1034,2025-04-19,535,123355
KROGER-1034,2025-04-20,545,123900
KROGER-1034,2025-04-21,529,124429
KROGER-1034,2025-04-22,566,124995
KROGER-1034,2025-04-23,546,125541
KROGER-1034,2025-04-24,519,126060
KROGER-1034,2025-04-25,470,126530
KROGER-1034,2025-04-26,541,127071
KROGER-1034,2025-04-27,548,127619
KROGER-1034,2025-04-28,530,128149
KROGER-1034,2025-04-29,470,128619
KROGER-1034,2025-04-30,528,129147
KROGER-1034,2025-05-01,531,129678
KROGER-1034,2025-05-02,451,130129
KROGER-1034,2025-05-03,473,130602
KROGER-1034,2025-05-04,571,131173
KROGER-1034,2025-05-05,465,131638
KROGER-1034,2025-05-06,560,132198
KROGER-1034,2025-05-07,488,132686
KROGER-1034,2025-05-08,514,133200
KROGER-1034,2025-05-09,512,133712
KROGER-1034,2025-05-10,494,134206
KROGER-1034,2025-05-11,582,134788
KROGER-1034,2025-05-12,488,135276
KROGER-1034,2025-05-13,501,135777
KROGER-1034,2025-05-14,420,136197
KROGER-1034,2025-05-15,446,136643
KROGER-1034,2025-05-16,544,137187
KROGER-1034,2025-05-17,524,137711
KROGER-1034,2025-05-18,499,138210
KROGER-1034,2025-05-19,476,138686
KROGER-1034,2025-05-20,521,139207
KROGER-1034,2025-05-21,549,139756
KROGER-1034,2025-05-22,476,140232
KROGER-1034,2025-05-23,543,140775
KROGER-1034,2025-05-24,517,141292
KROGER-1034,2025-05-25,545,141837
KROGER-1034,2025-05-26,428,142265
KROGER-1034,2025-05-27,435,142700
KROGER-1034,2025-05-28,532,143232
KROGER-1034,2025-05-29,510,143742
KROGER-1034,2025-05-30,515,144257
KROGER-1034,2025-05-31,479,144736
KROGER-1034,2025-06-01,506,145242
KROGER-1034,2025-06-02,432,145674
KROGER-1034,2025-06-03,465,146139
KROGER-1034,2025-06-04,498,146637
KROGER-1034,2025-06-05,512,147149
KROGER-1034,2025-06-06,470,147619
KROGER-1034,2025-06-07,547,148166
KROGER-1034,2025-06-08,522,148688
KROGER-1034,2025-06-09,490,149178
KROGER-1034,2025-06-10,502,149680
KROGER-1034,2025-06-11,583,150263
KROGER-1034,2025-06-12,492,150755
KROGER-1034,2025-06-13,537,151292
KROGER-1034,2025-06-14,547,151839
KROGER-1034,2025-06-15,513,152352
KROGER-1034,2025-06-16,437,152789
KROGER-1034,2025-06-17,474,153263
KROGER-1034,2025-06-18,502,153765
KROGER-1034,2025-06-19,495,154260
KROGER-1034,2025-06-20,551,154811
KROGER-1034,2025-06-21,493,155304
KROGER-1034,2025-06-22,518,155822
KROGER-1034,2025-06-23,520,156342
KROGER-1034,2025-06-24,488,156830
KROGER-1034,2025-06-25,538,157368
KROGER-1034,2025-06-26,455,157823
KROGER-1034,2025-06-27,438,158261
KROGER-1034,2025-06-28,512,158773
KROGER-1034,2025-06-29,521,159294
KROGER-1034,2025-06-30,508,159802
KROGER-1034,2025-07-01,504,160306
KROGER-1034,2025-07-02,483,160789
KROGER-1034,2025-07-03,439,161228
KROGER-1034,2025-07-04,494,161722
KROGER-1034,2025-07-05,480,162202
KROGER-1034,2025-07-06,527,162729
KROGER-1034,2025-07-07,455,163184
KROGER-1034,2025-07-08,514,163698
KROGER-1034,2025-07-09,566,164264
KROGER-1034,2025-07-10,470,164734
KROGER-1034,2025-07-11,448,165182
KROGER-1034,2025-07-12,572,165754
KROGER-1034,2025-07-13,598,166352
KROGER-1034,2025-07-14,449,166801
KROGER-1034,2025-07-15,495,167296
KROGER-1034,2025-07-16,518,167814
KROGER-1034,2025-07-17,489,168303
KROGER-1034,2025-07-18,429,168732
KROGER-1034,2025-07-19,466,169198
KROGER-1034,2025-07-20,471,169669
KROGER-1034,2025-07-21,457,170126
KROGER-1034,2025-07-22,502,170628
KROGER-1034,2025-07-23,543,171171
KROGER-1034,2025-07-24,445,171616
KROGER-1034,2025-07-25,468,172084
KROGER-1034,2025-07-26,477,172561
KROGER-1034,2025-07-27,536,173097
KROGER-1034,2025-07-28,466,173563
KROGER-1034,2025-07-29,459,174022
KROGER-1034,2025-07-30,435,174457
KROGER-1034,2025-07-31,553,175010
KROGER-1034,2025-08-01,586,175596
KROGER-1034,2025-08-02,527,176123
KROGER-1034,2025-08-03,586,176709
KROGER-1034,2025-08-04,528,177237
KROGER-1034,2025-08-05,551,177788
KROGER-1034,2025-08-06,451,178239
KROGER-1034,2025-08-07,465,178704
KROGER-1034,2025-08-08,466,179170
KROGER-1034,2025-08-09,532,179702
KROGER-1034,2025-08-10,600,180302
KROGER-1034,2025-08-11,453,180755
KROGER-1034,2025-08-12,535,181290
KROGER-1034,2025-08-13,451,181741
KROGER-1034,2025-08-14,584,182325
KROGER-1034,2025-08-15,435,182760
KROGER-1034,2025-08-16,555,183315
KROGER-1034,2025-08-17,561,183876
KROGER-1034,2025-08-18,524,184400
KROGER-1034,2025-08-19,464,184864
KROGER-1034,2025-08-20,457,185321
KROGER-1034,2025-08-21,550,185871
KROGER-1034,2025-08-22,541,186412
KROGER-1034,2025-08-23,567,186979
KROGER-1034,2025-08-24,572,187551
KROGER-1034,2025-08-25,438,187989
KROGER-1034,2025-08-26,436,188425
KROGER-1034,2025-08-27,472,188897
KROGER-1034,2025-08-28,480,189377
KROGER-1034,2025-08-29,476,189853
KROGER-1034,2025-08-30,536,190389
KROGER-1034,2025-08-31,571,190960
KROGER-1035,2024-09-01,349,349
KROGER-1035,2024-09-02,319,668
KROGER-1035,2024-09-03,363,1031
KROGER-1035,2024-09-04,333,1364
KROGER-1035,2024-09-05,344,1708
KROGER-1035,2024-09-06,332,2040
KROGER-1035,2024-09-07,368,2408
KROGER-1035,2024-09-08,329,2737
KROGER-1035,2024-09-09,361,3098
KROGER-1035,2024-09-10,340,3438
KROGER-1035,2024-09-11,320,3758
KROGER-1035,2024-09-12,355,4113
KROGER-1035,2024-09-13,320,4433
KROGER-1035,2024-09-14,337,4770
KROGER-1035,2024-09-15,323,5093
KROGER-1035,2024-09-16,294,5387
KROGER-1035,2024-09-17,355,5742
KROGER-1035,2024-09-18,373,6115
KROGER-1035,2024-09-19,329,6444
KROGER-1035,2024-09-20,319,6763
KROGER-1035,2024-09-21,306,7069
KROGER-1035,2024-09-22,296,7365
KROGER-1035,2024-09-23,361,7726
KROGER-1035,2024-09-24,287,8013
KROGER-1035,2024-09-25,310,8323
KROGER-1035,2024-09-26,349,8672
KROGER-1035,2024-09-27,343,9015
KROGER-1035,2024-09-28,367,9382
KROGER-1035,2024-09-29,358,9740
KROGER-1035,2024-09-30,331,10071
KROGER-1035,2024-10-01,310,10381
KROGER-1035,2024-10-02,324,10705
KROGER-1035,2024-10-03,333,11038
KROGER-1035,2024-10-04,289,11327
KROGER-1035,2024-10-05,335,11662
KROGER-1035,2024-10-06,347,12009
KROGER-1035,2024-10-07,322,12331
KROGER-1035,2024-10-08,331,12662
KROGER-1035,2024-10-09,359,13021
KROGER-1035,2024-10-10,362,13383
KROGER-1035,2024-10-11,382,13765
KROGER-1035,2024-10-12,315,14080
KROGER-1035,2024-10-13,346,14426
KROGER-1035,2024-10-14,374,14800
KROGER-1035,2024-10-15,293,15093
KROGER-1035,2024-10-16,309,15402
KROGER-1035,2024-10-17,324,15726
KROGER-1035,2024-10-18,397,16123
KROGER-1035,2024-10-19,330,16453
KROGER-1035,2024-10-20,389,16842
KROGER-1035,2024-10-21,340,17182
KROGER-1035,2024-10-22,310,17492
KROGER-1035,2024-10-23,417,17909
KROGER-1035,2024-10-24,346,18255
KROGER-1035,2024-10-25,351,18606
KROGER-1035,2024-10-26,373,18979
KROGER-1035,2024-10-27,371,19350
KROGER-1035,2024-10-28,400,19750
KROGER-1035,2024-10-29,390,20140
KROGER-1035,2024-10-30,315,20455
KROGER-1035,2024-10-31,396,20851
KROGER-1035,2024-11-01,386,21237
KROGER-1035,2024-11-02,441,21678
KROGER-1035,2024-11-03,380,22058
KROGER-1035,2024-11-04,443,22501
KROGER-1035,2024-11-05,399,22900
KROGER-1035,2024-11-06,371,23271
KROGER-1035,2024-11-07,448,23719
KROGER-1035,2024-11-08,456,24175
KROGER-1035,2024-11-09,480,24655
KROGER-1035,2024-11-10,377,25032
KROGER-1035,2024-11-11,461,25493
KROGER-1035,2024-11-12,399,25892
KROGER-1035,2024-11-13,476,26368
KROGER-1035,2024-11-14,430,26798
KROGER-1035,2024-11-15,417,27215
KROGER-1035,2024-11-16,430,27645
KROGER-1035,2024-11-17,429,28074
KROGER-1035,2024-11-18,387,28461
KROGER-1035,2024-11-19,374,28835
KROGER-1035,2024-11-20,397,29232
KROGER-1035,2024-11-21,448,29680
KROGER-1035,2024-11-22,363,30043
KROGER-1035,2024-11-23,476,30519
KROGER-1035,2024-11-24,435,30954
KROGER-1035,2024-11-25,435,31389
KROGER-1035,2024-11-26,436,31825
KROGER-1035,2024-11-27,440,32265
KROGER-1035,2024-11-28,410,32675
KROGER-1035,2024-11-29,411,33086
KROGER-1035,2024-11-30,460,33546
KROGER-1035,2024-12-01,394,33940
KROGER-1035,2024-12-02,370,34310
KROGER-1035,2024-12-03,394,34704
KROGER-1035,2024-12-04,419,35123
KROGER-1035,2024-12-05,472,35595
KROGER-1035,2024-12-06,411,36006
KROGER-1035,2024-12-07,498,36504
KROGER-1035,2024-12-08,447,36951
KROGER-1035,2024-12-09,394,37345
KROGER-1035,2024-12-10,447,37792
KROGER-1035,2024-12-11,401,38193
KROGER-1035,2024-12-12,417,38610
KROGER-1035,2024-12-13,365,38975
KROGER-1035,2024-12-14,378,39353
KROGER-1035,2024-12-15,449,39802
KROGER-1035,2024-12-16,445,40247
KROGER-1035,2024-12-17,473,40720
KROGER-1035,2024-12-18,383,41103
KROGER-1035,2024-12-19,457,41560
KROGER-1035,2024-12-20,452,42012
KROGER-1035,2024-12-21,413,42425
KROGER-1035,2024-12-22,477,42902
KROGER-1035,2024-12-23,440,43342
KROGER-1035,2024-12-24,447,43789
KROGER-1035,2024-12-25,480,44269
KROGER-1035,2024-12-26,445,44714
KROGER-1035,2024-12-27,339,45053
KROGER-1035,2024-12-28,441,45494
KROGER-1035,2024-12-29,376,45870
KROGER-1035,2024-12-30,414,46284
KROGER-1035,2024-12-31,412,46696
KROGER-1035,2025-01-01,325,47021
KROGER-1035,2025-01-02,313,47334
KROGER-1035,2025-01-03,326,47660
KROGER-1035,2025-01-04,348,48008
KROGER-1035,2025-01-05,354,48362
KROGER-1035,2025-01-06,344,48706
KROGER-1035,2025-01-07,357,49063
KROGER-1035,2025-01-08,332,49395
KROGER-1035,2025-01-09,376,49771
KROGER-1035,2025-01-10,340,50111
KROGER-1035,2025-01-11,384,50495
KROGER-1035,2025-01-12,349,50844
KROGER-1035,2025-01-13,416,51260
KROGER-1035,2025-01-14,354,51614
KROGER-1035,2025-01-15,386,52000
KROGER-1035,2025-01-16,322,52322
KROGER-1035,2025-01-17,329,52651
KROGER-1035,2025-01-18,351,53002
KROGER-1035,2025-01-19,429,53431
KROGER-1035,2025-01-20,335,53766
KROGER-1035,2025-01-21,318,54084
KROGER-1035,2025-01-22,376,54460
KROGER-1035,2025-01-23,342,54802
KROGER-1035,2025-01-24,335,55137
KROGER-1035,2025-01-25,340,55477
KROGER-1035,2025-01-26,372,55849
KROGER-1035,2025-01-27,370,56219
KROGER-1035,2025-01-28,362,56581
KROGER-1035,2025-01-29,328,56909
KROGER-1035,2025-01-30,314,57223
KROGER-1035,2025-01-31,231,57454
KROGER-1035,2025-02-01,331,57785
KROGER-1035,2025-02-02,347,58132
KROGER-1035,2025-02-03,339,58471
KROGER-1035,2025-02-04,333,58804
KROGER-1035,2025-02-05,417,59221
KROGER-1035,2025-02-06,354,59575
KROGER-1035,2025-02-07,307,59882
KROGER-1035,2025-02-08,377,60259
KROGER-1035,2025-02-09,369,60628
KROGER-1035,2025-02-10,312,60940
KROGER-1035,2025-02-11,349,61289
KROGER-1035,2025-02-12,355,61644
KROGER-1035,2025-02-13,369,62013
KROGER-1035,2025-02-14,292,62305
KROGER-1035,2025-02-15,377,62682
KROGER-1035,2025-02-16,398,63080
KROGER-1035,2025-02-17,392,63472
KROGER-1035,2025-02-18,307,63779
KROGER-1035,2025-02-19,337,64116
KROGER-1035,2025-02-20,340,64456
KROGER-1035,2025-02-21,359,64815
KROGER-1035,2025-02-22,353,65168
KROGER-1035,2025-02-23,337,65505
KROGER-1035,2025-02-24,347,65852
KROGER-1035,2025-02-25,332,66184
KROGER-1035,2025-02-26,356,66540
KROGER-1035,2025-02-27,319,66859
KROGER-1035,2025-02-28,313,67172
KROGER-1035,2025-03-01,396,67568
KROGER-1035,2025-03-02,423,67991
KROGER-1035,2025-03-03,391,68382
KROGER-1035,2025-03-04,339,68721
KROGER-1035,2025-03-05,370,69091
KROGER-1035,2025-03-06,322,69413
KROGER-1035,2025-03-07,355,69768
KROGER-1035,2025-03-08,341,70109
KROGER-1035,2025-03-09,394,70503
KROGER-1035,2025-03-10,372,70875
KROGER-1035,2025-03-11,398,71273
KROGER-1035,2025-03-12,335,71608
KROGER-1035,2025-03-13,384,71992
KROGER-1035,2025-03-14,355,72347
KROGER-1035,2025-03-15,360,72707
KROGER-1035,2025-03-16,368,73075
KROGER-1035,2025-03-17,387,73462
KROGER-1035,2025-03-18,337,73799
KROGER-1035,2025-03-19,339,74138
KROGER-1035,2025-03-20,284,74422
KROGER-1035,2025-03-21,337,74759
KROGER-1035,2025-03-22,365,75124
KROGER-1035,2025-03-23,336,75460
KROGER-1035,2025-03-24,313,75773
KROGER-1035,2025-03-25,290,76063
KROGER-1035,2025-03-26,325,76388
KROGER-1035,2025-03-27,380,76768
KROGER-1035,2025-03-28,300,77068
KROGER-1035,2025-03-29,381,77449
KROGER-1035,2025-03-30,383,77832
KROGER-1035,2025-03-31,408,78240
KROGER-1035,2025-04-01,369,78609
KROGER-1035,2025-04-02,367,78976
KROGER-1035,2025-04-03,351,79327
KROGER-1035,2025-04-04,341,79668
KROGER-1035,2025-04-05,382,80050
KROGER-1035,2025-04-06,394,80444
KROGER-1035,2025-04-07,346,80790
KROGER-1035,2025-04-08,376,81166
KROGER-1035,2025-04-09,420,81586
KROGER-1035,2025-04-10,343,81929
KROGER-1035,2025-04-11,344,82273
KROGER-1035,2025-04-12,355,82628
KROGER-1035,2025-04-13,362,82990
KROGER-1035,2025-04-14,374,83364
KROGER-1035,2025-04-15,343,83707
KROGER-1035,2025-04-16,346,84053
KROGER-1035,2025-04-17,334,84387
KROGER-1035,2025-04-18,354,84741
KROGER-1035,2025-04-19,343,85084
KROGER-1035,2025-04-20,323,85407
KROGER-1035,2025-04-21,353,85760
KROGER-1035,2025-04-22,395,86155
KROGER-1035,2025-04-23,333,86488
KROGER-1035,2025-04-24,312,86800
KROGER-1035,2025-04-25,393,87193
KROGER-1035,2025-04-26,359,87552
KROGER-1035,2025-04-27,385,87937
KROGER-1035,2025-04-28,321,88258
KROGER-1035,2025-04-29,341,88599
KROGER-1035,2025-04-30,379,88978
KROGER-1035,2025-05-01,344,89322
KROGER-1035,2025-05-02,345,89667
KROGER-1035,2025-05-03,315,89982
KROGER-1035,2025-05-04,380,90362
KROGER-1035,2025-05-05,319,90681
KROGER-1035,2025-05-06,371,91052
KROGER-1035,2025-05-07,346,91398
KROGER-1035,2025-05-08,349,91747
KROGER-1035,2025-05-09,362,92109
KROGER-1035,2025-05-10,369,92478
KROGER-1035,2025-05-11,407,92885
KROGER-1035,2025-05-12,383,93268
KROGER-1035,2025-05-13,308,93576
KROGER-1035,2025-05-14,336,93912
KROGER-1035,2025-05-15,364,94276
KROGER-1035,2025-05-16,315,94591
KROGER-1035,2025-05-17,313,94904
KROGER-1035,2025-05-18,336,95240
KROGER-1035,2025-05-19,338,95578
KROGER-1035,2025-05-20,230,95808
KROGER-1035,2025-05-21,310,96118
KROGER-1035,2025-05-22,292,96410
KROGER-1035,2025-05-23,372,96782
KROGER-1035,2025-05-24,385,97167
KROGER-1035,2025-05-25,366,97533
KROGER-1035,2025-05-26,344,97877
KROGER-1035,2025-05-27,356,98233
KROGER-1035,2025-05-28,314,98547
KROGER-1035,2025-05-29,375,98922
KROGER-1035,2025-05-30,343,99265
KROGER-1035,2025-05-31,384,99649
KROGER-1035,2025-06-01,383,100032
KROGER-1035,2025-06-02,355,100387
KROGER-1035,2025-06-03,349,100736
KROGER-1035,2025-06-04,347,101083
KROGER-1035,2025-06-05,339,101422
KROGER-1035,2025-06-06,354,101776
KROGER-1035,2025-06-07,364,102140
KROGER-1035,2025-06-08,344,102484
KROGER-1035,2025-06-09,358,102842
KROGER-1035,2025-06-10,349,103191
KROGER-1035,2025-06-11,374,103565
KROGER-1035,2025-06-12,291,103856
KROGER-1035,2025-06-13,342,104198
KROGER-1035,2025-06-14,337,104535
KROGER-1035,2025-06-15,343,104878
KROGER-1035,2025-06-16,356,105234
KROGER-1035,2025-06-17,302,105536
KROGER-1035,2025-06-18,344,105880
KROGER-1035,2025-06-19,342,106222
KROGER-1035,2025-06-20,312,106534
KROGER-1035,2025-06-21,362,106896
KROGER-1035,2025-06-22,336,107232
KROGER-1035,2025-06-23,401,107633
KROGER-1035,2025-06-24,374,108007
KROGER-1035,2025-06-25,343,108350
KROGER-1035,2025-06-26,329,108679
KROGER-1035,2025-06-27,355,109034
KROGER-1035,2025-06-28,380,109414
KROGER-1035,2025-06-29,365,109779
KROGER-1035,2025-06-30,313,110092
KROGER-1035,2025-07-01,335,110427
KROGER-1035,2025-07-02,343,110770
KROGER-1035,2025-07-03,349,111119
KROGER-1035,2025-07-04,349,111468
KROGER-1035,2025-07-05,379,111847
KROGER-1035,2025-07-06,396,112243
KROGER-1035,2025-07-07,369,112612
KROGER-1035,2025-07-08,357,112969
KROGER-1035,2025-07-09,307,113276
KROGER-1035,2025-07-10,373,113649
KROGER-1035,2025-07-11,363,114012
KROGER-1035,2025-07-12,351,114363
KROGER-1035,2025-07-13,359,114722
KROGER-1035,2025-07-14,343,115065
KROGER-1035,2025-07-15,329,115394
KROGER-1035,2025-07-16,293,115687
KROGER-1035,2025-07-17,310,115997
KROGER-1035,2025-07-18,316,116313
KROGER-1035,2025-07-19,301,116614
KROGER-1035,2025-07-20,326,116940
KROGER-1035,2025-07-21,372,117312
KROGER-1035,2025-07-22,354,117666
KROGER-1035,2025-07-23,314,117980
KROGER-1035,2025-07-24,322,118302
KROGER-1035,2025-07-25,374,118676
KROGER-1035,2025-07-26,392,119068
KROGER-1035,2025-07-27,360,119428
KROGER-1035,2025-07-28,373,119801
KROGER-1035,2025-07-29,320,120121
KROGER-1035,2025-07-30,347,120468
KROGER-1035,2025-07-31,301,120769
KROGER-1035,2025-08-01,331,121100
KROGER-1035,2025-08-02,359,121459
KROGER-1035,2025-08-03,310,121769
KROGER-1035,2025-08-04,357,122126
KROGER-1035,2025-08-05,362,122488
KROGER-1035,2025-08-06,368,122856
KROGER-1035,2025-08-07,405,123261
KROGER-1035,2025-08-08,352,123613
KROGER-1035,2025-08-09,356,123969
KROGER-1035,2025-08-10,312,124281
KROGER-1035,2025-08-11,352,124633
KROGER-1035,2025-08-12,356,124989
KROGER-1035,2025-08-13,304,125293
KROGER-1035,2025-08-14,334,125627
KROGER-1035,2025-08-15,341,125968
KROGER-1035,2025-08-16,373,126341
KROGER-1035,2025-08-17,382,126723
KROGER-1035,2025-08-18,326,127049
KROGER-1035,2025-08-19,346,127395
KROGER-1035,2025-08-20,357,127752
KROGER-1035,2025-08-21,336,128088
KROGER-1035,2025-08-22,329,128417
KROGER-1035,2025-08-23,378,128795
KROGER-1035,2025-08-24,353,129148
KROGER-1035,2025-08-25,308,129456
KROGER-1035,2025-08-26,378,129834
KROGER-1035,2025-08-27,311,130145
KROGER-1035,2025-08-28,338,130483
KROGER-1035,2025-08-29,350,130833
KROGER-1035,2025-08-30,371,131204
KROGER-1035,2025-08-31,363,131567
KROGER-1036,2024-09-01,560,560
KROGER-1036,2024-09-02,658,1218
KROGER-1036,2024-09-03,714,1932
KROGER-1036,2024-09-04,691,2623
KROGER-1036,2024-09-05,726,3349
KROGER-1036,2024-09-06,754,4103
KROGER-1036,2024-09-07,762,4865
KROGER-1036,2024-09-08,689,5554
KROGER-1036,2024-09-09,667,6221
KROGER-1036,2024-09-10,788,7009
KROGER-1036,2024-09-11,687,7696
KROGER-1036,2024-09-12,692,8388
KROGER-1036,2024-09-13,726,9114
KROGER-1036,2024-09-14,805,9919
KROGER-1036,2024-09-15,679,10598
KROGER-1036,2024-09-16,669,11267
KROGER-1036,2024-09-17,608,11875
KROGER-1036,2024-09-18,681,12556
KROGER-1036,2024-09-19,729,13285
KROGER-1036,2024-09-20,677,13962
KROGER-1036,2024-09-21,835,14797
KROGER-1036,2024-09-22,739,15536
KROGER-1036,2024-09-23,691,16227
KROGER-1036,2024-09-24,678,16905
KROGER-1036,2024-09-25,621,17526
KROGER-1036,2024-09-26,692,18218
KROGER-1036,2024-09-27,717,18935
KROGER-1036,2024-09-28,725,19660
KROGER-1036,2024-09-29,746,20406
KROGER-1036,2024-09-30,660,21066
KROGER-1036,2024-10-01,628,21694
KROGER-1036,2024-10-02,691,22385
KROGER-1036,2024-10-03,709,23094
KROGER-1036,2024-10-04,688,23782
KROGER-1036,2024-10-05,744,24526
KROGER-1036,2024-10-06,778,25304
KROGER-1036,2024-10-07,740,26044
KROGER-1036,2024-10-08,745,26789
KROGER-1036,2024-10-09,753,27542
KROGER-1036,2024-10-10,725,28267
KROGER-1036,2024-10-11,717,28984
KROGER-1036,2024-10-12,846,29830
KROGER-1036,2024-10-13,778,30608
KROGER-1036,2024-10-14,650,31258
KROGER-1036,2024-10-15,593,31851
KROGER-1036,2024-10-16,684,32535
KROGER-1036,2024-10-17,732,33267
KROGER-1036,2024-10-18,751,34018
KROGER-1036,2024-10-19,659,34677
KROGER-1036,2024-10-20,775,35452
KROGER-1036,2024-10-21,761,36213
KROGER-1036,2024-10-22,731,36944
KROGER-1036,2024-10-23,720,37664
KROGER-1036,2024-10-24,690,38354
KROGER-1036,2024-10-25,672,39026
KROGER-1036,2024-10-26,778,39804
KROGER-1036,2024-10-27,766,40570
KROGER-1036,2024-10-28,679,41249
KROGER-1036,2024-10-29,839,42088
KROGER-1036,2024-10-30,613,42701
KROGER-1036,2024-10-31,684,43385
KROGER-1036,2024-11-01,785,44170
KROGER-1036,2024-11-02,906,45076
KROGER-1036,2024-11-03,742,45818
KROGER-1036,2024-11-04,922,46740
KROGER-1036,2024-11-05,904,47644
KROGER-1036,2024-11-06,855,48499
KROGER-1036,2024-11-07,816,49315
KROGER-1036,2024-11-08,885,50200
KROGER-1036,2024-11-09,902,51102
KROGER-1036,2024-11-10,946,52048
KROGER-1036,2024-11-11,829,52877
KROGER-1036,2024-11-12,825,53702
KROGER-1036,2024-11-13,909,54611
KROGER-1036,2024-11-14,879,55490
KROGER-1036,2024-11-15,825,56315
KROGER-1036,2024-11-16,904,57219
KROGER-1036,2024-11-17,892,58111
KROGER-1036,2024-11-18,868,58979
KROGER-1036,2024-11-19,922,59901
KROGER-1036,2024-11-20,813,60714
KROGER-1036,2024-11-21,794,61508
KROGER-1036,2024-11-22,855,62363
KROGER-1036,2024-11-23,841,63204
KROGER-1036,2024-11-24,815,64019
KROGER-1036,2024-11-25,903,64922
KROGER-1036,2024-11-26,817,65739
KROGER-1036,2024-11-27,712,66451
KROGER-1036,2024-11-28,893,67344
KROGER-1036,2024-11-29,807,68151
KROGER-1036,2024-11-30,919,69070
KROGER-1036,2024-12-01,955,70025
KROGER-1036,2024-12-02,849,70874
KROGER-1036,2024-12-03,700,71574
KROGER-1036,2024-12-04,705,72279
KROGER-1036,2024-12-05,792,73071
KROGER-1036,2024-12-06,833,73904
KROGER-1036,2024-12-07,963,74867
KROGER-1036,2024-12-08,899,75766
KROGER-1036,2024-12-09,1012,76778
KROGER-1036,2024-12-10,737,77515
KROGER-1036,2024-12-11,845,78360
KROGER-1036,2024-12-12,807,79167
KROGER-1036,2024-12-13,852,80019
KROGER-1036,2024-12-14,1002,81021
KROGER-1036,2024-12-15,1006,82027
KROGER-1036,2024-12-16,840,82867
KROGER-1036,2024-12-17,894,83761
KROGER-1036,2024-12-18,851,84612
KROGER-1036,2024-12-19,765,85377
KROGER-1036,2024-12-20,838,86215
KROGER-1036,2024-12-21,843,87058
KROGER-1036,2024-12-22,874,87932
KROGER-1036,2024-12-23,780,88712
KROGER-1036,2024-12-24,847,89559
KROGER-1036,2024-12-25,857,90416
KROGER-1036,2024-12-26,884,91300
KROGER-1036,2024-12-27,857,92157
KROGER-1036,2024-12-28,994,93151
KROGER-1036,2024-12-29,1033,94184
KROGER-1036,2024-12-30,810,94994
KROGER-1036,2024-12-31,902,95896
KROGER-1036,2025-01-01,815,96711
KROGER-1036,2025-01-02,753,97464
KROGER-1036,2025-01-03,737,98201
KROGER-1036,2025-01-04,625,98826
KROGER-1036,2025-01-05,699,99525
KROGER-1036,2025-01-06,674,100199
KROGER-1036,2025-01-07,775,100974
KROGER-1036,2025-01-08,656,101630
KROGER-1036,2025-01-09,692,102322
KROGER-1036,2025-01-10,744,103066
KROGER-1036,2025-01-11,687,103753
KROGER-1036,2025-01-12,748,104501
KROGER-1036,2025-01-13,705,105206
KROGER-1036,2025-01-14,746,105952
KROGER-1036,2025-01-15,734,106686
KROGER-1036,2025-01-16,732,107418
KROGER-1036,2025-01-17,708,108126
KROGER-1036,2025-01-18,634,108760
KROGER-1036,2025-01-19,740,109500
KROGER-1036,2025-01-20,700,110200
KROGER-1036,2025-01-21,740,110940
KROGER-1036,2025-01-22,674,111614
KROGER-1036,2025-01-23,700,112314
KROGER-1036,2025-01-24,701,113015
KROGER-1036,2025-01-25,690,113705
KROGER-1036,2025-01-26,664,114369
KROGER-1036,2025-01-27,719,115088
KROGER-1036,2025-01-28,753,115841
KROGER-1036,2025-01-29,662,116503
KROGER-1036,2025-01-30,685,117188
KROGER-1036,2025-01-31,743,117931
KROGER-1036,2025-02-01,786,118717
KROGER-1036,2025-02-02,746,119463
KROGER-1036,2025-02-03,720,120183
KROGER-1036,2025-02-04,727,120910
KROGER-1036,2025-02-05,737,121647
KROGER-1036,2025-02-06,637,122284
KROGER-1036,2025-02-07,804,123088
KROGER-1036,2025-02-08,748,123836
KROGER-1036,2025-02-09,775,124611
KROGER-1036,2025-02-10,655,125266
KROGER-1036,2025-02-11,687,125953
KROGER-1036,2025-02-12,718,126671
KROGER-1036,2025-02-13,596,127267
KROGER-1036,2025-02-14,647,127914
KROGER-1036,2025-02-15,690,128604
KROGER-1036,2025-02-16,657,129261
KROGER-1036,2025-02-17,703,129964
KROGER-1036,2025-02-18,693,130657
KROGER-1036,2025-02-19,777,131434
KROGER-1036,2025-02-20,635,132069
KROGER-1036,2025-02-21,710,132779
KROGER-1036,2025-02-22,680,133459
KROGER-1036,2025-02-23,631,134090
KROGER-1036,2025-02-24,730,134820
KROGER-1036,2025-02-25,735,135555
KROGER-1036,2025-02-26,728,136283
KROGER-1036,2025-02-27,624,136907
KROGER-1036,2025-02-28,702,137609
KROGER-1036,2025-03-01,767,138376
KROGER-1036,2025-03-02,788,139164
KROGER-1036,2025-03-03,732,139896
KROGER-1036,2025-03-04,751,140647
KROGER-1036,2025-03-05,757,141404
KROGER-1036,2025-03-06,703,142107
KROGER-1036,2025-03-07,725,142832
KROGER-1036,2025-03-08,791,143623
KROGER-1036,2025-03-09,755,144378
KROGER-1036,2025-03-10,764,145142
KROGER-1036,2025-03-11,746,145888
KROGER-1036,2025-03-12,662,146550
KROGER-1036,2025-03-13,624,147174
KROGER-1036,2025-03-14,698,147872
KROGER-1036,2025-03-15,663,148535
KROGER-1036,2025-03-16,737,149272
KROGER-1036,2025-03-17,697,149969
KROGER-1036,2025-03-18,770,150739
KROGER-1036,2025-03-19,725,151464
KROGER-1036,2025-03-20,752,152216
KROGER-1036,2025-03-21,670,152886
KROGER-1036,2025-03-22,822,153708
KROGER-1036,2025-03-23,784,154492
KROGER-1036,2025-03-24,721,155213
KROGER-1036,2025-03-25,596,155809
KROGER-1036,2025-03-26,763,156572
KROGER-1036,2025-03-27,796,157368
KROGER-1036,2025-03-28,698,158066
KROGER-1036,2025-03-29,734,158800
KROGER-1036,2025-03-30,702,159502
KROGER-1036,2025-03-31,606,160108
KROGER-1036,2025-04-01,666,160774
KROGER-1036,2025-04-02,790,161564
KROGER-1036,2025-04-03,757,162321
KROGER-1036,2025-04-04,654,162975
KROGER-1036,2025-04-05,698,163673
KROGER-1036,2025-04-06,857,164530
KROGER-1036,2025-04-07,640,165170
KROGER-1036,2025-04-08,657,165827
KROGER-1036,2025-04-09,673,166500
KROGER-1036,2025-04-10,621,167121
KROGER-1036,2025-04-11,667,167788
KROGER-1036,2025-04-12,701,168489
KROGER-1036,2025-04-13,679,169168
KROGER-1036,2025-04-14,771,169939
KROGER-1036,2025-04-15,632,170571
KROGER-1036,2025-04-16,689,171260
KROGER-1036,2025-04-17,648,171908
KROGER-1036,2025-04-18,685,172593
KROGER-1036,2025-04-19,678,173271
KROGER-1036,2025-04-20,737,174008
KROGER-1036,2025-04-21,715,174723
KROGER-1036,2025-04-22,775,175498
KROGER-1036,2025-04-23,664,176162
KROGER-1036,2025-04-24,787,176949
KROGER-1036,2025-04-25,652,177601
KROGER-1036,2025-04-26,718,178319
KROGER-1036,2025-04-27,835,179154
KROGER-1036,2025-04-28,859,180013
KROGER-1036,2025-04-29,791,180804
KROGER-1036,2025-04-30,685,181489
KROGER-1036,2025-05-01,726,182215
KROGER-1036,2025-05-02,735,182950
KROGER-1036,2025-05-03,752,183702
KROGER-1036,2025-05-04,673,184375
KROGER-1036,2025-05-05,710,185085
KROGER-1036,2025-05-06,669,185754
KROGER-1036,2025-05-07,643,186397
KROGER-1036,2025-05-08,680,187077
KROGER-1036,2025-05-09,715,187792
KROGER-1036,2025-05-10,791,188583
KROGER-1036,2025-05-11,717,189300
KROGER-1036,2025-05-12,693,189993
KROGER-1036,2025-05-13,742,190735
KROGER-1036,2025-05-14,701,191436
KROGER-1036,2025-05-15,718,192154
KROGER-1036,2025-05-16,702,192856
KROGER-1036,2025-05-17,744,193600
KROGER-1036,2025-05-18,669,194269
KROGER-1036,2025-05-19,704,194973
KROGER-1036,2025-05-20,777,195750
KROGER-1036,2025-05-21,707,196457
KROGER-1036,2025-05-22,651,197108
KROGER-1036,2025-05-23,780,197888
KROGER-1036,2025-05-24,774,198662
KROGER-1036,2025-05-25,777,199439
KROGER-1036,2025-05-26,739,200178
KROGER-1036,2025-05-27,634,200812
KROGER-1036,2025-05-28,733,201545
KROGER-1036,2025-05-29,774,202319
KROGER-1036,2025-05-30,670,202989
KROGER-1036,2025-05-31,619,203608
KROGER-1036,2025-06-01,753,204361
KROGER-1036,2025-06-02,699,205060
KROGER-1036,2025-06-03,611,205671
KROGER-1036,2025-06-04,731,206402
KROGER-1036,2025-06-05,727,207129
KROGER-1036,2025-06-06,615,207744
KROGER-1036,2025-06-07,843,208587
KROGER-1036,2025-06-08,776,209363
KROGER-1036,2025-06-09,592,209955
KROGER-1036,2025-06-10,743,210698
KROGER-1036,2025-06-11,741,211439
KROGER-1036,2025-06-12,776,212215
KROGER-1036,2025-06-13,662,212877
KROGER-1036,2025-06-14,781,213658
KROGER-1036,2025-06-15,718,214376
KROGER-1036,2025-06-16,666,215042
KROGER-1036,2025-06-17,649,215691
KROGER-1036,2025-06-18,591,216282
KROGER-1036,2025-06-19,727,217009
KROGER-1036,2025-06-20,682,217691
KROGER-1036,2025-06-21,572,218263
KROGER-1036,2025-06-22,736,218999
KROGER-1036,2025-06-23,762,219761
KROGER-1036,2025-06-24,624,220385
KROGER-1036,2025-06-25,657,221042
KROGER-1036,2025-06-26,722,221764
KROGER-1036,2025-06-27,554,222318
KROGER-1036,2025-06-28,701,223019
KROGER-1036,2025-06-29,752,223771
KROGER-1036,2025-06-30,666,224437
KROGER-1036,2025-07-01,625,225062
KROGER-1036,2025-07-02,679,225741
KROGER-1036,2025-07-03,668,226409
KROGER-1036,2025-07-04,692,227101
KROGER-1036,2025-07-05,632,227733
KROGER-1036,2025-07-06,594,228327
KROGER-1036,2025-07-07,620,228947
KROGER-1036,2025-07-08,715,229662
KROGER-1036,2025-07-09,697,230359
KROGER-1036,2025-07-10,746,231105
KROGER-1036,2025-07-11,612,231717
KROGER-1036,2025-07-12,720,232437
KROGER-1036,2025-07-13,639,233076
KROGER-1036,2025-07-14,712,233788
KROGER-1036,2025-07-15,620,234408
KROGER-1036,2025-07-16,684,235092
KROGER-1036,2025-07-17,709,235801
KROGER-1036,2025-07-18,675,236476
KROGER-1036,2025-07-19,600,237076
KROGER-1036,2025-07-20,829,237905
KROGER-1036,2025-07-21,669,238574
KROGER-1036,2025-07-22,607,239181
KROGER-1036,2025-07-23,740,239921
KROGER-1036,2025-07-24,742,240663
KROGER-1036,2025-07-25,680,241343
KROGER-1036,2025-07-26,822,242165
KROGER-1036,2025-07-27,689,242854
KROGER-1036,2025-07-28,707,243561
KROGER-1036,2025-07-29,726,244287
KROGER-1036,2025-07-30,782,245069
KROGER-1036,2025-07-31,589,245658
KROGER-1036,2025-08-01,825,246483
KROGER-1036,2025-08-02,801,247284
KROGER-1036,2025-08-03,758,248042
KROGER-1036,2025-08-04,653,248695
KROGER-1036,2025-08-05,648,249343
KROGER-1036,2025-08-06,713,250056
KROGER-1036,2025-08-07,725,250781
KROGER-1036,2025-08-08,718,251499
KROGER-1036,2025-08-09,741,252240
KROGER-1036,2025-08-10,757,252997
KROGER-1036,2025-08-11,575,253572
KROGER-1036,2025-08-12,682,254254
KROGER-1036,2025-08-13,620,254874
KROGER-1036,2025-08-14,695,255569
KROGER-1036,2025-08-15,770,256339
KROGER-1036,2025-08-16,679,257018
KROGER-1036,2025-08-17,690,257708
KROGER-1036,2025-08-18,650,258358
KROGER-1036,2025-08-19,657,259015
KROGER-1036,2025-08-20,728,259743
KROGER-1036,2025-08-21,741,260484
KROGER-1036,2025-08-22,779,261263
KROGER-1036,2025-08-23,673,261936
KROGER-1036,2025-08-24,772,262708
KROGER-1036,2025-08-25,745,263453
KROGER-1036,2025-08-26,789,264242
KROGER-1036,2025-08-27,645,264887
KROGER-1036,2025-08-28,585,265472
KROGER-1036,2025-08-29,682,266154
KROGER-1036,2025-08-30,897,267051
KROGER-1036,2025-08-31,668,267719
KROGER-1037,2024-09-01,257,257
KROGER-1037,2024-09-02,194,451
KROGER-1037,2024-09-03,270,721
KROGER-1037,2024-09-04,200,921
KROGER-1037,2024-09-05,190,1111
KROGER-1037,2024-09-06,237,1348
KROGER-1037,2024-09-07,250,1598
KROGER-1037,2024-09-08,275,1873
KROGER-1037,2024-09-09,251,2124
KROGER-1037,2024-09-10,198,2322
KROGER-1037,2024-09-11,233,2555
KROGER-1037,2024-09-12,222,2777
KROGER-1037,2024-09-13,210,2987
KROGER-1037,2024-09-14,256,3243
KROGER-1037,2024-09-15,268,3511
KROGER-1037,2024-09-16,220,3731
KROGER-1037,2024-09-17,229,3960
KROGER-1037,2024-09-18,230,4190
KROGER-1037,2024-09-19,223,4413
KROGER-1037,2024-09-20,227,4640
KROGER-1037,2024-09-21,234,4874
KROGER-1037,2024-09-22,250,5124
KROGER-1037,2024-09-23,224,5348
KROGER-1037,2024-09-24,243,5591
KROGER-1037,2024-09-25,224,5815
KROGER-1037,2024-09-26,248,6063
KROGER-1037,2024-09-27,224,6287
KROGER-1037,2024-09-28,259,6546
KROGER-1037,2024-09-29,230,6776
KROGER-1037,2024-09-30,252,7028
KROGER-1037,2024-10-01,202,7230
KROGER-1037,2024-10-02,235,7465
KROGER-1037,2024-10-03,225,7690
KROGER-1037,2024-10-04,235,7925
KROGER-1037,2024-10-05,224,8149
KROGER-1037,2024-10-06,243,8392
KROGER-1037,2024-10-07,214,8606
KROGER-1037,2024-10-08,231,8837
KROGER-1037,2024-10-09,229,9066
KROGER-1037,2024-10-10,242,9308
KROGER-1037,2024-10-11,237,9545
KROGER-1037,2024-10-12,284,9829
KROGER-1037,2024-10-13,237,10066
KROGER-1037,2024-10-14,233,10299
KROGER-1037,2024-10-15,296,10595
KROGER-1037,2024-10-16,231,10826
KROGER-1037,2024-10-17,253,11079
KROGER-1037,2024-10-18,246,11325
KROGER-1037,2024-10-19,293,11618
KROGER-1037,2024-10-20,219,11837
KROGER-1037,2024-10-21,206,12043
KROGER-1037,2024-10-22,214,12257
KROGER-1037,2024-10-23,239,12496
KROGER-1037,2024-10-24,216,12712
KROGER-1037,2024-10-25,195,12907
KROGER-1037,2024-10-26,229,13136
KROGER-1037,2024-10-27,255,13391
KROGER-1037,2024-10-28,218,13609
KROGER-1037,2024-10-29,257,13866
KROGER-1037,2024-10-30,214,14080
KROGER-1037,2024-10-31,236,14316
KROGER-1037,2024-11-01,274,14590
KROGER-1037,2024-11-02,301,14891
KROGER-1037,2024-11-03,304,15195
KROGER-1037,2024-11-04,319,15514
KROGER-1037,2024-11-05,298,15812
KROGER-1037,2024-11-06,273,16085
KROGER-1037,2024-11-07,296,16381
KROGER-1037,2024-11-08,300,16681
KROGER-1037,2024-11-09,345,17026
KROGER-1037,2024-11-10,293,17319
KROGER-1037,2024-11-11,281,17600
KROGER-1037,2024-11-12,312,17912
KROGER-1037,2024-11-13,237,18149
KROGER-1037,2024-11-14,278,18427
KROGER-1037,2024-11-15,298,18725
KROGER-1037,2024-11-16,322,19047
KROGER-1037,2024-11-17,244,19291
KROGER-1037,2024-11-18,252,19543
KROGER-1037,2024-11-19,226,19769
KROGER-1037,2024-11-20,302,20071
KROGER-1037,2024-11-21,287,20358
KROGER-1037,2024-11-22,315,20673
KROGER-1037,2024-11-23,297,20970
KROGER-1037,2024-11-24,350,21320
KROGER-1037,2024-11-25,261,21581
KROGER-1037,2024-11-26,274,21855
KROGER-1037,2024-11-27,292,22147
KROGER-1037,2024-11-28,266,22413
KROGER-1037,2024-11-29,292,22705
KROGER-1037,2024-11-30,294,22999
KROGER-1037,2024-12-01,293,23292
KROGER-1037,2024-12-02,280,23572
KROGER-1037,2024-12-03,299,23871
KROGER-1037,2024-12-04,275,24146
KROGER-1037,2024-12-05,257,24403
KROGER-1037,2024-12-06,284,24687
KROGER-1037,2024-12-07,282,24969
KROGER-1037,2024-12-08,273,25242
KROGER-1037,2024-12-09,243,25485
KROGER-1037,2024-12-10,304,25789
KROGER-1037,2024-12-11,298,26087
KROGER-1037,2024-12-12,314,26401
KROGER-1037,2024-12-13,283,26684
KROGER-1037,2024-12-14,322,27006
KROGER-1037,2024-12-15,274,27280
KROGER-1037,2024-12-16,239,27519
KROGER-1037,2024-12-17,266,27785
KROGER-1037,2024-12-18,278,28063
KROGER-1037,2024-12-19,291,28354
KROGER-1037,2024-12-20,312,28666
KROGER-1037,2024-12-21,304,28970
KROGER-1037,2024-12-22,350,29320
KROGER-1037,2024-12-23,285,29605
KROGER-1037,2024-12-24,285,29890
KROGER-1037,2024-12-25,290,30180
KROGER-1037,2024-12-26,291,30471
KROGER-1037,2024-12-27,291,30762
KROGER-1037,2024-12-28,267,31029
KROGER-1037,2024-12-29,317,31346
KROGER-1037,2024-12-30,339,31685
KROGER-1037,2024-12-31,263,31948
KROGER-1037,2025-01-01,235,32183
KROGER-1037,2025-01-02,210,32393
KROGER-1037,2025-01-03,250,32643
KROGER-1037,2025-01-04,262,32905
KROGER-1037,2025-01-05,217,33122
KROGER-1037,2025-01-06,211,33333
KROGER-1037,2025-01-07,196,33529
KROGER-1037,2025-01-08,265,33794
KROGER-1037,2025-01-09,220,34014
KROGER-1037,2025-01-10,233,34247
KROGER-1037,2025-01-11,240,34487
KROGER-1037,2025-01-12,267,34754
KROGER-1037,2025-01-13,248,35002
KROGER-1037,2025-01-14,247,35249
KROGER-1037,2025-01-15,220,35469
KROGER-1037,2025-01-16,248,35717
KROGER-1037,2025-01-17,253,35970
KROGER-1037,2025-01-18,260,36230
KROGER-1037,2025-01-19,222,36452
KROGER-1037,2025-01-20,214,36666
KROGER-1037,2025-01-21,268,36934
KROGER-1037,2025-01-22,272,37206
KROGER-1037,2025-01-23,234,37440
KROGER-1037,2025-01-24,234,37674
KROGER-1037,2025-01-25,250,37924
KROGER-1037,2025-01-26,259,38183
KROGER-1037,2025-01-27,208,38391
KROGER-1037,2025-01-28,240,38631
KROGER-1037,2025-01-29,216,38847
KROGER-1037,2025-01-30,235,39082
KROGER-1037,2025-01-31,219,39301
KROGER-1037,2025-02-01,234,39535
KROGER-1037,2025-02-02,251,39786
KROGER-1037,2025-02-03,224,40010
KROGER-1037,2025-02-04,215,40225
KROGER-1037,2025-02-05,263,40488
KROGER-1037,2025-02-06,215,40703
KROGER-1037,2025-02-07,192,40895
KROGER-1037,2025-02-08,258,41153
KROGER-1037,2025-02-09,241,41394
KROGER-1037,2025-02-10,235,41629
KROGER-1037,2025-02-11,238,41867
KROGER-1037,2025-02-12,259,42126
KROGER-1037,2025-02-13,271,42397
KROGER-1037,2025-02-14,240,42637
KROGER-1037,2025-02-15,224,42861
KROGER-1037,2025-02-16,250,43111
KROGER-1037,2025-02-17,247,43358
KROGER-1037,2025-02-18,254,43612
KROGER-1037,2025-02-19,238,43850
KROGER-1037,2025-02-20,225,44075
KROGER-1037,2025-02-21,218,44293
KROGER-1037,2025-02-22,245,44538
KROGER-1037,2025-02-23,217,44755
KROGER-1037,2025-02-24,243,44998
KROGER-1037,2025-02-25,239,45237
KROGER-1037,2025-02-26,239,45476
KROGER-1037,2025-02-27,249,45725
KROGER-1037,2025-02-28,263,45988
KROGER-1037,2025-03-01,246,46234
KROGER-1037,2025-03-02,249,46483
KROGER-1037,2025-03-03,228,46711
KROGER-1037,2025-03-04,246,46957
KROGER-1037,2025-03-05,235,47192
KROGER-1037,2025-03-06,257,47449
KROGER-1037,2025-03-07,257,47706
KROGER-1037,2025-03-08,253,47959
KROGER-1037,2025-03-09,246,48205
KROGER-1037,2025-03-10,230,48435
KROGER-1037,2025-03-11,244,48679
KROGER-1037,2025-03-12,245,48924
KROGER-1037,2025-03-13,230,49154
KROGER-1037,2025-03-14,241,49395
KROGER-1037,2025-03-15,232,49627
KROGER-1037,2025-03-16,256,49883
KROGER-1037,2025-03-17,222,50105
KROGER-1037,2025-03-18,250,50355
KROGER-1037,2025-03-19,229,50584
KROGER-1037,2025-03-20,267,50851
KROGER-1037,2025-03-21,236,51087
KROGER-1037,2025-03-22,252,51339
KROGER-1037,2025-03-23,219,51558
KROGER-1037,2025-03-24,262,51820
KROGER-1037,2025-03-25,235,52055
KROGER-1037,2025-03-26,268,52323
KROGER-1037,2025-03-27,236,52559
KROGER-1037,2025-03-28,231,52790
KROGER-1037,2025-03-29,237,53027
KROGER-1037,2025-03-30,260,53287
KROGER-1037,2025-03-31,245,53532
KROGER-1037,2025-04-01,210,53742
KROGER-1037,2025-04-02,225,53967
KROGER-1037,2025-04-03,249,54216
KROGER-1037,2025-04-04,223,54439
KROGER-1037,2025-04-05,231,54670
KROGER-1037,2025-04-06,251,54921
KROGER-1037,2025-04-07,237,55158
KROGER-1037,2025-04-08,227,55385
KROGER-1037,2025-04-09,269,55654
KROGER-1037,2025-04-10,233,55887
KROGER-1037,2025-04-11,212,56099
KROGER-1037,2025-04-12,215,56314
KROGER-1037,2025-04-13,267,56581
KROGER-1037,2025-04-14,215,56796
KROGER-1037,2025-04-15,236,57032
KROGER-1037,2025-04-16,219,57251
KROGER-1037,2025-04-17,233,57484
KROGER-1037,2025-04-18,242,57726
KROGER-1037,2025-04-19,220,57946
KROGER-1037,2025-04-20,238,58184
KROGER-1037,2025-04-21,223,58407
KROGER-1037,2025-04-22,217,58624
KROGER-1037,2025-04-23,228,58852
KROGER-1037,2025-04-24,224,59076
KROGER-1037,2025-04-25,252,59328
KROGER-1037,2025-04-26,233,59561
KROGER-1037,2025-04-27,256,59817
KROGER-1037,2025-04-28,243,60060
KROGER-1037,2025-04-29,207,60267
KROGER-1037,2025-04-30,226,60493
KROGER-1037,2025-05-01,233,60726
KROGER-1037,2025-05-02,240,60966
KROGER-1037,2025-05-03,243,61209
KROGER-1037,2025-05-04,268,61477
KROGER-1037,2025-05-05,237,61714
KROGER-1037,2025-05-06,244,61958
KROGER-1037,2025-05-07,224,62182
KROGER-1037,2025-05-08,244,62426
KROGER-1037,2025-05-09,272,62698
KROGER-1037,2025-05-10,258,62956
KROGER-1037,2025-05-11,269,63225
KROGER-1037,2025-05-12,230,63455
KROGER-1037,2025-05-13,253,63708
KROGER-1037,2025-05-14,255,63963
KROGER-1037,2025-05-15,240,64203
KROGER-1037,2025-05-16,234,64437
KROGER-1037,2025-05-17,218,64655
KROGER-1037,2025-05-18,247,64902
KROGER-1037,2025-05-19,246,65148
KROGER-1037,2025-05-20,221,65369
KROGER-1037,2025-05-21,211,65580
KROGER-1037,2025-05-22,237,65817
KROGER-1037,2025-05-23,240,66057
KROGER-1037,2025-05-24,221,66278
KROGER-1037,2025-05-25,248,66526
KROGER-1037,2025-05-26,241,66767
KROGER-1037,2025-05-27,260,67027
KROGER-1037,2025-05-28,226,67253
KROGER-1037,2025-05-29,275,67528
KROGER-1037,2025-05-30,236,67764
KROGER-1037,2025-05-31,223,67987
KROGER-1037,2025-06-01,241,68228
KROGER-1037,2025-06-02,214,68442
KROGER-1037,2025-06-03,232,68674
KROGER-1037,2025-06-04,244,68918
KROGER-1037,2025-06-05,240,69158
KROGER-1037,2025-06-06,214,69372
KROGER-1037,2025-06-07,222,69594
KROGER-1037,2025-06-08,256,69850
KROGER-1037,2025-06-09,248,70098
KROGER-1037,2025-06-10,226,70324
KROGER-1037,2025-06-11,188,70512
KROGER-1037,2025-06-12,214,70726
KROGER-1037,2025-06-13,254,70980
KROGER-1037,2025-06-14,233,71213
KROGER-1037,2025-06-15,240,71453
KROGER-1037,2025-06-16,246,71699
KROGER-1037,2025-06-17,230,71929
KROGER-1037,2025-06-18,262,72191
KROGER-1037,2025-06-19,228,72419
KROGER-1037,2025-06-20,219,72638
KROGER-1037,2025-06-21,271,72909
KROGER-1037,2025-06-22,248,73157
KROGER-1037,2025-06-23,215,73372
KROGER-1037,2025-06-24,244,73616
KROGER-1037,2025-06-25,230,73846
KROGER-1037,2025-06-26,214,74060
KROGER-1037,2025-06-27,237,74297
KROGER-1037,2025-06-28,244,74541
KROGER-1037,2025-06-29,214,74755
KROGER-1037,2025-06-30,215,74970
KROGER-1037,2025-07-01,271,75241
KROGER-1037,2025-07-02,237,75478
KROGER-1037,2025-07-03,261,75739
KROGER-1037,2025-07-04,241,75980
KROGER-1037,2025-07-05,272,76252
KROGER-1037,2025-07-06,258,76510
KROGER-1037,2025-07-07,218,76728
KROGER-1037,2025-07-08,247,76975
KROGER-1037,2025-07-09,217,77192
KROGER-1037,2025-07-10,253,77445
KROGER-1037,2025-07-11,240,77685
KROGER-1037,2025-07-12,248,77933
KROGER-1037,2025-07-13,239,78172
KROGER-1037,2025-07-14,250,78422
KROGER-1037,2025-07-15,232,78654
KROGER-1037,2025-07-16,199,78853
KROGER-1037,2025-07-17,203,79056
KROGER-1037,2025-07-18,211,79267
KROGER-1037,2025-07-19,263,79530
KROGER-1037,2025-07-20,264,79794
KROGER-1037,2025-07-21,242,80036
KROGER-1037,2025-07-22,241,80277
KROGER-1037,2025-07-23,263,80540
KROGER-1037,2025-07-24,242,80782
KROGER-1037,2025-07-25,247,81029
KROGER-1037,2025-07-26,247,81276
KROGER-1037,2025-07-27,238,81514
KROGER-1037,2025-07-28,230,81744
KROGER-1037,2025-07-29,274,82018
KROGER-1037,2025-07-30,215,82233
KROGER-1037,2025-07-31,241,82474
KROGER-1037,2025-08-01,207,82681
KROGER-1037,2025-08-02,235,82916
KROGER-1037,2025-08-03,263,83179
KROGER-1037,2025-08-04,201,83380
KROGER-1037,2025-08-05,252,83632
KROGER-1037,2025-08-06,274,83906
KROGER-1037,2025-08-07,242,84148
KROGER-1037,2025-08-08,259,84407
KROGER-1037,2025-08-09,252,84659
KROGER-1037,2025-08-10,261,84920
KROGER-1037,2025-08-11,244,85164
KROGER-1037,2025-08-12,226,85390
KROGER-1037,2025-08-13,224,85614
KROGER-1037,2025-08-14,258,85872
KROGER-1037,2025-08-15,235,86107
KROGER-1037,2025-08-16,244,86351
KROGER-1037,2025-08-17,244,86595
KROGER-1037,2025-08-18,241,86836
KROGER-1037,2025-08-19,213,87049
KROGER-1037,2025-08-20,232,87281
KROGER-1037,2025-08-21,241,87522
KROGER-1037,2025-08-22,211,87733
KROGER-1037,2025-08-23,251,87984
KROGER-1037,2025-08-24,229,88213
KROGER-1037,2025-08-25,241,88454
KROGER-1037,2025-08-26,276,88730
KROGER-1037,2025-08-27,233,88963
KROGER-1037,2025-08-28,215,89178
KROGER-1037,2025-08-29,240,89418
KROGER-1037,2025-08-30,257,89675
KROGER-1037,2025-08-31,229,89904
KROGER-1038,2024-09-01,292,292
KROGER-1038,2024-09-02,299,591
KROGER-1038,2024-09-03,322,913
KROGER-1038,2024-09-04,311,1224
KROGER-1038,2024-09-05,351,1575
KROGER-1038,2024-09-06,336,1911
KROGER-1038,2024-09-07,342,2253
KROGER-1038,2024-09-08,292,2545
KROGER-1038,2024-09-09,339,2884
KROGER-1038,2024-09-10,374,3258
KROGER-1038,2024-09-11,345,3603
KROGER-1038,2024-09-12,306,3909
KROGER-1038,2024-09-13,319,4228
KROGER-1038,2024-09-14,352,4580
KROGER-1038,2024-09-15,377,4957
KROGER-1038,2024-09-16,305,5262
KROGER-1038,2024-09-17,311,5573
KROGER-1038,2024-09-18,322,5895
KROGER-1038,2024-09-19,320,6215
KROGER-1038,2024-09-20,344,6559
KROGER-1038,2024-09-21,346,6905
KROGER-1038,2024-09-22,301,7206
KROGER-1038,2024-09-23,306,7512
KROGER-1038,2024-09-24,307,7819
KROGER-1038,2024-09-25,266,8085
KROGER-1038,2024-09-26,347,8432
KROGER-1038,2024-09-27,326,8758
KROGER-1038,2024-09-28,324,9082
KROGER-1038,2024-09-29,364,9446
KROGER-1038,2024-09-30,331,9777
KROGER-1038,2024-10-01,290,10067
KROGER-1038,2024-10-02,339,10406
KROGER-1038,2024-10-03,359,10765
KROGER-1038,2024-10-04,319,11084
KROGER-1038,2024-10-05,337,11421
KROGER-1038,2024-10-06,342,11763
KROGER-1038,2024-10-07,291,12054
KROGER-1038,2024-10-08,327,12381
KROGER-1038,2024-10-09,300,12681
KROGER-1038,2024-10-10,323,13004
KROGER-1038,2024-10-11,327,13331
KROGER-1038,2024-10-12,354,13685
KROGER-1038,2024-10-13,355,14040
KROGER-1038,2024-10-14,299,14339
KROGER-1038,2024-10-15,328,14667
KROGER-1038,2024-10-16,348,15015
KROGER-1038,2024-10-17,293,15308
KROGER-1038,2024-10-18,368,15676
KROGER-1038,2024-10-19,313,15989
KROGER-1038,2024-10-20,383,16372
KROGER-1038,2024-10-21,298,16670
KROGER-1038,2024-10-22,322,16992
KROGER-1038,2024-10-23,318,17310
KROGER-1038,2024-10-24,288,17598
KROGER-1038,2024-10-25,341,17939
KROGER-1038,2024-10-26,360,18299
KROGER-1038,2024-10-27,356,18655
KROGER-1038,2024-10-28,317,18972
KROGER-1038,2024-10-29,305,19277
KROGER-1038,2024-10-30,351,19628
KROGER-1038,2024-10-31,329,19957
KROGER-1038,2024-11-01,364,20321
KROGER-1038,2024-11-02,414,20735
KROGER-1038,2024-11-03,353,21088
KROGER-1038,2024-11-04,391,21479
KROGER-1038,2024-11-05,408,21887
KROGER-1038,2024-11-06,382,22269
KROGER-1038,2024-11-07,410,22679
KROGER-1038,2024-11-08,413,23092
KROGER-1038,2024-11-09,416,23508
KROGER-1038,2024-11-10,465,23973
KROGER-1038,2024-11-11,430,24403
KROGER-1038,2024-11-12,407,24810
KROGER-1038,2024-11-13,399,25209
KROGER-1038,2024-11-14,380,25589
KROGER-1038,2024-11-15,368,25957
KROGER-1038,2024-11-16,433,26390
KROGER-1038,2024-11-17,401,26791
KROGER-1038,2024-11-18,356,27147
KROGER-1038,2024-11-19,363,27510
KROGER-1038,2024-11-20,367,27877
KROGER-1038,2024-11-21,442,28319
KROGER-1038,2024-11-22,414,28733
KROGER-1038,2024-11-23,408,29141
KROGER-1038,2024-11-24,421,29562
KROGER-1038,2024-11-25,404,29966
KROGER-1038,2024-11-26,361,30327
KROGER-1038,2024-11-27,351,30678
KROGER-1038,2024-11-28,420,31098
KROGER-1038,2024-11-29,346,31444
KROGER-1038,2024-11-30,407,31851
KROGER-1038,2024-12-01,384,32235
KROGER-1038,2024-12-02,395,32630
KROGER-1038,2024-12-03,380,33010
KROGER-1038,2024-12-04,404,33414
KROGER-1038,2024-12-05,316,33730
KROGER-1038,2024-12-06,423,34153
KROGER-1038,2024-12-07,431,34584
KROGER-1038,2024-12-08,440,35024
KROGER-1038,2024-12-09,416,35440
KROGER-1038,2024-12-10,397,35837
KROGER-1038,2024-12-11,368,36205
KROGER-1038,2024-12-12,401,36606
KROGER-1038,2024-12-13,397,37003
KROGER-1038,2024-12-14,436,37439
KROGER-1038,2024-12-15,427,37866
KROGER-1038,2024-12-16,391,38257
KROGER-1038,2024-12-17,401,38658
KROGER-1038,2024-12-18,404,39062
KROGER-1038,2024-12-19,422,39484
KROGER-1038,2024-12-20,442,39926
KROGER-1038,2024-12-21,427,40353
KROGER-1038,2024-12-22,424,40777
KROGER-1038,2024-12-23,381,41158
KROGER-1038,2024-12-24,377,41535
KROGER-1038,2024-12-25,365,41900
KROGER-1038,2024-12-26,288,42188
KROGER-1038,2024-12-27,362,42550
KROGER-1038,2024-12-28,401,42951
KROGER-1038,2024-12-29,397,43348
KROGER-1038,2024-12-30,402,43750
KROGER-1038,2024-12-31,363,44113
KROGER-1038,2025-01-01,303,44416
KROGER-1038,2025-01-02,268,44684
KROGER-1038,2025-01-03,335,45019
KROGER-1038,2025-01-04,315,45334
KROGER-1038,2025-01-05,320,45654
KROGER-1038,2025-01-06,338,45992
KROGER-1038,2025-01-07,300,46292
KROGER-1038,2025-01-08,333,46625
KROGER-1038,2025-01-09,292,46917
KROGER-1038,2025-01-10,322,47239
KROGER-1038,2025-01-11,323,47562
KROGER-1038,2025-01-12,332,47894
KROGER-1038,2025-01-13,362,48256
KROGER-1038,2025-01-14,281,48537
KROGER-1038,2025-01-15,360,48897
KROGER-1038,2025-01-16,299,49196
KROGER-1038,2025-01-17,346,49542
KROGER-1038,2025-01-18,368,49910
KROGER-1038,2025-01-19,351,50261
KROGER-1038,2025-01-20,291,50552
KROGER-1038,2025-01-21,330,50882
KROGER-1038,2025-01-22,389,51271
KROGER-1038,2025-01-23,323,51594
KROGER-1038,2025-01-24,320,51914
KROGER-1038,2025-01-25,334,52248
KROGER-1038,2025-01-26,353,52601
KROGER-1038,2025-01-27,321,52922
KROGER-1038,2025-01-28,330,53252
KROGER-1038,2025-01-29,315,53567
KROGER-1038,2025-01-30,296,53863
KROGER-1038,2025-01-31,383,54246
KROGER-1038,2025-02-01,337,54583
KROGER-1038,2025-02-02,426,55009
KROGER-1038,2025-02-03,334,55343
KROGER-1038,2025-02-04,339,55682
KROGER-1038,2025-02-05,315,55997
KROGER-1038,2025-02-06,308,56305
KROGER-1038,2025-02-07,316,56621
KROGER-1038,2025-02-08,317,56938
KROGER-1038,2025-02-09,314,57252
KROGER-1038,2025-02-10,369,57621
KROGER-1038,2025-02-11,344,57965
KROGER-1038,2025-02-12,362,58327
KROGER-1038,2025-02-13,352,58679
KROGER-1038,2025-02-14,307,58986
KROGER-1038,2025-02-15,297,59283
KROGER-1038,2025-02-16,327,59610
KROGER-1038,2025-02-17,325,59935
KROGER-1038,2025-02-18,353,60288
KROGER-1038,2025-02-19,322,60610
KROGER-1038,2025-02-20,400,61010
KROGER-1038,2025-02-21,312,61322
KROGER-1038,2025-02-22,355,61677
KROGER-1038,2025-02-23,323,62000
KROGER-1038,2025-02-24,334,62334
KROGER-1038,2025-02-25,320,62654
KROGER-1038,2025-02-26,317,62971
KROGER-1038,2025-02-27,307,63278
KROGER-1038,2025-02-28,327,63605
KROGER-1038,2025-03-01,362,63967
KROGER-1038,2025-03-02,313,64280
KROGER-1038,2025-03-03,322,64602
KROGER-1038,2025-03-04,336,64938
KROGER-1038,2025-03-05,341,65279
KROGER-1038,2025-03-06,371,65650
KROGER-1038,2025-03-07,338,65988
KROGER-1038,2025-03-08,328,66316
KROGER-1038,2025-03-09,324,66640
KROGER-1038,2025-03-10,308,66948
KROGER-1038,2025-03-11,307,67255
KROGER-1038,2025-03-12,329,67584
KROGER-1038,2025-03-13,334,67918
KROGER-1038,2025-03-14,344,68262
KROGER-1038,2025-03-15,357,68619
KROGER-1038,2025-03-16,373,68992
KROGER-1038,2025-03-17,306,69298
KROGER-1038,2025-03-18,365,69663
KROGER-1038,2025-03-19,307,69970
KROGER-1038,2025-03-20,332,70302
KROGER-1038,2025-03-21,318,70620
KROGER-1038,2025-03-22,339,70959
KROGER-1038,2025-03-23,357,71316
KROGER-1038,2025-03-24,286,71602
KROGER-1038,2025-03-25,302,71904
KROGER-1038,2025-03-26,342,72246
KROGER-1038,2025-03-27,323,72569
KROGER-1038,2025-03-28,316,72885
KROGER-1038,2025-03-29,309,73194
KROGER-1038,2025-03-30,332,73526
KROGER-1038,2025-03-31,341,73867
KROGER-1038,2025-04-01,308,74175
KROGER-1038,2025-04-02,358,74533
KROGER-1038,2025-04-03,351,74884
KROGER-1038,2025-04-04,314,75198
KROGER-1038,2025-04-05,323,75521
KROGER-1038,2025-04-06,264,75785
KROGER-1038,2025-04-07,295,76080
KROGER-1038,2025-04-08,294,76374
KROGER-1038,2025-04-09,286,76660
KROGER-1038,2025-04-10,322,76982
KROGER-1038,2025-04-11,331,77313
KROGER-1038,2025-04-12,388,77701
KROGER-1038,2025-04-13,341,78042
KROGER-1038,2025-04-14,270,78312
KROGER-1038,2025-04-15,304,78616
KROGER-1038,2025-04-16,339,78955
KROGER-1038,2025-04-17,321,79276
KROGER-1038,2025-04-18,345,79621
KROGER-1038,2025-04-19,325,79946
KROGER-1038,2025-04-20,370,80316
KROGER-1038,2025-04-21,329,80645
KROGER-1038,2025-04-22,330,80975
KROGER-1038,2025-04-23,327,81302
KROGER-1038,2025-04-24,303,81605
KROGER-1038,2025-04-25,322,81927
KROGER-1038,2025-04-26,347,82274
KROGER-1038,2025-04-27,301,82575
KROGER-1038,2025-04-28,325,82900
KROGER-1038,2025-04-29,354,83254
KROGER-1038,2025-04-30,334,83588
KROGER-1038,2025-05-01,358,83946
KROGER-1038,2025-05-02,334,84280
KROGER-1038,2025-05-03,315,84595
KROGER-1038,2025-05-04,361,84956
KROGER-1038,2025-05-05,293,85249
KROGER-1038,2025-05-06,318,85567
KROGER-1038,2025-05-07,316,85883
KROGER-1038,2025-05-08,305,86188
KROGER-1038,2025-05-09,385,86573
KROGER-1038,2025-05-10,337,86910
KROGER-1038,2025-05-11,388,87298
KROGER-1038,2025-05-12,332,87630
KROGER-1038,2025-05-13,302,87932
KROGER-1038,2025-05-14,312,88244
KROGER-1038,2025-05-15,322,88566
KROGER-1038,2025-05-16,314,88880
KROGER-1038,2025-05-17,332,89212
KROGER-1038,2025-05-18,355,89567
KROGER-1038,2025-05-19,332,89899
KROGER-1038,2025-05-20,341,90240
KROGER-1038,2025-05-21,363,90603
KROGER-1038,2025-05-22,311,90914
KROGER-1038,2025-05-23,352,91266
KROGER-1038,2025-05-24,377,91643
KROGER-1038,2025-05-25,374,92017
KROGER-1038,2025-05-26,277,92294
KROGER-1038,2025-05-27,370,92664
KROGER-1038,2025-05-28,307,92971
KROGER-1038,2025-05-29,275,93246
KROGER-1038,2025-05-30,369,93615
KROGER-1038,2025-05-31,353,93968
KROGER-1038,2025-06-01,354,94322
KROGER-1038,2025-06-02,314,94636
KROGER-1038,2025-06-03,328,94964
KROGER-1038,2025-06-04,319,95283
KROGER-1038,2025-06-05,307,95590
KROGER-1038,2025-06-06,324,95914
KROGER-1038,2025-06-07,342,96256
KROGER-1038,2025-06-08,303,96559
KROGER-1038,2025-06-09,324,96883
KROGER-1038,2025-06-10,277,97160
KROGER-1038,2025-06-11,373,97533
KROGER-1038,2025-06-12,320,97853
KROGER-1038,2025-06-13,295,98148
KROGER-1038,2025-06-14,353,98501
KROGER-1038,2025-06-15,319,98820
KROGER-1038,2025-06-16,322,99142
KROGER-1038,2025-06-17,335,99477
KROGER-1038,2025-06-18,297,99774
KROGER-1038,2025-06-19,373,100147
KROGER-1038,2025-06-20,376,100523
KROGER-1038,2025-06-21,325,100848
KROGER-1038,2025-06-22,309,101157
KROGER-1038,2025-06-23,309,101466
KROGER-1038,2025-06-24,311,101777
KROGER-1038,2025-06-25,352,102129
KROGER-1038,2025-06-26,310,102439
KROGER-1038,2025-06-27,293,102732
KROGER-1038,2025-06-28,342,103074
KROGER-1038,2025-06-29,299,103373
KROGER-1038,2025-06-30,351,103724
KROGER-1038,2025-07-01,339,104063
KROGER-1038,2025-07-02,307,104370
KROGER-1038,2025-07-03,310,104680
KROGER-1038,2025-07-04,329,105009
KROGER-1038,2025-07-05,309,105318
KROGER-1038,2025-07-06,318,105636
KROGER-1038,2025-07-07,317,105953
KROGER-1038,2025-07-08,289,106242
KROGER-1038,2025-07-09,311,106553
KROGER-1038,2025-07-10,295,106848
KROGER-1038,2025-07-11,360,107208
KROGER-1038,2025-07-12,328,107536
KROGER-1038,2025-07-13,313,107849
KROGER-1038,2025-07-14,340,108189
KROGER-1038,2025-07-15,307,108496
KROGER-1038,2025-07-16,294,108790
KROGER-1038,2025-07-17,346,109136
KROGER-1038,2025-07-18,315,109451
KROGER-1038,2025-07-19,362,109813
KROGER-1038,2025-07-20,339,110152
KROGER-1038,2025-07-21,326,110478
KROGER-1038,2025-07-22,338,110816
KROGER-1038,2025-07-23,307,111123
KROGER-1038,2025-07-24,302,111425
KROGER-1038,2025-07-25,354,111779
KROGER-1038,2025-07-26,355,112134
KROGER-1038,2025-07-27,337,112471
KROGER-1038,2025-07-28,344,112815
KROGER-1038,2025-07-29,337,113152
KROGER-1038,2025-07-30,347,113499
KROGER-1038,2025-07-31,293,113792
KROGER-1038,2025-08-01,321,114113
KROGER-1038,2025-08-02,370,114483
KROGER-1038,2025-08-03,385,114868
KROGER-1038,2025-08-04,309,115177
KROGER-1038,2025-08-05,327,115504
KROGER-1038,2025-08-06,324,115828
KROGER-1038,2025-08-07,291,116119
KROGER-1038,2025-08-08,316,116435
KROGER-1038,2025-08-09,296,116731
KROGER-1038,2025-08-10,335,117066
KROGER-1038,2025-08-11,296,117362
KROGER-1038,2025-08-12,327,117689
KROGER-1038,2025-08-13,315,118004
KROGER-1038,2025-08-14,315,118319
KROGER-1038,2025-08-15,363,118682
KROGER-1038,2025-08-16,341,119023
KROGER-1038,2025-08-17,390,119413
KROGER-1038,2025-08-18,335,119748
KROGER-1038,2025-08-19,344,120092
KROGER-1038,2025-08-20,301,120393
KROGER-1038,2025-08-21,305,120698
KROGER-1038,2025-08-22,323,121021
KROGER-1038,2025-08-23,372,121393
KROGER-1038,2025-08-24,329,121722
KROGER-1038,2025-08-25,286,122008
KROGER-1038,2025-08-26,333,122341
KROGER-1038,2025-08-27,325,122666
KROGER-1038,2025-08-28,309,122975
KROGER-1038,2025-08-29,313,123288
KROGER-1038,2025-08-30,316,123604
KROGER-1038,2025-08-31,364,123968
KROGER-1039,2024-09-01,729,729
KROGER-1039,2024-09-02,706,1435
KROGER-1039,2024-09-03,660,2095
KROGER-1039,2024-09-04,767,2862
KROGER-1039,2024-09-05,705,3567
KROGER-1039,2024-09-06,574,4141
KROGER-1039,2024-09-07,754,4895
KROGER-1039,2024-09-08,712,5607
KROGER-1039,2024-09-09,684,6291
KROGER-1039,2024-09-10,748,7039
KROGER-1039,2024-09-11,698,7737
KROGER-1039,2024-09-12,788,8525
KROGER-1039,2024-09-13,699,9224
KROGER-1039,2024-09-14,700,9924
KROGER-1039,2024-09-15,622,10546
KROGER-1039,2024-09-16,653,11199
KROGER-1039,2024-09-17,675,11874
KROGER-1039,2024-09-18,774,12648
KROGER-1039,2024-09-19,667,13315
KROGER-1039,2024-09-20,784,14099
KROGER-1039,2024-09-21,661,14760
KROGER-1039,2024-09-22,683,15443
KROGER-1039,2024-09-23,756,16199
KROGER-1039,2024-09-24,660,16859
KROGER-1039,2024-09-25,754,17613
KROGER-1039,2024-09-26,647,18260
KROGER-1039,2024-09-27,653,18913
KROGER-1039,2024-09-28,765,19678
KROGER-1039,2024-09-29,680,20358
KROGER-1039,2024-09-30,678,21036
KROGER-1039,2024-10-01,715,21751
KROGER-1039,2024-10-02,679,22430
KROGER-1039,2024-10-03,662,23092
KROGER-1039,2024-10-04,626,23718
KROGER-1039,2024-10-05,812,24530
KROGER-1039,2024-10-06,823,25353
KROGER-1039,2024-10-07,711,26064
KROGER-1039,2024-10-08,680,26744
KROGER-1039,2024-10-09,683,27427
KROGER-1039,2024-10-10,739,28166
KROGER-1039,2024-10-11,750,28916
KROGER-1039,2024-10-12,696,29612
KROGER-1039,2024-10-13,790,30402
KROGER-1039,2024-10-14,727,31129
KROGER-1039,2024-10-15,752,31881
KROGER-1039,2024-10-16,604,32485
KROGER-1039,2024-10-17,670,33155
KROGER-1039,2024-10-18,683,33838
KROGER-1039,2024-10-19,700,34538
KROGER-1039,2024-10-20,839,35377
KROGER-1039,2024-10-21,670,36047
KROGER-1039,2024-10-22,719,36766
KROGER-1039,2024-10-23,701,37467
KROGER-1039,2024-10-24,677,38144
KROGER-1039,2024-10-25,654,38798
KROGER-1039,2024-10-26,847,39645
KROGER-1039,2024-10-27,715,40360
KROGER-1039,2024-10-28,742,41102
KROGER-1039,2024-10-29,692,41794
KROGER-1039,2024-10-30,668,42462
KROGER-1039,2024-10-31,699,43161
KROGER-1039,2024-11-01,852,44013
KROGER-1039,2024-11-02,840,44853
KROGER-1039,2024-11-03,820,45673
KROGER-1039,2024-11-04,863,46536
KROGER-1039,2024-11-05,839,47375
KROGER-1039,2024-11-06,788,48163
KROGER-1039,2024-11-07,769,48932
KROGER-1039,2024-11-08,855,49787
KROGER-1039,2024-11-09,739,50526
KROGER-1039,2024-11-10,855,51381
KROGER-1039,2024-11-11,841,52222
KROGER-1039,2024-11-12,947,53169
KROGER-1039,2024-11-13,832,54001
KROGER-1039,2024-11-14,812,54813
KROGER-1039,2024-11-15,851,55664
KROGER-1039,2024-11-16,823,56487
KROGER-1039,2024-11-17,858,57345
KROGER-1039,2024-11-18,834,58179
KROGER-1039,2024-11-19,874,59053
KROGER-1039,2024-11-20,787,59840
KROGER-1039,2024-11-21,831,60671
KROGER-1039,2024-11-22,712,61383
KROGER-1039,2024-11-23,909,62292
KROGER-1039,2024-11-24,857,63149
KROGER-1039,2024-11-25,957,64106
KROGER-1039,2024-11-26,855,64961
KROGER-1039,2024-11-27,774,65735
KROGER-1039,2024-11-28,759,66494
KROGER-1039,2024-11-29,876,67370
KROGER-1039,2024-11-30,999,68369
KROGER-1039,2024-12-01,977,69346
KROGER-1039,2024-12-02,751,70097
KROGER-1039,2024-12-03,845,70942
KROGER-1039,2024-12-04,907,71849
KROGER-1039,2024-12-05,742,72591
KROGER-1039,2024-12-06,901,73492
KROGER-1039,2024-12-07,824,74316
KROGER-1039,2024-12-08,858,75174
KROGER-1039,2024-12-09,850,76024
KROGER-1039,2024-12-10,903,76927
KROGER-1039,2024-12-11,934,77861
KROGER-1039,2024-12-12,810,78671
KROGER-1039,2024-12-13,800,79471
KROGER-1039,2024-12-14,835,80306
KROGER-1039,2024-12-15,928,81234
KROGER-1039,2024-12-16,898,82132
KROGER-1039,2024-12-17,891,83023
KROGER-1039,2024-12-18,850,83873
KROGER-1039,2024-12-19,856,84729
KROGER-1039,2024-12-20,816,85545
KROGER-1039,2024-12-21,864,86409
KROGER-1039,2024-12-22,933,87342
KROGER-1039,2024-12-23,849,88191
KROGER-1039,2024-12-24,800,88991
KROGER-1039,2024-12-25,905,89896
KROGER-1039,2024-12-26,791,90687
KROGER-1039,2024-12-27,841,91528
KROGER-1039,2024-12-28,787,92315
KROGER-1039,2024-12-29,807,93122
KROGER-1039,2024-12-30,833,93955
KROGER-1039,2024-12-31,785,94740
KROGER-1039,2025-01-01,680,95420
KROGER-1039,2025-01-02,760,96180
KROGER-1039,2025-01-03,686,96866
KROGER-1039,2025-01-04,780,97646
KROGER-1039,2025-01-05,682,98328
KROGER-1039,2025-01-06,723,99051
KROGER-1039,2025-01-07,638,99689
KROGER-1039,2025-01-08,679,100368
KROGER-1039,2025-01-09,726,101094
KROGER-1039,2025-01-10,694,101788
KROGER-1039,2025-01-11,783,102571
KROGER-1039,2025-01-12,767,103338
KROGER-1039,2025-01-13,676,104014
KROGER-1039,2025-01-14,765,104779
KROGER-1039,2025-01-15,717,105496
KROGER-1039,2025-01-16,679,106175
KROGER-1039,2025-01-17,701,106876
KROGER-1039,2025-01-18,733,107609
KROGER-1039,2025-01-19,739,108348
KROGER-1039,2025-01-20,685,109033
KROGER-1039,2025-01-21,714,109747
KROGER-1039,2025-01-22,737,110484
KROGER-1039,2025-01-23,717,111201
KROGER-1039,2025-01-24,715,111916
KROGER-1039,2025-01-25,722,112638
KROGER-1039,2025-01-26,676,113314
KROGER-1039,2025-01-27,630,113944
KROGER-1039,2025-01-28,654,114598
KROGER-1039,2025-01-29,670,115268
KROGER-1039,2025-01-30,786,116054
KROGER-1039,2025-01-31,762,116816
KROGER-1039,2025-02-01,693,117509
KROGER-1039,2025-02-02,754,118263
KROGER-1039,2025-02-03,689,118952
KROGER-1039,2025-02-04,706,119658
KROGER-1039,2025-02-05,663,120321
KROGER-1039,2025-02-06,817,121138
KROGER-1039,2025-02-07,796,121934
KROGER-1039,2025-02-08,711,122645
KROGER-1039,2025-02-09,693,123338
KROGER-1039,2025-02-10,744,124082
KROGER-1039,2025-02-11,626,124708
KROGER-1039,2025-02-12,740,125448
KROGER-1039,2025-02-13,700,126148
KROGER-1039,2025-02-14,613,126761
KROGER-1039,2025-02-15,719,127480
KROGER-1039,2025-02-16,689,128169
KROGER-1039,2025-02-17,702,128871
KROGER-1039,2025-02-18,696,129567
KROGER-1039,2025-02-19,618,130185
KROGER-1039,2025-02-20,674,130859
KROGER-1039,2025-02-21,725,131584
KROGER-1039,2025-02-22,771,132355
KROGER-1039,2025-02-23,707,133062
KROGER-1039,2025-02-24,718,133780
KROGER-1039,2025-02-25,708,134488
KROGER-1039,2025-02-26,690,135178
KROGER-1039,2025-02-27,719,135897
KROGER-1039,2025-02-28,642,136539
KROGER-1039,2025-03-01,728,137267
KROGER-1039,2025-03-02,634,137901
KROGER-1039,2025-03-03,690,138591
KROGER-1039,2025-03-04,772,139363
KROGER-1039,2025-03-05,675,140038
KROGER-1039,2025-03-06,767,140805
KROGER-1039,2025-03-07,676,141481
KROGER-1039,2025-03-08,664,142145
KROGER-1039,2025-03-09,766,142911
KROGER-1039,2025-03-10,719,143630
KROGER-1039,2025-03-11,822,144452
KROGER-1039,2025-03-12,639,145091
KROGER-1039,2025-03-13,713,145804
KROGER-1039,2025-03-14,715,146519
KROGER-1039,2025-03-15,789,147308
KROGER-1039,2025-03-16,759,148067
KROGER-1039,2025-03-17,677,148744
KROGER-1039,2025-03-18,634,149378
KROGER-1039,2025-03-19,712,150090
KROGER-1039,2025-03-20,714,150804
KROGER-1039,2025-03-21,728,151532
KROGER-1039,2025-03-22,711,152243
KROGER-1039,2025-03-23,744,152987
KROGER-1039,2025-03-24,607,153594
KROGER-1039,2025-03-25,636,154230
KROGER-1039,2025-03-26,745,154975
KROGER-1039,2025-03-27,703,155678
KROGER-1039,2025-03-28,719,156397
KROGER-1039,2025-03-29,693,157090
KROGER-1039,2025-03-30,685,157775
KROGER-1039,2025-03-31,670,158445
KROGER-1039,2025-04-01,706,159151
KROGER-1039,2025-04-02,731,159882
KROGER-1039,2025-04-03,679,160561
KROGER-1039,2025-04-04,601,161162
KROGER-1039,2025-04-05,751,161913
KROGER-1039,2025-04-06,743,162656
KROGER-1039,2025-04-07,720,163376
KROGER-1039,2025-04-08,741,164117
KROGER-1039,2025-04-09,736,164853
KROGER-1039,2025-04-10,768,165621
KROGER-1039,2025-04-11,695,166316
KROGER-1039,2025-04-12,703,167019
KROGER-1039,2025-04-13,788,167807
KROGER-1039,2025-04-14,743,168550
KROGER-1039,2025-04-15,680,169230
KROGER-1039,2025-04-16,754,169984
KROGER-1039,2025-04-17,697,170681
KROGER-1039,2025-04-18,764,171445
KROGER-1039,2025-04-19,828,172273
KROGER-1039,2025-04-20,882,173155
KROGER-1039,2025-04-21,696,173851
KROGER-1039,2025-04-22,772,174623
KROGER-1039,2025-04-23,740,175363
KROGER-1039,2025-04-24,746,176109
KROGER-1039,2025-04-25,717,176826
KROGER-1039,2025-04-26,783,177609
KROGER-1039,2025-04-27,648,178257
KROGER-1039,2025-04-28,691,178948
KROGER-1039,2025-04-29,657,179605
KROGER-1039,2025-04-30,652,180257
KROGER-1039,2025-05-01,613,180870
KROGER-1039,2025-05-02,664,181534
KROGER-1039,2025-05-03,718,182252
KROGER-1039,2025-05-04,738,182990
KROGER-1039,2025-05-05,692,183682
KROGER-1039,2025-05-06,751,184433
KROGER-1039,2025-05-07,643,185076
KROGER-1039,2025-05-08,585,185661
KROGER-1039,2025-05-09,722,186383
KROGER-1039,2025-05-10,725,187108
KROGER-1039,2025-05-11,724,187832
KROGER-1039,2025-05-12,653,188485
KROGER-1039,2025-05-13,743,189228
KROGER-1039,2025-05-14,670,189898
KROGER-1039,2025-05-15,644,190542
KROGER-1039,2025-05-16,786,191328
KROGER-1039,2025-05-17,768,192096
KROGER-1039,2025-05-18,792,192888
KROGER-1039,2025-05-19,613,193501
KROGER-1039,2025-05-20,673,194174
KROGER-1039,2025-05-21,713,194887
KROGER-1039,2025-05-22,696,195583
KROGER-1039,2025-05-23,735,196318
KROGER-1039,2025-05-24,639,196957
KROGER-1039,2025-05-25,824,197781
KROGER-1039,2025-05-26,722,198503
KROGER-1039,2025-05-27,768,199271
KROGER-1039,2025-05-28,742,200013
KROGER-1039,2025-05-29,692,200705
KROGER-1039,2025-05-30,622,201327
KROGER-1039,2025-05-31,695,202022
KROGER-1039,2025-06-01,820,202842
KROGER-1039,2025-06-02,770,203612
KROGER-1039,2025-06-03,659,204271
KROGER-1039,2025-06-04,537,204808
KROGER-1039,2025-06-05,681,205489
KROGER-1039,2025-06-06,677,206166
KROGER-1039,2025-06-07,713,206879
KROGER-1039,2025-06-08,758,207637
KROGER-1039,2025-06-09,742,208379
KROGER-1039,2025-06-10,748,209127
KROGER-1039,2025-06-11,718,209845
KROGER-1039,2025-06-12,593,210438
KROGER-1039,2025-06-13,674,211112
KROGER-1039,2025-06-14,862,211974
KROGER-1039,2025-06-15,749,212723
KROGER-1039,2025-06-16,713,213436
KROGER-1039,2025-06-17,713,214149
KROGER-1039,2025-06-18,716,214865
KROGER-1039,2025-06-19,561,215426
KROGER-1039,2025-06-20,680,216106
KROGER-1039,2025-06-21,725,216831
KROGER-1039,2025-06-22,802,217633
KROGER-1039,2025-06-23,696,218329
KROGER-1039,2025-06-24,602,218931
KROGER-1039,2025-06-25,717,219648
KROGER-1039,2025-06-26,648,220296
KROGER-1039,2025-06-27,625,220921
KROGER-1039,2025-06-28,679,221600
KROGER-1039,2025-06-29,759,222359
KROGER-1039,2025-06-30,763,223122
KROGER-1039,2025-07-01,720,223842
KROGER-1039,2025-07-02,728,224570
KROGER-1039,2025-07-03,719,225289
KROGER-1039,2025-07-04,699,225988
KROGER-1039,2025-07-05,768,226756
KROGER-1039,2025-07-06,587,227343
KROGER-1039,2025-07-07,699,228042
KROGER-1039,2025-07-08,635,228677
KROGER-1039,2025-07-09,758,229435
KROGER-1039,2025-07-10,685,230120
KROGER-1039,2025-07-11,695,230815
KROGER-1039,2025-07-12,640,231455
KROGER-1039,2025-07-13,787,232242
KROGER-1039,2025-07-14,728,232970
KROGER-1039,2025-07-15,724,233694
KROGER-1039,2025-07-16,648,234342
KROGER-1039,2025-07-17,650,234992
KROGER-1039,2025-07-18,705,235697
KROGER-1039,2025-07-19,687,236384
KROGER-1039,2025-07-20,753,237137
KROGER-1039,2025-07-21,573,237710
KROGER-1039,2025-07-22,666,238376
KROGER-1039,2025-07-23,793,239169
KROGER-1039,2025-07-24,717,239886
KROGER-1039,2025-07-25,702,240588
KROGER-1039,2025-07-26,843,241431
KROGER-1039,2025-07-27,592,242023
KROGER-1039,2025-07-28,648,242671
KROGER-1039,2025-07-29,671,243342
KROGER-1039,2025-07-30,741,244083
KROGER-1039,2025-07-31,742,244825
KROGER-1039,2025-08-01,645,245470
KROGER-1039,2025-08-02,786,246256
KROGER-1039,2025-08-03,704,246960
KROGER-1039,2025-08-04,760,247720
KROGER-1039,2025-08-05,636,248356
KROGER-1039,2025-08-06,686,249042
KROGER-1039,2025-08-07,666,249708
KROGER-1039,2025-08-08,752,250460
KROGER-1039,2025-08-09,697,251157
KROGER-1039,2025-08-10,725,251882
KROGER-1039,2025-08-11,721,252603
KROGER-1039,2025-08-12,723,253326
KROGER-1039,2025-08-13,742,254068
KROGER-1039,2025-08-14,705,254773
KROGER-1039,2025-08-15,670,255443
KROGER-1039,2025-08-16,707,256150
KROGER-1039,2025-08-17,729,256879
KROGER-1039,2025-08-18,707,257586
KROGER-1039,2025-08-19,685,258271
KROGER-1039,2025-08-20,694,258965
KROGER-1039,2025-08-21,609,259574
KROGER-1039,2025-08-22,730,260304
KROGER-1039,2025-08-23,738,261042
KROGER-1039,2025-08-24,786,261828
KROGER-1039,2025-08-25,693,262521
KROGER-1039,2025-08-26,597,263118
KROGER-1039,2025-08-27,673,263791
KROGER-1039,2025-08-28,682,264473
KROGER-1039,2025-08-29,734,265207
KROGER-1039,2025-08-30,607,265814
KROGER-1039,2025-08-31,730,266544
KROGER-1040,2024-09-01,525,525
KROGER-1040,2024-09-02,455,980
KROGER-1040,2024-09-03,483,1463
KROGER-1040,2024-09-04,456,1919
KROGER-1040,2024-09-05,452,2371
KROGER-1040,2024-09-06,465,2836
KROGER-1040,2024-09-07,476,3312
KROGER-1040,2024-09-08,532,3844
KROGER-1040,2024-09-09,452,4296
KROGER-1040,2024-09-10,446,4742
KROGER-1040,2024-09-11,548,5290
KROGER-1040,2024-09-12,517,5807
KROGER-1040,2024-09-13,409,6216
KROGER-1040,2024-09-14,474,6690
KROGER-1040,2024-09-15,514,7204
KROGER-1040,2024-09-16,493,7697
KROGER-1040,2024-09-17,423,8120
KROGER-1040,2024-09-18,525,8645
KROGER-1040,2024-09-19,512,9157
KROGER-1040,2024-09-20,499,9656
KROGER-1040,2024-09-21,559,10215
KROGER-1040,2024-09-22,523,10738
KROGER-1040,2024-09-23,498,11236
KROGER-1040,2024-09-24,540,11776
KROGER-1040,2024-09-25,523,12299
KROGER-1040,2024-09-26,448,12747
KROGER-1040,2024-09-27,505,13252
KROGER-1040,2024-09-28,478,13730
KROGER-1040,2024-09-29,525,14255
KROGER-1040,2024-09-30,499,14754
KROGER-1040,2024-10-01,427,15181
KROGER-1040,2024-10-02,476,15657
KROGER-1040,2024-10-03,491,16148
KROGER-1040,2024-10-04,464,16612
KROGER-1040,2024-10-05,517,17129
KROGER-1040,2024-10-06,537,17666
KROGER-1040,2024-10-07,479,18145
KROGER-1040,2024-10-08,489,18634
KROGER-1040,2024-10-09,534,19168
KROGER-1040,2024-10-10,499,19667
KROGER-1040,2024-10-11,488,20155
KROGER-1040,2024-10-12,466,20621
KROGER-1040,2024-10-13,532,21153
KROGER-1040,2024-10-14,493,21646
KROGER-1040,2024-10-15,530,22176
KROGER-1040,2024-10-16,482,22658
KROGER-1040,2024-10-17,411,23069
KROGER-1040,2024-10-18,415,23484
KROGER-1040,2024-10-19,534,24018
KROGER-1040,2024-10-20,481,24499
KROGER-1040,2024-10-21,497,24996
KROGER-1040,2024-10-22,485,25481
KROGER-1040,2024-10-23,474,25955
KROGER-1040,2024-10-24,477,26432
KROGER-1040,2024-10-25,447,26879
KROGER-1040,2024-10-26,504,27383
KROGER-1040,2024-10-27,481,27864
KROGER-1040,2024-10-28,466,28330
KROGER-1040,2024-10-29,468,28798
KROGER-1040,2024-10-30,472,29270
KROGER-1040,2024-10-31,516,29786
KROGER-1040,2024-11-01,571,30357
KROGER-1040,2024-11-02,655,31012
KROGER-1040,2024-11-03,680,31692
KROGER-1040,2024-11-04,616,32308
KROGER-1040,2024-11-05,601,32909
KROGER-1040,2024-11-06,592,33501
KROGER-1040,2024-11-07,617,34118
KROGER-1040,2024-11-08,581,34699
KROGER-1040,2024-11-09,653,35352
KROGER-1040,2024-11-10,635,35987
KROGER-1040,2024-11-11,560,36547
KROGER-1040,2024-11-12,618,37165
KROGER-1040,2024-11-13,581,37746
KROGER-1040,2024-11-14,572,38318
KROGER-1040,2024-11-15,555,38873
KROGER-1040,2024-11-16,613,39486
KROGER-1040,2024-11-17,654,40140
KROGER-1040,2024-11-18,618,40758
KROGER-1040,2024-11-19,593,41351
KROGER-1040,2024-11-20,604,41955
KROGER-1040,2024-11-21,635,42590
KROGER-1040,2024-11-22,570,43160
KROGER-1040,2024-11-23,551,43711
KROGER-1040,2024-11-24,668,44379
KROGER-1040,2024-11-25,552,44931
KROGER-1040,2024-11-26,545,45476
KROGER-1040,2024-11-27,494,45970
KROGER-1040,2024-11-28,603,46573
KROGER-1040,2024-11-29,502,47075
KROGER-1040,2024-11-30,569,47644
KROGER-1040,2024-12-01,634,48278
KROGER-1040,2024-12-02,610,48888
KROGER-1040,2024-12-03,546,49434
KROGER-1040,2024-12-04,570,50004
KROGER-1040,2024-12-05,536,50540
KROGER-1040,2024-12-06,551,51091
KROGER-1040,2024-12-07,618,51709
KROGER-1040,2024-12-08,581,52290
KROGER-1040,2024-12-09,565,52855
KROGER-1040,2024-12-10,509,53364
KROGER-1040,2024-12-11,629,53993
KROGER-1040,2024-12-12,600,54593
KROGER-1040,2024-12-13,613,55206
KROGER-1040,2024-12-14,668,55874
KROGER-1040,2024-12-15,565,56439
KROGER-1040,2024-12-16,560,56999
KROGER-1040,2024-12-17,489,57488
KROGER-1040,2024-12-18,722,58210
KROGER-1040,2024-12-19,570,58780
KROGER-1040,2024-12-20,625,59405
KROGER-1040,2024-12-21,545,59950
KROGER-1040,2024-12-22,654,60604
KROGER-1040,2024-12-23,662,61266
KROGER-1040,2024-12-24,574,61840
KROGER-1040,2024-12-25,530,62370
KROGER-1040,2024-12-26,570,62940
KROGER-1040,2024-12-27,474,63414
KROGER-1040,2024-12-28,604,64018
KROGER-1040,2024-12-29,645,64663
KROGER-1040,2024-12-30,575,65238
KROGER-1040,2024-12-31,563,65801
KROGER-1040,2025-01-01,501,66302
KROGER-1040,2025-01-02,504,66806
KROGER-1040,2025-01-03,417,67223
KROGER-1040,2025-01-04,508,67731
KROGER-1040,2025-01-05,603,68334
KROGER-1040,2025-01-06,429,68763
KROGER-1040,2025-01-07,477,69240
KROGER-1040,2025-01-08,555,69795
KROGER-1040,2025-01-09,523,70318
KROGER-1040,2025-01-10,461,70779
KROGER-1040,2025-01-11,513,71292
KROGER-1040,2025-01-12,504,71796
KROGER-1040,2025-01-13,452,72248
KROGER-1040,2025-01-14,478,72726
KROGER-1040,2025-01-15,470,73196
KROGER-1040,2025-01-16,485,73681
KROGER-1040,2025-01-17,452,74133
KROGER-1040,2025-01-18,453,74586
KROGER-1040,2025-01-19,503,75089
KROGER-1040,2025-01-20,546,75635
KROGER-1040,2025-01-21,484,76119
KROGER-1040,2025-01-22,468,76587
KROGER-1040,2025-01-23,509,77096
KROGER-1040,2025-01-24,474,77570
KROGER-1040,2025-01-25,580,78150
KROGER-1040,2025-01-26,504,78654
KROGER-1040,2025-01-27,507,79161
KROGER-1040,2025-01-28,451,79612
KROGER-1040,2025-01-29,500,80112
KROGER-1040,2025-01-30,491,80603
KROGER-1040,2025-01-31,478,81081
KROGER-1040,2025-02-01,484,81565
KROGER-1040,2025-02-02,479,82044
KROGER-1040,2025-02-03,491,82535
KROGER-1040,2025-02-04,505,83040
KROGER-1040,2025-02-05,475,83515
KROGER-1040,2025-02-06,491,84006
KROGER-1040,2025-02-07,479,84485
KROGER-1040,2025-02-08,508,84993
KROGER-1040,2025-02-09,496,85489
KROGER-1040,2025-02-10,481,85970
KROGER-1040,2025-02-11,584,86554
KROGER-1040,2025-02-12,492,87046
KROGER-1040,2025-02-13,505,87551
KROGER-1040,2025-02-14,497,88048
KROGER-1040,2025-02-15,494,88542
KROGER-1040,2025-02-16,557,89099
KROGER-1040,2025-02-17,469,89568
KROGER-1040,2025-02-18,521,90089
KROGER-1040,2025-02-19,468,90557
KROGER-1040,2025-02-20,443,91000
KROGER-1040,2025-02-21,494,91494
KROGER-1040,2025-02-22,460,91954
KROGER-1040,2025-02-23,526,92480
KROGER-1040,2025-02-24,434,92914
KROGER-1040,2025-02-25,468,93382
KROGER-1040,2025-02-26,425,93807
KROGER-1040,2025-02-27,589,94396
KROGER-1040,2025-02-28,417,94813
KROGER-1040,2025-03-01,505,95318
KROGER-1040,2025-03-02,551,95869
KROGER-1040,2025-03-03,520,96389
KROGER-1040,2025-03-04,513,96902
KROGER-1040,2025-03-05,468,97370
KROGER-1040,2025-03-06,532,97902
KROGER-1040,2025-03-07,516,98418
KROGER-1040,2025-03-08,513,98931
KROGER-1040,2025-03-09,514,99445
KROGER-1040,2025-03-10,469,99914
KROGER-1040,2025-03-11,445,100359
KROGER-1040,2025-03-12,528,100887
KROGER-1040,2025-03-13,531,101418
KROGER-1040,2025-03-14,446,101864
KROGER-1040,2025-03-15,498,102362
KROGER-1040,2025-03-16,499,102861
KROGER-1040,2025-03-17,479,103340
KROGER-1040,2025-03-18,483,103823
KROGER-1040,2025-03-19,517,104340
KROGER-1040,2025-03-20,452,104792
KROGER-1040,2025-03-21,448,105240
KROGER-1040,2025-03-22,554,105794
KROGER-1040,2025-03-23,486,106280
KROGER-1040,2025-03-24,432,106712
KROGER-1040,2025-03-25,462,107174
KROGER-1040,2025-03-26,468,107642
KROGER-1040,2025-03-27,540,108182
KROGER-1040,2025-03-28,516,108698
KROGER-1040,2025-03-29,551,109249
KROGER-1040,2025-03-30,538,109787
KROGER-1040,2025-03-31,517,110304
KROGER-1040,2025-04-01,454,110758
KROGER-1040,2025-04-02,473,111231
KROGER-1040,2025-04-03,442,111673
KROGER-1040,2025-04-04,472,112145
KROGER-1040,2025-04-05,532,112677
KROGER-1040,2025-04-06,510,113187
KROGER-1040,2025-04-07,531,113718
KROGER-1040,2025-04-08,436,114154
KROGER-1040,2025-04-09,500,114654
KROGER-1040,2025-04-10,432,115086
KROGER-1040,2025-04-11,484,115570
KROGER-1040,2025-04-12,534,116104
KROGER-1040,2025-04-13,496,116600
KROGER-1040,2025-04-14,502,117102
KROGER-1040,2025-04-15,443,117545
KROGER-1040,2025-04-16,416,117961
KROGER-1040,2025-04-17,502,118463
KROGER-1040,2025-04-18,547,119010
KROGER-1040,2025-04-19,464,119474
KROGER-1040,2025-04-20,554,120028
KROGER-1040,2025-04-21,482,120510
KROGER-1040,2025-04-22,429,120939
KROGER-1040,2025-04-23,437,121376
KROGER-1040,2025-04-24,481,121857
KROGER-1040,2025-04-25,465,122322
KROGER-1040,2025-04-26,451,122773
KROGER-1040,2025-04-27,436,123209
KROGER-1040,2025-04-28,448,123657
KROGER-1040,2025-04-29,488,124145
KROGER-1040,2025-04-30,480,124625
KROGER-1040,2025-05-01,461,125086
KROGER-1040,2025-05-02,488,125574
KROGER-1040,2025-05-03,546,126120
KROGER-1040,2025-05-04,520,126640
KROGER-1040,2025-05-05,476,127116
KROGER-1040,2025-05-06,516,127632
KROGER-1040,2025-05-07,443,128075
KROGER-1040,2025-05-08,472,128547
KROGER-1040,2025-05-09,473,129020
KROGER-1040,2025-05-10,454,129474
KROGER-1040,2025-05-11,487,129961
KROGER-1040,2025-05-12,401,130362
KROGER-1040,2025-05-13,554,130916
KROGER-1040,2025-05-14,444,131360
KROGER-1040,2025-05-15,541,131901
KROGER-1040,2025-05-16,482,132383
KROGER-1040,2025-05-17,527,132910
KROGER-1040,2025-05-18,485,133395
KROGER-1040,2025-05-19,488,133883
KROGER-1040,2025-05-20,505,134388
KROGER-1040,2025-05-21,506,134894
KROGER-1040,2025-05-22,510,135404
KROGER-1040,2025-05-23,466,135870
KROGER-1040,2025-05-24,485,136355
KROGER-1040,2025-05-25,440,136795
KROGER-1040,2025-05-26,501,137296
KROGER-1040,2025-05-27,522,137818
KROGER-1040,2025-05-28,543,138361
KROGER-1040,2025-05-29,492,138853
KROGER-1040,2025-05-30,451,139304
KROGER-1040,2025-05-31,436,139740
KROGER-1040,2025-06-01,547,140287
KROGER-1040,2025-06-02,411,140698
KROGER-1040,2025-06-03,467,141165
KROGER-1040,2025-06-04,472,141637
KROGER-1040,2025-06-05,478,142115
KROGER-1040,2025-06-06,482,142597
KROGER-1040,2025-06-07,510,143107
KROGER-1040,2025-06-08,407,143514
KROGER-1040,2025-06-09,481,143995
KROGER-1040,2025-06-10,395,144390
KROGER-1040,2025-06-11,509,144899
KROGER-1040,2025-06-12,459,145358
KROGER-1040,2025-06-13,397,145755
KROGER-1040,2025-06-14,472,146227
KROGER-1040,2025-06-15,481,146708
KROGER-1040,2025-06-16,526,147234
KROGER-1040,2025-06-17,488,147722
KROGER-1040,2025-06-18,494,148216
KROGER-1040,2025-06-19,526,148742
KROGER-1040,2025-06-20,477,149219
KROGER-1040,2025-06-21,535,149754
KROGER-1040,2025-06-22,532,150286
KROGER-1040,2025-06-23,431,150717
KROGER-1040,2025-06-24,537,151254
KROGER-1040,2025-06-25,426,151680
KROGER-1040,2025-06-26,516,152196
KROGER-1040,2025-06-27,422,152618
KROGER-1040,2025-06-28,529,153147
KROGER-1040,2025-06-29,580,153727
KROGER-1040,2025-06-30,472,154199
KROGER-1040,2025-07-01,471,154670
KROGER-1040,2025-07-02,504,155174
KROGER-1040,2025-07-03,468,155642
KROGER-1040,2025-07-04,550,156192
KROGER-1040,2025-07-05,512,156704
KROGER-1040,2025-07-06,492,157196
KROGER-1040,2025-07-07,460,157656
KROGER-1040,2025-07-08,444,158100
KROGER-1040,2025-07-09,456,158556
KROGER-1040,2025-07-10,467,159023
KROGER-1040,2025-07-11,462,159485
KROGER-1040,2025-07-12,478,159963
KROGER-1040,2025-07-13,589,160552
KROGER-1040,2025-07-14,441,160993
KROGER-1040,2025-07-15,486,161479
KROGER-1040,2025-07-16,503,161982
KROGER-1040,2025-07-17,505,162487
KROGER-1040,2025-07-18,478,162965
KROGER-1040,2025-07-19,495,163460
KROGER-1040,2025-07-20,523,163983
KROGER-1040,2025-07-21,491,164474
KROGER-1040,2025-07-22,470,164944
KROGER-1040,2025-07-23,420,165364
KROGER-1040,2025-07-24,462,165826
KROGER-1040,2025-07-25,436,166262
KROGER-1040,2025-07-26,477,166739
KROGER-1040,2025-07-27,506,167245
KROGER-1040,2025-07-28,494,167739
KROGER-1040,2025-07-29,549,168288
KROGER-1040,2025-07-30,460,168748
KROGER-1040,2025-07-31,510,169258
KROGER-1040,2025-08-01,492,169750
KROGER-1040,2025-08-02,557,170307
KROGER-1040,2025-08-03,528,170835
KROGER-1040,2025-08-04,442,171277
KROGER-1040,2025-08-05,414,171691
KROGER-1040,2025-08-06,492,172183
KROGER-1040,2025-08-07,460,172643
KROGER-1040,2025-08-08,443,173086
KROGER-1040,2025-08-09,453,173539
KROGER-1040,2025-08-10,511,174050
KROGER-1040,2025-08-11,538,174588
KROGER-1040,2025-08-12,465,175053
KROGER-1040,2025-08-13,503,175556
KROGER-1040,2025-08-14,476,176032
KROGER-1040,2025-08-15,509,176541
KROGER-1040,2025-08-16,557,177098
KROGER-1040,2025-08-17,506,177604
KROGER-1040,2025-08-18,416,178020
KROGER-1040,2025-08-19,531,178551
KROGER-1040,2025-08-20,424,178975
KROGER-1040,2025-08-21,464,179439
KROGER-1040,2025-08-22,462,179901
KROGER-1040,2025-08-23,505,180406
KROGER-1040,2025-08-24,453,180859
KROGER-1040,2025-08-25,430,181289
KROGER-1040,2025-08-26,480,181769
KROGER-1040,2025-08-27,450,182219
KROGER-1040,2025-08-28,532,182751
KROGER-1040,2025-08-29,459,183210
KROGER-1040,2025-08-30,463,183673
KROGER-1040,2025-08-31,572,184245
KROGER-1041,2024-09-01,405,405
KROGER-1041,2024-09-02,453,858
KROGER-1041,2024-09-03,315,1173
KROGER-1041,2024-09-04,378,1551
KROGER-1041,2024-09-05,387,1938
KROGER-1041,2024-09-06,373,2311
KROGER-1041,2024-09-07,379,2690
KROGER-1041,2024-09-08,430,3120
KROGER-1041,2024-09-09,386,3506
KROGER-1041,2024-09-10,322,3828
KROGER-1041,2024-09-11,346,4174
KROGER-1041,2024-09-12,337,4511
KROGER-1041,2024-09-13,368,4879
KROGER-1041,2024-09-14,420,5299
KROGER-1041,2024-09-15,379,5678
KROGER-1041,2024-09-16,365,6043
KROGER-1041,2024-09-17,343,6386
KROGER-1041,2024-09-18,395,6781
KROGER-1041,2024-09-19,409,7190
KROGER-1041,2024-09-20,371,7561
KROGER-1041,2024-09-21,440,8001
KROGER-1041,2024-09-22,374,8375
KROGER-1041,2024-09-23,330,8705
KROGER-1041,2024-09-24,396,9101
KROGER-1041,2024-09-25,369,9470
KROGER-1041,2024-09-26,355,9825
KROGER-1041,2024-09-27,374,10199
KROGER-1041,2024-09-28,341,10540
KROGER-1041,2024-09-29,336,10876
KROGER-1041,2024-09-30,375,11251
KROGER-1041,2024-10-01,385,11636
KROGER-1041,2024-10-02,414,12050
KROGER-1041,2024-10-03,399,12449
KROGER-1041,2024-10-04,391,12840
KROGER-1041,2024-10-05,430,13270
KROGER-1041,2024-10-06,406,13676
KROGER-1041,2024-10-07,362,14038
KROGER-1041,2024-10-08,399,14437
KROGER-1041,2024-10-09,398,14835
KROGER-1041,2024-10-10,372,15207
KROGER-1041,2024-10-11,336,15543
KROGER-1041,2024-10-12,335,15878
KROGER-1041,2024-10-13,417,16295
KROGER-1041,2024-10-14,386,16681
KROGER-1041,2024-10-15,391,17072
KROGER-1041,2024-10-16,398,17470
KROGER-1041,2024-10-17,345,17815
KROGER-1041,2024-10-18,316,18131
KROGER-1041,2024-10-19,407,18538
KROGER-1041,2024-10-20,428,18966
KROGER-1041,2024-10-21,383,19349
KROGER-1041,2024-10-22,328,19677
KROGER-1041,2024-10-23,379,20056
KROGER-1041,2024-10-24,339,20395
KROGER-1041,2024-10-25,326,20721
KROGER-1041,2024-10-26,390,21111
KROGER-1041,2024-10-27,396,21507
KROGER-1041,2024-10-28,369,21876
KROGER-1041,2024-10-29,385,22261
KROGER-1041,2024-10-30,349,22610
KROGER-1041,2024-10-31,375,22985
KROGER-1041,2024-11-01,429,23414
KROGER-1041,2024-11-02,459,23873
KROGER-1041,2024-11-03,479,24352
KROGER-1041,2024-11-04,484,24836
KROGER-1041,2024-11-05,457,25293
KROGER-1041,2024-11-06,469,25762
KROGER-1041,2024-11-07,447,26209
KROGER-1041,2024-11-08,464,26673
KROGER-1041,2024-11-09,508,27181
KROGER-1041,2024-11-10,540,27721
KROGER-1041,2024-11-11,490,28211
KROGER-1041,2024-11-12,445,28656
KROGER-1041,2024-11-13,488,29144
KROGER-1041,2024-11-14,466,29610
KROGER-1041,2024-11-15,425,30035
KROGER-1041,2024-11-16,490,30525
KROGER-1041,2024-11-17,427,30952
KROGER-1041,2024-11-18,467,31419
KROGER-1041,2024-11-19,509,31928
KROGER-1041,2024-11-20,476,32404
KROGER-1041,2024-11-21,489,32893
KROGER-1041,2024-11-22,433,33326
KROGER-1041,2024-11-23,487,33813
KROGER-1041,2024-11-24,495,34308
KROGER-1041,2024-11-25,436,34744
KROGER-1041,2024-11-26,471,35215
KROGER-1041,2024-11-27,463,35678
KROGER-1041,2024-11-28,471,36149
KROGER-1041,2024-11-29,410,36559
KROGER-1041,2024-11-30,517,37076
KROGER-1041,2024-12-01,486,37562
KROGER-1041,2024-12-02,442,38004
KROGER-1041,2024-12-03,443,38447
KROGER-1041,2024-12-04,445,38892
KROGER-1041,2024-12-05,417,39309
KROGER-1041,2024-12-06,489,39798
KROGER-1041,2024-12-07,505,40303
KROGER-1041,2024-12-08,508,40811
KROGER-1041,2024-12-09,501,41312
KROGER-1041,2024-12-10,453,41765
KROGER-1041,2024-12-11,387,42152
KROGER-1041,2024-12-12,469,42621
KROGER-1041,2024-12-13,468,43089
KROGER-1041,2024-12-14,527,43616
KROGER-1041,2024-12-15,510,44126
KROGER-1041,2024-12-16,451,44577
KROGER-1041,2024-12-17,441,45018
KROGER-1041,2024-12-18,482,45500
KROGER-1041,2024-12-19,352,45852
KROGER-1041,2024-12-20,455,46307
KROGER-1041,2024-12-21,504,46811
KROGER-1041,2024-12-22,464,47275
KROGER-1041,2024-12-23,433,47708
KROGER-1041,2024-12-24,457,48165
KROGER-1041,2024-12-25,495,48660
KROGER-1041,2024-12-26,463,49123
KROGER-1041,2024-12-27,422,49545
KROGER-1041,2024-12-28,515,50060
KROGER-1041,2024-12-29,522,50582
KROGER-1041,2024-12-30,418,51000
KROGER-1041,2024-12-31,547,51547
KROGER-1041,2025-01-01,372,51919
KROGER-1041,2025-01-02,400,52319
KROGER-1041,2025-01-03,394,52713
KROGER-1041,2025-01-04,369,53082
KROGER-1041,2025-01-05,377,53459
KROGER-1041,2025-01-06,374,53833
KROGER-1041,2025-01-07,316,54149
KROGER-1041,2025-01-08,397,54546
KROGER-1041,2025-01-09,316,54862
KROGER-1041,2025-01-10,373,55235
KROGER-1041,2025-01-11,370,55605
KROGER-1041,2025-01-12,409,56014
KROGER-1041,2025-01-13,306,56320
KROGER-1041,2025-01-14,323,56643
KROGER-1041,2025-01-15,354,56997
KROGER-1041,2025-01-16,388,57385
KROGER-1041,2025-01-17,379,57764
KROGER-1041,2025-01-18,424,58188
KROGER-1041,2025-01-19,394,58582
KROGER-1041,2025-01-20,372,58954
KROGER-1041,2025-01-21,340,59294
KROGER-1041,2025-01-22,365,59659
KROGER-1041,2025-01-23,371,60030
KROGER-1041,2025-01-24,311,60341
KROGER-1041,2025-01-25,363,60704
KROGER-1041,2025-01-26,405,61109
KROGER-1041,2025-01-27,377,61486
KROGER-1041,2025-01-28,365,61851
KROGER-1041,2025-01-29,354,62205
KROGER-1041,2025-01-30,320,62525
KROGER-1041,2025-01-31,307,62832
KROGER-1041,2025-02-01,381,63213
KROGER-1041,2025-02-02,437,63650
KROGER-1041,2025-02-03,373,64023
KROGER-1041,2025-02-04,403,64426
KROGER-1041,2025-02-05,337,64763
KROGER-1041,2025-02-06,381,65144
KROGER-1041,2025-02-07,351,65495
KROGER-1041,2025-02-08,367,65862
KROGER-1041,2025-02-09,414,66276
KROGER-1041,2025-02-10,368,66644
KROGER-1041,2025-02-11,331,66975
KROGER-1041,2025-02-12,375,67350
KROGER-1041,2025-02-13,351,67701
KROGER-1041,2025-02-14,329,68030
KROGER-1041,2025-02-15,360,68390
KROGER-1041,2025-02-16,455,68845
KROGER-1041,2025-02-17,408,69253
KROGER-1041,2025-02-18,312,69565
KROGER-1041,2025-02-19,366,69931
KROGER-1041,2025-02-20,369,70300
KROGER-1041,2025-02-21,364,70664
KROGER-1041,2025-02-22,370,71034
KROGER-1041,2025-02-23,414,71448
KROGER-1041,2025-02-24,400,71848
KROGER-1041,2025-02-25,403,72251
KROGER-1041,2025-02-26,382,72633
KROGER-1041,2025-02-27,390,73023
KROGER-1041,2025-02-28,362,73385
KROGER-1041,2025-03-01,341,73726
KROGER-1041,2025-03-02,341,74067
KROGER-1041,2025-03-03,347,74414
KROGER-1041,2025-03-04,366,74780
KROGER-1041,2025-03-05,334,75114
KROGER-1041,2025-03-06,338,75452
KROGER-1041,2025-03-07,361,75813
KROGER-1041,2025-03-08,418,76231
KROGER-1041,2025-03-09,401,76632
KROGER-1041,2025-03-10,346,76978
KROGER-1041,2025-03-11,373,77351
KROGER-1041,2025-03-12,332,77683
KROGER-1041,2025-03-13,346,78029
KROGER-1041,2025-03-14,323,78352
KROGER-1041,2025-03-15,404,78756
KROGER-1041,2025-03-16,382,79138
KROGER-1041,2025-03-17,367,79505
KROGER-1041,2025-03-18,396,79901
KROGER-1041,2025-03-19,342,80243
KROGER-1041,2025-03-20,386,80629
KROGER-1041,2025-03-21,431,81060
KROGER-1041,2025-03-22,360,81420
KROGER-1041,2025-03-23,342,81762
KROGER-1041,2025-03-24,335,82097
KROGER-1041,2025-03-25,384,82481
KROGER-1041,2025-03-26,424,82905
KROGER-1041,2025-03-27,423,83328
KROGER-1041,2025-03-28,397,83725
KROGER-1041,2025-03-29,418,84143
KROGER-1041,2025-03-30,405,84548
KROGER-1041,2025-03-31,394,84942
KROGER-1041,2025-04-01,381,85323
KROGER-1041,2025-04-02,348,85671
KROGER-1041,2025-04-03,423,86094
KROGER-1041,2025-04-04,412,86506
KROGER-1041,2025-04-05,366,86872
KROGER-1041,2025-04-06,411,87283
KROGER-1041,2025-04-07,416,87699
KROGER-1041,2025-04-08,385,88084
KROGER-1041,2025-04-09,366,88450
KROGER-1041,2025-04-10,415,88865
KROGER-1041,2025-04-11,380,89245
KROGER-1041,2025-04-12,371,89616
KROGER-1041,2025-04-13,355,89971
KROGER-1041,2025-04-14,285,90256
KROGER-1041,2025-04-15,431,90687
KROGER-1041,2025-04-16,347,91034
KROGER-1041,2025-04-17,401,91435
KROGER-1041,2025-04-18,345,91780
KROGER-1041,2025-04-19,396,92176
KROGER-1041,2025-04-20,405,92581
KROGER-1041,2025-04-21,335,92916
KROGER-1041,2025-04-22,401,93317
KROGER-1041,2025-04-23,366,93683
KROGER-1041,2025-04-24,389,94072
KROGER-1041,2025-04-25,415,94487
KROGER-1041,2025-04-26,414,94901
KROGER-1041,2025-04-27,388,95289
KROGER-1041,2025-04-28,430,95719
KROGER-1041,2025-04-29,371,96090
KROGER-1041,2025-04-30,375,96465
KROGER-1041,2025-05-01,367,96832
KROGER-1041,2025-05-02,336,97168
KROGER-1041,2025-05-03,349,97517
KROGER-1041,2025-05-04,373,97890
KROGER-1041,2025-05-05,342,98232
KROGER-1041,2025-05-06,364,98596
KROGER-1041,2025-05-07,397,98993
KROGER-1041,2025-05-08,360,99353
KROGER-1041,2025-05-09,379,99732
KROGER-1041,2025-05-10,375,100107
KROGER-1041,2025-05-11,470,100577
KROGER-1041,2025-05-12,417,100994
KROGER-1041,2025-05-13,365,101359
KROGER-1041,2025-05-14,380,101739
KROGER-1041,2025-05-15,332,102071
KROGER-1041,2025-05-16,366,102437
KROGER-1041,2025-05-17,372,102809
KROGER-1041,2025-05-18,414,103223
KROGER-1041,2025-05-19,344,103567
KROGER-1041,2025-05-20,421,103988
KROGER-1041,2025-05-21,370,104358
KROGER-1041,2025-05-22,346,104704
KROGER-1041,2025-05-23,373,105077
KROGER-1041,2025-05-24,414,105491
KROGER-1041,2025-05-25,407,105898
KROGER-1041,2025-05-26,377,106275
KROGER-1041,2025-05-27,398,106673
KROGER-1041,2025-05-28,396,107069
KROGER-1041,2025-05-29,397,107466
KROGER-1041,2025-05-30,364,107830
KROGER-1041,2025-05-31,382,108212
KROGER-1041,2025-06-01,384,108596
KROGER-1041,2025-06-02,357,108953
KROGER-1041,2025-06-03,375,109328
KROGER-1041,2025-06-04,372,109700
KROGER-1041,2025-06-05,421,110121
KROGER-1041,2025-06-06,357,110478
KROGER-1041,2025-06-07,360,110838
KROGER-1041,2025-06-08,411,111249
KROGER-1041,2025-06-09,374,111623
KROGER-1041,2025-06-10,352,111975
KROGER-1041,2025-06-11,395,112370
KROGER-1041,2025-06-12,364,112734
KROGER-1041,2025-06-13,418,113152
KROGER-1041,2025-06-14,361,113513
KROGER-1041,2025-06-15,373,113886
KROGER-1041,2025-06-16,376,114262
KROGER-1041,2025-06-17,413,114675
KROGER-1041,2025-06-18,351,115026
KROGER-1041,2025-06-19,383,115409
KROGER-1041,2025-06-20,337,115746
KROGER-1041,2025-06-21,419,116165
KROGER-1041,2025-06-22,370,116535
KROGER-1041,2025-06-23,391,116926
KROGER-1041,2025-06-24,392,117318
KROGER-1041,2025-06-25,318,117636
KROGER-1041,2025-06-26,378,118014
KROGER-1041,2025-06-27,357,118371
KROGER-1041,2025-06-28,406,118777
KROGER-1041,2025-06-29,363,119140
KROGER-1041,2025-06-30,355,119495
KROGER-1041,2025-07-01,408,119903
KROGER-1041,2025-07-02,405,120308
KROGER-1041,2025-07-03,342,120650
KROGER-1041,2025-07-04,426,121076
KROGER-1041,2025-07-05,310,121386
KROGER-1041,2025-07-06,397,121783
KROGER-1041,2025-07-07,334,122117
KROGER-1041,2025-07-08,383,122500
KROGER-1041,2025-07-09,364,122864
KROGER-1041,2025-07-10,342,123206
KROGER-1041,2025-07-11,350,123556
KROGER-1041,2025-07-12,366,123922
KROGER-1041,2025-07-13,393,124315
KROGER-1041,2025-07-14,401,124716
KROGER-1041,2025-07-15,430,125146
KROGER-1041,2025-07-16,367,125513
KROGER-1041,2025-07-17,381,125894
KROGER-1041,2025-07-18,407,126301
KROGER-1041,2025-07-19,377,126678
KROGER-1041,2025-07-20,366,127044
KROGER-1041,2025-07-21,430,127474
KROGER-1041,2025-07-22,367,127841
KROGER-1041,2025-07-23,379,128220
KROGER-1041,2025-07-24,324,128544
KROGER-1041,2025-07-25,356,128900
KROGER-1041,2025-07-26,450,129350
KROGER-1041,2025-07-27,405,129755
KROGER-1041,2025-07-28,371,130126
KROGER-1041,2025-07-29,414,130540
KROGER-1041,2025-07-30,323,130863
KROGER-1041,2025-07-31,360,131223
KROGER-1041,2025-08-01,440,131663
KROGER-1041,2025-08-02,389,132052
KROGER-1041,2025-08-03,389,132441
KROGER-1041,2025-08-04,407,132848
KROGER-1041,2025-08-05,409,133257
KROGER-1041,2025-08-06,333,133590
KROGER-1041,2025-08-07,385,133975
KROGER-1041,2025-08-08,424,134399
KROGER-1041,2025-08-09,371,134770
KROGER-1041,2025-08-10,379,135149
KROGER-1041,2025-08-11,373,135522
KROGER-1041,2025-08-12,393,135915
KROGER-1041,2025-08-13,330,136245
KROGER-1041,2025-08-14,279,136524
KROGER-1041,2025-08-15,379,136903
KROGER-1041,2025-08-16,427,137330
KROGER-1041,2025-08-17,381,137711
KROGER-1041,2025-08-18,354,138065
KROGER-1041,2025-08-19,367,138432
KROGER-1041,2025-08-20,420,138852
KROGER-1041,2025-08-21,352,139204
KROGER-1041,2025-08-22,389,139593
KROGER-1041,2025-08-23,355,139948
KROGER-1041,2025-08-24,356,140304
KROGER-1041,2025-08-25,397,140701
KROGER-1041,2025-08-26,421,141122
KROGER-1041,2025-08-27,399,141521
KROGER-1041,2025-08-28,311,141832
KROGER-1041,2025-08-29,360,142192
KROGER-1041,2025-08-30,398,142590
KROGER-1041,2025-08-31,393,142983
KROGER-1042,2024-09-01,291,291
KROGER-1042,2024-09-02,293,584
KROGER-1042,2024-09-03,306,890
KROGER-1042,2024-09-04,325,1215
KROGER-1042,2024-09-05,276,1491
KROGER-1042,2024-09-06,343,1834
KROGER-1042,2024-09-07,341,2175
KROGER-1042,2024-09-08,315,2490
KROGER-1042,2024-09-09,332,2822
KROGER-1042,2024-09-10,289,3111
KROGER-1042,2024-09-11,326,3437
KROGER-1042,2024-09-12,280,3717
KROGER-1042,2024-09-13,284,4001
KROGER-1042,2024-09-14,331,4332
KROGER-1042,2024-09-15,324,4656
KROGER-1042,2024-09-16,337,4993
KROGER-1042,2024-09-17,326,5319
KROGER-1042,2024-09-18,382,5701
KROGER-1042,2024-09-19,320,6021
KROGER-1042,2024-09-20,241,6262
KROGER-1042,2024-09-21,287,6549
KROGER-1042,2024-09-22,310,6859
KROGER-1042,2024-09-23,416,7275
KROGER-1042,2024-09-24,326,7601
KROGER-1042,2024-09-25,356,7957
KROGER-1042,2024-09-26,353,8310
KROGER-1042,2024-09-27,294,8604
KROGER-1042,2024-09-28,294,8898
KROGER-1042,2024-09-29,361,9259
KROGER-1042,2024-09-30,269,9528
KROGER-1042,2024-10-01,353,9881
KROGER-1042,2024-10-02,324,10205
KROGER-1042,2024-10-03,343,10548
KROGER-1042,2024-10-04,335,10883
KROGER-1042,2024-10-05,353,11236
KROGER-1042,2024-10-06,346,11582
KROGER-1042,2024-10-07,334,11916
KROGER-1042,2024-10-08,328,12244
KROGER-1042,2024-10-09,291,12535
KROGER-1042,2024-10-10,317,12852
KROGER-1042,2024-10-11,384,13236
KROGER-1042,2024-10-12,352,13588
KROGER-1042,2024-10-13,375,13963
KROGER-1042,2024-10-14,301,14264
KROGER-1042,2024-10-15,301,14565
KROGER-1042,2024-10-16,295,14860
KROGER-1042,2024-10-17,292,15152
KROGER-1042,2024-10-18,284,15436
KROGER-1042,2024-10-19,350,15786
KROGER-1042,2024-10-20,334,16120
KROGER-1042,2024-10-21,350,16470
KROGER-1042,2024-10-22,319,16789
KROGER-1042,2024-10-23,264,17053
KROGER-1042,2024-10-24,339,17392
KROGER-1042,2024-10-25,274,17666
KROGER-1042,2024-10-26,349,18015
KROGER-1042,2024-10-27,322,18337
KROGER-1042,2024-10-28,333,18670
KROGER-1042,2024-10-29,289,18959
KROGER-1042,2024-10-30,347,19306
KROGER-1042,2024-10-31,328,19634
KROGER-1042,2024-11-01,382,20016
KROGER-1042,2024-11-02,356,20372
KROGER-1042,2024-11-03,472,20844
KROGER-1042,2024-11-04,364,21208
KROGER-1042,2024-11-05,401,21609
KROGER-1042,2024-11-06,363,21972
KROGER-1042,2024-11-07,511,22483
KROGER-1042,2024-11-08,397,22880
KROGER-1042,2024-11-09,392,23272
KROGER-1042,2024-11-10,432,23704
KROGER-1042,2024-11-11,416,24120
KROGER-1042,2024-11-12,405,24525
KROGER-1042,2024-11-13,382,24907
KROGER-1042,2024-11-14,406,25313
KROGER-1042,2024-11-15,388,25701
KROGER-1042,2024-11-16,411,26112
KROGER-1042,2024-11-17,386,26498
KROGER-1042,2024-11-18,346,26844
KROGER-1042,2024-11-19,410,27254
KROGER-1042,2024-11-20,411,27665
KROGER-1042,2024-11-21,433,28098
KROGER-1042,2024-11-22,394,28492
KROGER-1042,2024-11-23,405,28897
KROGER-1042,2024-11-24,366,29263
KROGER-1042,2024-11-25,391,29654
KROGER-1042,2024-11-26,404,30058
KROGER-1042,2024-11-27,335,30393
KROGER-1042,2024-11-28,426,30819
KROGER-1042,2024-11-29,370,31189
KROGER-1042,2024-11-30,406,31595
KROGER-1042,2024-12-01,432,32027
KROGER-1042,2024-12-02,392,32419
KROGER-1042,2024-12-03,437,32856
KROGER-1042,2024-12-04,412,33268
KROGER-1042,2024-12-05,388,33656
KROGER-1042,2024-12-06,294,33950
KROGER-1042,2024-12-07,445,34395
KROGER-1042,2024-12-08,373,34768
KROGER-1042,2024-12-09,419,35187
KROGER-1042,2024-12-10,408,35595
KROGER-1042,2024-12-11,386,35981
KROGER-1042,2024-12-12,422,36403
KROGER-1042,2024-12-13,409,36812
KROGER-1042,2024-12-14,423,37235
KROGER-1042,2024-12-15,355,37590
KROGER-1042,2024-12-16,394,37984
KROGER-1042,2024-12-17,353,38337
KROGER-1042,2024-12-18,358,38695
KROGER-1042,2024-12-19,381,39076
KROGER-1042,2024-12-20,438,39514
KROGER-1042,2024-12-21,424,39938
KROGER-1042,2024-12-22,426,40364
KROGER-1042,2024-12-23,417,40781
KROGER-1042,2024-12-24,365,41146
KROGER-1042,2024-12-25,343,41489
KROGER-1042,2024-12-26,337,41826
KROGER-1042,2024-12-27,400,42226
KROGER-1042,2024-12-28,445,42671
KROGER-1042,2024-12-29,442,43113
KROGER-1042,2024-12-30,366,43479
KROGER-1042,2024-12-31,435,43914
KROGER-1042,2025-01-01,380,44294
KROGER-1042,2025-01-02,343,44637
KROGER-1042,2025-01-03,366,45003
KROGER-1042,2025-01-04,367,45370
KROGER-1042,2025-01-05,337,45707
KROGER-1042,2025-01-06,310,46017
KROGER-1042,2025-01-07,285,46302
KROGER-1042,2025-01-08,315,46617
KROGER-1042,2025-01-09,321,46938
KROGER-1042,2025-01-10,321,47259
KROGER-1042,2025-01-11,340,47599
KROGER-1042,2025-01-12,280,47879
KROGER-1042,2025-01-13,347,48226
KROGER-1042,2025-01-14,350,48576
KROGER-1042,2025-01-15,337,48913
KROGER-1042,2025-01-16,296,49209
KROGER-1042,2025-01-17,337,49546
KROGER-1042,2025-01-18,344,49890
KROGER-1042,2025-01-19,356,50246
KROGER-1042,2025-01-20,368,50614
KROGER-1042,2025-01-21,322,50936
KROGER-1042,2025-01-22,332,51268
KROGER-1042,2025-01-23,304,51572
KROGER-1042,2025-01-24,351,51923
KROGER-1042,2025-01-25,363,52286
KROGER-1042,2025-01-26,349,52635
KROGER-1042,2025-01-27,299,52934
KROGER-1042,2025-01-28,309,53243
KROGER-1042,2025-01-29,279,53522
KROGER-1042,2025-01-30,309,53831
KROGER-1042,2025-01-31,346,54177
KROGER-1042,2025-02-01,354,54531
KROGER-1042,2025-02-02,348,54879
KROGER-1042,2025-02-03,366,55245
KROGER-1042,2025-02-04,335,55580
KROGER-1042,2025-02-05,312,55892
KROGER-1042,2025-02-06,309,56201
KROGER-1042,2025-02-07,321,56522
KROGER-1042,2025-02-08,331,56853
KROGER-1042,2025-02-09,370,57223
KROGER-1042,2025-02-10,338,57561
KROGER-1042,2025-02-11,319,57880
KROGER-1042,2025-02-12,320,58200
KROGER-1042,2025-02-13,345,58545
KROGER-1042,2025-02-14,353,58898
KROGER-1042,2025-02-15,293,59191
KROGER-1042,2025-02-16,339,59530
KROGER-1042,2025-02-17,329,59859
KROGER-1042,2025-02-18,341,60200
KROGER-1042,2025-02-19,330,60530
KROGER-1042,2025-02-20,338,60868
KROGER-1042,2025-02-21,321,61189
KROGER-1042,2025-02-22,321,61510
KROGER-1042,2025-02-23,365,61875
KROGER-1042,2025-02-24,348,62223
KROGER-1042,2025-02-25,344,62567
KROGER-1042,2025-02-26,349,62916
KROGER-1042,2025-02-27,301,63217
KROGER-1042,2025-02-28,314,63531
KROGER-1042,2025-03-01,374,63905
KROGER-1042,2025-03-02,353,64258
KROGER-1042,2025-03-03,328,64586
KROGER-1042,2025-03-04,320,64906
KROGER-1042,2025-03-05,360,65266
KROGER-1042,2025-03-06,281,65547
KROGER-1042,2025-03-07,335,65882
KROGER-1042,2025-03-08,341,66223
KROGER-1042,2025-03-09,309,66532
KROGER-1042,2025-03-10,369,66901
KROGER-1042,2025-03-11,256,67157
KROGER-1042,2025-03-12,330,67487
KROGER-1042,2025-03-13,341,67828
KROGER-1042,2025-03-14,301,68129
KROGER-1042,2025-03-15,351,68480
KROGER-1042,2025-03-16,337,68817
KROGER-1042,2025-03-17,353,69170
KROGER-1042,2025-03-18,419,69589
KROGER-1042,2025-03-19,336,69925
KROGER-1042,2025-03-20,343,70268
KROGER-1042,2025-03-21,301,70569
KROGER-1042,2025-03-22,349,70918
KROGER-1042,2025-03-23,333,71251
KROGER-1042,2025-03-24,347,71598
KROGER-1042,2025-03-25,290,71888
KROGER-1042,2025-03-26,299,72187
KROGER-1042,2025-03-27,358,72545
KROGER-1042,2025-03-28,332,72877
KROGER-1042,2025-03-29,380,73257
KROGER-1042,2025-03-30,353,73610
KROGER-1042,2025-03-31,340,73950
KROGER-1042,2025-04-01,319,74269
KROGER-1042,2025-04-02,322,74591
KROGER-1042,2025-04-03,352,74943
KROGER-1042,2025-04-04,323,75266
KROGER-1042,2025-04-05,376,75642
KROGER-1042,2025-04-06,340,75982
KROGER-1042,2025-04-07,296,76278
KROGER-1042,2025-04-08,294,76572
KROGER-1042,2025-04-09,322,76894
KROGER-1042,2025-04-10,351,77245
KROGER-1042,2025-04-11,310,77555
KROGER-1042,2025-04-12,363,77918
KROGER-1042,2025-04-13,346,78264
KROGER-1042,2025-04-14,343,78607
KROGER-1042,2025-04-15,319,78926
KROGER-1042,2025-04-16,332,79258
KROGER-1042,2025-04-17,352,79610
KROGER-1042,2025-04-18,326,79936
KROGER-1042,2025-04-19,329,80265
KROGER-1042,2025-04-20,293,80558
KROGER-1042,2025-04-21,341,80899
KROGER-1042,2025-04-22,307,81206
KROGER-1042,2025-04-23,313,81519
KROGER-1042,2025-04-24,299,81818
KROGER-1042,2025-04-25,321,82139
KROGER-1042,2025-04-26,401,82540
KROGER-1042,2025-04-27,353,82893
KROGER-1042,2025-04-28,310,83203
KROGER-1042,2025-04-29,315,83518
KROGER-1042,2025-04-30,289,83807
KROGER-1042,2025-05-01,297,84104
KROGER-1042,2025-05-02,293,84397
KROGER-1042,2025-05-03,351,84748
KROGER-1042,2025-05-04,356,85104
KROGER-1042,2025-05-05,329,85433
KROGER-1042,2025-05-06,337,85770
KROGER-1042,2025-05-07,307,86077
KROGER-1042,2025-05-08,297,86374
KROGER-1042,2025-05-09,297,86671
KROGER-1042,2025-05-10,310,86981
KROGER-1042,2025-05-11,353,87334
KROGER-1042,2025-05-12,380,87714
KROGER-1042,2025-05-13,299,88013
KROGER-1042,2025-05-14,318,88331
KROGER-1042,2025-05-15,332,88663
KROGER-1042,2025-05-16,320,88983
KROGER-1042,2025-05-17,352,89335
KROGER-1042,2025-05-18,327,89662
KROGER-1042,2025-05-19,309,89971
KROGER-1042,2025-05-20,322,90293
KROGER-1042,2025-05-21,335,90628
KROGER-1042,2025-05-22,361,90989
KROGER-1042,2025-05-23,337,91326
KROGER-1042,2025-05-24,336,91662
KROGER-1042,2025-05-25,366,92028
KROGER-1042,2025-05-26,353,92381
KROGER-1042,2025-05-27,319,92700
KROGER-1042,2025-05-28,323,93023
KROGER-1042,2025-05-29,316,93339
KROGER-1042,2025-05-30,348,93687
KROGER-1042,2025-05-31,345,94032
KROGER-1042,2025-06-01,305,94337
KROGER-1042,2025-06-02,338,94675
KROGER-1042,2025-06-03,366,95041
KROGER-1042,2025-06-04,368,95409
KROGER-1042,2025-06-05,314,95723
KROGER-1042,2025-06-06,309,96032
KROGER-1042,2025-06-07,396,96428
KROGER-1042,2025-06-08,386,96814
KROGER-1042,2025-06-09,339,97153
KROGER-1042,2025-06-10,282,97435
KROGER-1042,2025-06-11,311,97746
KROGER-1042,2025-06-12,298,98044
KROGER-1042,2025-06-13,374,98418
KROGER-1042,2025-06-14,301,98719
KROGER-1042,2025-06-15,393,99112
KROGER-1042,2025-06-16,324,99436
KROGER-1042,2025-06-17,296,99732
KROGER-1042,2025-06-18,353,100085
KROGER-1042,2025-06-19,343,100428
KROGER-1042,2025-06-20,294,100722
KROGER-1042,2025-06-21,343,101065
KROGER-1042,2025-06-22,381,101446
KROGER-1042,2025-06-23,316,101762
KROGER-1042,2025-06-24,371,102133
KROGER-1042,2025-06-25,307,102440
KROGER-1042,2025-06-26,284,102724
KROGER-1042,2025-06-27,328,103052
KROGER-1042,2025-06-28,303,103355
KROGER-1042,2025-06-29,347,103702
KROGER-1042,2025-06-30,327,104029
KROGER-1042,2025-07-01,307,104336
KROGER-1042,2025-07-02,376,104712
KROGER-1042,2025-07-03,327,105039
KROGER-1042,2025-07-04,350,105389
KROGER-1042,2025-07-05,369,105758
KROGER-1042,2025-07-06,392,106150
KROGER-1042,2025-07-07,295,106445
KROGER-1042,2025-07-08,281,106726
KROGER-1042,2025-07-09,372,107098
KROGER-1042,2025-07-10,342,107440
KROGER-1042,2025-07-11,330,107770
KROGER-1042,2025-07-12,340,108110
KROGER-1042,2025-07-13,335,108445
KROGER-1042,2025-07-14,349,108794
KROGER-1042,2025-07-15,289,109083
KROGER-1042,2025-07-16,339,109422
KROGER-1042,2025-07-17,354,109776
KROGER-1042,2025-07-18,346,110122
KROGER-1042,2025-07-19,341,110463
KROGER-1042,2025-07-20,343,110806
KROGER-1042,2025-07-21,361,111167
KROGER-1042,2025-07-22,342,111509
KROGER-1042,2025-07-23,373,111882
KROGER-1042,2025-07-24,281,112163
KROGER-1042,2025-07-25,351,112514
KROGER-1042,2025-07-26,321,112835
KROGER-1042,2025-07-27,341,113176
KROGER-1042,2025-07-28,363,113539
KROGER-1042,2025-07-29,301,113840
KROGER-1042,2025-07-30,382,114222
KROGER-1042,2025-07-31,356,114578
KROGER-1042,2025-08-01,342,114920
KROGER-1042,2025-08-02,318,115238
KROGER-1042,2025-08-03,338,115576
KROGER-1042,2025-08-04,318,115894
KROGER-1042,2025-08-05,295,116189
KROGER-1042,2025-08-06,356,116545
KROGER-1042,2025-08-07,316,116861
KROGER-1042,2025-08-08,322,117183
KROGER-1042,2025-08-09,340,117523
KROGER-1042,2025-08-10,337,117860
KROGER-1042,2025-08-11,341,118201
KROGER-1042,2025-08-12,311,118512
KROGER-1042,2025-08-13,354,118866
KROGER-1042,2025-08-14,311,119177
KROGER-1042,2025-08-15,326,119503
KROGER-1042,2025-08-16,307,119810
KROGER-1042,2025-08-17,373,120183
KROGER-1042,2025-08-18,362,120545
KROGER-1042,2025-08-19,346,120891
KROGER-1042,2025-08-20,331,121222
KROGER-1042,2025-08-21,326,121548
KROGER-1042,2025-08-22,286,121834
KROGER-1042,2025-08-23,306,122140
KROGER-1042,2025-08-24,364,122504
KROGER-1042,2025-08-25,322,122826
KROGER-1042,2025-08-26,291,123117
KROGER-1042,2025-08-27,290,123407
KROGER-1042,2025-08-28,344,123751
KROGER-1042,2025-08-29,350,124101
KROGER-1042,2025-08-30,301,124402
KROGER-1042,2025-08-31,347,124749
KROGER-1043,2024-09-01,585,585
KROGER-1043,2024-09-02,515,1100
KROGER-1043,2024-09-03,594,1694
KROGER-1043,2024-09-04,525,2219
KROGER-1043,2024-09-05,466,2685
KROGER-1043,2024-09-06,532,3217
KROGER-1043,2024-09-07,629,3846
KROGER-1043,2024-09-08,551,4397
KROGER-1043,2024-09-09,495,4892
KROGER-1043,2024-09-10,567,5459
KROGER-1043,2024-09-11,551,6010
KROGER-1043,2024-09-12,540,6550
KROGER-1043,2024-09-13,561,7111
KROGER-1043,2024-09-14,536,7647
KROGER-1043,2024-09-15,540,8187
KROGER-1043,2024-09-16,572,8759
KROGER-1043,2024-09-17,498,9257
KROGER-1043,2024-09-18,610,9867
KROGER-1043,2024-09-19,593,10460
KROGER-1043,2024-09-20,491,10951
KROGER-1043,2024-09-21,634,11585
KROGER-1043,2024-09-22,574,12159
KROGER-1043,2024-09-23,600,12759
KROGER-1043,2024-09-24,546,13305
KROGER-1043,2024-09-25,532,13837
KROGER-1043,2024-09-26,528,14365
KROGER-1043,2024-09-27,434,14799
KROGER-1043,2024-09-28,609,15408
KROGER-1043,2024-09-29,535,15943
KROGER-1043,2024-09-30,582,16525
KROGER-1043,2024-10-01,613,17138
KROGER-1043,2024-10-02,515,17653
KROGER-1043,2024-10-03,513,18166
KROGER-1043,2024-10-04,584,18750
KROGER-1043,2024-10-05,546,19296
KROGER-1043,2024-10-06,627,19923
KROGER-1043,2024-10-07,510,20433
KROGER-1043,2024-10-08,602,21035
KROGER-1043,2024-10-09,527,21562
KROGER-1043,2024-10-10,554,22116
KROGER-1043,2024-10-11,583,22699
KROGER-1043,2024-10-12,590,23289
KROGER-1043,2024-10-13,616,23905
KROGER-1043,2024-10-14,477,24382
KROGER-1043,2024-10-15,523,24905
KROGER-1043,2024-10-16,543,25448
KROGER-1043,2024-10-17,507,25955
KROGER-1043,2024-10-18,582,26537
KROGER-1043,2024-10-19,544,27081
KROGER-1043,2024-10-20,533,27614
KROGER-1043,2024-10-21,581,28195
KROGER-1043,2024-10-22,495,28690
KROGER-1043,2024-10-23,497,29187
KROGER-1043,2024-10-24,562,29749
KROGER-1043,2024-10-25,598,30347
KROGER-1043,2024-10-26,575,30922
KROGER-1043,2024-10-27,494,31416
KROGER-1043,2024-10-28,570,31986
KROGER-1043,2024-10-29,515,32501
KROGER-1043,2024-10-30,589,33090
KROGER-1043,2024-10-31,524,33614
KROGER-1043,2024-11-01,708,34322
KROGER-1043,2024-11-02,658,34980
KROGER-1043,2024-11-03,643,35623
KROGER-1043,2024-11-04,549,36172
KROGER-1043,2024-11-05,614,36786
KROGER-1043,2024-11-06,657,37443
KROGER-1043,2024-11-07,653,38096
KROGER-1043,2024-11-08,680,38776
KROGER-1043,2024-11-09,749,39525
KROGER-1043,2024-11-10,682,40207
KROGER-1043,2024-11-11,652,40859
KROGER-1043,2024-11-12,706,41565
KROGER-1043,2024-11-13,660,42225
KROGER-1043,2024-11-14,600,42825
KROGER-1043,2024-11-15,621,43446
KROGER-1043,2024-11-16,565,44011
KROGER-1043,2024-11-17,630,44641
KROGER-1043,2024-11-18,561,45202
KROGER-1043,2024-11-19,666,45868
KROGER-1043,2024-11-20,711,46579
KROGER-1043,2024-11-21,599,47178
KROGER-1043,2024-11-22,601,47779
KROGER-1043,2024-11-23,732,48511
KROGER-1043,2024-11-24,656,49167
KROGER-1043,2024-11-25,662,49829
KROGER-1043,2024-11-26,687,50516
KROGER-1043,2024-11-27,612,51128
KROGER-1043,2024-11-28,613,51741
KROGER-1043,2024-11-29,622,52363
KROGER-1043,2024-11-30,596,52959
KROGER-1043,2024-12-01,707,53666
KROGER-1043,2024-12-02,679,54345
KROGER-1043,2024-12-03,652,54997
KROGER-1043,2024-12-04,719,55716
KROGER-1043,2024-12-05,635,56351
KROGER-1043,2024-12-06,680,57031
KROGER-1043,2024-12-07,707,57738
KROGER-1043,2024-12-08,637,58375
KROGER-1043,2024-12-09,708,59083
KROGER-1043,2024-12-10,655,59738
KROGER-1043,2024-12-11,699,60437
KROGER-1043,2024-12-12,581,61018
KROGER-1043,2024-12-13,654,61672
KROGER-1043,2024-12-14,656,62328
KROGER-1043,2024-12-15,634,62962
KROGER-1043,2024-12-16,721,63683
KROGER-1043,2024-12-17,658,64341
KROGER-1043,2024-12-18,572,64913
KROGER-1043,2024-12-19,622,65535
KROGER-1043,2024-12-20,697,66232
KROGER-1043,2024-12-21,634,66866
KROGER-1043,2024-12-22,629,67495
KROGER-1043,2024-12-23,641,68136
KROGER-1043,2024-12-24,673,68809
KROGER-1043,2024-12-25,610,69419
KROGER-1043,2024-12-26,669,70088
KROGER-1043,2024-12-27,650,70738
KROGER-1043,2024-12-28,689,71427
KROGER-1043,2024-12-29,550,71977
KROGER-1043,2024-12-30,649,72626
KROGER-1043,2024-12-31,635,73261
KROGER-1043,2025-01-01,557,73818
KROGER-1043,2025-01-02,512,74330
KROGER-1043,2025-01-03,524,74854
KROGER-1043,2025-01-04,591,75445
KROGER-1043,2025-01-05,633,76078
KROGER-1043,2025-01-06,483,76561
KROGER-1043,2025-01-07,562,77123
KROGER-1043,2025-01-08,593,77716
KROGER-1043,2025-01-09,570,78286
KROGER-1043,2025-01-10,590,78876
KROGER-1043,2025-01-11,542,79418
KROGER-1043,2025-01-12,623,80041
KROGER-1043,2025-01-13,509,80550
KROGER-1043,2025-01-14,543,81093
KROGER-1043,2025-01-15,518,81611
KROGER-1043,2025-01-16,520,82131
KROGER-1043,2025-01-17,466,82597
KROGER-1043,2025-01-18,478,83075
KROGER-1043,2025-01-19,621,83696
KROGER-1043,2025-01-20,462,84158
KROGER-1043,2025-01-21,551,84709
KROGER-1043,2025-01-22,484,85193
KROGER-1043,2025-01-23,503,85696
KROGER-1043,2025-01-24,570,86266
KROGER-1043,2025-01-25,575,86841
KROGER-1043,2025-01-26,561,87402
KROGER-1043,2025-01-27,590,87992
KROGER-1043,2025-01-28,528,88520
KROGER-1043,2025-01-29,593,89113
KROGER-1043,2025-01-30,494,89607
KROGER-1043,2025-01-31,489,90096
KROGER-1043,2025-02-01,561,90657
KROGER-1043,2025-02-02,567,91224
KROGER-1043,2025-02-03,503,91727
KROGER-1043,2025-02-04,528,92255
KROGER-1043,2025-02-05,599,92854
KROGER-1043,2025-02-06,523,93377
KROGER-1043,2025-02-07,456,93833
KROGER-1043,2025-02-08,488,94321
KROGER-1043,2025-02-09,662,94983
KROGER-1043,2025-02-10,603,95586
KROGER-1043,2025-02-11,521,96107
KROGER-1043,2025-02-12,575,96682
KROGER-1043,2025-02-13,551,97233
KROGER-1043,2025-02-14,595,97828
KROGER-1043,2025-02-15,519,98347
KROGER-1043,2025-02-16,520,98867
KROGER-1043,2025-02-17,597,99464
KROGER-1043,2025-02-18,476,99940
KROGER-1043,2025-02-19,543,100483
KROGER-1043,2025-02-20,538,101021
KROGER-1043,2025-02-21,574,101595
KROGER-1043,2025-02-22,574,102169
KROGER-1043,2025-02-23,561,102730
KROGER-1043,2025-02-24,524,103254
KROGER-1043,2025-02-25,497,103751
KROGER-1043,2025-02-26,533,104284
KROGER-1043,2025-02-27,591,104875
KROGER-1043,2025-02-28,528,105403
KROGER-1043,2025-03-01,631,106034
KROGER-1043,2025-03-02,600,106634
KROGER-1043,2025-03-03,561,107195
KROGER-1043,2025-03-04,533,107728
KROGER-1043,2025-03-05,513,108241
KROGER-1043,2025-03-06,613,108854
KROGER-1043,2025-03-07,574,109428
KROGER-1043,2025-03-08,561,109989
KROGER-1043,2025-03-09,644,110633
KROGER-1043,2025-03-10,567,111200
KROGER-1043,2025-03-11,479,111679
KROGER-1043,2025-03-12,522,112201
KROGER-1043,2025-03-13,572,112773
KROGER-1043,2025-03-14,605,113378
KROGER-1043,2025-03-15,674,114052
KROGER-1043,2025-03-16,568,114620
KROGER-1043,2025-03-17,567,115187
KROGER-1043,2025-03-18,514,115701
KROGER-1043,2025-03-19,502,116203
KROGER-1043,2025-03-20,467,116670
KROGER-1043,2025-03-21,557,117227
KROGER-1043,2025-03-22,625,117852
KROGER-1043,2025-03-23,602,118454
KROGER-1043,2025-03-24,544,118998
KROGER-1043,2025-03-25,593,119591
KROGER-1043,2025-03-26,668,120259
KROGER-1043,2025-03-27,504,120763
KROGER-1043,2025-03-28,435,121198
KROGER-1043,2025-03-29,583,121781
KROGER-1043,2025-03-30,616,122397
KROGER-1043,2025-03-31,473,122870
KROGER-1043,2025-04-01,576,123446
KROGER-1043,2025-04-02,526,123972
KROGER-1043,2025-04-03,555,124527
KROGER-1043,2025-04-04,500,125027
KROGER-1043,2025-04-05,523,125550
KROGER-1043,2025-04-06,517,126067
KROGER-1043,2025-04-07,569,126636
KROGER-1043,2025-04-08,513,127149
KROGER-1043,2025-04-09,552,127701
KROGER-1043,2025-04-10,541,128242
KROGER-1043,2025-04-11,489,128731
KROGER-1043,2025-04-12,571,129302
KROGER-1043,2025-04-13,578,129880
KROGER-1043,2025-04-14,586,130466
KROGER-1043,2025-04-15,605,131071
KROGER-1043,2025-04-16,496,131567
KROGER-1043,2025-04-17,555,132122
KROGER-1043,2025-04-18,444,132566
KROGER-1043,2025-04-19,606,133172
KROGER-1043,2025-04-20,617,133789
KROGER-1043,2025-04-21,425,134214
KROGER-1043,2025-04-22,525,134739
KROGER-1043,2025-04-23,501,135240
KROGER-1043,2025-04-24,525,135765
KROGER-1043,2025-04-25,517,136282
KROGER-1043,2025-04-26,565,136847
KROGER-1043,2025-04-27,612,137459
KROGER-1043,2025-04-28,527,137986
KROGER-1043,2025-04-29,497,138483
KROGER-1043,2025-04-30,532,139015
KROGER-1043,2025-05-01,529,139544
KROGER-1043,2025-05-02,536,140080
KROGER-1043,2025-05-03,539,140619
KROGER-1043,2025-05-04,584,141203
KROGER-1043,2025-05-05,596,141799
KROGER-1043,2025-05-06,485,142284
KROGER-1043,2025-05-07,560,142844
KROGER-1043,2025-05-08,582,143426
KROGER-1043,2025-05-09,521,143947
KROGER-1043,2025-05-10,624,144571
KROGER-1043,2025-05-11,564,145135
KROGER-1043,2025-05-12,491,145626
KROGER-1043,2025-05-13,485,146111
KROGER-1043,2025-05-14,574,146685
KROGER-1043,2025-05-15,570,147255
KROGER-1043,2025-05-16,608,147863
KROGER-1043,2025-05-17,598,148461
KROGER-1043,2025-05-18,563,149024
KROGER-1043,2025-05-19,561,149585
KROGER-1043,2025-05-20,543,150128
KROGER-1043,2025-05-21,526,150654
KROGER-1043,2025-05-22,516,151170
KROGER-1043,2025-05-23,466,151636
KROGER-1043,2025-05-24,533,152169
KROGER-1043,2025-05-25,566,152735
KROGER-1043,2025-05-26,423,153158
KROGER-1043,2025-05-27,518,153676
KROGER-1043,2025-05-28,580,154256
KROGER-1043,2025-05-29,598,154854
KROGER-1043,2025-05-30,517,155371
KROGER-1043,2025-05-31,542,155913
KROGER-1043,2025-06-01,534,156447
KROGER-1043,2025-06-02,516,156963
KROGER-1043,2025-06-03,590,157553
KROGER-1043,2025-06-04,611,158164
KROGER-1043,2025-06-05,467,158631
KROGER-1043,2025-06-06,505,159136
KROGER-1043,2025-06-07,483,159619
KROGER-1043,2025-06-08,566,160185
KROGER-1043,2025-06-09,519,160704
KROGER-1043,2025-06-10,556,161260
KROGER-1043,2025-06-11,569,161829
KROGER-1043,2025-06-12,564,162393
KROGER-1043,2025-06-13,469,162862
KROGER-1043,2025-06-14,566,163428
KROGER-1043,2025-06-15,490,163918
KROGER-1043,2025-06-16,615,164533
KROGER-1043,2025-06-17,525,165058
KROGER-1043,2025-06-18,481,165539
KROGER-1043,2025-06-19,517,166056
KROGER-1043,2025-06-20,549,166605
KROGER-1043,2025-06-21,600,167205
KROGER-1043,2025-06-22,626,167831
KROGER-1043,2025-06-23,543,168374
KROGER-1043,2025-06-24,526,168900
KROGER-1043,2025-06-25,570,169470
KROGER-1043,2025-06-26,569,170039
KROGER-1043,2025-06-27,545,170584
KROGER-1043,2025-06-28,604,171188
KROGER-1043,2025-06-29,539,171727
KROGER-1043,2025-06-30,539,172266
KROGER-1043,2025-07-01,452,172718
KROGER-1043,2025-07-02,600,173318
KROGER-1043,2025-07-03,519,173837
KROGER-1043,2025-07-04,601,174438
KROGER-1043,2025-07-05,537,174975
KROGER-1043,2025-07-06,581,175556
KROGER-1043,2025-07-07,543,176099
KROGER-1043,2025-07-08,514,176613
KROGER-1043,2025-07-09,561,177174
KROGER-1043,2025-07-10,595,177769
KROGER-1043,2025-07-11,618,178387
KROGER-1043,2025-07-12,601,178988
KROGER-1043,2025-07-13,512,179500
KROGER-1043,2025-07-14,479,179979
KROGER-1043,2025-07-15,589,180568
KROGER-1043,2025-07-16,497,181065
KROGER-1043,2025-07-17,567,181632
KROGER-1043,2025-07-18,546,182178
KROGER-1043,2025-07-19,627,182805
KROGER-1043,2025-07-20,590,183395
KROGER-1043,2025-07-21,539,183934
KROGER-1043,2025-07-22,629,184563
KROGER-1043,2025-07-23,576,185139
KROGER-1043,2025-07-24,564,185703
KROGER-1043,2025-07-25,511,186214
KROGER-1043,2025-07-26,515,186729
KROGER-1043,2025-07-27,555,187284
KROGER-1043,2025-07-28,475,187759
KROGER-1043,2025-07-29,526,188285
KROGER-1043,2025-07-30,575,188860
KROGER-1043,2025-07-31,583,189443
KROGER-1043,2025-08-01,525,189968
KROGER-1043,2025-08-02,701,190669
KROGER-1043,2025-08-03,625,191294
KROGER-1043,2025-08-04,539,191833
KROGER-1043,2025-08-05,590,192423
KROGER-1043,2025-08-06,534,192957
KROGER-1043,2025-08-07,429,193386
KROGER-1043,2025-08-08,521,193907
KROGER-1043,2025-08-09,606,194513
KROGER-1043,2025-08-10,638,195151
KROGER-1043,2025-08-11,504,195655
KROGER-1043,2025-08-12,560,196215
KROGER-1043,2025-08-13,585,196800
KROGER-1043,2025-08-14,541,197341
KROGER-1043,2025-08-15,441,197782
KROGER-1043,2025-08-16,578,198360
KROGER-1043,2025-08-17,602,198962
KROGER-1043,2025-08-18,499,199461
KROGER-1043,2025-08-19,529,199990
KROGER-1043,2025-08-20,490,200480
KROGER-1043,2025-08-21,429,200909
KROGER-1043,2025-08-22,585,201494
KROGER-1043,2025-08-23,567,202061
KROGER-1043,2025-08-24,640,202701
KROGER-1043,2025-08-25,577,203278
KROGER-1043,2025-08-26,525,203803
KROGER-1043,2025-08-27,537,204340
KROGER-1043,2025-08-28,565,204905
KROGER-1043,2025-08-29,582,205487
KROGER-1043,2025-08-30,582,206069
KROGER-1043,2025-08-31,617,206686
KROGER-1044,2024-09-01,307,307
KROGER-1044,2024-09-02,276,583
KROGER-1044,2024-09-03,298,881
KROGER-1044,2024-09-04,305,1186
KROGER-1044,2024-09-05,271,1457
KROGER-1044,2024-09-06,267,1724
KROGER-1044,2024-09-07,326,2050
KROGER-1044,2024-09-08,304,2354
KROGER-1044,2024-09-09,296,2650
KROGER-1044,2024-09-10,291,2941
KROGER-1044,2024-09-11,336,3277
KROGER-1044,2024-09-12,330,3607
KROGER-1044,2024-09-13,270,3877
KROGER-1044,2024-09-14,301,4178
KROGER-1044,2024-09-15,336,4514
KROGER-1044,2024-09-16,314,4828
KROGER-1044,2024-09-17,299,5127
KROGER-1044,2024-09-18,272,5399
KROGER-1044,2024-09-19,283,5682
KROGER-1044,2024-09-20,287,5969
KROGER-1044,2024-09-21,322,6291
KROGER-1044,2024-09-22,358,6649
KROGER-1044,2024-09-23,283,6932
KROGER-1044,2024-09-24,275,7207
KROGER-1044,2024-09-25,297,7504
KROGER-1044,2024-09-26,324,7828
KROGER-1044,2024-09-27,265,8093
KROGER-1044,2024-09-28,351,8444
KROGER-1044,2024-09-29,310,8754
KROGER-1044,2024-09-30,282,9036
KROGER-1044,2024-10-01,261,9297
KROGER-1044,2024-10-02,317,9614
KROGER-1044,2024-10-03,295,9909
KROGER-1044,2024-10-04,304,10213
KROGER-1044,2024-10-05,292,10505
KROGER-1044,2024-10-06,307,10812
KROGER-1044,2024-10-07,288,11100
KROGER-1044,2024-10-08,297,11397
KROGER-1044,2024-10-09,284,11681
KROGER-1044,2024-10-10,263,11944
KROGER-1044,2024-10-11,365,12309
KROGER-1044,2024-10-12,280,12589
KROGER-1044,2024-10-13,319,12908
KROGER-1044,2024-10-14,257,13165
KROGER-1044,2024-10-15,252,13417
KROGER-1044,2024-10-16,302,13719
KROGER-1044,2024-10-17,304,14023
KROGER-1044,2024-10-18,330,14353
KROGER-1044,2024-10-19,325,14678
KROGER-1044,2024-10-20,311,14989
KROGER-1044,2024-10-21,277,15266
KROGER-1044,2024-10-22,336,15602
KROGER-1044,2024-10-23,322,15924
KROGER-1044,2024-10-24,270,16194
KROGER-1044,2024-10-25,300,16494
KROGER-1044,2024-10-26,318,16812
KROGER-1044,2024-10-27,306,17118
KROGER-1044,2024-10-28,318,17436
KROGER-1044,2024-10-29,320,17756
KROGER-1044,2024-10-30,295,18051
KROGER-1044,2024-10-31,293,18344
KROGER-1044,2024-11-01,403,18747
KROGER-1044,2024-11-02,406,19153
KROGER-1044,2024-11-03,380,19533
KROGER-1044,2024-11-04,313,19846
KROGER-1044,2024-11-05,370,20216
KROGER-1044,2024-11-06,380,20596
KROGER-1044,2024-11-07,280,20876
KROGER-1044,2024-11-08,367,21243
KROGER-1044,2024-11-09,365,21608
KROGER-1044,2024-11-10,371,21979
KROGER-1044,2024-11-11,333,22312
KROGER-1044,2024-11-12,355,22667
KROGER-1044,2024-11-13,400,23067
KROGER-1044,2024-11-14,347,23414
KROGER-1044,2024-11-15,387,23801
KROGER-1044,2024-11-16,353,24154
KROGER-1044,2024-11-17,401,24555
KROGER-1044,2024-11-18,360,24915
KROGER-1044,2024-11-19,370,25285
KROGER-1044,2024-11-20,360,25645
KROGER-1044,2024-11-21,378,26023
KROGER-1044,2024-11-22,286,26309
KROGER-1044,2024-11-23,335,26644
KROGER-1044,2024-11-24,390,27034
KROGER-1044,2024-11-25,301,27335
KROGER-1044,2024-11-26,344,27679
KROGER-1044,2024-11-27,358,28037
KROGER-1044,2024-11-28,336,28373
KROGER-1044,2024-11-29,340,28713
KROGER-1044,2024-11-30,386,29099
KROGER-1044,2024-12-01,408,29507
KROGER-1044,2024-12-02,332,29839
KROGER-1044,2024-12-03,343,30182
KROGER-1044,2024-12-04,339,30521
KROGER-1044,2024-12-05,290,30811
KROGER-1044,2024-12-06,364,31175
KROGER-1044,2024-12-07,406,31581
KROGER-1044,2024-12-08,408,31989
KROGER-1044,2024-12-09,335,32324
KROGER-1044,2024-12-10,324,32648
KROGER-1044,2024-12-11,360,33008
KROGER-1044,2024-12-12,383,33391
KROGER-1044,2024-12-13,364,33755
KROGER-1044,2024-12-14,386,34141
KROGER-1044,2024-12-15,412,34553
KROGER-1044,2024-12-16,338,34891
KROGER-1044,2024-12-17,353,35244
KROGER-1044,2024-12-18,407,35651
KROGER-1044,2024-12-19,354,36005
KROGER-1044,2024-12-20,323,36328
KROGER-1044,2024-12-21,357,36685
KROGER-1044,2024-12-22,349,37034
KROGER-1044,2024-12-23,370,37404
KROGER-1044,2024-12-24,334,37738
KROGER-1044,2024-12-25,367,38105
KROGER-1044,2024-12-26,338,38443
KROGER-1044,2024-12-27,298,38741
KROGER-1044,2024-12-28,387,39128
KROGER-1044,2024-12-29,382,39510
KROGER-1044,2024-12-30,375,39885
KROGER-1044,2024-12-31,340,40225
KROGER-1044,2025-01-01,281,40506
KROGER-1044,2025-01-02,309,40815
KROGER-1044,2025-01-03,336,41151
KROGER-1044,2025-01-04,315,41466
KROGER-1044,2025-01-05,325,41791
KROGER-1044,2025-01-06,292,42083
KROGER-1044,2025-01-07,263,42346
KROGER-1044,2025-01-08,323,42669
KROGER-1044,2025-01-09,321,42990
KROGER-1044,2025-01-10,317,43307
KROGER-1044,2025-01-11,310,43617
KROGER-1044,2025-01-12,330,43947
KROGER-1044,2025-01-13,321,44268
KROGER-1044,2025-01-14,338,44606
KROGER-1044,2025-01-15,323,44929
KROGER-1044,2025-01-16,301,45230
KROGER-1044,2025-01-17,268,45498
KROGER-1044,2025-01-18,319,45817
KROGER-1044,2025-01-19,321,46138
KROGER-1044,2025-01-20,317,46455
KROGER-1044,2025-01-21,332,46787
KROGER-1044,2025-01-22,297,47084
KROGER-1044,2025-01-23,350,47434
KROGER-1044,2025-01-24,257,47691
KROGER-1044,2025-01-25,325,48016
KROGER-1044,2025-01-26,294,48310
KROGER-1044,2025-01-27,254,48564
KROGER-1044,2025-01-28,295,48859
KROGER-1044,2025-01-29,265,49124
KROGER-1044,2025-01-30,296,49420
KROGER-1044,2025-01-31,300,49720
KROGER-1044,2025-02-01,343,50063
KROGER-1044,2025-02-02,277,50340
KROGER-1044,2025-02-03,321,50661
KROGER-1044,2025-02-04,302,50963
KROGER-1044,2025-02-05,324,51287
KROGER-1044,2025-02-06,289,51576
KROGER-1044,2025-02-07,268,51844
KROGER-1044,2025-02-08,284,52128
KROGER-1044,2025-02-09,282,52410
KROGER-1044,2025-02-10,311,52721
KROGER-1044,2025-02-11,335,53056
KROGER-1044,2025-02-12,286,53342
KROGER-1044,2025-02-13,315,53657
KROGER-1044,2025-02-14,263,53920
KROGER-1044,2025-02-15,319,54239
KROGER-1044,2025-02-16,331,54570
KROGER-1044,2025-02-17,265,54835
KROGER-1044,2025-02-18,295,55130
KROGER-1044,2025-02-19,317,55447
KROGER-1044,2025-02-20,229,55676
KROGER-1044,2025-02-21,332,56008
KROGER-1044,2025-02-22,323,56331
KROGER-1044,2025-02-23,333,56664
KROGER-1044,2025-02-24,290,56954
KROGER-1044,2025-02-25,258,57212
KROGER-1044,2025-02-26,312,57524
KROGER-1044,2025-02-27,298,57822
KROGER-1044,2025-02-28,300,58122
KROGER-1044,2025-03-01,342,58464
KROGER-1044,2025-03-02,334,58798
KROGER-1044,2025-03-03,346,59144
KROGER-1044,2025-03-04,303,59447
KROGER-1044,2025-03-05,283,59730
KROGER-1044,2025-03-06,295,60025
KROGER-1044,2025-03-07,310,60335
KROGER-1044,2025-03-08,340,60675
KROGER-1044,2025-03-09,278,60953
KROGER-1044,2025-03-10,300,61253
KROGER-1044,2025-03-11,338,61591
KROGER-1044,2025-03-12,294,61885
KROGER-1044,2025-03-13,322,62207
KROGER-1044,2025-03-14,311,62518
KROGER-1044,2025-03-15,339,62857
KROGER-1044,2025-03-16,294,63151
KROGER-1044,2025-03-17,280,63431
KROGER-1044,2025-03-18,300,63731
KROGER-1044,2025-03-19,263,63994
KROGER-1044,2025-03-20,293,64287
KROGER-1044,2025-03-21,306,64593
KROGER-1044,2025-03-22,360,64953
KROGER-1044,2025-03-23,325,65278
KROGER-1044,2025-03-24,315,65593
KROGER-1044,2025-03-25,328,65921
KROGER-1044,2025-03-26,276,66197
KROGER-1044,2025-03-27,296,66493
KROGER-1044,2025-03-28,358,66851
KROGER-1044,2025-03-29,313,67164
KROGER-1044,2025-03-30,343,67507
KROGER-1044,2025-03-31,323,67830
KROGER-1044,2025-04-01,264,68094
KROGER-1044,2025-04-02,307,68401
KROGER-1044,2025-04-03,303,68704
KROGER-1044,2025-04-04,308,69012
KROGER-1044,2025-04-05,296,69308
KROGER-1044,2025-04-06,286,69594
KROGER-1044,2025-04-07,288,69882
KROGER-1044,2025-04-08,297,70179
KROGER-1044,2025-04-09,328,70507
KROGER-1044,2025-04-10,343,70850
KROGER-1044,2025-04-11,333,71183
KROGER-1044,2025-04-12,336,71519
KROGER-1044,2025-04-13,289,71808
KROGER-1044,2025-04-14,290,72098
KROGER-1044,2025-04-15,305,72403
KROGER-1044,2025-04-16,284,72687
KROGER-1044,2025-04-17,313,73000
KROGER-1044,2025-04-18,317,73317
KROGER-1044,2025-04-19,328,73645
KROGER-1044,2025-04-20,340,73985
KROGER-1044,2025-04-21,278,74263
KROGER-1044,2025-04-22,322,74585
KROGER-1044,2025-04-23,283,74868
KROGER-1044,2025-04-24,277,75145
KROGER-1044,2025-04-25,312,75457
KROGER-1044,2025-04-26,345,75802
KROGER-1044,2025-04-27,327,76129
KROGER-1044,2025-04-28,300,76429
KROGER-1044,2025-04-29,307,76736
KROGER-1044,2025-04-30,303,77039
KROGER-1044,2025-05-01,273,77312
KROGER-1044,2025-05-02,270,77582
KROGER-1044,2025-05-03,313,77895
KROGER-1044,2025-05-04,317,78212
KROGER-1044,2025-05-05,300,78512
KROGER-1044,2025-05-06,316,78828
KROGER-1044,2025-05-07,294,79122
KROGER-1044,2025-05-08,313,79435
KROGER-1044,2025-05-09,296,79731
KROGER-1044,2025-05-10,361,80092
KROGER-1044,2025-05-11,317,80409
KROGER-1044,2025-05-12,356,80765
KROGER-1044,2025-05-13,308,81073
KROGER-1044,2025-05-14,294,81367
KROGER-1044,2025-05-15,278,81645
KROGER-1044,2025-05-16,265,81910
KROGER-1044,2025-05-17,290,82200
KROGER-1044,2025-05-18,292,82492
KROGER-1044,2025-05-19,309,82801
KROGER-1044,2025-05-20,287,83088
KROGER-1044,2025-05-21,304,83392
KROGER-1044,2025-05-22,330,83722
KROGER-1044,2025-05-23,297,84019
KROGER-1044,2025-05-24,367,84386
KROGER-1044,2025-05-25,285,84671
KROGER-1044,2025-05-26,296,84967
KROGER-1044,2025-05-27,287,85254
KROGER-1044,2025-05-28,322,85576
KROGER-1044,2025-05-29,246,85822
KROGER-1044,2025-05-30,265,86087
KROGER-1044,2025-05-31,312,86399
KROGER-1044,2025-06-01,354,86753
KROGER-1044,2025-06-02,305,87058
KROGER-1044,2025-06-03,267,87325
KROGER-1044,2025-06-04,271,87596
KROGER-1044,2025-06-05,340,87936
KROGER-1044,2025-06-06,285,88221
KROGER-1044,2025-06-07,291,88512
KROGER-1044,2025-06-08,352,88864
KROGER-1044,2025-06-09,324,89188
KROGER-1044,2025-06-10,330,89518
KROGER-1044,2025-06-11,277,89795
KROGER-1044,2025-06-12,263,90058
KROGER-1044,2025-06-13,303,90361
KROGER-1044,2025-06-14,323,90684
KROGER-1044,2025-06-15,324,91008
KROGER-1044,2025-06-16,335,91343
KROGER-1044,2025-06-17,258,91601
KROGER-1044,2025-06-18,320,91921
KROGER-1044,2025-06-19,273,92194
KROGER-1044,2025-06-20,320,92514
KROGER-1044,2025-06-21,303,92817
KROGER-1044,2025-06-22,294,93111
KROGER-1044,2025-06-23,285,93396
KROGER-1044,2025-06-24,265,93661
KROGER-1044,2025-06-25,301,93962
KROGER-1044,2025-06-26,281,94243
KROGER-1044,2025-06-27,318,94561
KROGER-1044,2025-06-28,331,94892
KROGER-1044,2025-06-29,357,95249
KROGER-1044,2025-06-30,308,95557
KROGER-1044,2025-07-01,312,95869
KROGER-1044,2025-07-02,333,96202
KROGER-1044,2025-07-03,285,96487
KROGER-1044,2025-07-04,264,96751
KROGER-1044,2025-07-05,320,97071
KROGER-1044,2025-07-06,279,97350
KROGER-1044,2025-07-07,358,97708
KROGER-1044,2025-07-08,335,98043
KROGER-1044,2025-07-09,352,98395
KROGER-1044,2025-07-10,301,98696
KROGER-1044,2025-07-11,313,99009
KROGER-1044,2025-07-12,303,99312
KROGER-1044,2025-07-13,337,99649
KROGER-1044,2025-07-14,270,99919
KROGER-1044,2025-07-15,239,100158
KROGER-1044,2025-07-16,281,100439
KROGER-1044,2025-07-17,265,100704
KROGER-1044,2025-07-18,335,101039
KROGER-1044,2025-07-19,360,101399
KROGER-1044,2025-07-20,279,101678
KROGER-1044,2025-07-21,331,102009
KROGER-1044,2025-07-22,322,102331
KROGER-1044,2025-07-23,262,102593
KROGER-1044,2025-07-24,290,102883
KROGER-1044,2025-07-25,286,103169
KROGER-1044,2025-07-26,333,103502
KROGER-1044,2025-07-27,284,103786
KROGER-1044,2025-07-28,297,104083
KROGER-1044,2025-07-29,283,104366
KROGER-1044,2025-07-30,311,104677
KROGER-1044,2025-07-31,294,104971
KROGER-1044,2025-08-01,287,105258
KROGER-1044,2025-08-02,309,105567
KROGER-1044,2025-08-03,366,105933
KROGER-1044,2025-08-04,290,106223
KROGER-1044,2025-08-05,275,106498
KROGER-1044,2025-08-06,314,106812
KROGER-1044,2025-08-07,296,107108
KROGER-1044,2025-08-08,266,107374
KROGER-1044,2025-08-09,371,107745
KROGER-1044,2025-08-10,306,108051
KROGER-1044,2025-08-11,291,108342
KROGER-1044,2025-08-12,303,108645
KROGER-1044,2025-08-13,341,108986
KROGER-1044,2025-08-14,259,109245
KROGER-1044,2025-08-15,306,109551
KROGER-1044,2025-08-16,367,109918
KROGER-1044,2025-08-17,318,110236
KROGER-1044,2025-08-18,270,110506
KROGER-1044,2025-08-19,285,110791
KROGER-1044,2025-08-20,305,111096
KROGER-1044,2025-08-21,332,111428
KROGER-1044,2025-08-22,291,111719
KROGER-1044,2025-08-23,335,112054
KROGER-1044,2025-08-24,278,112332
KROGER-1044,2025-08-25,265,112597
KROGER-1044,2025-08-26,288,112885
KROGER-1044,2025-08-27,334,113219
KROGER-1044,2025-08-28,301,113520
KROGER-1044,2025-08-29,307,113827
KROGER-1044,2025-08-30,322,114149
KROGER-1044,2025-08-31,343,114492
KROGER-1045,2024-09-01,249,249
KROGER-1045,2024-09-02,263,512
KROGER-1045,2024-09-03,232,744
KROGER-1045,2024-09-04,289,1033
KROGER-1045,2024-09-05,233,1266
KROGER-1045,2024-09-06,231,1497
KROGER-1045,2024-09-07,273,1770
KROGER-1045,2024-09-08,263,2033
KROGER-1045,2024-09-09,256,2289
KROGER-1045,2024-09-10,254,2543
KROGER-1045,2024-09-11,227,2770
KROGER-1045,2024-09-12,281,3051
KROGER-1045,2024-09-13,267,3318
KROGER-1045,2024-09-14,290,3608
KROGER-1045,2024-09-15,250,3858
KROGER-1045,2024-09-16,257,4115
KROGER-1045,2024-09-17,253,4368
KROGER-1045,2024-09-18,271,4639
KROGER-1045,2024-09-19,272,4911
KROGER-1045,2024-09-20,253,5164
KROGER-1045,2024-09-21,230,5394
KROGER-1045,2024-09-22,299,5693
KROGER-1045,2024-09-23,260,5953
KROGER-1045,2024-09-24,237,6190
KROGER-1045,2024-09-25,257,6447
KROGER-1045,2024-09-26,219,6666
KROGER-1045,2024-09-27,270,6936
KROGER-1045,2024-09-28,231,7167
KROGER-1045,2024-09-29,257,7424
KROGER-1045,2024-09-30,254,7678
KROGER-1045,2024-10-01,270,7948
KROGER-1045,2024-10-02,251,8199
KROGER-1045,2024-10-03,262,8461
KROGER-1045,2024-10-04,248,8709
KROGER-1045,2024-10-05,261,8970
KROGER-1045,2024-10-06,263,9233
KROGER-1045,2024-10-07,245,9478
KROGER-1045,2024-10-08,215,9693
KROGER-1045,2024-10-09,234,9927
KROGER-1045,2024-10-10,254,10181
KROGER-1045,2024-10-11,244,10425
KROGER-1045,2024-10-12,258,10683
KROGER-1045,2024-10-13,255,10938
KROGER-1045,2024-10-14,232,11170
KROGER-1045,2024-10-15,239,11409
KROGER-1045,2024-10-16,243,11652
KROGER-1045,2024-10-17,249,11901
KROGER-1045,2024-10-18,257,12158
KROGER-1045,2024-10-19,258,12416
KROGER-1045,2024-10-20,240,12656
KROGER-1045,2024-10-21,221,12877
KROGER-1045,2024-10-22,301,13178
KROGER-1045,2024-10-23,226,13404
KROGER-1045,2024-10-24,239,13643
KROGER-1045,2024-10-25,259,13902
KROGER-1045,2024-10-26,269,14171
KROGER-1045,2024-10-27,272,14443
KROGER-1045,2024-10-28,240,14683
KROGER-1045,2024-10-29,254,14937
KROGER-1045,2024-10-30,250,15187
KROGER-1045,2024-10-31,243,15430
KROGER-1045,2024-11-01,305,15735
KROGER-1045,2024-11-02,340,16075
KROGER-1045,2024-11-03,313,16388
KROGER-1045,2024-11-04,299,16687
KROGER-1045,2024-11-05,324,17011
KROGER-1045,2024-11-06,322,17333
KROGER-1045,2024-11-07,337,17670
KROGER-1045,2024-11-08,257,17927
KROGER-1045,2024-11-09,337,18264
KROGER-1045,2024-11-10,329,18593
KROGER-1045,2024-11-11,278,18871
KROGER-1045,2024-11-12,305,19176
KROGER-1045,2024-11-13,324,19500
KROGER-1045,2024-11-14,279,19779
KROGER-1045,2024-11-15,309,20088
KROGER-1045,2024-11-16,336,20424
KROGER-1045,2024-11-17,287,20711
KROGER-1045,2024-11-18,295,21006
KROGER-1045,2024-11-19,306,21312
KROGER-1045,2024-11-20,280,21592
KROGER-1045,2024-11-21,278,21870
KROGER-1045,2024-11-22,296,22166
KROGER-1045,2024-11-23,334,22500
KROGER-1045,2024-11-24,330,22830
KROGER-1045,2024-11-25,278,23108
KROGER-1045,2024-11-26,314,23422
KROGER-1045,2024-11-27,279,23701
KROGER-1045,2024-11-28,260,23961
KROGER-1045,2024-11-29,290,24251
KROGER-1045,2024-11-30,342,24593
KROGER-1045,2024-12-01,330,24923
KROGER-1045,2024-12-02,299,25222
KROGER-1045,2024-12-03,289,25511
KROGER-1045,2024-12-04,290,25801
KROGER-1045,2024-12-05,301,26102
KROGER-1045,2024-12-06,273,26375
KROGER-1045,2024-12-07,305,26680
KROGER-1045,2024-12-08,308,26988
KROGER-1045,2024-12-09,267,27255
KROGER-1045,2024-12-10,279,27534
KROGER-1045,2024-12-11,309,27843
KROGER-1045,2024-12-12,299,28142
KROGER-1045,2024-12-13,291,28433
KROGER-1045,2024-12-14,291,28724
KROGER-1045,2024-12-15,353,29077
KROGER-1045,2024-12-16,279,29356
KROGER-1045,2024-12-17,305,29661
KROGER-1045,2024-12-18,287,29948
KROGER-1045,2024-12-19,300,30248
KROGER-1045,2024-12-20,310,30558
KROGER-1045,2024-12-21,279,30837
KROGER-1045,2024-12-22,314,31151
KROGER-1045,2024-12-23,327,31478
KROGER-1045,2024-12-24,341,31819
KROGER-1045,2024-12-25,296,32115
KROGER-1045,2024-12-26,300,32415
KROGER-1045,2024-12-27,352,32767
KROGER-1045,2024-12-28,342,33109
KROGER-1045,2024-12-29,298,33407
KROGER-1045,2024-12-30,284,33691
KROGER-1045,2024-12-31,322,34013
KROGER-1045,2025-01-01,229,34242
KROGER-1045,2025-01-02,271,34513
KROGER-1045,2025-01-03,256,34769
KROGER-1045,2025-01-04,272,35041
KROGER-1045,2025-01-05,256,35297
KROGER-1045,2025-01-06,236,35533
KROGER-1045,2025-01-07,278,35811
KROGER-1045,2025-01-08,244,36055
KROGER-1045,2025-01-09,241,36296
KROGER-1045,2025-01-10,247,36543
KROGER-1045,2025-01-11,265,36808
KROGER-1045,2025-01-12,240,37048
KROGER-1045,2025-01-13,238,37286
KROGER-1045,2025-01-14,237,37523
KROGER-1045,2025-01-15,266,37789
KROGER-1045,2025-01-16,231,38020
KROGER-1045,2025-01-17,214,38234
KROGER-1045,2025-01-18,220,38454
KROGER-1045,2025-01-19,231,38685
KROGER-1045,2025-01-20,276,38961
KROGER-1045,2025-01-21,249,39210
KROGER-1045,2025-01-22,259,39469
KROGER-1045,2025-01-23,260,39729
KROGER-1045,2025-01-24,250,39979
KROGER-1045,2025-01-25,260,40239
KROGER-1045,2025-01-26,283,40522
KROGER-1045,2025-01-27,252,40774
KROGER-1045,2025-01-28,277,41051
KROGER-1045,2025-01-29,261,41312
KROGER-1045,2025-01-30,237,41549
KROGER-1045,2025-01-31,239,41788
KROGER-1045,2025-02-01,246,42034
KROGER-1045,2025-02-02,287,42321
KROGER-1045,2025-02-03,241,42562
KROGER-1045,2025-02-04,233,42795
KROGER-1045,2025-02-05,255,43050
KROGER-1045,2025-02-06,247,43297
KROGER-1045,2025-02-07,255,43552
KROGER-1045,2025-02-08,301,43853
KROGER-1045,2025-02-09,281,44134
KROGER-1045,2025-02-10,250,44384
KROGER-1045,2025-02-11,221,44605
KROGER-1045,2025-02-12,239,44844
KROGER-1045,2025-02-13,263,45107
KROGER-1045,2025-02-14,226,45333
KROGER-1045,2025-02-15,306,45639
KROGER-1045,2025-02-16,262,45901
KROGER-1045,2025-02-17,250,46151
KROGER-1045,2025-02-18,236,46387
KROGER-1045,2025-02-19,259,46646
KROGER-1045,2025-02-20,226,46872
KROGER-1045,2025-02-21,292,47164
KROGER-1045,2025-02-22,289,47453
KROGER-1045,2025-02-23,282,47735
KROGER-1045,2025-02-24,221,47956
KROGER-1045,2025-02-25,253,48209
KROGER-1045,2025-02-26,273,48482
KROGER-1045,2025-02-27,261,48743
KROGER-1045,2025-02-28,229,48972
KROGER-1045,2025-03-01,248,49220
KROGER-1045,2025-03-02,252,49472
KROGER-1045,2025-03-03,237,49709
KROGER-1045,2025-03-04,279,49988
KROGER-1045,2025-03-05,211,50199
KROGER-1045,2025-03-06,262,50461
KROGER-1045,2025-03-07,223,50684
KROGER-1045,2025-03-08,241,50925
KROGER-1045,2025-03-09,219,51144
KROGER-1045,2025-03-10,238,51382
KROGER-1045,2025-03-11,279,51661
KROGER-1045,2025-03-12,254,51915
KROGER-1045,2025-03-13,225,52140
KROGER-1045,2025-03-14,269,52409
KROGER-1045,2025-03-15,287,52696
KROGER-1045,2025-03-16,264,52960
KROGER-1045,2025-03-17,290,53250
KROGER-1045,2025-03-18,265,53515
KROGER-1045,2025-03-19,263,53778
KROGER-1045,2025-03-20,233,54011
KROGER-1045,2025-03-21,262,54273
KROGER-1045,2025-03-22,266,54539
KROGER-1045,2025-03-23,272,54811
KROGER-1045,2025-03-24,235,55046
KROGER-1045,2025-03-25,252,55298
KROGER-1045,2025-03-26,233,55531
KROGER-1045,2025-03-27,206,55737
KROGER-1045,2025-03-28,269,56006
KROGER-1045,2025-03-29,230,56236
KROGER-1045,2025-03-30,264,56500
KROGER-1045,2025-03-31,256,56756
KROGER-1045,2025-04-01,255,57011
KROGER-1045,2025-04-02,243,57254
KROGER-1045,2025-04-03,254,57508
KROGER-1045,2025-04-04,258,57766
KROGER-1045,2025-04-05,277,58043
KROGER-1045,2025-04-06,298,58341
KROGER-1045,2025-04-07,254,58595
KROGER-1045,2025-04-08,250,58845
KROGER-1045,2025-04-09,231,59076
KROGER-1045,2025-04-10,258,59334
KROGER-1045,2025-04-11,262,59596
KROGER-1045,2025-04-12,257,59853
KROGER-1045,2025-04-13,273,60126
KROGER-1045,2025-04-14,243,60369
KROGER-1045,2025-04-15,262,60631
KROGER-1045,2025-04-16,267,60898
KROGER-1045,2025-04-17,267,61165
KROGER-1045,2025-04-18,251,61416
KROGER-1045,2025-04-19,240,61656
KROGER-1045,2025-04-20,249,61905
KROGER-1045,2025-04-21,261,62166
KROGER-1045,2025-04-22,298,62464
KROGER-1045,2025-04-23,242,62706
KROGER-1045,2025-04-24,258,62964
KROGER-1045,2025-04-25,238,63202
KROGER-1045,2025-04-26,241,63443
KROGER-1045,2025-04-27,247,63690
KROGER-1045,2025-04-28,207,63897
KROGER-1045,2025-04-29,276,64173
KROGER-1045,2025-04-30,204,64377
KROGER-1045,2025-05-01,244,64621
KROGER-1045,2025-05-02,225,64846
KROGER-1045,2025-05-03,243,65089
KROGER-1045,2025-05-04,290,65379
KROGER-1045,2025-05-05,253,65632
KROGER-1045,2025-05-06,230,65862
KROGER-1045,2025-05-07,237,66099
KROGER-1045,2025-05-08,234,66333
KROGER-1045,2025-05-09,248,66581
KROGER-1045,2025-05-10,265,66846
KROGER-1045,2025-05-11,301,67147
KROGER-1045,2025-05-12,211,67358
KROGER-1045,2025-05-13,248,67606
KROGER-1045,2025-05-14,243,67849
KROGER-1045,2025-05-15,268,68117
KROGER-1045,2025-05-16,256,68373
KROGER-1045,2025-05-17,274,68647
KROGER-1045,2025-05-18,269,68916
KROGER-1045,2025-05-19,230,69146
KROGER-1045,2025-05-20,273,69419
KROGER-1045,2025-05-21,265,69684
KROGER-1045,2025-05-22,267,69951
KROGER-1045,2025-05-23,274,70225
KROGER-1045,2025-05-24,270,70495
KROGER-1045,2025-05-25,292,70787
KROGER-1045,2025-05-26,257,71044
KROGER-1045,2025-05-27,245,71289
KROGER-1045,2025-05-28,249,71538
KROGER-1045,2025-05-29,249,71787
KROGER-1045,2025-05-30,239,72026
KROGER-1045,2025-05-31,296,72322
KROGER-1045,2025-06-01,268,72590
KROGER-1045,2025-06-02,251,72841
KROGER-1045,2025-06-03,257,73098
KROGER-1045,2025-06-04,308,73406
KROGER-1045,2025-06-05,226,73632
KROGER-1045,2025-06-06,232,73864
KROGER-1045,2025-06-07,233,74097
KROGER-1045,2025-06-08,257,74354
KROGER-1045,2025-06-09,254,74608
KROGER-1045,2025-06-10,240,74848
KROGER-1045,2025-06-11,238,75086
KROGER-1045,2025-06-12,252,75338
KROGER-1045,2025-06-13,239,75577
KROGER-1045,2025-06-14,268,75845
KROGER-1045,2025-06-15,285,76130
KROGER-1045,2025-06-16,262,76392
KROGER-1045,2025-06-17,267,76659
KROGER-1045,2025-06-18,271,76930
KROGER-1045,2025-06-19,255,77185
KROGER-1045,2025-06-20,246,77431
KROGER-1045,2025-06-21,245,77676
KROGER-1045,2025-06-22,253,77929
KROGER-1045,2025-06-23,239,78168
KROGER-1045,2025-06-24,264,78432
KROGER-1045,2025-06-25,256,78688
KROGER-1045,2025-06-26,263,78951
KROGER-1045,2025-06-27,226,79177
KROGER-1045,2025-06-28,291,79468
KROGER-1045,2025-06-29,253,79721
KROGER-1045,2025-06-30,227,79948
KROGER-1045,2025-07-01,240,80188
KROGER-1045,2025-07-02,299,80487
KROGER-1045,2025-07-03,241,80728
KROGER-1045,2025-07-04,242,80970
KROGER-1045,2025-07-05,257,81227
KROGER-1045,2025-07-06,258,81485
KROGER-1045,2025-07-07,233,81718
KROGER-1045,2025-07-08,252,81970
KROGER-1045,2025-07-09,270,82240
KROGER-1045,2025-07-10,255,82495
KROGER-1045,2025-07-11,227,82722
KROGER-1045,2025-07-12,254,82976
KROGER-1045,2025-07-13,250,83226
KROGER-1045,2025-07-14,250,83476
KROGER-1045,2025-07-15,276,83752
KROGER-1045,2025-07-16,246,83998
KROGER-1045,2025-07-17,247,84245
KROGER-1045,2025-07-18,284,84529
KROGER-1045,2025-07-19,280,84809
KROGER-1045,2025-07-20,273,85082
KROGER-1045,2025-07-21,288,85370
KROGER-1045,2025-07-22,259,85629
KROGER-1045,2025-07-23,209,85838
KROGER-1045,2025-07-24,266,86104
KROGER-1045,2025-07-25,217,86321
KROGER-1045,2025-07-26,271,86592
KROGER-1045,2025-07-27,226,86818
KROGER-1045,2025-07-28,240,87058
KROGER-1045,2025-07-29,242,87300
KROGER-1045,2025-07-30,234,87534
KROGER-1045,2025-07-31,242,87776
KROGER-1045,2025-08-01,270,88046
KROGER-1045,2025-08-02,246,88292
KROGER-1045,2025-08-03,273,88565
KROGER-1045,2025-08-04,230,88795
KROGER-1045,2025-08-05,245,89040
KROGER-1045,2025-08-06,255,89295
KROGER-1045,2025-08-07,229,89524
KROGER-1045,2025-08-08,223,89747
KROGER-1045,2025-08-09,272,90019
KROGER-1045,2025-08-10,285,90304
KROGER-1045,2025-08-11,247,90551
KROGER-1045,2025-08-12,240,90791
KROGER-1045,2025-08-13,252,91043
KROGER-1045,2025-08-14,250,91293
KROGER-1045,2025-08-15,254,91547
KROGER-1045,2025-08-16,208,91755
KROGER-1045,2025-08-17,239,91994
KROGER-1045,2025-08-18,232,92226
KROGER-1045,2025-08-19,252,92478
KROGER-1045,2025-08-20,253,92731
KROGER-1045,2025-08-21,262,92993
KROGER-1045,2025-08-22,254,93247
KROGER-1045,2025-08-23,234,93481
KROGER-1045,2025-08-24,292,93773
KROGER-1045,2025-08-25,274,94047
KROGER-1045,2025-08-26,224,94271
KROGER-1045,2025-08-27,256,94527
KROGER-1045,2025-08-28,237,94764
KROGER-1045,2025-08-29,252,95016
KROGER-1045,2025-08-30,284,95300
KROGER-1045,2025-08-31,306,95606
KROGER-1046,2024-09-01,312,312
KROGER-1046,2024-09-02,286,598
KROGER-1046,2024-09-03,272,870
KROGER-1046,2024-09-04,284,1154
KROGER-1046,2024-09-05,310,1464
KROGER-1046,2024-09-06,279,1743
KROGER-1046,2024-09-07,273,2016
KROGER-1046,2024-09-08,256,2272
KROGER-1046,2024-09-09,291,2563
KROGER-1046,2024-09-10,285,2848
KROGER-1046,2024-09-11,265,3113
KROGER-1046,2024-09-12,303,3416
KROGER-1046,2024-09-13,270,3686
KROGER-1046,2024-09-14,291,3977
KROGER-1046,2024-09-15,293,4270
KROGER-1046,2024-09-16,272,4542
KROGER-1046,2024-09-17,285,4827
KROGER-1046,2024-09-18,306,5133
KROGER-1046,2024-09-19,254,5387
KROGER-1046,2024-09-20,291,5678
KROGER-1046,2024-09-21,298,5976
KROGER-1046,2024-09-22,297,6273
KROGER-1046,2024-09-23,299,6572
KROGER-1046,2024-09-24,281,6853
KROGER-1046,2024-09-25,291,7144
KROGER-1046,2024-09-26,296,7440
KROGER-1046,2024-09-27,269,7709
KROGER-1046,2024-09-28,301,8010
KROGER-1046,2024-09-29,288,8298
KROGER-1046,2024-09-30,277,8575
KROGER-1046,2024-10-01,273,8848
KROGER-1046,2024-10-02,290,9138
KROGER-1046,2024-10-03,282,9420
KROGER-1046,2024-10-04,289,9709
KROGER-1046,2024-10-05,293,10002
KROGER-1046,2024-10-06,256,10258
KROGER-1046,2024-10-07,281,10539
KROGER-1046,2024-10-08,281,10820
KROGER-1046,2024-10-09,285,11105
KROGER-1046,2024-10-10,267,11372
KROGER-1046,2024-10-11,253,11625
KROGER-1046,2024-10-12,309,11934
KROGER-1046,2024-10-13,287,12221
KROGER-1046,2024-10-14,284,12505
KROGER-1046,2024-10-15,274,12779
KROGER-1046,2024-10-16,280,13059
KROGER-1046,2024-10-17,270,13329
KROGER-1046,2024-10-18,258,13587
KROGER-1046,2024-10-19,305,13892
KROGER-1046,2024-10-20,280,14172
KROGER-1046,2024-10-21,284,14456
KROGER-1046,2024-10-22,289,14745
KROGER-1046,2024-10-23,267,15012
KROGER-1046,2024-10-24,253,15265
KROGER-1046,2024-10-25,334,15599
KROGER-1046,2024-10-26,281,15880
KROGER-1046,2024-10-27,309,16189
KROGER-1046,2024-10-28,323,16512
KROGER-1046,2024-10-29,298,16810
KROGER-1046,2024-10-30,273,17083
KROGER-1046,2024-10-31,278,17361
KROGER-1046,2024-11-01,314,17675
KROGER-1046,2024-11-02,378,18053
KROGER-1046,2024-11-03,369,18422
KROGER-1046,2024-11-04,322,18744
KROGER-1046,2024-11-05,308,19052
KROGER-1046,2024-11-06,300,19352
KROGER-1046,2024-11-07,362,19714
KROGER-1046,2024-11-08,339,20053
KROGER-1046,2024-11-09,359,20412
KROGER-1046,2024-11-10,329,20741
KROGER-1046,2024-11-11,297,21038
KROGER-1046,2024-11-12,362,21400
KROGER-1046,2024-11-13,337,21737
KROGER-1046,2024-11-14,360,22097
KROGER-1046,2024-11-15,326,22423
KROGER-1046,2024-11-16,346,22769
KROGER-1046,2024-11-17,373,23142
KROGER-1046,2024-11-18,356,23498
KROGER-1046,2024-11-19,357,23855
KROGER-1046,2024-11-20,328,24183
KROGER-1046,2024-11-21,352,24535
KROGER-1046,2024-11-22,366,24901
KROGER-1046,2024-11-23,350,25251
KROGER-1046,2024-11-24,338,25589
KROGER-1046,2024-11-25,372,25961
KROGER-1046,2024-11-26,318,26279
KROGER-1046,2024-11-27,353,26632
KROGER-1046,2024-11-28,334,26966
KROGER-1046,2024-11-29,286,27252
KROGER-1046,2024-11-30,385,27637
KROGER-1046,2024-12-01,275,27912
KROGER-1046,2024-12-02,283,28195
KROGER-1046,2024-12-03,350,28545
KROGER-1046,2024-12-04,350,28895
KROGER-1046,2024-12-05,319,29214
KROGER-1046,2024-12-06,340,29554
KROGER-1046,2024-12-07,281,29835
KROGER-1046,2024-12-08,373,30208
KROGER-1046,2024-12-09,343,30551
KROGER-1046,2024-12-10,335,30886
KROGER-1046,2024-12-11,336,31222
KROGER-1046,2024-12-12,349,31571
KROGER-1046,2024-12-13,335,31906
KROGER-1046,2024-12-14,300,32206
KROGER-1046,2024-12-15,415,32621
KROGER-1046,2024-12-16,368,32989
KROGER-1046,2024-12-17,301,33290
KROGER-1046,2024-12-18,327,33617
KROGER-1046,2024-12-19,330,33947
KROGER-1046,2024-12-20,365,34312
KROGER-1046,2024-12-21,292,34604
KROGER-1046,2024-12-22,339,34943
KROGER-1046,2024-12-23,289,35232
KROGER-1046,2024-12-24,328,35560
KROGER-1046,2024-12-25,323,35883
KROGER-1046,2024-12-26,338,36221
KROGER-1046,2024-12-27,320,36541
KROGER-1046,2024-12-28,332,36873
KROGER-1046,2024-12-29,370,37243
KROGER-1046,2024-12-30,348,37591
KROGER-1046,2024-12-31,351,37942
KROGER-1046,2025-01-01,276,38218
KROGER-1046,2025-01-02,267,38485
KROGER-1046,2025-01-03,277,38762
KROGER-1046,2025-01-04,306,39068
KROGER-1046,2025-01-05,243,39311
KROGER-1046,2025-01-06,289,39600
KROGER-1046,2025-01-07,287,39887
KROGER-1046,2025-01-08,281,40168
KROGER-1046,2025-01-09,277,40445
KROGER-1046,2025-01-10,222,40667
KROGER-1046,2025-01-11,284,40951
KROGER-1046,2025-01-12,336,41287
KROGER-1046,2025-01-13,280,41567
KROGER-1046,2025-01-14,273,41840
KROGER-1046,2025-01-15,280,42120
KROGER-1046,2025-01-16,288,42408
KROGER-1046,2025-01-17,295,42703
KROGER-1046,2025-01-18,288,42991
KROGER-1046,2025-01-19,304,43295
KROGER-1046,2025-01-20,317,43612
KROGER-1046,2025-01-21,302,43914
KROGER-1046,2025-01-22,332,44246
KROGER-1046,2025-01-23,265,44511
KROGER-1046,2025-01-24,317,44828
KROGER-1046,2025-01-25,275,45103
KROGER-1046,2025-01-26,302,45405
KROGER-1046,2025-01-27,296,45701
KROGER-1046,2025-01-28,268,45969
KROGER-1046,2025-01-29,282,46251
KROGER-1046,2025-01-30,300,46551
KROGER-1046,2025-01-31,264,46815
KROGER-1046,2025-02-01,333,47148
KROGER-1046,2025-02-02,261,47409
KROGER-1046,2025-02-03,323,47732
KROGER-1046,2025-02-04,302,48034
KROGER-1046,2025-02-05,278,48312
KROGER-1046,2025-02-06,271,48583
KROGER-1046,2025-02-07,268,48851
KROGER-1046,2025-02-08,291,49142
KROGER-1046,2025-02-09,293,49435
KROGER-1046,2025-02-10,308,49743
KROGER-1046,2025-02-11,324,50067
KROGER-1046,2025-02-12,284,50351
KROGER-1046,2025-02-13,261,50612
KROGER-1046,2025-02-14,268,50880
KROGER-1046,2025-02-15,290,51170
KROGER-1046,2025-02-16,270,51440
KROGER-1046,2025-02-17,253,51693
KROGER-1046,2025-02-18,327,52020
KROGER-1046,2025-02-19,287,52307
KROGER-1046,2025-02-20,261,52568
KROGER-1046,2025-02-21,298,52866
KROGER-1046,2025-02-22,266,53132
KROGER-1046,2025-02-23,268,53400
KROGER-1046,2025-02-24,262,53662
KROGER-1046,2025-02-25,317,53979
KROGER-1046,2025-02-26,274,54253
KROGER-1046,2025-02-27,225,54478
KROGER-1046,2025-02-28,307,54785
KROGER-1046,2025-03-01,287,55072
KROGER-1046,2025-03-02,250,55322
KROGER-1046,2025-03-03,273,55595
KROGER-1046,2025-03-04,292,55887
KROGER-1046,2025-03-05,289,56176
KROGER-1046,2025-03-06,320,56496
KROGER-1046,2025-03-07,261,56757
KROGER-1046,2025-03-08,295,57052
KROGER-1046,2025-03-09,277,57329
KROGER-1046,2025-03-10,245,57574
KROGER-1046,2025-03-11,300,57874
KROGER-1046,2025-03-12,290,58164
KROGER-1046,2025-03-13,286,58450
KROGER-1046,2025-03-14,289,58739
KROGER-1046,2025-03-15,278,59017
KROGER-1046,2025-03-16,270,59287
KROGER-1046,2025-03-17,281,59568
KROGER-1046,2025-03-18,306,59874
KROGER-1046,2025-03-19,316,60190
KROGER-1046,2025-03-20,298,60488
KROGER-1046,2025-03-21,281,60769
KROGER-1046,2025-03-22,300,61069
KROGER-1046,2025-03-23,294,61363
KROGER-1046,2025-03-24,257,61620
KROGER-1046,2025-03-25,280,61900
KROGER-1046,2025-03-26,250,62150
KROGER-1046,2025-03-27,277,62427
KROGER-1046,2025-03-28,317,62744
KROGER-1046,2025-03-29,313,63057
KROGER-1046,2025-03-30,272,63329
KROGER-1046,2025-03-31,278,63607
KROGER-1046,2025-04-01,261,63868
KROGER-1046,2025-04-02,278,64146
KROGER-1046,2025-04-03,303,64449
KROGER-1046,2025-04-04,294,64743
KROGER-1046,2025-04-05,352,65095
KROGER-1046,2025-04-06,322,65417
KROGER-1046,2025-04-07,284,65701
KROGER-1046,2025-04-08,295,65996
KROGER-1046,2025-04-09,275,66271
KROGER-1046,2025-04-10,255,66526
KROGER-1046,2025-04-11,309,66835
KROGER-1046,2025-04-12,318,67153
KROGER-1046,2025-04-13,288,67441
KROGER-1046,2025-04-14,286,67727
KROGER-1046,2025-04-15,308,68035
KROGER-1046,2025-04-16,299,68334
KROGER-1046,2025-04-17,247,68581
KROGER-1046,2025-04-18,285,68866
KROGER-1046,2025-04-19,290,69156
KROGER-1046,2025-04-20,320,69476
KROGER-1046,2025-04-21,303,69779
KROGER-1046,2025-04-22,309,70088
KROGER-1046,2025-04-23,255,70343
KROGER-1046,2025-04-24,262,70605
KROGER-1046,2025-04-25,305,70910
KROGER-1046,2025-04-26,280,71190
KROGER-1046,2025-04-27,258,71448
KROGER-1046,2025-04-28,292,71740
KROGER-1046,2025-04-29,268,72008
KROGER-1046,2025-04-30,320,72328
KROGER-1046,2025-05-01,286,72614
KROGER-1046,2025-05-02,283,72897
KROGER-1046,2025-05-03,285,73182
KROGER-1046,2025-05-04,331,73513
KROGER-1046,2025-05-05,288,73801
KROGER-1046,2025-05-06,271,74072
KROGER-1046,2025-05-07,262,74334
KROGER-1046,2025-05-08,278,74612
KROGER-1046,2025-05-09,258,74870
KROGER-1046,2025-05-10,318,75188
KROGER-1046,2025-05-11,251,75439
KROGER-1046,2025-05-12,277,75716
KROGER-1046,2025-05-13,294,76010
KROGER-1046,2025-05-14,288,76298
KROGER-1046,2025-05-15,264,76562
KROGER-1046,2025-05-16,295,76857
KROGER-1046,2025-05-17,273,77130
KROGER-1046,2025-05-18,293,77423
KROGER-1046,2025-05-19,294,77717
KROGER-1046,2025-05-20,290,78007
KROGER-1046,2025-05-21,265,78272
KROGER-1046,2025-05-22,307,78579
KROGER-1046,2025-05-23,282,78861
KROGER-1046,2025-05-24,311,79172
KROGER-1046,2025-05-25,330,79502
KROGER-1046,2025-05-26,305,79807
KROGER-1046,2025-05-27,305,80112
KROGER-1046,2025-05-28,284,80396
KROGER-1046,2025-05-29,298,80694
KROGER-1046,2025-05-30,285,80979
KROGER-1046,2025-05-31,265,81244
KROGER-1046,2025-06-01,301,81545
KROGER-1046,2025-06-02,286,81831
KROGER-1046,2025-06-03,293,82124
KROGER-1046,2025-06-04,277,82401
KROGER-1046,2025-06-05,263,82664
KROGER-1046,2025-06-06,295,82959
KROGER-1046,2025-06-07,263,83222
KROGER-1046,2025-06-08,328,83550
KROGER-1046,2025-06-09,275,83825
KROGER-1046,2025-06-10,285,84110
KROGER-1046,2025-06-11,292,84402
KROGER-1046,2025-06-12,293,84695
KROGER-1046,2025-06-13,248,84943
KROGER-1046,2025-06-14,313,85256
KROGER-1046,2025-06-15,301,85557
KROGER-1046,2025-06-16,266,85823
KROGER-1046,2025-06-17,263,86086
KROGER-1046,2025-06-18,272,86358
KROGER-1046,2025-06-19,251,86609
KROGER-1046,2025-06-20,318,86927
KROGER-1046,2025-06-21,329,87256
KROGER-1046,2025-06-22,305,87561
KROGER-1046,2025-06-23,275,87836
KROGER-1046,2025-06-24,275,88111
KROGER-1046,2025-06-25,297,88408
KROGER-1046,2025-06-26,319,88727
KROGER-1046,2025-06-27,267,88994
KROGER-1046,2025-06-28,268,89262
KROGER-1046,2025-06-29,330,89592
KROGER-1046,2025-06-30,240,89832
KROGER-1046,2025-07-01,257,90089
KROGER-1046,2025-07-02,274,90363
KROGER-1046,2025-07-03,245,90608
KROGER-1046,2025-07-04,305,90913
KROGER-1046,2025-07-05,314,91227
KROGER-1046,2025-07-06,280,91507
KROGER-1046,2025-07-07,309,91816
KROGER-1046,2025-07-08,312,92128
KROGER-1046,2025-07-09,277,92405
KROGER-1046,2025-07-10,270,92675
KROGER-1046,2025-07-11,331,93006
KROGER-1046,2025-07-12,311,93317
KROGER-1046,2025-07-13,300,93617
KROGER-1046,2025-07-14,310,93927
KROGER-1046,2025-07-15,287,94214
KROGER-1046,2025-07-16,269,94483
KROGER-1046,2025-07-17,282,94765
KROGER-1046,2025-07-18,303,95068
KROGER-1046,2025-07-19,247,95315
KROGER-1046,2025-07-20,287,95602
KROGER-1046,2025-07-21,311,95913
KROGER-1046,2025-07-22,268,96181
KROGER-1046,2025-07-23,315,96496
KROGER-1046,2025-07-24,312,96808
KROGER-1046,2025-07-25,278,97086
KROGER-1046,2025-07-26,280,97366
KROGER-1046,2025-07-27,287,97653
KROGER-1046,2025-07-28,340,97993
KROGER-1046,2025-07-29,322,98315
KROGER-1046,2025-07-30,283,98598
KROGER-1046,2025-07-31,266,98864
KROGER-1046,2025-08-01,282,99146
KROGER-1046,2025-08-02,300,99446
KROGER-1046,2025-08-03,265,99711
KROGER-1046,2025-08-04,282,99993
KROGER-1046,2025-08-05,310,100303
KROGER-1046,2025-08-06,239,100542
KROGER-1046,2025-08-07,298,100840
KROGER-1046,2025-08-08,311,101151
KROGER-1046,2025-08-09,281,101432
KROGER-1046,2025-08-10,334,101766
KROGER-1046,2025-08-11,264,102030
KROGER-1046,2025-08-12,290,102320
KROGER-1046,2025-08-13,273,102593
KROGER-1046,2025-08-14,273,102866
KROGER-1046,2025-08-15,266,103132
KROGER-1046,2025-08-16,310,103442
KROGER-1046,2025-08-17,314,103756
KROGER-1046,2025-08-18,278,104034
KROGER-1046,2025-08-19,249,104283
KROGER-1046,2025-08-20,289,104572
KROGER-1046,2025-08-21,289,104861
KROGER-1046,2025-08-22,275,105136
KROGER-1046,2025-08-23,338,105474
KROGER-1046,2025-08-24,257,105731
KROGER-1046,2025-08-25,230,105961
KROGER-1046,2025-08-26,263,106224
KROGER-1046,2025-08-27,296,106520
KROGER-1046,2025-08-28,256,106776
KROGER-1046,2025-08-29,258,107034
KROGER-1046,2025-08-30,316,107350
KROGER-1046,2025-08-31,305,107655
KROGER-1047,2024-09-01,1153,1153
KROGER-1047,2024-09-02,1132,2285
KROGER-1047,2024-09-03,1029,3314
KROGER-1047,2024-09-04,1033,4347
KROGER-1047,2024-09-05,1135,5482
KROGER-1047,2024-09-06,951,6433
KROGER-1047,2024-09-07,927,7360
KROGER-1047,2024-09-08,1080,8440
KROGER-1047,2024-09-09,1145,9585
KROGER-1047,2024-09-10,1088,10673
KROGER-1047,2024-09-11,1139,11812
KROGER-1047,2024-09-12,894,12706
KROGER-1047,2024-09-13,1093,13799
KROGER-1047,2024-09-14,1178,14977
KROGER-1047,2024-09-15,998,15975
KROGER-1047,2024-09-16,1139,17114
KROGER-1047,2024-09-17,1056,18170
KROGER-1047,2024-09-18,1328,19498
KROGER-1047,2024-09-19,880,20378
KROGER-1047,2024-09-20,1183,21561
KROGER-1047,2024-09-21,1084,22645
KROGER-1047,2024-09-22,974,23619
KROGER-1047,2024-09-23,1021,24640
KROGER-1047,2024-09-24,1089,25729
KROGER-1047,2024-09-25,1154,26883
KROGER-1047,2024-09-26,1213,28096
KROGER-1047,2024-09-27,1187,29283
KROGER-1047,2024-09-28,1033,30316
KROGER-1047,2024-09-29,1220,31536
KROGER-1047,2024-09-30,1099,32635
KROGER-1047,2024-10-01,1010,33645
KROGER-1047,2024-10-02,1048,34693
KROGER-1047,2024-10-03,1005,35698
KROGER-1047,2024-10-04,1069,36767
KROGER-1047,2024-10-05,1054,37821
KROGER-1047,2024-10-06,1027,38848
KROGER-1047,2024-10-07,1107,39955
KROGER-1047,2024-10-08,1119,41074
KROGER-1047,2024-10-09,1050,42124
KROGER-1047,2024-10-10,1182,43306
KROGER-1047,2024-10-11,1044,44350
KROGER-1047,2024-10-12,1092,45442
KROGER-1047,2024-10-13,1178,46620
KROGER-1047,2024-10-14,1054,47674
KROGER-1047,2024-10-15,1073,48747
KROGER-1047,2024-10-16,851,49598
KROGER-1047,2024-10-17,1067,50665
KROGER-1047,2024-10-18,910,51575
KROGER-1047,2024-10-19,1010,52585
KROGER-1047,2024-10-20,999,53584
KROGER-1047,2024-10-21,977,54561
KROGER-1047,2024-10-22,1019,55580
KROGER-1047,2024-10-23,1024,56604
KROGER-1047,2024-10-24,1122,57726
KROGER-1047,2024-10-25,1085,58811
KROGER-1047,2024-10-26,949,59760
KROGER-1047,2024-10-27,1127,60887
KROGER-1047,2024-10-28,1093,61980
KROGER-1047,2024-10-29,1038,63018
KROGER-1047,2024-10-30,1061,64079
KROGER-1047,2024-10-31,1082,65161
KROGER-1047,2024-11-01,1357,66518
KROGER-1047,2024-11-02,1174,67692
KROGER-1047,2024-11-03,1317,69009
KROGER-1047,2024-11-04,1433,70442
KROGER-1047,2024-11-05,1424,71866
KROGER-1047,2024-11-06,1366,73232
KROGER-1047,2024-11-07,1334,74566
KROGER-1047,2024-11-08,1448,76014
KROGER-1047,2024-11-09,1549,77563
KROGER-1047,2024-11-10,1329,78892
KROGER-1047,2024-11-11,1180,80072
KROGER-1047,2024-11-12,1251,81323
KROGER-1047,2024-11-13,1596,82919
KROGER-1047,2024-11-14,1118,84037
KROGER-1047,2024-11-15,1231,85268
KROGER-1047,2024-11-16,1191,86459
KROGER-1047,2024-11-17,1356,87815
KROGER-1047,2024-11-18,1156,88971
KROGER-1047,2024-11-19,1268,90239
KROGER-1047,2024-11-20,1079,91318
KROGER-1047,2024-11-21,1342,92660
KROGER-1047,2024-11-22,1404,94064
KROGER-1047,2024-11-23,1302,95366
KROGER-1047,2024-11-24,1328,96694
KROGER-1047,2024-11-25,1262,97956
KROGER-1047,2024-11-26,1297,99253
KROGER-1047,2024-11-27,1275,100528
KROGER-1047,2024-11-28,1358,101886
KROGER-1047,2024-11-29,1405,103291
KROGER-1047,2024-11-30,1255,104546
KROGER-1047,2024-12-01,1310,105856
KROGER-1047,2024-12-02,1371,107227
KROGER-1047,2024-12-03,1133,108360
KROGER-1047,2024-12-04,1077,109437
KROGER-1047,2024-12-05,1302,110739
KROGER-1047,2024-12-06,1330,112069
KROGER-1047,2024-12-07,1265,113334
KROGER-1047,2024-12-08,1281,114615
KROGER-1047,2024-12-09,1201,115816
KROGER-1047,2024-12-10,1190,117006
KROGER-1047,2024-12-11,1350,118356
KROGER-1047,2024-12-12,1158,119514
KROGER-1047,2024-12-13,1252,120766
KROGER-1047,2024-12-14,1246,122012
KROGER-1047,2024-12-15,1187,123199
KROGER-1047,2024-12-16,1368,124567
KROGER-1047,2024-12-17,1226,125793
KROGER-1047,2024-12-18,1298,127091
KROGER-1047,2024-12-19,1125,128216
KROGER-1047,2024-12-20,1203,129419
KROGER-1047,2024-12-21,1424,130843
KROGER-1047,2024-12-22,1621,132464
KROGER-1047,2024-12-23,1077,133541
KROGER-1047,2024-12-24,1258,134799
KROGER-1047,2024-12-25,1321,136120
KROGER-1047,2024-12-26,1216,137336
KROGER-1047,2024-12-27,1366,138702
KROGER-1047,2024-12-28,1250,139952
KROGER-1047,2024-12-29,1359,141311
KROGER-1047,2024-12-30,1226,142537
KROGER-1047,2024-12-31,1404,143941
KROGER-1047,2025-01-01,1008,144949
KROGER-1047,2025-01-02,1036,145985
KROGER-1047,2025-01-03,1146,147131
KROGER-1047,2025-01-04,1027,148158
KROGER-1047,2025-01-05,1125,149283
KROGER-1047,2025-01-06,910,150193
KROGER-1047,2025-01-07,973,151166
KROGER-1047,2025-01-08,1098,152264
KROGER-1047,2025-01-09,981,153245
KROGER-1047,2025-01-10,1019,154264
KROGER-1047,2025-01-11,1163,155427
KROGER-1047,2025-01-12,1067,156494
KROGER-1047,2025-01-13,1136,157630
KROGER-1047,2025-01-14,1084,158714
KROGER-1047,2025-01-15,1103,159817
KROGER-1047,2025-01-16,1172,160989
KROGER-1047,2025-01-17,1093,162082
KROGER-1047,2025-01-18,1257,163339
KROGER-1047,2025-01-19,1201,164540
KROGER-1047,2025-01-20,1021,165561
KROGER-1047,2025-01-21,1176,166737
KROGER-1047,2025-01-22,1088,167825
KROGER-1047,2025-01-23,1032,168857
KROGER-1047,2025-01-24,1089,169946
KROGER-1047,2025-01-25,1219,171165
KROGER-1047,2025-01-26,1160,172325
KROGER-1047,2025-01-27,1221,173546
KROGER-1047,2025-01-28,1158,174704
KROGER-1047,2025-01-29,1110,175814
KROGER-1047,2025-01-30,978,176792
KROGER-1047,2025-01-31,1050,177842
KROGER-1047,2025-02-01,1125,178967
KROGER-1047,2025-02-02,1181,180148
KROGER-1047,2025-02-03,1120,181268
KROGER-1047,2025-02-04,1080,182348
KROGER-1047,2025-02-05,1076,183424
KROGER-1047,2025-02-06,1127,184551
KROGER-1047,2025-02-07,992,185543
KROGER-1047,2025-02-08,1271,186814
KROGER-1047,2025-02-09,936,187750
KROGER-1047,2025-02-10,1190,188940
KROGER-1047,2025-02-11,1062,190002
KROGER-1047,2025-02-12,1151,191153
KROGER-1047,2025-02-13,1097,192250
KROGER-1047,2025-02-14,1095,193345
KROGER-1047,2025-02-15,1183,194528
KROGER-1047,2025-02-16,1159,195687
KROGER-1047,2025-02-17,989,196676
KROGER-1047,2025-02-18,1043,197719
KROGER-1047,2025-02-19,1065,198784
KROGER-1047,2025-02-20,1171,199955
KROGER-1047,2025-02-21,1107,201062
KROGER-1047,2025-02-22,1060,202122
KROGER-1047,2025-02-23,1037,203159
KROGER-1047,2025-02-24,1122,204281
KROGER-1047,2025-02-25,1025,205306
KROGER-1047,2025-02-26,1130,206436
KROGER-1047,2025-02-27,1061,207497
KROGER-1047,2025-02-28,1190,208687
KROGER-1047,2025-03-01,1053,209740
KROGER-1047,2025-03-02,1248,210988
KROGER-1047,2025-03-03,1150,212138
KROGER-1047,2025-03-04,1028,213166
KROGER-1047,2025-03-05,991,214157
KROGER-1047,2025-03-06,1230,215387
KROGER-1047,2025-03-07,989,216376
KROGER-1047,2025-03-08,1146,217522
KROGER-1047,2025-03-09,1150,218672
KROGER-1047,2025-03-10,1067,219739
KROGER-1047,2025-03-11,1132,220871
KROGER-1047,2025-03-12,986,221857
KROGER-1047,2025-03-13,1231,223088
KROGER-1047,2025-03-14,995,224083
KROGER-1047,2025-03-15,1106,225189
KROGER-1047,2025-03-16,990,226179
KROGER-1047,2025-03-17,1155,227334
KROGER-1047,2025-03-18,1227,228561
KROGER-1047,2025-03-19,1237,229798
KROGER-1047,2025-03-20,1163,230961
KROGER-1047,2025-03-21,1034,231995
KROGER-1047,2025-03-22,1119,233114
KROGER-1047,2025-03-23,1090,234204
KROGER-1047,2025-03-24,962,235166
KROGER-1047,2025-03-25,1041,236207
KROGER-1047,2025-03-26,1143,237350
KROGER-1047,2025-03-27,992,238342
KROGER-1047,2025-03-28,871,239213
KROGER-1047,2025-03-29,1007,240220
KROGER-1047,2025-03-30,1192,241412
KROGER-1047,2025-03-31,919,242331
KROGER-1047,2025-04-01,1025,243356
KROGER-1047,2025-04-02,1033,244389
KROGER-1047,2025-04-03,1088,245477
KROGER-1047,2025-04-04,1086,246563
KROGER-1047,2025-04-05,1155,247718
KROGER-1047,2025-04-06,1106,248824
KROGER-1047,2025-04-07,985,249809
KROGER-1047,2025-04-08,1143,250952
KROGER-1047,2025-04-09,915,251867
KROGER-1047,2025-04-10,1132,252999
KROGER-1047,2025-04-11,1163,254162
KROGER-1047,2025-04-12,1328,255490
KROGER-1047,2025-04-13,1051,256541
KROGER-1047,2025-04-14,1018,257559
KROGER-1047,2025-04-15,1070,258629
KROGER-1047,2025-04-16,1064,259693
KROGER-1047,2025-04-17,1137,260830
KROGER-1047,2025-04-18,1110,261940
KROGER-1047,2025-04-19,1088,263028
KROGER-1047,2025-04-20,1110,264138
KROGER-1047,2025-04-21,1145,265283
KROGER-1047,2025-04-22,958,266241
KROGER-1047,2025-04-23,1046,267287
KROGER-1047,2025-04-24,1113,268400
KROGER-1047,2025-04-25,975,269375
KROGER-1047,2025-04-26,802,270177
KROGER-1047,2025-04-27,1249,271426
KROGER-1047,2025-04-28,1064,272490
KROGER-1047,2025-04-29,958,273448
KROGER-1047,2025-04-30,1144,274592
KROGER-1047,2025-05-01,1048,275640
KROGER-1047,2025-05-02,977,276617
KROGER-1047,2025-05-03,1152,277769
KROGER-1047,2025-05-04,1124,278893
KROGER-1047,2025-05-05,1013,279906
KROGER-1047,2025-05-06,1000,280906
KROGER-1047,2025-05-07,978,281884
KROGER-1047,2025-05-08,1128,283012
KROGER-1047,2025-05-09,959,283971
KROGER-1047,2025-05-10,1048,285019
KROGER-1047,2025-05-11,1128,286147
KROGER-1047,2025-05-12,1190,287337
KROGER-1047,2025-05-13,1077,288414
KROGER-1047,2025-05-14,1116,289530
KROGER-1047,2025-05-15,1074,290604
KROGER-1047,2025-05-16,1143,291747
KROGER-1047,2025-05-17,1293,293040
KROGER-1047,2025-05-18,1080,294120
KROGER-1047,2025-05-19,1067,295187
KROGER-1047,2025-05-20,1081,296268
KROGER-1047,2025-05-21,1111,297379
KROGER-1047,2025-05-22,1077,298456
KROGER-1047,2025-05-23,1019,299475
KROGER-1047,2025-05-24,1118,300593
KROGER-1047,2025-05-25,1337,301930
KROGER-1047,2025-05-26,1093,303023
KROGER-1047,2025-05-27,903,303926
KROGER-1047,2025-05-28,1032,304958
KROGER-1047,2025-05-29,1067,306025
KROGER-1047,2025-05-30,1054,307079
KROGER-1047,2025-05-31,1113,308192
KROGER-1047,2025-06-01,1145,309337
KROGER-1047,2025-06-02,1109,310446
KROGER-1047,2025-06-03,1088,311534
KROGER-1047,2025-06-04,1147,312681
KROGER-1047,2025-06-05,938,313619
KROGER-1047,2025-06-06,1044,314663
KROGER-1047,2025-06-07,1158,315821
KROGER-1047,2025-06-08,1142,316963
KROGER-1047,2025-06-09,1010,317973
KROGER-1047,2025-06-10,1020,318993
KROGER-1047,2025-06-11,994,319987
KROGER-1047,2025-06-12,1149,321136
KROGER-1047,2025-06-13,908,322044
KROGER-1047,2025-06-14,1004,323048
KROGER-1047,2025-06-15,1157,324205
KROGER-1047,2025-06-16,1112,325317
KROGER-1047,2025-06-17,931,326248
KROGER-1047,2025-06-18,1119,327367
KROGER-1047,2025-06-19,1081,328448
KROGER-1047,2025-06-20,1110,329558
KROGER-1047,2025-06-21,1126,330684
KROGER-1047,2025-06-22,1157,331841
KROGER-1047,2025-06-23,1105,332946
KROGER-1047,2025-06-24,1106,334052
KROGER-1047,2025-06-25,1087,335139
KROGER-1047,2025-06-26,1058,336197
KROGER-1047,2025-06-27,1059,337256
KROGER-1047,2025-06-28,1140,338396
KROGER-1047,2025-06-29,1193,339589
KROGER-1047,2025-06-30,1233,340822
KROGER-1047,2025-07-01,1111,341933
KROGER-1047,2025-07-02,1098,343031
KROGER-1047,2025-07-03,1169,344200
KROGER-1047,2025-07-04,1100,345300
KROGER-1047,2025-07-05,1024,346324
KROGER-1047,2025-07-06,1053,347377
KROGER-1047,2025-07-07,1222,348599
KROGER-1047,2025-07-08,1005,349604
KROGER-1047,2025-07-09,1114,350718
KROGER-1047,2025-07-10,981,351699
KROGER-1047,2025-07-11,1175,352874
KROGER-1047,2025-07-12,1078,353952
KROGER-1047,2025-07-13,1126,355078
KROGER-1047,2025-07-14,1046,356124
KROGER-1047,2025-07-15,1109,357233
KROGER-1047,2025-07-16,1080,358313
KROGER-1047,2025-07-17,1143,359456
KROGER-1047,2025-07-18,1122,360578
KROGER-1047,2025-07-19,1144,361722
KROGER-1047,2025-07-20,1177,362899
KROGER-1047,2025-07-21,1125,364024
KROGER-1047,2025-07-22,1032,365056
KROGER-1047,2025-07-23,1025,366081
KROGER-1047,2025-07-24,1198,367279
KROGER-1047,2025-07-25,1126,368405
KROGER-1047,2025-07-26,1155,369560
KROGER-1047,2025-07-27,1047,370607
KROGER-1047,2025-07-28,913,371520
KROGER-1047,2025-07-29,1041,372561
KROGER-1047,2025-07-30,1027,373588
KROGER-1047,2025-07-31,1039,374627
KROGER-1047,2025-08-01,1138,375765
KROGER-1047,2025-08-02,1256,377021
KROGER-1047,2025-08-03,1218,378239
KROGER-1047,2025-08-04,1014,379253
KROGER-1047,2025-08-05,1112,380365
KROGER-1047,2025-08-06,1024,381389
KROGER-1047,2025-08-07,909,382298
KROGER-1047,2025-08-08,1059,383357
KROGER-1047,2025-08-09,1232,384589
KROGER-1047,2025-08-10,1089,385678
KROGER-1047,2025-08-11,1137,386815
KROGER-1047,2025-08-12,1105,387920
KROGER-1047,2025-08-13,943,388863
KROGER-1047,2025-08-14,1119,389982
KROGER-1047,2025-08-15,990,390972
KROGER-1047,2025-08-16,1228,392200
KROGER-1047,2025-08-17,1165,393365
KROGER-1047,2025-08-18,1035,394400
KROGER-1047,2025-08-19,1031,395431
KROGER-1047,2025-08-20,1078,396509
KROGER-1047,2025-08-21,987,397496
KROGER-1047,2025-08-22,1162,398658
KROGER-1047,2025-08-23,1146,399804
KROGER-1047,2025-08-24,1205,401009
KROGER-1047,2025-08-25,857,401866
KROGER-1047,2025-08-26,1067,402933
KROGER-1047,2025-08-27,1087,404020
KROGER-1047,2025-08-28,1065,405085
KROGER-1047,2025-08-29,1068,406153
KROGER-1047,2025-08-30,1090,407243
KROGER-1047,2025-08-31,1321,408564
KROGER-1048,2024-09-01,430,430
KROGER-1048,2024-09-02,406,836
KROGER-1048,2024-09-03,432,1268
KROGER-1048,2024-09-04,384,1652
KROGER-1048,2024-09-05,361,2013
KROGER-1048,2024-09-06,431,2444
KROGER-1048,2024-09-07,411,2855
KROGER-1048,2024-09-08,468,3323
KROGER-1048,2024-09-09,444,3767
KROGER-1048,2024-09-10,327,4094
KROGER-1048,2024-09-11,404,4498
KROGER-1048,2024-09-12,437,4935
KROGER-1048,2024-09-13,346,5281
KROGER-1048,2024-09-14,435,5716
KROGER-1048,2024-09-15,444,6160
KROGER-1048,2024-09-16,400,6560
KROGER-1048,2024-09-17,401,6961
KROGER-1048,2024-09-18,441,7402
KROGER-1048,2024-09-19,354,7756
KROGER-1048,2024-09-20,429,8185
KROGER-1048,2024-09-21,438,8623
KROGER-1048,2024-09-22,466,9089
KROGER-1048,2024-09-23,372,9461
KROGER-1048,2024-09-24,450,9911
KROGER-1048,2024-09-25,357,10268
KROGER-1048,2024-09-26,391,10659
KROGER-1048,2024-09-27,365,11024
KROGER-1048,2024-09-28,447,11471
KROGER-1048,2024-09-29,396,11867
KROGER-1048,2024-09-30,439,12306
KROGER-1048,2024-10-01,348,12654
KROGER-1048,2024-10-02,388,13042
KROGER-1048,2024-10-03,460,13502
KROGER-1048,2024-10-04,378,13880
KROGER-1048,2024-10-05,458,14338
KROGER-1048,2024-10-06,446,14784
KROGER-1048,2024-10-07,360,15144
KROGER-1048,2024-10-08,409,15553
KROGER-1048,2024-10-09,451,16004
KROGER-1048,2024-10-10,389,16393
KROGER-1048,2024-10-11,380,16773
KROGER-1048,2024-10-12,433,17206
KROGER-1048,2024-10-13,415,17621
KROGER-1048,2024-10-14,354,17975
KROGER-1048,2024-10-15,395,18370
KROGER-1048,2024-10-16,386,18756
KROGER-1048,2024-10-17,398,19154
KROGER-1048,2024-10-18,325,19479
KROGER-1048,2024-10-19,435,19914
KROGER-1048,2024-10-20,367,20281
KROGER-1048,2024-10-21,426,20707
KROGER-1048,2024-10-22,437,21144
KROGER-1048,2024-10-23,338,21482
KROGER-1048,2024-10-24,444,21926
KROGER-1048,2024-10-25,398,22324
KROGER-1048,2024-10-26,459,22783
KROGER-1048,2024-10-27,454,23237
KROGER-1048,2024-10-28,356,23593
KROGER-1048,2024-10-29,375,23968
KROGER-1048,2024-10-30,454,24422
KROGER-1048,2024-10-31,362,24784
KROGER-1048,2024-11-01,497,25281
KROGER-1048,2024-11-02,476,25757
KROGER-1048,2024-11-03,470,26227
KROGER-1048,2024-11-04,482,26709
KROGER-1048,2024-11-05,567,27276
KROGER-1048,2024-11-06,512,27788
KROGER-1048,2024-11-07,442,28230
KROGER-1048,2024-11-08,490,28720
KROGER-1048,2024-11-09,431,29151
KROGER-1048,2024-11-10,415,29566
KROGER-1048,2024-11-11,489,30055
KROGER-1048,2024-11-12,510,30565
KROGER-1048,2024-11-13,543,31108
KROGER-1048,2024-11-14,497,31605
KROGER-1048,2024-11-15,483,32088
KROGER-1048,2024-11-16,493,32581
KROGER-1048,2024-11-17,528,33109
KROGER-1048,2024-11-18,436,33545
KROGER-1048,2024-11-19,456,34001
KROGER-1048,2024-11-20,437,34438
KROGER-1048,2024-11-21,462,34900
KROGER-1048,2024-11-22,455,35355
KROGER-1048,2024-11-23,475,35830
KROGER-1048,2024-11-24,481,36311
KROGER-1048,2024-11-25,491,36802
KROGER-1048,2024-11-26,532,37334
KROGER-1048,2024-11-27,494,37828
KROGER-1048,2024-11-28,460,38288
KROGER-1048,2024-11-29,500,38788
KROGER-1048,2024-11-30,511,39299
KROGER-1048,2024-12-01,514,39813
KROGER-1048,2024-12-02,482,40295
KROGER-1048,2024-12-03,549,40844
KROGER-1048,2024-12-04,486,41330
KROGER-1048,2024-12-05,461,41791
KROGER-1048,2024-12-06,453,42244
KROGER-1048,2024-12-07,543,42787
KROGER-1048,2024-12-08,459,43246
KROGER-1048,2024-12-09,535,43781
KROGER-1048,2024-12-10,409,44190
KROGER-1048,2024-12-11,530,44720
KROGER-1048,2024-12-12,513,45233
KROGER-1048,2024-12-13,466,45699
KROGER-1048,2024-12-14,476,46175
KROGER-1048,2024-12-15,557,46732
KROGER-1048,2024-12-16,552,47284
KROGER-1048,2024-12-17,459,47743
KROGER-1048,2024-12-18,505,48248
KROGER-1048,2024-12-19,520,48768
KROGER-1048,2024-12-20,506,49274
KROGER-1048,2024-12-21,509,49783
KROGER-1048,2024-12-22,491,50274
KROGER-1048,2024-12-23,493,50767
KROGER-1048,2024-12-24,402,51169
KROGER-1048,2024-12-25,534,51703
KROGER-1048,2024-12-26,417,52120
KROGER-1048,2024-12-27,450,52570
KROGER-1048,2024-12-28,493,53063
KROGER-1048,2024-12-29,466,53529
KROGER-1048,2024-12-30,439,53968
KROGER-1048,2024-12-31,537,54505
KROGER-1048,2025-01-01,460,54965
KROGER-1048,2025-01-02,452,55417
KROGER-1048,2025-01-03,429,55846
KROGER-1048,2025-01-04,506,56352
KROGER-1048,2025-01-05,413,56765
KROGER-1048,2025-01-06,390,57155
KROGER-1048,2025-01-07,402,57557
KROGER-1048,2025-01-08,448,58005
KROGER-1048,2025-01-09,421,58426
KROGER-1048,2025-01-10,458,58884
KROGER-1048,2025-01-11,424,59308
KROGER-1048,2025-01-12,372,59680
KROGER-1048,2025-01-13,380,60060
KROGER-1048,2025-01-14,435,60495
KROGER-1048,2025-01-15,386,60881
KROGER-1048,2025-01-16,405,61286
KROGER-1048,2025-01-17,410,61696
KROGER-1048,2025-01-18,483,62179
KROGER-1048,2025-01-19,452,62631
KROGER-1048,2025-01-20,424,63055
KROGER-1048,2025-01-21,407,63462
KROGER-1048,2025-01-22,375,63837
KROGER-1048,2025-01-23,410,64247
KROGER-1048,2025-01-24,472,64719
KROGER-1048,2025-01-25,440,65159
KROGER-1048,2025-01-26,404,65563
KROGER-1048,2025-01-27,389,65952
KROGER-1048,2025-01-28,448,66400
KROGER-1048,2025-01-29,385,66785
KROGER-1048,2025-01-30,396,67181
KROGER-1048,2025-01-31,365,67546
KROGER-1048,2025-02-01,413,67959
KROGER-1048,2025-02-02,438,68397
KROGER-1048,2025-02-03,393,68790
KROGER-1048,2025-02-04,403,69193
KROGER-1048,2025-02-05,365,69558
KROGER-1048,2025-02-06,384,69942
KROGER-1048,2025-02-07,471,70413
KROGER-1048,2025-02-08,418,70831
KROGER-1048,2025-02-09,435,71266
KROGER-1048,2025-02-10,376,71642
KROGER-1048,2025-02-11,404,72046
KROGER-1048,2025-02-12,393,72439
KROGER-1048,2025-02-13,438,72877
KROGER-1048,2025-02-14,436,73313
KROGER-1048,2025-02-15,461,73774
KROGER-1048,2025-02-16,425,74199
KROGER-1048,2025-02-17,468,74667
KROGER-1048,2025-02-18,428,75095
KROGER-1048,2025-02-19,356,75451
KROGER-1048,2025-02-20,452,75903
KROGER-1048,2025-02-21,402,76305
KROGER-1048,2025-02-22,461,76766
KROGER-1048,2025-02-23,387,77153
KROGER-1048,2025-02-24,400,77553
KROGER-1048,2025-02-25,426,77979
KROGER-1048,2025-02-26,410,78389
KROGER-1048,2025-02-27,397,78786
KROGER-1048,2025-02-28,323,79109
KROGER-1048,2025-03-01,397,79506
KROGER-1048,2025-03-02,389,79895
KROGER-1048,2025-03-03,342,80237
KROGER-1048,2025-03-04,379,80616
KROGER-1048,2025-03-05,462,81078
KROGER-1048,2025-03-06,439,81517
KROGER-1048,2025-03-07,375,81892
KROGER-1048,2025-03-08,402,82294
KROGER-1048,2025-03-09,402,82696
KROGER-1048,2025-03-10,426,83122
KROGER-1048,2025-03-11,415,83537
KROGER-1048,2025-03-12,379,83916
KROGER-1048,2025-03-13,383,84299
KROGER-1048,2025-03-14,437,84736
KROGER-1048,2025-03-15,474,85210
KROGER-1048,2025-03-16,392,85602
KROGER-1048,2025-03-17,398,86000
KROGER-1048,2025-03-18,406,86406
KROGER-1048,2025-03-19,396,86802
KROGER-1048,2025-03-20,439,87241
KROGER-1048,2025-03-21,397,87638
KROGER-1048,2025-03-22,487,88125
KROGER-1048,2025-03-23,463,88588
KROGER-1048,2025-03-24,380,88968
KROGER-1048,2025-03-25,404,89372
KROGER-1048,2025-03-26,371,89743
KROGER-1048,2025-03-27,389,90132
KROGER-1048,2025-03-28,430,90562
KROGER-1048,2025-03-29,431,90993
KROGER-1048,2025-03-30,494,91487
KROGER-1048,2025-03-31,363,91850
KROGER-1048,2025-04-01,401,92251
KROGER-1048,2025-04-02,386,92637
KROGER-1048,2025-04-03,392,93029
KROGER-1048,2025-04-04,403,93432
KROGER-1048,2025-04-05,399,93831
KROGER-1048,2025-04-06,455,94286
KROGER-1048,2025-04-07,459,94745
KROGER-1048,2025-04-08,327,95072
KROGER-1048,2025-04-09,447,95519
KROGER-1048,2025-04-10,483,96002
KROGER-1048,2025-04-11,408,96410
KROGER-1048,2025-04-12,402,96812
KROGER-1048,2025-04-13,403,97215
KROGER-1048,2025-04-14,392,97607
KROGER-1048,2025-04-15,416,98023
KROGER-1048,2025-04-16,388,98411
KROGER-1048,2025-04-17,400,98811
KROGER-1048,2025-04-18,371,99182
KROGER-1048,2025-04-19,407,99589
KROGER-1048,2025-04-20,408,99997
KROGER-1048,2025-04-21,401,100398
KROGER-1048,2025-04-22,355,100753
KROGER-1048,2025-04-23,391,101144
KROGER-1048,2025-04-24,395,101539
KROGER-1048,2025-04-25,408,101947
KROGER-1048,2025-04-26,470,102417
KROGER-1048,2025-04-27,419,102836
KROGER-1048,2025-04-28,363,103199
KROGER-1048,2025-04-29,406,103605
KROGER-1048,2025-04-30,379,103984
KROGER-1048,2025-05-01,378,104362
KROGER-1048,2025-05-02,393,104755
KROGER-1048,2025-05-03,405,105160
KROGER-1048,2025-05-04,386,105546
KROGER-1048,2025-05-05,386,105932
KROGER-1048,2025-05-06,417,106349
KROGER-1048,2025-05-07,403,106752
KROGER-1048,2025-05-08,370,107122
KROGER-1048,2025-05-09,374,107496
KROGER-1048,2025-05-10,426,107922
KROGER-1048,2025-05-11,389,108311
KROGER-1048,2025-05-12,373,108684
KROGER-1048,2025-05-13,384,109068
KROGER-1048,2025-05-14,371,109439
KROGER-1048,2025-05-15,405,109844
KROGER-1048,2025-05-16,392,110236
KROGER-1048,2025-05-17,470,110706
KROGER-1048,2025-05-18,383,111089
KROGER-1048,2025-05-19,439,111528
KROGER-1048,2025-05-20,410,111938
KROGER-1048,2025-05-21,450,112388
KROGER-1048,2025-05-22,446,112834
KROGER-1048,2025-05-23,388,113222
KROGER-1048,2025-05-24,375,113597
KROGER-1048,2025-05-25,417,114014
KROGER-1048,2025-05-26,338,114352
KROGER-1048,2025-05-27,423,114775
KROGER-1048,2025-05-28,407,115182
KROGER-1048,2025-05-29,383,115565
KROGER-1048,2025-05-30,388,115953
KROGER-1048,2025-05-31,388,116341
KROGER-1048,2025-06-01,421,116762
KROGER-1048,2025-06-02,370,117132
KROGER-1048,2025-06-03,401,117533
KROGER-1048,2025-06-04,413,117946
KROGER-1048,2025-06-05,423,118369
KROGER-1048,2025-06-06,416,118785
KROGER-1048,2025-06-07,412,119197
KROGER-1048,2025-06-08,437,119634
KROGER-1048,2025-06-09,406,120040
KROGER-1048,2025-06-10,406,120446
KROGER-1048,2025-06-11,369,120815
KROGER-1048,2025-06-12,362,121177
KROGER-1048,2025-06-13,410,121587
KROGER-1048,2025-06-14,439,122026
KROGER-1048,2025-06-15,401,122427
KROGER-1048,2025-06-16,440,122867
KROGER-1048,2025-06-17,473,123340
KROGER-1048,2025-06-18,459,123799
KROGER-1048,2025-06-19,394,124193
KROGER-1048,2025-06-20,388,124581
KROGER-1048,2025-06-21,449,125030
KROGER-1048,2025-06-22,445,125475
KROGER-1048,2025-06-23,366,125841
KROGER-1048,2025-06-24,394,126235
KROGER-1048,2025-06-25,423,126658
KROGER-1048,2025-06-26,373,127031
KROGER-1048,2025-06-27,378,127409
KROGER-1048,2025-06-28,402,127811
KROGER-1048,2025-06-29,409,128220
KROGER-1048,2025-06-30,352,128572
KROGER-1048,2025-07-01,424,128996
KROGER-1048,2025-07-02,378,129374
KROGER-1048,2025-07-03,409,129783
KROGER-1048,2025-07-04,405,130188
KROGER-1048,2025-07-05,388,130576
KROGER-1048,2025-07-06,363,130939
KROGER-1048,2025-07-07,405,131344
KROGER-1048,2025-07-08,388,131732
KROGER-1048,2025-07-09,417,132149
KROGER-1048,2025-07-10,428,132577
KROGER-1048,2025-07-11,336,132913
KROGER-1048,2025-07-12,414,133327
KROGER-1048,2025-07-13,457,133784
KROGER-1048,2025-07-14,448,134232
KROGER-1048,2025-07-15,343,134575
KROGER-1048,2025-07-16,439,135014
KROGER-1048,2025-07-17,370,135384
KROGER-1048,2025-07-18,425,135809
KROGER-1048,2025-07-19,404,136213
KROGER-1048,2025-07-20,447,136660
KROGER-1048,2025-07-21,390,137050
KROGER-1048,2025-07-22,356,137406
KROGER-1048,2025-07-23,383,137789
KROGER-1048,2025-07-24,419,138208
KROGER-1048,2025-07-25,388,138596
KROGER-1048,2025-07-26,386,138982
KROGER-1048,2025-07-27,379,139361
KROGER-1048,2025-07-28,376,139737
KROGER-1048,2025-07-29,376,140113
KROGER-1048,2025-07-30,421,140534
KROGER-1048,2025-07-31,389,140923
KROGER-1048,2025-08-01,392,141315
KROGER-1048,2025-08-02,416,141731
KROGER-1048,2025-08-03,440,142171
KROGER-1048,2025-08-04,423,142594
KROGER-1048,2025-08-05,385,142979
KROGER-1048,2025-08-06,394,143373
KROGER-1048,2025-08-07,423,143796
KROGER-1048,2025-08-08,380,144176
KROGER-1048,2025-08-09,404,144580
KROGER-1048,2025-08-10,444,145024
KROGER-1048,2025-08-11,384,145408
KROGER-1048,2025-08-12,410,145818
KROGER-1048,2025-08-13,351,146169
KROGER-1048,2025-08-14,421,146590
KROGER-1048,2025-08-15,396,146986
KROGER-1048,2025-08-16,436,147422
KROGER-1048,2025-08-17,460,147882
KROGER-1048,2025-08-18,391,148273
KROGER-1048,2025-08-19,353,148626
KROGER-1048,2025-08-20,390,149016
KROGER-1048,2025-08-21,441,149457
KROGER-1048,2025-08-22,408,149865
KROGER-1048,2025-08-23,386,150251
KROGER-1048,2025-08-24,416,150667
KROGER-1048,2025-08-25,418,151085
KROGER-1048,2025-08-26,398,151483
KROGER-1048,2025-08-27,397,151880
KROGER-1048,2025-08-28,379,152259
KROGER-1048,2025-08-29,382,152641
KROGER-1048,2025-08-30,430,153071
KROGER-1048,2025-08-31,439,153510
KROGER-1049,2024-09-01,269,269
KROGER-1049,2024-09-02,250,519
KROGER-1049,2024-09-03,276,795
KROGER-1049,2024-09-04,251,1046
KROGER-1049,2024-09-05,266,1312
KROGER-1049,2024-09-06,271,1583
KROGER-1049,2024-09-07,245,1828
KROGER-1049,2024-09-08,276,2104
KROGER-1049,2024-09-09,204,2308
KROGER-1049,2024-09-10,258,2566
KROGER-1049,2024-09-11,272,2838
KROGER-1049,2024-09-12,267,3105
KROGER-1049,2024-09-13,276,3381
KROGER-1049,2024-09-14,280,3661
KROGER-1049,2024-09-15,261,3922
KROGER-1049,2024-09-16,228,4150
KROGER-1049,2024-09-17,262,4412
KROGER-1049,2024-09-18,270,4682
KROGER-1049,2024-09-19,223,4905
KROGER-1049,2024-09-20,268,5173
KROGER-1049,2024-09-21,275,5448
KROGER-1049,2024-09-22,265,5713
KROGER-1049,2024-09-23,269,5982
KROGER-1049,2024-09-24,254,6236
KROGER-1049,2024-09-25,253,6489
KROGER-1049,2024-09-26,233,6722
KROGER-1049,2024-09-27,268,6990
KROGER-1049,2024-09-28,244,7234
KROGER-1049,2024-09-29,258,7492
KROGER-1049,2024-09-30,269,7761
KROGER-1049,2024-10-01,256,8017
KROGER-1049,2024-10-02,295,8312
KROGER-1049,2024-10-03,272,8584
KROGER-1049,2024-10-04,275,8859
KROGER-1049,2024-10-05,291,9150
KROGER-1049,2024-10-06,268,9418
KROGER-1049,2024-10-07,249,9667
KROGER-1049,2024-10-08,235,9902
KROGER-1049,2024-10-09,230,10132
KROGER-1049,2024-10-10,284,10416
KROGER-1049,2024-10-11,247,10663
KROGER-1049,2024-10-12,292,10955
KROGER-1049,2024-10-13,241,11196
KROGER-1049,2024-10-14,256,11452
KROGER-1049,2024-10-15,286,11738
KROGER-1049,2024-10-16,265,12003
KROGER-1049,2024-10-17,266,12269
KROGER-1049,2024-10-18,248,12517
KROGER-1049,2024-10-19,253,12770
KROGER-1049,2024-10-20,272,13042
KROGER-1049,2024-10-21,236,13278
KROGER-1049,2024-10-22,258,13536
KROGER-1049,2024-10-23,280,13816
KROGER-1049,2024-10-24,233,14049
KROGER-1049,2024-10-25,273,14322
KROGER-1049,2024-10-26,295,14617
KROGER-1049,2024-10-27,267,14884
KROGER-1049,2024-10-28,260,15144
KROGER-1049,2024-10-29,250,15394
KROGER-1049,2024-10-30,253,15647
KROGER-1049,2024-10-31,277,15924
KROGER-1049,2024-11-01,330,16254
KROGER-1049,2024-11-02,338,16592
KROGER-1049,2024-11-03,343,16935
KROGER-1049,2024-11-04,317,17252
KROGER-1049,2024-11-05,281,17533
KROGER-1049,2024-11-06,338,17871
KROGER-1049,2024-11-07,290,18161
KROGER-1049,2024-11-08,309,18470
KROGER-1049,2024-11-09,350,18820
KROGER-1049,2024-11-10,291,19111
KROGER-1049,2024-11-11,327,19438
KROGER-1049,2024-11-12,282,19720
KROGER-1049,2024-11-13,327,20047
KROGER-1049,2024-11-14,342,20389
KROGER-1049,2024-11-15,293,20682
KROGER-1049,2024-11-16,305,20987
KROGER-1049,2024-11-17,329,21316
KROGER-1049,2024-11-18,289,21605
KROGER-1049,2024-11-19,257,21862
KROGER-1049,2024-11-20,311,22173
KROGER-1049,2024-11-21,320,22493
KROGER-1049,2024-11-22,304,22797
KROGER-1049,2024-11-23,330,23127
KROGER-1049,2024-11-24,355,23482
KROGER-1049,2024-11-25,303,23785
KROGER-1049,2024-11-26,306,24091
KROGER-1049,2024-11-27,311,24402
KROGER-1049,2024-11-28,304,24706
KROGER-1049,2024-11-29,304,25010
KROGER-1049,2024-11-30,372,25382
KROGER-1049,2024-12-01,331,25713
KROGER-1049,2024-12-02,304,26017
KROGER-1049,2024-12-03,346,26363
KROGER-1049,2024-12-04,339,26702
KROGER-1049,2024-12-05,327,27029
KROGER-1049,2024-12-06,297,27326
KROGER-1049,2024-12-07,399,27725
KROGER-1049,2024-12-08,286,28011
KROGER-1049,2024-12-09,267,28278
KROGER-1049,2024-12-10,321,28599
KROGER-1049,2024-12-11,303,28902
KROGER-1049,2024-12-12,250,29152
KROGER-1049,2024-12-13,308,29460
KROGER-1049,2024-12-14,330,29790
KROGER-1049,2024-12-15,323,30113
KROGER-1049,2024-12-16,319,30432
KROGER-1049,2024-12-17,300,30732
KROGER-1049,2024-12-18,308,31040
KROGER-1049,2024-12-19,345,31385
KROGER-1049,2024-12-20,336,31721
KROGER-1049,2024-12-21,322,32043
KROGER-1049,2024-12-22,342,32385
KROGER-1049,2024-12-23,334,32719
KROGER-1049,2024-12-24,288,33007
KROGER-1049,2024-12-25,320,33327
KROGER-1049,2024-12-26,316,33643
KROGER-1049,2024-12-27,328,33971
KROGER-1049,2024-12-28,303,34274
KROGER-1049,2024-12-29,327,34601
KROGER-1049,2024-12-30,293,34894
KROGER-1049,2024-12-31,320,35214
KROGER-1049,2025-01-01,243,35457
KROGER-1049,2025-01-02,248,35705
KROGER-1049,2025-01-03,262,35967
KROGER-1049,2025-01-04,252,36219
KROGER-1049,2025-01-05,237,36456
KROGER-1049,2025-01-06,281,36737
KROGER-1049,2025-01-07,246,36983
KROGER-1049,2025-01-08,231,37214
KROGER-1049,2025-01-09,237,37451
KROGER-1049,2025-01-10,258,37709
KROGER-1049,2025-01-11,307,38016
KROGER-1049,2025-01-12,270,38286
KROGER-1049,2025-01-13,272,38558
KROGER-1049,2025-01-14,252,38810
KROGER-1049,2025-01-15,264,39074
KROGER-1049,2025-01-16,255,39329
KROGER-1049,2025-01-17,272,39601
KROGER-1049,2025-01-18,248,39849
KROGER-1049,2025-01-19,274,40123
KROGER-1049,2025-01-20,263,40386
KROGER-1049,2025-01-21,268,40654
KROGER-1049,2025-01-22,232,40886
KROGER-1049,2025-01-23,250,41136
KROGER-1049,2025-01-24,272,41408
KROGER-1049,2025-01-25,278,41686
KROGER-1049,2025-01-26,311,41997
KROGER-1049,2025-01-27,249,42246
KROGER-1049,2025-01-28,218,42464
KROGER-1049,2025-01-29,250,42714
KROGER-1049,2025-01-30,204,42918
KROGER-1049,2025-01-31,274,43192
KROGER-1049,2025-02-01,273,43465
KROGER-1049,2025-02-02,282,43747
KROGER-1049,2025-02-03,271,44018
KROGER-1049,2025-02-04,281,44299
KROGER-1049,2025-02-05,206,44505
KROGER-1049,2025-02-06,217,44722
KROGER-1049,2025-02-07,244,44966
KROGER-1049,2025-02-08,266,45232
KROGER-1049,2025-02-09,277,45509
KROGER-1049,2025-02-10,262,45771
KROGER-1049,2025-02-11,263,46034
KROGER-1049,2025-02-12,227,46261
KROGER-1049,2025-02-13,243,46504
KROGER-1049,2025-02-14,253,46757
KROGER-1049,2025-02-15,270,47027
KROGER-1049,2025-02-16,262,47289
KROGER-1049,2025-02-17,265,47554
KROGER-1049,2025-02-18,236,47790
KROGER-1049,2025-02-19,250,48040
KROGER-1049,2025-02-20,270,48310
KROGER-1049,2025-02-21,264,48574
KROGER-1049,2025-02-22,265,48839
KROGER-1049,2025-02-23,265,49104
KROGER-1049,2025-02-24,250,49354
KROGER-1049,2025-02-25,253,49607
KROGER-1049,2025-02-26,249,49856
KROGER-1049,2025-02-27,252,50108
KROGER-1049,2025-02-28,266,50374
KROGER-1049,2025-03-01,279,50653
KROGER-1049,2025-03-02,244,50897
KROGER-1049,2025-03-03,297,51194
KROGER-1049,2025-03-04,248,51442
KROGER-1049,2025-03-05,270,51712
KROGER-1049,2025-03-06,237,51949
KROGER-1049,2025-03-07,290,52239
KROGER-1049,2025-03-08,285,52524
KROGER-1049,2025-03-09,281,52805
KROGER-1049,2025-03-10,256,53061
KROGER-1049,2025-03-11,221,53282
KROGER-1049,2025-03-12,294,53576
KROGER-1049,2025-03-13,278,53854
KROGER-1049,2025-03-14,253,54107
KROGER-1049,2025-03-15,283,54390
KROGER-1049,2025-03-16,244,54634
KROGER-1049,2025-03-17,220,54854
KROGER-1049,2025-03-18,260,55114
KROGER-1049,2025-03-19,243,55357
KROGER-1049,2025-03-20,250,55607
KROGER-1049,2025-03-21,259,55866
KROGER-1049,2025-03-22,247,56113
KROGER-1049,2025-03-23,271,56384
KROGER-1049,2025-03-24,237,56621
KROGER-1049,2025-03-25,281,56902
KROGER-1049,2025-03-26,258,57160
KROGER-1049,2025-03-27,271,57431
KROGER-1049,2025-03-28,223,57654
KROGER-1049,2025-03-29,286,57940
KROGER-1049,2025-03-30,306,58246
KROGER-1049,2025-03-31,262,58508
KROGER-1049,2025-04-01,271,58779
KROGER-1049,2025-04-02,255,59034
KROGER-1049,2025-04-03,268,59302
KROGER-1049,2025-04-04,293,59595
KROGER-1049,2025-04-05,322,59917
KROGER-1049,2025-04-06,280,60197
KROGER-1049,2025-04-07,239,60436
KROGER-1049,2025-04-08,273,60709
KROGER-1049,2025-04-09,234,60943
KROGER-1049,2025-04-10,247,61190
KROGER-1049,2025-04-11,249,61439
KROGER-1049,2025-04-12,317,61756
KROGER-1049,2025-04-13,304,62060
KROGER-1049,2025-04-14,285,62345
KROGER-1049,2025-04-15,277,62622
KROGER-1049,2025-04-16,241,62863
KROGER-1049,2025-04-17,265,63128
KROGER-1049,2025-04-18,298,63426
KROGER-1049,2025-04-19,283,63709
KROGER-1049,2025-04-20,295,64004
KROGER-1049,2025-04-21,226,64230
KROGER-1049,2025-04-22,275,64505
KROGER-1049,2025-04-23,238,64743
KROGER-1049,2025-04-24,255,64998
KROGER-1049,2025-04-25,289,65287
KROGER-1049,2025-04-26,280,65567
KROGER-1049,2025-04-27,291,65858
KROGER-1049,2025-04-28,256,66114
KROGER-1049,2025-04-29,220,66334
KROGER-1049,2025-04-30,240,66574
KROGER-1049,2025-05-01,274,66848
KROGER-1049,2025-05-02,267,67115
KROGER-1049,2025-05-03,309,67424
KROGER-1049,2025-05-04,276,67700
KROGER-1049,2025-05-05,241,67941
KROGER-1049,2025-05-06,259,68200
KROGER-1049,2025-05-07,281,68481
KROGER-1049,2025-05-08,223,68704
KROGER-1049,2025-05-09,267,68971
KROGER-1049,2025-05-10,245,69216
KROGER-1049,2025-05-11,276,69492
KROGER-1049,2025-05-12,275,69767
KROGER-1049,2025-05-13,271,70038
KROGER-1049,2025-05-14,288,70326
KROGER-1049,2025-05-15,265,70591
KROGER-1049,2025-05-16,270,70861
KROGER-1049,2025-05-17,285,71146
KROGER-1049,2025-05-18,252,71398
KROGER-1049,2025-05-19,257,71655
KROGER-1049,2025-05-20,209,71864
KROGER-1049,2025-05-21,268,72132
KROGER-1049,2025-05-22,202,72334
KROGER-1049,2025-05-23,277,72611
KROGER-1049,2025-05-24,309,72920
KROGER-1049,2025-05-25,284,73204
KROGER-1049,2025-05-26,273,73477
KROGER-1049,2025-05-27,285,73762
KROGER-1049,2025-05-28,251,74013
KROGER-1049,2025-05-29,233,74246
KROGER-1049,2025-05-30,258,74504
KROGER-1049,2025-05-31,256,74760
KROGER-1049,2025-06-01,274,75034
KROGER-1049,2025-06-02,265,75299
KROGER-1049,2025-06-03,250,75549
KROGER-1049,2025-06-04,245,75794
KROGER-1049,2025-06-05,215,76009
KROGER-1049,2025-06-06,256,76265
KROGER-1049,2025-06-07,263,76528
KROGER-1049,2025-06-08,265,76793
KROGER-1049,2025-06-09,275,77068
KROGER-1049,2025-06-10,301,77369
KROGER-1049,2025-06-11,252,77621
KROGER-1049,2025-06-12,268,77889
KROGER-1049,2025-06-13,265,78154
KROGER-1049,2025-06-14,298,78452
KROGER-1049,2025-06-15,253,78705
KROGER-1049,2025-06-16,240,78945
KROGER-1049,2025-06-17,243,79188
KROGER-1049,2025-06-18,213,79401
KROGER-1049,2025-06-19,259,79660
KROGER-1049,2025-06-20,238,79898
KROGER-1049,2025-06-21,278,80176
KROGER-1049,2025-06-22,220,80396
KROGER-1049,2025-06-23,259,80655
KROGER-1049,2025-06-24,254,80909
KROGER-1049,2025-06-25,248,81157
KROGER-1049,2025-06-26,281,81438
KROGER-1049,2025-06-27,243,81681
KROGER-1049,2025-06-28,279,81960
KROGER-1049,2025-06-29,259,82219
KROGER-1049,2025-06-30,294,82513
KROGER-1049,2025-07-01,257,82770
KROGER-1049,2025-07-02,274,83044
KROGER-1049,2025-07-03,272,83316
KROGER-1049,2025-07-04,284,83600
KROGER-1049,2025-07-05,276,83876
KROGER-1049,2025-07-06,244,84120
KROGER-1049,2025-07-07,269,84389
KROGER-1049,2025-07-08,266,84655
KROGER-1049,2025-07-09,197,84852
KROGER-1049,2025-07-10,225,85077
KROGER-1049,2025-07-11,274,85351
KROGER-1049,2025-07-12,304,85655
KROGER-1049,2025-07-13,271,85926
KROGER-1049,2025-07-14,277,86203
KROGER-1049,2025-07-15,262,86465
KROGER-1049,2025-07-16,261,86726
KROGER-1049,2025-07-17,257,86983
KROGER-1049,2025-07-18,261,87244
KROGER-1049,2025-07-19,281,87525
KROGER-1049,2025-07-20,264,87789
KROGER-1049,2025-07-21,286,88075
KROGER-1049,2025-07-22,239,88314
KROGER-1049,2025-07-23,295,88609
KROGER-1049,2025-07-24,255,88864
KROGER-1049,2025-07-25,259,89123
KROGER-1049,2025-07-26,259,89382
KROGER-1049,2025-07-27,282,89664
KROGER-1049,2025-07-28,252,89916
KROGER-1049,2025-07-29,250,90166
KROGER-1049,2025-07-30,273,90439
KROGER-1049,2025-07-31,284,90723
KROGER-1049,2025-08-01,238,90961
KROGER-1049,2025-08-02,291,91252
KROGER-1049,2025-08-03,300,91552
KROGER-1049,2025-08-04,223,91775
KROGER-1049,2025-08-05,242,92017
KROGER-1049,2025-08-06,285,92302
KROGER-1049,2025-08-07,268,92570
KROGER-1049,2025-08-08,295,92865
KROGER-1049,2025-08-09,269,93134
KROGER-1049,2025-08-10,261,93395
KROGER-1049,2025-08-11,288,93683
KROGER-1049,2025-08-12,242,93925
KROGER-1049,2025-08-13,255,94180
KROGER-1049,2025-08-14,271,94451
KROGER-1049,2025-08-15,274,94725
KROGER-1049,2025-08-16,255,94980
KROGER-1049,2025-08-17,279,95259
KROGER-1049,2025-08-18,254,95513
KROGER-1049,2025-08-19,225,95738
KROGER-1049,2025-08-20,250,95988
KROGER-1049,2025-08-21,226,96214
KROGER-1049,2025-08-22,246,96460
KROGER-1049,2025-08-23,247,96707
KROGER-1049,2025-08-24,290,96997
KROGER-1049,2025-08-25,266,97263
KROGER-1049,2025-08-26,292,97555
KROGER-1049,2025-08-27,241,97796
KROGER-1049,2025-08-28,262,98058
KROGER-1049,2025-08-29,237,98295
KROGER-1049,2025-08-30,259,98554
KROGER-1049,2025-08-31,264,98818
KROGER-1050,2024-09-01,898,898
KROGER-1050,2024-09-02,760,1658
KROGER-1050,2024-09-03,731,2389
KROGER-1050,2024-09-04,802,3191
KROGER-1050,2024-09-05,778,3969
KROGER-1050,2024-09-06,735,4704
KROGER-1050,2024-09-07,817,5521
KROGER-1050,2024-09-08,757,6278
KROGER-1050,2024-09-09,915,7193
KROGER-1050,2024-09-10,811,8004
KROGER-1050,2024-09-11,715,8719
KROGER-1050,2024-09-12,783,9502
KROGER-1050,2024-09-13,771,10273
KROGER-1050,2024-09-14,793,11066
KROGER-1050,2024-09-15,807,11873
KROGER-1050,2024-09-16,691,12564
KROGER-1050,2024-09-17,713,13277
KROGER-1050,2024-09-18,837,14114
KROGER-1050,2024-09-19,751,14865
KROGER-1050,2024-09-20,697,15562
KROGER-1050,2024-09-21,767,16329
KROGER-1050,2024-09-22,742,17071
KROGER-1050,2024-09-23,792,17863
KROGER-1050,2024-09-24,705,18568
KROGER-1050,2024-09-25,741,19309
KROGER-1050,2024-09-26,699,20008
KROGER-1050,2024-09-27,869,20877
KROGER-1050,2024-09-28,815,21692
KROGER-1050,2024-09-29,812,22504
KROGER-1050,2024-09-30,780,23284
KROGER-1050,2024-10-01,715,23999
KROGER-1050,2024-10-02,828,24827
KROGER-1050,2024-10-03,735,25562
KROGER-1050,2024-10-04,843,26405
KROGER-1050,2024-10-05,755,27160
KROGER-1050,2024-10-06,820,27980
KROGER-1050,2024-10-07,748,28728
KROGER-1050,2024-10-08,754,29482
KROGER-1050,2024-10-09,640,30122
KROGER-1050,2024-10-10,680,30802
KROGER-1050,2024-10-11,828,31630
KROGER-1050,2024-10-12,695,32325
KROGER-1050,2024-10-13,831,33156
KROGER-1050,2024-10-14,892,34048
KROGER-1050,2024-10-15,771,34819
KROGER-1050,2024-10-16,864,35683
KROGER-1050,2024-10-17,779,36462
KROGER-1050,2024-10-18,754,37216
KROGER-1050,2024-10-19,799,38015
KROGER-1050,2024-10-20,764,38779
KROGER-1050,2024-10-21,726,39505
KROGER-1050,2024-10-22,708,40213
KROGER-1050,2024-10-23,764,40977
KROGER-1050,2024-10-24,869,41846
KROGER-1050,2024-10-25,823,42669
KROGER-1050,2024-10-26,788,43457
KROGER-1050,2024-10-27,814,44271
KROGER-1050,2024-10-28,734,45005
KROGER-1050,2024-10-29,823,45828
KROGER-1050,2024-10-30,642,46470
KROGER-1050,2024-10-31,853,47323
KROGER-1050,2024-11-01,848,48171
KROGER-1050,2024-11-02,902,49073
KROGER-1050,2024-11-03,840,49913
KROGER-1050,2024-11-04,897,50810
KROGER-1050,2024-11-05,838,51648
KROGER-1050,2024-11-06,969,52617
KROGER-1050,2024-11-07,934,53551
KROGER-1050,2024-11-08,837,54388
KROGER-1050,2024-11-09,865,55253
KROGER-1050,2024-11-10,883,56136
KROGER-1050,2024-11-11,819,56955
KROGER-1050,2024-11-12,867,57822
KROGER-1050,2024-11-13,827,58649
KROGER-1050,2024-11-14,969,59618
KROGER-1050,2024-11-15,851,60469
KROGER-1050,2024-11-16,974,61443
KROGER-1050,2024-11-17,974,62417
KROGER-1050,2024-11-18,755,63172
KROGER-1050,2024-11-19,937,64109
KROGER-1050,2024-11-20,765,64874
KROGER-1050,2024-11-21,827,65701
KROGER-1050,2024-11-22,934,66635
KROGER-1050,2024-11-23,940,67575
KROGER-1050,2024-11-24,905,68480
KROGER-1050,2024-11-25,760,69240
KROGER-1050,2024-11-26,955,70195
KROGER-1050,2024-11-27,917,71112
KROGER-1050,2024-11-28,826,71938
KROGER-1050,2024-11-29,818,72756
KROGER-1050,2024-11-30,1007,73763
KROGER-1050,2024-12-01,953,74716
KROGER-1050,2024-12-02,790,75506
KROGER-1050,2024-12-03,835,76341
KROGER-1050,2024-12-04,1025,77366
KROGER-1050,2024-12-05,957,78323
KROGER-1050,2024-12-06,886,79209
KROGER-1050,2024-12-07,932,80141
KROGER-1050,2024-12-08,769,80910
KROGER-1050,2024-12-09,979,81889
KROGER-1050,2024-12-10,854,82743
KROGER-1050,2024-12-11,829,83572
KROGER-1050,2024-12-12,940,84512
KROGER-1050,2024-12-13,842,85354
KROGER-1050,2024-12-14,795,86149
KROGER-1050,2024-12-15,961,87110
KROGER-1050,2024-12-16,779,87889
KROGER-1050,2024-12-17,882,88771
KROGER-1050,2024-12-18,909,89680
KROGER-1050,2024-12-19,867,90547
KROGER-1050,2024-12-20,867,91414
KROGER-1050,2024-12-21,1046,92460
KROGER-1050,2024-12-22,1047,93507
KROGER-1050,2024-12-23,821,94328
KROGER-1050,2024-12-24,844,95172
KROGER-1050,2024-12-25,848,96020
KROGER-1050,2024-12-26,884,96904
KROGER-1050,2024-12-27,881,97785
KROGER-1050,2024-12-28,1059,98844
KROGER-1050,2024-12-29,917,99761
KROGER-1050,2024-12-30,813,100574
KROGER-1050,2024-12-31,845,101419
KROGER-1050,2025-01-01,761,102180
KROGER-1050,2025-01-02,723,102903
KROGER-1050,2025-01-03,757,103660
KROGER-1050,2025-01-04,760,104420
KROGER-1050,2025-01-05,820,105240
KROGER-1050,2025-01-06,733,105973
KROGER-1050,2025-01-07,667,106640
KROGER-1050,2025-01-08,718,107358
KROGER-1050,2025-01-09,869,108227
KROGER-1050,2025-01-10,812,109039
KROGER-1050,2025-01-11,703,109742
KROGER-1050,2025-01-12,886,110628
KROGER-1050,2025-01-13,747,111375
KROGER-1050,2025-01-14,710,112085
KROGER-1050,2025-01-15,722,112807
KROGER-1050,2025-01-16,742,113549
KROGER-1050,2025-01-17,803,114352
KROGER-1050,2025-01-18,787,115139
KROGER-1050,2025-01-19,796,115935
KROGER-1050,2025-01-20,810,116745
KROGER-1050,2025-01-21,715,117460
KROGER-1050,2025-01-22,756,118216
KROGER-1050,2025-01-23,764,118980
KROGER-1050,2025-01-24,747,119727
KROGER-1050,2025-01-25,806,120533
KROGER-1050,2025-01-26,733,121266
KROGER-1050,2025-01-27,796,122062
KROGER-1050,2025-01-28,706,122768
KROGER-1050,2025-01-29,765,123533
KROGER-1050,2025-01-30,751,124284
KROGER-1050,2025-01-31,698,124982
KROGER-1050,2025-02-01,876,125858
KROGER-1050,2025-02-02,882,126740
KROGER-1050,2025-02-03,684,127424
KROGER-1050,2025-02-04,786,128210
KROGER-1050,2025-02-05,731,128941
KROGER-1050,2025-02-06,699,129640
KROGER-1050,2025-02-07,760,130400
KROGER-1050,2025-02-08,827,131227
KROGER-1050,2025-02-09,786,132013
KROGER-1050,2025-02-10,717,132730
KROGER-1050,2025-02-11,817,133547
KROGER-1050,2025-02-12,819,134366
KROGER-1050,2025-02-13,698,135064
KROGER-1050,2025-02-14,744,135808
KROGER-1050,2025-02-15,677,136485
KROGER-1050,2025-02-16,827,137312
KROGER-1050,2025-02-17,817,138129
KROGER-1050,2025-02-18,762,138891
KROGER-1050,2025-02-19,677,139568
KROGER-1050,2025-02-20,834,140402
KROGER-1050,2025-02-21,859,141261
KROGER-1050,2025-02-22,749,142010
KROGER-1050,2025-02-23,803,142813
KROGER-1050,2025-02-24,787,143600
KROGER-1050,2025-02-25,785,144385
KROGER-1050,2025-02-26,741,145126
KROGER-1050,2025-02-27,845,145971
KROGER-1050,2025-02-28,646,146617
KROGER-1050,2025-03-01,679,147296
KROGER-1050,2025-03-02,775,148071
KROGER-1050,2025-03-03,842,148913
KROGER-1050,2025-03-04,807,149720
KROGER-1050,2025-03-05,650,150370
KROGER-1050,2025-03-06,907,151277
KROGER-1050,2025-03-07,771,152048
KROGER-1050,2025-03-08,704,152752
KROGER-1050,2025-03-09,770,153522
KROGER-1050,2025-03-10,796,154318
KROGER-1050,2025-03-11,813,155131
KROGER-1050,2025-03-12,735,155866
KROGER-1050,2025-03-13,769,156635
KROGER-1050,2025-03-14,731,157366
KROGER-1050,2025-03-15,771,158137
KROGER-1050,2025-03-16,820,158957
KROGER-1050,2025-03-17,824,159781
KROGER-1050,2025-03-18,671,160452
KROGER-1050,2025-03-19,725,161177
KROGER-1050,2025-03-20,703,161880
KROGER-1050,2025-03-21,679,162559
KROGER-1050,2025-03-22,710,163269
KROGER-1050,2025-03-23,777,164046
KROGER-1050,2025-03-24,675,164721
KROGER-1050,2025-03-25,673,165394
KROGER-1050,2025-03-26,728,166122
KROGER-1050,2025-03-27,681,166803
KROGER-1050,2025-03-28,769,167572
KROGER-1050,2025-03-29,746,168318
KROGER-1050,2025-03-30,701,169019
KROGER-1050,2025-03-31,876,169895
KROGER-1050,2025-04-01,612,170507
KROGER-1050,2025-04-02,789,171296
KROGER-1050,2025-04-03,759,172055
KROGER-1050,2025-04-04,710,172765
KROGER-1050,2025-04-05,719,173484
KROGER-1050,2025-04-06,883,174367
KROGER-1050,2025-04-07,864,175231
KROGER-1050,2025-04-08,721,175952
KROGER-1050,2025-04-09,713,176665
KROGER-1050,2025-04-10,805,177470
KROGER-1050,2025-04-11,724,178194
KROGER-1050,2025-04-12,812,179006
KROGER-1050,2025-04-13,810,179816
KROGER-1050,2025-04-14,741,180557
KROGER-1050,2025-04-15,748,181305
KROGER-1050,2025-04-16,760,182065
KROGER-1050,2025-04-17,674,182739
KROGER-1050,2025-04-18,698,183437
KROGER-1050,2025-04-19,790,184227
KROGER-1050,2025-04-20,747,184974
KROGER-1050,2025-04-21,903,185877
KROGER-1050,2025-04-22,746,186623
KROGER-1050,2025-04-23,636,187259
KROGER-1050,2025-04-24,572,187831
KROGER-1050,2025-04-25,787,188618
KROGER-1050,2025-04-26,784,189402
KROGER-1050,2025-04-27,865,190267
KROGER-1050,2025-04-28,700,190967
KROGER-1050,2025-04-29,731,191698
KROGER-1050,2025-04-30,755,192453
KROGER-1050,2025-05-01,729,193182
KROGER-1050,2025-05-02,724,193906
KROGER-1050,2025-05-03,821,194727
KROGER-1050,2025-05-04,724,195451
KROGER-1050,2025-05-05,770,196221
KROGER-1050,2025-05-06,847,197068
KROGER-1050,2025-05-07,836,197904
KROGER-1050,2025-05-08,632,198536
KROGER-1050,2025-05-09,710,199246
KROGER-1050,2025-05-10,794,200040
KROGER-1050,2025-05-11,855,200895
KROGER-1050,2025-05-12,751,201646
KROGER-1050,2025-05-13,814,202460
KROGER-1050,2025-05-14,699,203159
KROGER-1050,2025-05-15,758,203917
KROGER-1050,2025-05-16,760,204677
KROGER-1050,2025-05-17,857,205534
KROGER-1050,2025-05-18,832,206366
KROGER-1050,2025-05-19,779,207145
KROGER-1050,2025-05-20,789,207934
KROGER-1050,2025-05-21,667,208601
KROGER-1050,2025-05-22,728,209329
KROGER-1050,2025-05-23,679,210008
KROGER-1050,2025-05-24,735,210743
KROGER-1050,2025-05-25,765,211508
KROGER-1050,2025-05-26,605,212113
KROGER-1050,2025-05-27,730,212843
KROGER-1050,2025-05-28,692,213535
KROGER-1050,2025-05-29,676,214211
KROGER-1050,2025-05-30,744,214955
KROGER-1050,2025-05-31,751,215706
KROGER-1050,2025-06-01,797,216503
KROGER-1050,2025-06-02,700,217203
KROGER-1050,2025-06-03,728,217931
KROGER-1050,2025-06-04,884,218815
KROGER-1050,2025-06-05,775,219590
KROGER-1050,2025-06-06,689,220279
KROGER-1050,2025-06-07,852,221131
KROGER-1050,2025-06-08,872,222003
KROGER-1050,2025-06-09,774,222777
KROGER-1050,2025-06-10,692,223469
KROGER-1050,2025-06-11,800,224269
KROGER-1050,2025-06-12,704,224973
KROGER-1050,2025-06-13,818,225791
KROGER-1050,2025-06-14,811,226602
KROGER-1050,2025-06-15,734,227336
KROGER-1050,2025-06-16,741,228077
KROGER-1050,2025-06-17,889,228966
KROGER-1050,2025-06-18,681,229647
KROGER-1050,2025-06-19,758,230405
KROGER-1050,2025-06-20,677,231082
KROGER-1050,2025-06-21,683,231765
KROGER-1050,2025-06-22,825,232590
KROGER-1050,2025-06-23,714,233304
KROGER-1050,2025-06-24,833,234137
KROGER-1050,2025-06-25,772,234909
KROGER-1050,2025-06-26,692,235601
KROGER-1050,2025-06-27,687,236288
KROGER-1050,2025-06-28,820,237108
KROGER-1050,2025-06-29,710,237818
KROGER-1050,2025-06-30,675,238493
KROGER-1050,2025-07-01,637,239130
KROGER-1050,2025-07-02,775,239905
KROGER-1050,2025-07-03,691,240596
KROGER-1050,2025-07-04,760,241356
KROGER-1050,2025-07-05,695,242051
KROGER-1050,2025-07-06,674,242725
KROGER-1050,2025-07-07,781,243506
KROGER-1050,2025-07-08,729,244235
KROGER-1050,2025-07-09,698,244933
KROGER-1050,2025-07-10,710,245643
KROGER-1050,2025-07-11,710,246353
KROGER-1050,2025-07-12,902,247255
KROGER-1050,2025-07-13,792,248047
KROGER-1050,2025-07-14,747,248794
KROGER-1050,2025-07-15,694,249488
KROGER-1050,2025-07-16,785,250273
KROGER-1050,2025-07-17,670,250943
KROGER-1050,2025-07-18,769,251712
KROGER-1050,2025-07-19,808,252520
KROGER-1050,2025-07-20,839,253359
KROGER-1050,2025-07-21,622,253981
KROGER-1050,2025-07-22,805,254786
KROGER-1050,2025-07-23,759,255545
KROGER-1050,2025-07-24,694,256239
KROGER-1050,2025-07-25,611,256850
KROGER-1050,2025-07-26,750,257600
KROGER-1050,2025-07-27,787,258387
KROGER-1050,2025-07-28,649,259036
KROGER-1050,2025-07-29,688,259724
KROGER-1050,2025-07-30,664,260388
KROGER-1050,2025-07-31,713,261101
KROGER-1050,2025-08-01,674,261775
KROGER-1050,2025-08-02,910,262685
KROGER-1050,2025-08-03,829,263514
KROGER-1050,2025-08-04,673,264187
KROGER-1050,2025-08-05,682,264869
KROGER-1050,2025-08-06,651,265520
KROGER-1050,2025-08-07,730,266250
KROGER-1050,2025-08-08,844,267094
KROGER-1050,2025-08-09,850,267944
KROGER-1050,2025-08-10,788,268732
KROGER-1050,2025-08-11,721,269453
KROGER-1050,2025-08-12,771,270224
KROGER-1050,2025-08-13,755,270979
KROGER-1050,2025-08-14,764,271743
KROGER-1050,2025-08-15,750,272493
KROGER-1050,2025-08-16,803,273296
KROGER-1050,2025-08-17,687,273983
KROGER-1050,2025-08-18,731,274714
KROGER-1050,2025-08-19,752,275466
KROGER-1050,2025-08-20,713,276179
KROGER-1050,2025-08-21,665,276844
KROGER-1050,2025-08-22,739,277583
KROGER-1050,2025-08-23,1033,278616
KROGER-1050,2025-08-24,724,279340
KROGER-1050,2025-08-25,730,280070
KROGER-1050,2025-08-26,813,280883
KROGER-1050,2025-08-27,843,281726
KROGER-1050,2025-08-28,704,282430
KROGER-1050,2025-08-29,796,283226
KROGER-1050,2025-08-30,825,284051
KROGER-1050,2025-08-31,744,284795
KROGER-1051,2024-09-01,319,319
KROGER-1051,2024-09-02,286,605
KROGER-1051,2024-09-03,275,880
KROGER-1051,2024-09-04,329,1209
KROGER-1051,2024-09-05,305,1514
KROGER-1051,2024-09-06,251,1765
KROGER-1051,2024-09-07,301,2066
KROGER-1051,2024-09-08,291,2357
KROGER-1051,2024-09-09,285,2642
KROGER-1051,2024-09-10,302,2944
KROGER-1051,2024-09-11,296,3240
KROGER-1051,2024-09-12,323,3563
KROGER-1051,2024-09-13,318,3881
KROGER-1051,2024-09-14,274,4155
KROGER-1051,2024-09-15,302,4457
KROGER-1051,2024-09-16,244,4701
KROGER-1051,2024-09-17,266,4967
KROGER-1051,2024-09-18,241,5208
KROGER-1051,2024-09-19,253,5461
KROGER-1051,2024-09-20,322,5783
KROGER-1051,2024-09-21,322,6105
KROGER-1051,2024-09-22,319,6424
KROGER-1051,2024-09-23,317,6741
KROGER-1051,2024-09-24,304,7045
KROGER-1051,2024-09-25,288,7333
KROGER-1051,2024-09-26,276,7609
KROGER-1051,2024-09-27,329,7938
KROGER-1051,2024-09-28,336,8274
KROGER-1051,2024-09-29,299,8573
KROGER-1051,2024-09-30,307,8880
KROGER-1051,2024-10-01,225,9105
KROGER-1051,2024-10-02,308,9413
KROGER-1051,2024-10-03,278,9691
KROGER-1051,2024-10-04,352,10043
KROGER-1051,2024-10-05,332,10375
KROGER-1051,2024-10-06,256,10631
KROGER-1051,2024-10-07,273,10904
KROGER-1051,2024-10-08,291,11195
KROGER-1051,2024-10-09,289,11484
KROGER-1051,2024-10-10,288,11772
KROGER-1051,2024-10-11,312,12084
KROGER-1051,2024-10-12,291,12375
KROGER-1051,2024-10-13,302,12677
KROGER-1051,2024-10-14,325,13002
KROGER-1051,2024-10-15,325,13327
KROGER-1051,2024-10-16,312,13639
KROGER-1051,2024-10-17,281,13920
KROGER-1051,2024-10-18,273,14193
KROGER-1051,2024-10-19,303,14496
KROGER-1051,2024-10-20,305,14801
KROGER-1051,2024-10-21,289,15090
KROGER-1051,2024-10-22,302,15392
KROGER-1051,2024-10-23,298,15690
KROGER-1051,2024-10-24,297,15987
KROGER-1051,2024-10-25,279,16266
KROGER-1051,2024-10-26,275,16541
KROGER-1051,2024-10-27,321,16862
KROGER-1051,2024-10-28,291,17153
KROGER-1051,2024-10-29,299,17452
KROGER-1051,2024-10-30,300,17752
KROGER-1051,2024-10-31,243,17995
KROGER-1051,2024-11-01,395,18390
KROGER-1051,2024-11-02,348,18738
KROGER-1051,2024-11-03,405,19143
KROGER-1051,2024-11-04,359,19502
KROGER-1051,2024-11-05,318,19820
KROGER-1051,2024-11-06,328,20148
KROGER-1051,2024-11-07,328,20476
KROGER-1051,2024-11-08,330,20806
KROGER-1051,2024-11-09,313,21119
KROGER-1051,2024-11-10,342,21461
KROGER-1051,2024-11-11,374,21835
KROGER-1051,2024-11-12,377,22212
KROGER-1051,2024-11-13,329,22541
KROGER-1051,2024-11-14,295,22836
KROGER-1051,2024-11-15,365,23201
KROGER-1051,2024-11-16,333,23534
KROGER-1051,2024-11-17,336,23870
KROGER-1051,2024-11-18,340,24210
KROGER-1051,2024-11-19,337,24547
KROGER-1051,2024-11-20,326,24873
KROGER-1051,2024-11-21,328,25201
KROGER-1051,2024-11-22,334,25535
KROGER-1051,2024-11-23,344,25879
KROGER-1051,2024-11-24,346,26225
KROGER-1051,2024-11-25,339,26564
KROGER-1051,2024-11-26,357,26921
KROGER-1051,2024-11-27,354,27275
KROGER-1051,2024-11-28,332,27607
KROGER-1051,2024-11-29,339,27946
KROGER-1051,2024-11-30,404,28350
KROGER-1051,2024-12-01,394,28744
KROGER-1051,2024-12-02,363,29107
KROGER-1051,2024-12-03,298,29405
KROGER-1051,2024-12-04,351,29756
KROGER-1051,2024-12-05,329,30085
KROGER-1051,2024-12-06,321,30406
KROGER-1051,2024-12-07,354,30760
KROGER-1051,2024-12-08,396,31156
KROGER-1051,2024-12-09,372,31528
KROGER-1051,2024-12-10,330,31858
KROGER-1051,2024-12-11,350,32208
KROGER-1051,2024-12-12,336,32544
KROGER-1051,2024-12-13,341,32885
KROGER-1051,2024-12-14,394,33279
KROGER-1051,2024-12-15,363,33642
KROGER-1051,2024-12-16,299,33941
KROGER-1051,2024-12-17,351,34292
KROGER-1051,2024-12-18,398,34690
KROGER-1051,2024-12-19,328,35018
KROGER-1051,2024-12-20,391,35409
KROGER-1051,2024-12-21,383,35792
KROGER-1051,2024-12-22,399,36191
KROGER-1051,2024-12-23,372,36563
KROGER-1051,2024-12-24,353,36916
KROGER-1051,2024-12-25,330,37246
KROGER-1051,2024-12-26,352,37598
KROGER-1051,2024-12-27,354,37952
KROGER-1051,2024-12-28,393,38345
KROGER-1051,2024-12-29,299,38644
KROGER-1051,2024-12-30,308,38952
KROGER-1051,2024-12-31,354,39306
KROGER-1051,2025-01-01,297,39603
KROGER-1051,2025-01-02,269,39872
KROGER-1051,2025-01-03,298,40170
KROGER-1051,2025-01-04,321,40491
KROGER-1051,2025-01-05,299,40790
KROGER-1051,2025-01-06,323,41113
KROGER-1051,2025-01-07,327,41440
KROGER-1051,2025-01-08,292,41732
KROGER-1051,2025-01-09,309,42041
KROGER-1051,2025-01-10,250,42291
KROGER-1051,2025-01-11,330,42621
KROGER-1051,2025-01-12,340,42961
KROGER-1051,2025-01-13,266,43227
KROGER-1051,2025-01-14,304,43531
KROGER-1051,2025-01-15,246,43777
KROGER-1051,2025-01-16,271,44048
KROGER-1051,2025-01-17,277,44325
KROGER-1051,2025-01-18,268,44593
KROGER-1051,2025-01-19,298,44891
KROGER-1051,2025-01-20,282,45173
KROGER-1051,2025-01-21,304,45477
KROGER-1051,2025-01-22,254,45731
KROGER-1051,2025-01-23,304,46035
KROGER-1051,2025-01-24,271,46306
KROGER-1051,2025-01-25,273,46579
KROGER-1051,2025-01-26,299,46878
KROGER-1051,2025-01-27,307,47185
KROGER-1051,2025-01-28,278,47463
KROGER-1051,2025-01-29,301,47764
KROGER-1051,2025-01-30,296,48060
KROGER-1051,2025-01-31,362,48422
KROGER-1051,2025-02-01,296,48718
KROGER-1051,2025-02-02,300,49018
KROGER-1051,2025-02-03,315,49333
KROGER-1051,2025-02-04,288,49621
KROGER-1051,2025-02-05,295,49916
KROGER-1051,2025-02-06,249,50165
KROGER-1051,2025-02-07,287,50452
KROGER-1051,2025-02-08,287,50739
KROGER-1051,2025-02-09,292,51031
KROGER-1051,2025-02-10,296,51327
KROGER-1051,2025-02-11,288,51615
KROGER-1051,2025-02-12,307,51922
KROGER-1051,2025-02-13,312,52234
KROGER-1051,2025-02-14,285,52519
KROGER-1051,2025-02-15,311,52830
KROGER-1051,2025-02-16,255,53085
KROGER-1051,2025-02-17,297,53382
KROGER-1051,2025-02-18,314,53696
KROGER-1051,2025-02-19,268,53964
KROGER-1051,2025-02-20,307,54271
KROGER-1051,2025-02-21,279,54550
KROGER-1051,2025-02-22,290,54840
KROGER-1051,2025-02-23,339,55179
KROGER-1051,2025-02-24,289,55468
KROGER-1051,2025-02-25,310,55778
KROGER-1051,2025-02-26,244,56022
KROGER-1051,2025-02-27,275,56297
KROGER-1051,2025-02-28,306,56603
KROGER-1051,2025-03-01,307,56910
KROGER-1051,2025-03-02,300,57210
KROGER-1051,2025-03-03,304,57514
KROGER-1051,2025-03-04,270,57784
KROGER-1051,2025-03-05,318,58102
KROGER-1051,2025-03-06,285,58387
KROGER-1051,2025-03-07,271,58658
KROGER-1051,2025-03-08,286,58944
KROGER-1051,2025-03-09,302,59246
KROGER-1051,2025-03-10,280,59526
KROGER-1051,2025-03-11,302,59828
KROGER-1051,2025-03-12,288,60116
KROGER-1051,2025-03-13,281,60397
KROGER-1051,2025-03-14,298,60695
KROGER-1051,2025-03-15,291,60986
KROGER-1051,2025-03-16,316,61302
KROGER-1051,2025-03-17,297,61599
KROGER-1051,2025-03-18,296,61895
KROGER-1051,2025-03-19,281,62176
KROGER-1051,2025-03-20,275,62451
KROGER-1051,2025-03-21,308,62759
KROGER-1051,2025-03-22,319,63078
KROGER-1051,2025-03-23,279,63357
KROGER-1051,2025-03-24,280,63637
KROGER-1051,2025-03-25,321,63958
KROGER-1051,2025-03-26,312,64270
KROGER-1051,2025-03-27,262,64532
KROGER-1051,2025-03-28,290,64822
KROGER-1051,2025-03-29,314,65136
KROGER-1051,2025-03-30,328,65464
KROGER-1051,2025-03-31,292,65756
KROGER-1051,2025-04-01,301,66057
KROGER-1051,2025-04-02,311,66368
KROGER-1051,2025-04-03,314,66682
KROGER-1051,2025-04-04,285,66967
KROGER-1051,2025-04-05,305,67272
KROGER-1051,2025-04-06,286,67558
KROGER-1051,2025-04-07,283,67841
KROGER-1051,2025-04-08,280,68121
KROGER-1051,2025-04-09,285,68406
KROGER-1051,2025-04-10,287,68693
KROGER-1051,2025-04-11,308,69001
KROGER-1051,2025-04-12,313,69314
KROGER-1051,2025-04-13,273,69587
KROGER-1051,2025-04-14,302,69889
KROGER-1051,2025-04-15,277,70166
KROGER-1051,2025-04-16,264,70430
KROGER-1051,2025-04-17,263,70693
KROGER-1051,2025-04-18,293,70986
KROGER-1051,2025-04-19,330,71316
KROGER-1051,2025-04-20,299,71615
KROGER-1051,2025-04-21,311,71926
KROGER-1051,2025-04-22,292,72218
KROGER-1051,2025-04-23,240,72458
KROGER-1051,2025-04-24,304,72762
KROGER-1051,2025-04-25,277,73039
KROGER-1051,2025-04-26,284,73323
KROGER-1051,2025-04-27,319,73642
KROGER-1051,2025-04-28,293,73935
KROGER-1051,2025-04-29,288,74223
KROGER-1051,2025-04-30,292,74515
KROGER-1051,2025-05-01,270,74785
KROGER-1051,2025-05-02,331,75116
KROGER-1051,2025-05-03,308,75424
KROGER-1051,2025-05-04,308,75732
KROGER-1051,2025-05-05,288,76020
KROGER-1051,2025-05-06,252,76272
KROGER-1051,2025-05-07,274,76546
KROGER-1051,2025-05-08,261,76807
KROGER-1051,2025-05-09,259,77066
KROGER-1051,2025-05-10,266,77332
KROGER-1051,2025-05-11,289,77621
KROGER-1051,2025-05-12,290,77911
KROGER-1051,2025-05-13,257,78168
KROGER-1051,2025-05-14,306,78474
KROGER-1051,2025-05-15,296,78770
KROGER-1051,2025-05-16,284,79054
KROGER-1051,2025-05-17,357,79411
KROGER-1051,2025-05-18,298,79709
KROGER-1051,2025-05-19,308,80017
KROGER-1051,2025-05-20,294,80311
KROGER-1051,2025-05-21,323,80634
KROGER-1051,2025-05-22,315,80949
KROGER-1051,2025-05-23,283,81232
KROGER-1051,2025-05-24,298,81530
KROGER-1051,2025-05-25,271,81801
KROGER-1051,2025-05-26,292,82093
KROGER-1051,2025-05-27,305,82398
KROGER-1051,2025-05-28,288,82686
KROGER-1051,2025-05-29,322,83008
KROGER-1051,2025-05-30,293,83301
KROGER-1051,2025-05-31,334,83635
KROGER-1051,2025-06-01,300,83935
KROGER-1051,2025-06-02,263,84198
KROGER-1051,2025-06-03,275,84473
KROGER-1051,2025-06-04,289,84762
KROGER-1051,2025-06-05,272,85034
KROGER-1051,2025-06-06,251,85285
KROGER-1051,2025-06-07,255,85540
KROGER-1051,2025-06-08,329,85869
KROGER-1051,2025-06-09,298,86167
KROGER-1051,2025-06-10,296,86463
KROGER-1051,2025-06-11,293,86756
KROGER-1051,2025-06-12,277,87033
KROGER-1051,2025-06-13,308,87341
KROGER-1051,2025-06-14,262,87603
KROGER-1051,2025-06-15,253,87856
KROGER-1051,2025-06-16,285,88141
KROGER-1051,2025-06-17,293,88434
KROGER-1051,2025-06-18,269,88703
KROGER-1051,2025-06-19,253,88956
KROGER-1051,2025-06-20,303,89259
KROGER-1051,2025-06-21,294,89553
KROGER-1051,2025-06-22,321,89874
KROGER-1051,2025-06-23,320,90194
KROGER-1051,2025-06-24,252,90446
KROGER-1051,2025-06-25,294,90740
KROGER-1051,2025-06-26,295,91035
KROGER-1051,2025-06-27,307,91342
KROGER-1051,2025-06-28,291,91633
KROGER-1051,2025-06-29,305,91938
KROGER-1051,2025-06-30,307,92245
KROGER-1051,2025-07-01,300,92545
KROGER-1051,2025-07-02,326,92871
KROGER-1051,2025-07-03,269,93140
KROGER-1051,2025-07-04,294,93434
KROGER-1051,2025-07-05,302,93736
KROGER-1051,2025-07-06,299,94035
KROGER-1051,2025-07-07,303,94338
KROGER-1051,2025-07-08,292,94630
KROGER-1051,2025-07-09,265,94895
KROGER-1051,2025-07-10,312,95207
KROGER-1051,2025-07-11,303,95510
KROGER-1051,2025-07-12,340,95850
KROGER-1051,2025-07-13,322,96172
KROGER-1051,2025-07-14,285,96457
KROGER-1051,2025-07-15,285,96742
KROGER-1051,2025-07-16,314,97056
KROGER-1051,2025-07-17,272,97328
KROGER-1051,2025-07-18,269,97597
KROGER-1051,2025-07-19,309,97906
KROGER-1051,2025-07-20,268,98174
KROGER-1051,2025-07-21,298,98472
KROGER-1051,2025-07-22,300,98772
KROGER-1051,2025-07-23,284,99056
KROGER-1051,2025-07-24,322,99378
KROGER-1051,2025-07-25,316,99694
KROGER-1051,2025-07-26,285,99979
KROGER-1051,2025-07-27,320,100299
KROGER-1051,2025-07-28,312,100611
KROGER-1051,2025-07-29,291,100902
KROGER-1051,2025-07-30,280,101182
KROGER-1051,2025-07-31,264,101446
KROGER-1051,2025-08-01,277,101723
KROGER-1051,2025-08-02,278,102001
KROGER-1051,2025-08-03,326,102327
KROGER-1051,2025-08-04,284,102611
KROGER-1051,2025-08-05,302,102913
KROGER-1051,2025-08-06,319,103232
KROGER-1051,2025-08-07,294,103526
KROGER-1051,2025-08-08,317,103843
KROGER-1051,2025-08-09,296,104139
KROGER-1051,2025-08-10,313,104452
KROGER-1051,2025-08-11,294,104746
KROGER-1051,2025-08-12,273,105019
KROGER-1051,2025-08-13,282,105301
KROGER-1051,2025-08-14,322,105623
KROGER-1051,2025-08-15,282,105905
KROGER-1051,2025-08-16,264,106169
KROGER-1051,2025-08-17,296,106465
KROGER-1051,2025-08-18,272,106737
KROGER-1051,2025-08-19,300,107037
KROGER-1051,2025-08-20,304,107341
KROGER-1051,2025-08-21,298,107639
KROGER-1051,2025-08-22,280,107919
KROGER-1051,2025-08-23,305,108224
KROGER-1051,2025-08-24,296,108520
KROGER-1051,2025-08-25,256,108776
KROGER-1051,2025-08-26,287,109063
KROGER-1051,2025-08-27,351,109414
KROGER-1051,2025-08-28,266,109680
KROGER-1051,2025-08-29,247,109927
KROGER-1051,2025-08-30,339,110266
KROGER-1051,2025-08-31,315,110581
KROGER-1052,2024-09-01,481,481
KROGER-1052,2024-09-02,435,916
KROGER-1052,2024-09-03,456,1372
KROGER-1052,2024-09-04,449,1821
KROGER-1052,2024-09-05,495,2316
KROGER-1052,2024-09-06,480,2796
KROGER-1052,2024-09-07,493,3289
KROGER-1052,2024-09-08,444,3733
KROGER-1052,2024-09-09,456,4189
KROGER-1052,2024-09-10,425,4614
KROGER-1052,2024-09-11,492,5106
KROGER-1052,2024-09-12,422,5528
KROGER-1052,2024-09-13,443,5971
KROGER-1052,2024-09-14,429,6400
KROGER-1052,2024-09-15,451,6851
KROGER-1052,2024-09-16,429,7280
KROGER-1052,2024-09-17,442,7722
KROGER-1052,2024-09-18,415,8137
KROGER-1052,2024-09-19,491,8628
KROGER-1052,2024-09-20,441,9069
KROGER-1052,2024-09-21,450,9519
KROGER-1052,2024-09-22,499,10018
KROGER-1052,2024-09-23,525,10543
KROGER-1052,2024-09-24,433,10976
KROGER-1052,2024-09-25,439,11415
KROGER-1052,2024-09-26,421,11836
KROGER-1052,2024-09-27,471,12307
KROGER-1052,2024-09-28,506,12813
KROGER-1052,2024-09-29,468,13281
KROGER-1052,2024-09-30,432,13713
KROGER-1052,2024-10-01,467,14180
KROGER-1052,2024-10-02,474,14654
KROGER-1052,2024-10-03,503,15157
KROGER-1052,2024-10-04,427,15584
KROGER-1052,2024-10-05,502,16086
KROGER-1052,2024-10-06,474,16560
KROGER-1052,2024-10-07,385,16945
KROGER-1052,2024-10-08,502,17447
KROGER-1052,2024-10-09,458,17905
KROGER-1052,2024-10-10,469,18374
KROGER-1052,2024-10-11,481,18855
KROGER-1052,2024-10-12,492,19347
KROGER-1052,2024-10-13,434,19781
KROGER-1052,2024-10-14,472,20253
KROGER-1052,2024-10-15,465,20718
KROGER-1052,2024-10-16,388,21106
KROGER-1052,2024-10-17,507,21613
KROGER-1052,2024-10-18,434,22047
KROGER-1052,2024-10-19,507,22554
KROGER-1052,2024-10-20,457,23011
KROGER-1052,2024-10-21,428,23439
KROGER-1052,2024-10-22,445,23884
KROGER-1052,2024-10-23,524,24408
KROGER-1052,2024-10-24,520,24928
KROGER-1052,2024-10-25,428,25356
KROGER-1052,2024-10-26,517,25873
KROGER-1052,2024-10-27,471,26344
KROGER-1052,2024-10-28,520,26864
KROGER-1052,2024-10-29,489,27353
KROGER-1052,2024-10-30,458,27811
KROGER-1052,2024-10-31,450,28261
KROGER-1052,2024-11-01,563,28824
KROGER-1052,2024-11-02,586,29410
KROGER-1052,2024-11-03,514,29924
KROGER-1052,2024-11-04,546,30470
KROGER-1052,2024-11-05,509,30979
KROGER-1052,2024-11-06,514,31493
KROGER-1052,2024-11-07,585,32078
KROGER-1052,2024-11-08,546,32624
KROGER-1052,2024-11-09,543,33167
KROGER-1052,2024-11-10,509,33676
KROGER-1052,2024-11-11,504,34180
KROGER-1052,2024-11-12,535,34715
KROGER-1052,2024-11-13,610,35325
KROGER-1052,2024-11-14,492,35817
KROGER-1052,2024-11-15,550,36367
KROGER-1052,2024-11-16,582,36949
KROGER-1052,2024-11-17,619,37568
KROGER-1052,2024-11-18,543,38111
KROGER-1052,2024-11-19,555,38666
KROGER-1052,2024-11-20,588,39254
KROGER-1052,2024-11-21,504,39758
KROGER-1052,2024-11-22,571,40329
KROGER-1052,2024-11-23,501,40830
KROGER-1052,2024-11-24,567,41397
KROGER-1052,2024-11-25,527,41924
KROGER-1052,2024-11-26,506,42430
KROGER-1052,2024-11-27,579,43009
KROGER-1052,2024-11-28,581,43590
KROGER-1052,2024-11-29,583,44173
KROGER-1052,2024-11-30,581,44754
KROGER-1052,2024-12-01,508,45262
KROGER-1052,2024-12-02,523,45785
KROGER-1052,2024-12-03,580,46365
KROGER-1052,2024-12-04,580,46945
KROGER-1052,2024-12-05,589,47534
KROGER-1052,2024-12-06,551,48085
KROGER-1052,2024-12-07,556,48641
KROGER-1052,2024-12-08,475,49116
KROGER-1052,2024-12-09,574,49690
KROGER-1052,2024-12-10,533,50223
KROGER-1052,2024-12-11,483,50706
KROGER-1052,2024-12-12,570,51276
KROGER-1052,2024-12-13,598,51874
KROGER-1052,2024-12-14,603,52477
KROGER-1052,2024-12-15,594,53071
KROGER-1052,2024-12-16,577,53648
KROGER-1052,2024-12-17,420,54068
KROGER-1052,2024-12-18,611,54679
KROGER-1052,2024-12-19,503,55182
KROGER-1052,2024-12-20,507,55689
KROGER-1052,2024-12-21,543,56232
KROGER-1052,2024-12-22,548,56780
KROGER-1052,2024-12-23,602,57382
KROGER-1052,2024-12-24,561,57943
KROGER-1052,2024-12-25,508,58451
KROGER-1052,2024-12-26,514,58965
KROGER-1052,2024-12-27,644,59609
KROGER-1052,2024-12-28,580,60189
KROGER-1052,2024-12-29,545,60734
KROGER-1052,2024-12-30,467,61201
KROGER-1052,2024-12-31,465,61666
KROGER-1052,2025-01-01,407,62073
KROGER-1052,2025-01-02,451,62524
KROGER-1052,2025-01-03,487,63011
KROGER-1052,2025-01-04,493,63504
KROGER-1052,2025-01-05,514,64018
KROGER-1052,2025-01-06,468,64486
KROGER-1052,2025-01-07,404,64890
KROGER-1052,2025-01-08,463,65353
KROGER-1052,2025-01-09,464,65817
KROGER-1052,2025-01-10,443,66260
KROGER-1052,2025-01-11,458,66718
KROGER-1052,2025-01-12,464,67182
KROGER-1052,2025-01-13,392,67574
KROGER-1052,2025-01-14,400,67974
KROGER-1052,2025-01-15,539,68513
KROGER-1052,2025-01-16,403,68916
KROGER-1052,2025-01-17,384,69300
KROGER-1052,2025-01-18,443,69743
KROGER-1052,2025-01-19,487,70230
KROGER-1052,2025-01-20,468,70698
KROGER-1052,2025-01-21,411,71109
KROGER-1052,2025-01-22,451,71560
KROGER-1052,2025-01-23,428,71988
KROGER-1052,2025-01-24,454,72442
KROGER-1052,2025-01-25,459,72901
KROGER-1052,2025-01-26,444,73345
KROGER-1052,2025-01-27,424,73769
KROGER-1052,2025-01-28,369,74138
KROGER-1052,2025-01-29,440,74578
KROGER-1052,2025-01-30,445,75023
KROGER-1052,2025-01-31,397,75420
KROGER-1052,2025-02-01,457,75877
KROGER-1052,2025-02-02,460,76337
KROGER-1052,2025-02-03,381,76718
KROGER-1052,2025-02-04,420,77138
KROGER-1052,2025-02-05,419,77557
KROGER-1052,2025-02-06,454,78011
KROGER-1052,2025-02-07,492,78503
KROGER-1052,2025-02-08,472,78975
KROGER-1052,2025-02-09,514,79489
KROGER-1052,2025-02-10,440,79929
KROGER-1052,2025-02-11,461,80390
KROGER-1052,2025-02-12,450,80840
KROGER-1052,2025-02-13,534,81374
KROGER-1052,2025-02-14,442,81816
KROGER-1052,2025-02-15,499,82315
KROGER-1052,2025-02-16,478,82793
KROGER-1052,2025-02-17,488,83281
KROGER-1052,2025-02-18,470,83751
KROGER-1052,2025-02-19,460,84211
KROGER-1052,2025-02-20,407,84618
KROGER-1052,2025-02-21,410,85028
KROGER-1052,2025-02-22,447,85475
KROGER-1052,2025-02-23,459,85934
KROGER-1052,2025-02-24,452,86386
KROGER-1052,2025-02-25,426,86812
KROGER-1052,2025-02-26,377,87189
KROGER-1052,2025-02-27,484,87673
KROGER-1052,2025-02-28,464,88137
KROGER-1052,2025-03-01,472,88609
KROGER-1052,2025-03-02,517,89126
KROGER-1052,2025-03-03,419,89545
KROGER-1052,2025-03-04,443,89988
KROGER-1052,2025-03-05,453,90441
KROGER-1052,2025-03-06,433,90874
KROGER-1052,2025-03-07,419,91293
KROGER-1052,2025-03-08,503,91796
KROGER-1052,2025-03-09,481,92277
KROGER-1052,2025-03-10,470,92747
KROGER-1052,2025-03-11,418,93165
KROGER-1052,2025-03-12,477,93642
KROGER-1052,2025-03-13,425,94067
KROGER-1052,2025-03-14,456,94523
KROGER-1052,2025-03-15,544,95067
KROGER-1052,2025-03-16,502,95569
KROGER-1052,2025-03-17,460,96029
KROGER-1052,2025-03-18,496,96525
KROGER-1052,2025-03-19,427,96952
KROGER-1052,2025-03-20,465,97417
KROGER-1052,2025-03-21,418,97835
KROGER-1052,2025-03-22,456,98291
KROGER-1052,2025-03-23,530,98821
KROGER-1052,2025-03-24,457,99278
KROGER-1052,2025-03-25,498,99776
KROGER-1052,2025-03-26,444,100220
KROGER-1052,2025-03-27,491,100711
KROGER-1052,2025-03-28,449,101160
KROGER-1052,2025-03-29,475,101635
KROGER-1052,2025-03-30,471,102106
KROGER-1052,2025-03-31,460,102566
KROGER-1052,2025-04-01,438,103004
KROGER-1052,2025-04-02,398,103402
KROGER-1052,2025-04-03,446,103848
KROGER-1052,2025-04-04,452,104300
KROGER-1052,2025-04-05,531,104831
KROGER-1052,2025-04-06,385,105216
KROGER-1052,2025-04-07,505,105721
KROGER-1052,2025-04-08,485,106206
KROGER-1052,2025-04-09,472,106678
KROGER-1052,2025-04-10,453,107131
KROGER-1052,2025-04-11,411,107542
KROGER-1052,2025-04-12,543,108085
KROGER-1052,2025-04-13,516,108601
KROGER-1052,2025-04-14,457,109058
KROGER-1052,2025-04-15,458,109516
KROGER-1052,2025-04-16,444,109960
KROGER-1052,2025-04-17,469,110429
KROGER-1052,2025-04-18,446,110875
KROGER-1052,2025-04-19,482,111357
KROGER-1052,2025-04-20,486,111843
KROGER-1052,2025-04-21,535,112378
KROGER-1052,2025-04-22,415,112793
KROGER-1052,2025-04-23,453,113246
KROGER-1052,2025-04-24,492,113738
KROGER-1052,2025-04-25,477,114215
KROGER-1052,2025-04-26,495,114710
KROGER-1052,2025-04-27,583,115293
KROGER-1052,2025-04-28,487,115780
KROGER-1052,2025-04-29,425,116205
KROGER-1052,2025-04-30,421,116626
KROGER-1052,2025-05-01,446,117072
KROGER-1052,2025-05-02,432,117504
KROGER-1052,2025-05-03,473,117977
KROGER-1052,2025-05-04,483,118460
KROGER-1052,2025-05-05,457,118917
KROGER-1052,2025-05-06,359,119276
KROGER-1052,2025-05-07,420,119696
KROGER-1052,2025-05-08,473,120169
KROGER-1052,2025-05-09,506,120675
KROGER-1052,2025-05-10,455,121130
KROGER-1052,2025-05-11,455,121585
KROGER-1052,2025-05-12,444,122029
KROGER-1052,2025-05-13,509,122538
KROGER-1052,2025-05-14,449,122987
KROGER-1052,2025-05-15,367,123354
KROGER-1052,2025-05-16,512,123866
KROGER-1052,2025-05-17,496,124362
KROGER-1052,2025-05-18,421,124783
KROGER-1052,2025-05-19,429,125212
KROGER-1052,2025-05-20,419,125631
KROGER-1052,2025-05-21,440,126071
KROGER-1052,2025-05-22,501,126572
KROGER-1052,2025-05-23,381,126953
KROGER-1052,2025-05-24,457,127410
KROGER-1052,2025-05-25,474,127884
KROGER-1052,2025-05-26,445,128329
KROGER-1052,2025-05-27,419,128748
KROGER-1052,2025-05-28,490,129238
KROGER-1052,2025-05-29,442,129680
KROGER-1052,2025-05-30,437,130117
KROGER-1052,2025-05-31,483,130600
KROGER-1052,2025-06-01,459,131059
KROGER-1052,2025-06-02,428,131487
KROGER-1052,2025-06-03,414,131901
KROGER-1052,2025-06-04,526,132427
KROGER-1052,2025-06-05,476,132903
KROGER-1052,2025-06-06,434,133337
KROGER-1052,2025-06-07,518,133855
KROGER-1052,2025-06-08,490,134345
KROGER-1052,2025-06-09,449,134794
KROGER-1052,2025-06-10,411,135205
KROGER-1052,2025-06-11,418,135623
KROGER-1052,2025-06-12,482,136105
KROGER-1052,2025-06-13,474,136579
KROGER-1052,2025-06-14,418,136997
KROGER-1052,2025-06-15,455,137452
KROGER-1052,2025-06-16,472,137924
KROGER-1052,2025-06-17,487,138411
KROGER-1052,2025-06-18,466,138877
KROGER-1052,2025-06-19,431,139308
KROGER-1052,2025-06-20,456,139764
KROGER-1052,2025-06-21,462,140226
KROGER-1052,2025-06-22,484,140710
KROGER-1052,2025-06-23,501,141211
KROGER-1052,2025-06-24,419,141630
KROGER-1052,2025-06-25,458,142088
KROGER-1052,2025-06-26,444,142532
KROGER-1052,2025-06-27,438,142970
KROGER-1052,2025-06-28,465,143435
KROGER-1052,2025-06-29,519,143954
KROGER-1052,2025-06-30,468,144422
KROGER-1052,2025-07-01,430,144852
KROGER-1052,2025-07-02,471,145323
KROGER-1052,2025-07-03,428,145751
KROGER-1052,2025-07-04,383,146134
KROGER-1052,2025-07-05,383,146517
KROGER-1052,2025-07-06,489,147006
KROGER-1052,2025-07-07,437,147443
KROGER-1052,2025-07-08,483,147926
KROGER-1052,2025-07-09,461,148387
KROGER-1052,2025-07-10,457,148844
KROGER-1052,2025-07-11,431,149275
KROGER-1052,2025-07-12,490,149765
KROGER-1052,2025-07-13,528,150293
KROGER-1052,2025-07-14,375,150668
KROGER-1052,2025-07-15,442,151110
KROGER-1052,2025-07-16,496,151606
KROGER-1052,2025-07-17,406,152012
KROGER-1052,2025-07-18,452,152464
KROGER-1052,2025-07-19,444,152908
KROGER-1052,2025-07-20,460,153368
KROGER-1052,2025-07-21,384,153752
KROGER-1052,2025-07-22,483,154235
KROGER-1052,2025-07-23,453,154688
KROGER-1052,2025-07-24,396,155084
KROGER-1052,2025-07-25,463,155547
KROGER-1052,2025-07-26,478,156025
KROGER-1052,2025-07-27,444,156469
KROGER-1052,2025-07-28,518,156987
KROGER-1052,2025-07-29,466,157453
KROGER-1052,2025-07-30,494,157947
KROGER-1052,2025-07-31,442,158389
KROGER-1052,2025-08-01,389,158778
KROGER-1052,2025-08-02,382,159160
KROGER-1052,2025-08-03,432,159592
KROGER-1052,2025-08-04,496,160088
KROGER-1052,2025-08-05,429,160517
KROGER-1052,2025-08-06,485,161002
KROGER-1052,2025-08-07,406,161408
KROGER-1052,2025-08-08,424,161832
KROGER-1052,2025-08-09,450,162282
KROGER-1052,2025-08-10,478,162760
KROGER-1052,2025-08-11,399,163159
KROGER-1052,2025-08-12,419,163578
KROGER-1052,2025-08-13,439,164017
KROGER-1052,2025-08-14,399,164416
KROGER-1052,2025-08-15,384,164800
KROGER-1052,2025-08-16,471,165271
KROGER-1052,2025-08-17,420,165691
KROGER-1052,2025-08-18,491,166182
KROGER-1052,2025-08-19,492,166674
KROGER-1052,2025-08-20,427,167101
KROGER-1052,2025-08-21,469,167570
KROGER-1052,2025-08-22,450,168020
KROGER-1052,2025-08-23,510,168530
KROGER-1052,2025-08-24,453,168983
KROGER-1052,2025-08-25,466,169449
KROGER-1052,2025-08-26,459,169908
KROGER-1052,2025-08-27,457,170365
KROGER-1052,2025-08-28,425,170790
KROGER-1052,2025-08-29,490,171280
KROGER-1052,2025-08-30,455,171735
KROGER-1052,2025-08-31,454,172189
KROGER-1053,2024-09-01,449,449
KROGER-1053,2024-09-02,430,879
KROGER-1053,2024-09-03,445,1324
KROGER-1053,2024-09-04,470,1794
KROGER-1053,2024-09-05,482,2276
KROGER-1053,2024-09-06,458,2734
KROGER-1053,2024-09-07,530,3264
KROGER-1053,2024-09-08,481,3745
KROGER-1053,2024-09-09,388,4133
KROGER-1053,2024-09-10,412,4545
KROGER-1053,2024-09-11,479,5024
KROGER-1053,2024-09-12,442,5466
KROGER-1053,2024-09-13,439,5905
KROGER-1053,2024-09-14,440,6345
KROGER-1053,2024-09-15,461,6806
KROGER-1053,2024-09-16,440,7246
KROGER-1053,2024-09-17,472,7718
KROGER-1053,2024-09-18,445,8163
KROGER-1053,2024-09-19,500,8663
KROGER-1053,2024-09-20,430,9093
KROGER-1053,2024-09-21,484,9577
KROGER-1053,2024-09-22,413,9990
KROGER-1053,2024-09-23,478,10468
KROGER-1053,2024-09-24,402,10870
KROGER-1053,2024-09-25,474,11344
KROGER-1053,2024-09-26,387,11731
KROGER-1053,2024-09-27,416,12147
KROGER-1053,2024-09-28,508,12655
KROGER-1053,2024-09-29,536,13191
KROGER-1053,2024-09-30,355,13546
KROGER-1053,2024-10-01,414,13960
KROGER-1053,2024-10-02,520,14480
KROGER-1053,2024-10-03,459,14939
KROGER-1053,2024-10-04,416,15355
KROGER-1053,2024-10-05,533,15888
KROGER-1053,2024-10-06,499,16387
KROGER-1053,2024-10-07,458,16845
KROGER-1053,2024-10-08,384,17229
KROGER-1053,2024-10-09,530,17759
KROGER-1053,2024-10-10,463,18222
KROGER-1053,2024-10-11,442,18664
KROGER-1053,2024-10-12,532,19196
KROGER-1053,2024-10-13,441,19637
KROGER-1053,2024-10-14,414,20051
KROGER-1053,2024-10-15,418,20469
KROGER-1053,2024-10-16,440,20909
KROGER-1053,2024-10-17,455,21364
KROGER-1053,2024-10-18,477,21841
KROGER-1053,2024-10-19,429,22270
KROGER-1053,2024-10-20,488,22758
KROGER-1053,2024-10-21,432,23190
KROGER-1053,2024-10-22,450,23640
KROGER-1053,2024-10-23,498,24138
KROGER-1053,2024-10-24,472,24610
KROGER-1053,2024-10-25,475,25085
KROGER-1053,2024-10-26,453,25538
KROGER-1053,2024-10-27,550,26088
KROGER-1053,2024-10-28,478,26566
KROGER-1053,2024-10-29,438,27004
KROGER-1053,2024-10-30,495,27499
KROGER-1053,2024-10-31,474,27973
KROGER-1053,2024-11-01,489,28462
KROGER-1053,2024-11-02,581,29043
KROGER-1053,2024-11-03,527,29570
KROGER-1053,2024-11-04,456,30026
KROGER-1053,2024-11-05,526,30552
KROGER-1053,2024-11-06,594,31146
KROGER-1053,2024-11-07,609,31755
KROGER-1053,2024-11-08,522,32277
KROGER-1053,2024-11-09,559,32836
KROGER-1053,2024-11-10,636,33472
KROGER-1053,2024-11-11,574,34046
KROGER-1053,2024-11-12,566,34612
KROGER-1053,2024-11-13,551,35163
KROGER-1053,2024-11-14,576,35739
KROGER-1053,2024-11-15,543,36282
KROGER-1053,2024-11-16,642,36924
KROGER-1053,2024-11-17,566,37490
KROGER-1053,2024-11-18,539,38029
KROGER-1053,2024-11-19,455,38484
KROGER-1053,2024-11-20,591,39075
KROGER-1053,2024-11-21,503,39578
KROGER-1053,2024-11-22,441,40019
KROGER-1053,2024-11-23,564,40583
KROGER-1053,2024-11-24,556,41139
KROGER-1053,2024-11-25,564,41703
KROGER-1053,2024-11-26,573,42276
KROGER-1053,2024-11-27,508,42784
KROGER-1053,2024-11-28,663,43447
KROGER-1053,2024-11-29,536,43983
KROGER-1053,2024-11-30,495,44478
KROGER-1053,2024-12-01,644,45122
KROGER-1053,2024-12-02,576,45698
KROGER-1053,2024-12-03,562,46260
KROGER-1053,2024-12-04,526,46786
KROGER-1053,2024-12-05,547,47333
KROGER-1053,2024-12-06,450,47783
KROGER-1053,2024-12-07,559,48342
KROGER-1053,2024-12-08,684,49026
KROGER-1053,2024-12-09,503,49529
KROGER-1053,2024-12-10,552,50081
KROGER-1053,2024-12-11,471,50552
KROGER-1053,2024-12-12,522,51074
KROGER-1053,2024-12-13,489,51563
KROGER-1053,2024-12-14,591,52154
KROGER-1053,2024-12-15,582,52736
KROGER-1053,2024-12-16,488,53224
KROGER-1053,2024-12-17,548,53772
KROGER-1053,2024-12-18,550,54322
KROGER-1053,2024-12-19,552,54874
KROGER-1053,2024-12-20,582,55456
KROGER-1053,2024-12-21,643,56099
KROGER-1053,2024-12-22,544,56643
KROGER-1053,2024-12-23,531,57174
KROGER-1053,2024-12-24,537,57711
KROGER-1053,2024-12-25,488,58199
KROGER-1053,2024-12-26,501,58700
KROGER-1053,2024-12-27,569,59269
KROGER-1053,2024-12-28,660,59929
KROGER-1053,2024-12-29,524,60453
KROGER-1053,2024-12-30,645,61098
KROGER-1053,2024-12-31,520,61618
KROGER-1053,2025-01-01,498,62116
KROGER-1053,2025-01-02,469,62585
KROGER-1053,2025-01-03,461,63046
KROGER-1053,2025-01-04,460,63506
KROGER-1053,2025-01-05,477,63983
KROGER-1053,2025-01-06,428,64411
KROGER-1053,2025-01-07,488,64899
KROGER-1053,2025-01-08,494,65393
KROGER-1053,2025-01-09,430,65823
KROGER-1053,2025-01-10,394,66217
KROGER-1053,2025-01-11,464,66681
KROGER-1053,2025-01-12,552,67233
KROGER-1053,2025-01-13,462,67695
KROGER-1053,2025-01-14,496,68191
KROGER-1053,2025-01-15,420,68611
KROGER-1053,2025-01-16,436,69047
KROGER-1053,2025-01-17,442,69489
KROGER-1053,2025-01-18,432,69921
KROGER-1053,2025-01-19,483,70404
KROGER-1053,2025-01-20,424,70828
KROGER-1053,2025-01-21,488,71316
KROGER-1053,2025-01-22,457,71773
KROGER-1053,2025-01-23,508,72281
KROGER-1053,2025-01-24,393,72674
KROGER-1053,2025-01-25,456,73130
KROGER-1053,2025-01-26,461,73591
KROGER-1053,2025-01-27,471,74062
KROGER-1053,2025-01-28,438,74500
KROGER-1053,2025-01-29,516,75016
KROGER-1053,2025-01-30,447,75463
KROGER-1053,2025-01-31,421,75884
KROGER-1053,2025-02-01,470,76354
KROGER-1053,2025-02-02,464,76818
KROGER-1053,2025-02-03,487,77305
KROGER-1053,2025-02-04,439,77744
KROGER-1053,2025-02-05,398,78142
KROGER-1053,2025-02-06,460,78602
KROGER-1053,2025-02-07,430,79032
KROGER-1053,2025-02-08,432,79464
KROGER-1053,2025-02-09,477,79941
KROGER-1053,2025-02-10,449,80390
KROGER-1053,2025-02-11,446,80836
KROGER-1053,2025-02-12,463,81299
KROGER-1053,2025-02-13,433,81732
KROGER-1053,2025-02-14,458,82190
KROGER-1053,2025-02-15,454,82644
KROGER-1053,2025-02-16,508,83152
KROGER-1053,2025-02-17,453,83605
KROGER-1053,2025-02-18,517,84122
KROGER-1053,2025-02-19,436,84558
KROGER-1053,2025-02-20,467,85025
KROGER-1053,2025-02-21,495,85520
KROGER-1053,2025-02-22,497,86017
KROGER-1053,2025-02-23,482,86499
KROGER-1053,2025-02-24,466,86965
KROGER-1053,2025-02-25,472,87437
KROGER-1053,2025-02-26,465,87902
KROGER-1053,2025-02-27,453,88355
KROGER-1053,2025-02-28,481,88836
KROGER-1053,2025-03-01,473,89309
KROGER-1053,2025-03-02,439,89748
KROGER-1053,2025-03-03,529,90277
KROGER-1053,2025-03-04,486,90763
KROGER-1053,2025-03-05,421,91184
KROGER-1053,2025-03-06,445,91629
KROGER-1053,2025-03-07,433,92062
KROGER-1053,2025-03-08,457,92519
KROGER-1053,2025-03-09,510,93029
KROGER-1053,2025-03-10,442,93471
KROGER-1053,2025-03-11,523,93994
KROGER-1053,2025-03-12,390,94384
KROGER-1053,2025-03-13,453,94837
KROGER-1053,2025-03-14,405,95242
KROGER-1053,2025-03-15,489,95731
KROGER-1053,2025-03-16,494,96225
KROGER-1053,2025-03-17,486,96711
KROGER-1053,2025-03-18,409,97120
KROGER-1053,2025-03-19,469,97589
KROGER-1053,2025-03-20,422,98011
KROGER-1053,2025-03-21,457,98468
KROGER-1053,2025-03-22,460,98928
KROGER-1053,2025-03-23,428,99356
KROGER-1053,2025-03-24,480,99836
KROGER-1053,2025-03-25,444,100280
KROGER-1053,2025-03-26,485,100765
KROGER-1053,2025-03-27,487,101252
KROGER-1053,2025-03-28,501,101753
KROGER-1053,2025-03-29,457,102210
KROGER-1053,2025-03-30,441,102651
KROGER-1053,2025-03-31,497,103148
KROGER-1053,2025-04-01,457,103605
KROGER-1053,2025-04-02,503,104108
KROGER-1053,2025-04-03,411,104519
KROGER-1053,2025-04-04,479,104998
KROGER-1053,2025-04-05,478,105476
KROGER-1053,2025-04-06,475,105951
KROGER-1053,2025-04-07,442,106393
KROGER-1053,2025-04-08,413,106806
KROGER-1053,2025-04-09,478,107284
KROGER-1053,2025-04-10,439,107723
KROGER-1053,2025-04-11,461,108184
KROGER-1053,2025-04-12,550,108734
KROGER-1053,2025-04-13,456,109190
KROGER-1053,2025-04-14,443,109633
KROGER-1053,2025-04-15,448,110081
KROGER-1053,2025-04-16,439,110520
KROGER-1053,2025-04-17,441,110961
KROGER-1053,2025-04-18,479,111440
KROGER-1053,2025-04-19,527,111967
KROGER-1053,2025-04-20,481,112448
KROGER-1053,2025-04-21,481,112929
KROGER-1053,2025-04-22,447,113376
KROGER-1053,2025-04-23,447,113823
KROGER-1053,2025-04-24,439,114262
KROGER-1053,2025-04-25,426,114688
KROGER-1053,2025-04-26,524,115212
KROGER-1053,2025-04-27,457,115669
KROGER-1053,2025-04-28,476,116145
KROGER-1053,2025-04-29,423,116568
KROGER-1053,2025-04-30,455,117023
KROGER-1053,2025-05-01,454,117477
KROGER-1053,2025-05-02,424,117901
KROGER-1053,2025-05-03,463,118364
KROGER-1053,2025-05-04,436,118800
KROGER-1053,2025-05-05,454,119254
KROGER-1053,2025-05-06,390,119644
KROGER-1053,2025-05-07,452,120096
KROGER-1053,2025-05-08,477,120573
KROGER-1053,2025-05-09,453,121026
KROGER-1053,2025-05-10,450,121476
KROGER-1053,2025-05-11,452,121928
KROGER-1053,2025-05-12,498,122426
KROGER-1053,2025-05-13,459,122885
KROGER-1053,2025-05-14,484,123369
KROGER-1053,2025-05-15,488,123857
KROGER-1053,2025-05-16,438,124295
KROGER-1053,2025-05-17,438,124733
KROGER-1053,2025-05-18,501,125234
KROGER-1053,2025-05-19,423,125657
KROGER-1053,2025-05-20,432,126089
KROGER-1053,2025-05-21,457,126546
KROGER-1053,2025-05-22,445,126991
KROGER-1053,2025-05-23,370,127361
KROGER-1053,2025-05-24,429,127790
KROGER-1053,2025-05-25,515,128305
KROGER-1053,2025-05-26,451,128756
KROGER-1053,2025-05-27,480,129236
KROGER-1053,2025-05-28,424,129660
KROGER-1053,2025-05-29,413,130073
KROGER-1053,2025-05-30,480,130553
KROGER-1053,2025-05-31,526,131079
KROGER-1053,2025-06-01,443,131522
KROGER-1053,2025-06-02,491,132013
KROGER-1053,2025-06-03,418,132431
KROGER-1053,2025-06-04,394,132825
KROGER-1053,2025-06-05,475,133300
KROGER-1053,2025-06-06,419,133719
KROGER-1053,2025-06-07,430,134149
KROGER-1053,2025-06-08,431,134580
KROGER-1053,2025-06-09,441,135021
KROGER-1053,2025-06-10,392,135413
KROGER-1053,2025-06-11,475,135888
KROGER-1053,2025-06-12,471,136359
KROGER-1053,2025-06-13,471,136830
KROGER-1053,2025-06-14,523,137353
KROGER-1053,2025-06-15,513,137866
KROGER-1053,2025-06-16,421,138287
KROGER-1053,2025-06-17,478,138765
KROGER-1053,2025-06-18,494,139259
KROGER-1053,2025-06-19,483,139742
KROGER-1053,2025-06-20,486,140228
KROGER-1053,2025-06-21,471,140699
KROGER-1053,2025-06-22,452,141151
KROGER-1053,2025-06-23,445,141596
KROGER-1053,2025-06-24,428,142024
KROGER-1053,2025-06-25,490,142514
KROGER-1053,2025-06-26,461,142975
KROGER-1053,2025-06-27,484,143459
KROGER-1053,2025-06-28,421,143880
KROGER-1053,2025-06-29,459,144339
KROGER-1053,2025-06-30,416,144755
KROGER-1053,2025-07-01,395,145150
KROGER-1053,2025-07-02,465,145615
KROGER-1053,2025-07-03,415,146030
KROGER-1053,2025-07-04,440,146470
KROGER-1053,2025-07-05,439,146909
KROGER-1053,2025-07-06,461,147370
KROGER-1053,2025-07-07,475,147845
KROGER-1053,2025-07-08,419,148264
KROGER-1053,2025-07-09,437,148701
KROGER-1053,2025-07-10,473,149174
KROGER-1053,2025-07-11,478,149652
KROGER-1053,2025-07-12,461,150113
KROGER-1053,2025-07-13,488,150601
KROGER-1053,2025-07-14,483,151084
KROGER-1053,2025-07-15,415,151499
KROGER-1053,2025-07-16,428,151927
KROGER-1053,2025-07-17,440,152367
KROGER-1053,2025-07-18,470,152837
KROGER-1053,2025-07-19,484,153321
KROGER-1053,2025-07-20,479,153800
KROGER-1053,2025-07-21,416,154216
KROGER-1053,2025-07-22,485,154701
KROGER-1053,2025-07-23,436,155137
KROGER-1053,2025-07-24,444,155581
KROGER-1053,2025-07-25,461,156042
KROGER-1053,2025-07-26,552,156594
KROGER-1053,2025-07-27,452,157046
KROGER-1053,2025-07-28,429,157475
KROGER-1053,2025-07-29,440,157915
KROGER-1053,2025-07-30,496,158411
KROGER-1053,2025-07-31,459,158870
KROGER-1053,2025-08-01,467,159337
KROGER-1053,2025-08-02,507,159844
KROGER-1053,2025-08-03,519,160363
KROGER-1053,2025-08-04,429,160792
KROGER-1053,2025-08-05,473,161265
KROGER-1053,2025-08-06,496,161761
KROGER-1053,2025-08-07,461,162222
KROGER-1053,2025-08-08,424,162646
KROGER-1053,2025-08-09,438,163084
KROGER-1053,2025-08-10,494,163578
KROGER-1053,2025-08-11,412,163990
KROGER-1053,2025-08-12,424,164414
KROGER-1053,2025-08-13,436,164850
KROGER-1053,2025-08-14,464,165314
KROGER-1053,2025-08-15,475,165789
KROGER-1053,2025-08-16,449,166238
KROGER-1053,2025-08-17,427,166665
KROGER-1053,2025-08-18,483,167148
KROGER-1053,2025-08-19,478,167626
KROGER-1053,2025-08-20,471,168097
KROGER-1053,2025-08-21,467,168564
KROGER-1053,2025-08-22,439,169003
KROGER-1053,2025-08-23,470,169473
KROGER-1053,2025-08-24,479,169952
KROGER-1053,2025-08-25,423,170375
KROGER-1053,2025-08-26,468,170843
KROGER-1053,2025-08-27,458,171301
KROGER-1053,2025-08-28,449,171750
KROGER-1053,2025-08-29,487,172237
KROGER-1053,2025-08-30,473,172710
KROGER-1053,2025-08-31,502,173212
KROGER-1054,2024-09-01,521,521
KROGER-1054,2024-09-02,585,1106
KROGER-1054,2024-09-03,575,1681
KROGER-1054,2024-09-04,643,2324
KROGER-1054,2024-09-05,618,2942
KROGER-1054,2024-09-06,589,3531
KROGER-1054,2024-09-07,551,4082
KROGER-1054,2024-09-08,535,4617
KROGER-1054,2024-09-09,516,5133
KROGER-1054,2024-09-10,570,5703
KROGER-1054,2024-09-11,605,6308
KROGER-1054,2024-09-12,495,6803
KROGER-1054,2024-09-13,511,7314
KROGER-1054,2024-09-14,577,7891
KROGER-1054,2024-09-15,523,8414
KROGER-1054,2024-09-16,529,8943
KROGER-1054,2024-09-17,603,9546
KROGER-1054,2024-09-18,580,10126
KROGER-1054,2024-09-19,584,10710
KROGER-1054,2024-09-20,505,11215
KROGER-1054,2024-09-21,495,11710
KROGER-1054,2024-09-22,556,12266
KROGER-1054,2024-09-23,446,12712
KROGER-1054,2024-09-24,568,13280
KROGER-1054,2024-09-25,581,13861
KROGER-1054,2024-09-26,514,14375
KROGER-1054,2024-09-27,574,14949
KROGER-1054,2024-09-28,602,15551
KROGER-1054,2024-09-29,524,16075
KROGER-1054,2024-09-30,531,16606
KROGER-1054,2024-10-01,528,17134
KROGER-1054,2024-10-02,589,17723
KROGER-1054,2024-10-03,580,18303
KROGER-1054,2024-10-04,573,18876
KROGER-1054,2024-10-05,550,19426
KROGER-1054,2024-10-06,638,20064
KROGER-1054,2024-10-07,556,20620
KROGER-1054,2024-10-08,570,21190
KROGER-1054,2024-10-09,624,21814
KROGER-1054,2024-10-10,577,22391
KROGER-1054,2024-10-11,543,22934
KROGER-1054,2024-10-12,553,23487
KROGER-1054,2024-10-13,496,23983
KROGER-1054,2024-10-14,479,24462
KROGER-1054,2024-10-15,586,25048
KROGER-1054,2024-10-16,461,25509
KROGER-1054,2024-10-17,592,26101
KROGER-1054,2024-10-18,583,26684
KROGER-1054,2024-10-19,536,27220
KROGER-1054,2024-10-20,584,27804
KROGER-1054,2024-10-21,573,28377
KROGER-1054,2024-10-22,552,28929
KROGER-1054,2024-10-23,602,29531
KROGER-1054,2024-10-24,487,30018
KROGER-1054,2024-10-25,570,30588
KROGER-1054,2024-10-26,547,31135
KROGER-1054,2024-10-27,495,31630
KROGER-1054,2024-10-28,497,32127
KROGER-1054,2024-10-29,525,32652
KROGER-1054,2024-10-30,549,33201
KROGER-1054,2024-10-31,509,33710
KROGER-1054,2024-11-01,631,34341
KROGER-1054,2024-11-02,669,35010
KROGER-1054,2024-11-03,642,35652
KROGER-1054,2024-11-04,628,36280
KROGER-1054,2024-11-05,688,36968
KROGER-1054,2024-11-06,745,37713
KROGER-1054,2024-11-07,669,38382
KROGER-1054,2024-11-08,665,39047
KROGER-1054,2024-11-09,686,39733
KROGER-1054,2024-11-10,669,40402
KROGER-1054,2024-11-11,688,41090
KROGER-1054,2024-11-12,710,41800
KROGER-1054,2024-11-13,597,42397
KROGER-1054,2024-11-14,712,43109
KROGER-1054,2024-11-15,743,43852
KROGER-1054,2024-11-16,635,44487
KROGER-1054,2024-11-17,742,45229
KROGER-1054,2024-11-18,744,45973
KROGER-1054,2024-11-19,695,46668
KROGER-1054,2024-11-20,648,47316
KROGER-1054,2024-11-21,699,48015
KROGER-1054,2024-11-22,615,48630
KROGER-1054,2024-11-23,673,49303
KROGER-1054,2024-11-24,650,49953
KROGER-1054,2024-11-25,587,50540
KROGER-1054,2024-11-26,660,51200
KROGER-1054,2024-11-27,674,51874
KROGER-1054,2024-11-28,693,52567
KROGER-1054,2024-11-29,422,52989
KROGER-1054,2024-11-30,701,53690
KROGER-1054,2024-12-01,695,54385
KROGER-1054,2024-12-02,600,54985
KROGER-1054,2024-12-03,634,55619
KROGER-1054,2024-12-04,697,56316
KROGER-1054,2024-12-05,663,56979
KROGER-1054,2024-12-06,657,57636
KROGER-1054,2024-12-07,740,58376
KROGER-1054,2024-12-08,819,59195
KROGER-1054,2024-12-09,645,59840
KROGER-1054,2024-12-10,671,60511
KROGER-1054,2024-12-11,611,61122
KROGER-1054,2024-12-12,771,61893
KROGER-1054,2024-12-13,629,62522
KROGER-1054,2024-12-14,591,63113
KROGER-1054,2024-12-15,725,63838
KROGER-1054,2024-12-16,573,64411
KROGER-1054,2024-12-17,726,65137
KROGER-1054,2024-12-18,689,65826
KROGER-1054,2024-12-19,604,66430
KROGER-1054,2024-12-20,693,67123
KROGER-1054,2024-12-21,672,67795
KROGER-1054,2024-12-22,714,68509
KROGER-1054,2024-12-23,590,69099
KROGER-1054,2024-12-24,587,69686
KROGER-1054,2024-12-25,674,70360
KROGER-1054,2024-12-26,757,71117
KROGER-1054,2024-12-27,624,71741
KROGER-1054,2024-12-28,651,72392
KROGER-1054,2024-12-29,672,73064
KROGER-1054,2024-12-30,588,73652
KROGER-1054,2024-12-31,687,74339
KROGER-1054,2025-01-01,588,74927
KROGER-1054,2025-01-02,569,75496
KROGER-1054,2025-01-03,541,76037
KROGER-1054,2025-01-04,528,76565
KROGER-1054,2025-01-05,671,77236
KROGER-1054,2025-01-06,510,77746
KROGER-1054,2025-01-07,509,78255
KROGER-1054,2025-01-08,469,78724
KROGER-1054,2025-01-09,486,79210
KROGER-1054,2025-01-10,563,79773
KROGER-1054,2025-01-11,556,80329
KROGER-1054,2025-01-12,536,80865
KROGER-1054,2025-01-13,513,81378
KROGER-1054,2025-01-14,526,81904
KROGER-1054,2025-01-15,519,82423
KROGER-1054,2025-01-16,610,83033
KROGER-1054,2025-01-17,532,83565
KROGER-1054,2025-01-18,582,84147
KROGER-1054,2025-01-19,578,84725
KROGER-1054,2025-01-20,552,85277
KROGER-1054,2025-01-21,532,85809
KROGER-1054,2025-01-22,527,86336
KROGER-1054,2025-01-23,576,86912
KROGER-1054,2025-01-24,558,87470
KROGER-1054,2025-01-25,541,88011
KROGER-1054,2025-01-26,444,88455
KROGER-1054,2025-01-27,521,88976
KROGER-1054,2025-01-28,488,89464
KROGER-1054,2025-01-29,508,89972
KROGER-1054,2025-01-30,490,90462
KROGER-1054,2025-01-31,599,91061
KROGER-1054,2025-02-01,629,91690
KROGER-1054,2025-02-02,610,92300
KROGER-1054,2025-02-03,533,92833
KROGER-1054,2025-02-04,519,93352
KROGER-1054,2025-02-05,482,93834
KROGER-1054,2025-02-06,588,94422
KROGER-1054,2025-02-07,586,95008
KROGER-1054,2025-02-08,598,95606
KROGER-1054,2025-02-09,524,96130
KROGER-1054,2025-02-10,533,96663
KROGER-1054,2025-02-11,543,97206
KROGER-1054,2025-02-12,471,97677
KROGER-1054,2025-02-13,611,98288
KROGER-1054,2025-02-14,489,98777
KROGER-1054,2025-02-15,540,99317
KROGER-1054,2025-02-16,494,99811
KROGER-1054,2025-02-17,539,100350
KROGER-1054,2025-02-18,537,100887
KROGER-1054,2025-02-19,591,101478
KROGER-1054,2025-02-20,506,101984
KROGER-1054,2025-02-21,500,102484
KROGER-1054,2025-02-22,579,103063
KROGER-1054,2025-02-23,480,103543
KROGER-1054,2025-02-24,606,104149
KROGER-1054,2025-02-25,490,104639
KROGER-1054,2025-02-26,628,105267
KROGER-1054,2025-02-27,513,105780
KROGER-1054,2025-02-28,485,106265
KROGER-1054,2025-03-01,602,106867
KROGER-1054,2025-03-02,600,107467
KROGER-1054,2025-03-03,572,108039
KROGER-1054,2025-03-04,552,108591
KROGER-1054,2025-03-05,646,109237
KROGER-1054,2025-03-06,489,109726
KROGER-1054,2025-03-07,608,110334
KROGER-1054,2025-03-08,501,110835
KROGER-1054,2025-03-09,652,111487
KROGER-1054,2025-03-10,564,112051
KROGER-1054,2025-03-11,616,112667
KROGER-1054,2025-03-12,587,113254
KROGER-1054,2025-03-13,453,113707
KROGER-1054,2025-03-14,533,114240
KROGER-1054,2025-03-15,518,114758
KROGER-1054,2025-03-16,644,115402
KROGER-1054,2025-03-17,583,115985
KROGER-1054,2025-03-18,555,116540
KROGER-1054,2025-03-19,530,117070
KROGER-1054,2025-03-20,567,117637
KROGER-1054,2025-03-21,506,118143
KROGER-1054,2025-03-22,588,118731
KROGER-1054,2025-03-23,570,119301
KROGER-1054,2025-03-24,512,119813
KROGER-1054,2025-03-25,579,120392
KROGER-1054,2025-03-26,631,121023
KROGER-1054,2025-03-27,485,121508
KROGER-1054,2025-03-28,590,122098
KROGER-1054,2025-03-29,538,122636
KROGER-1054,2025-03-30,602,123238
KROGER-1054,2025-03-31,521,123759
KROGER-1054,2025-04-01,535,124294
KROGER-1054,2025-04-02,539,124833
KROGER-1054,2025-04-03,608,125441
KROGER-1054,2025-04-04,544,125985
KROGER-1054,2025-04-05,560,126545
KROGER-1054,2025-04-06,572,127117
KROGER-1054,2025-04-07,631,127748
KROGER-1054,2025-04-08,573,128321
KROGER-1054,2025-04-09,521,128842
KROGER-1054,2025-04-10,614,129456
KROGER-1054,2025-04-11,556,130012
KROGER-1054,2025-04-12,536,130548
KROGER-1054,2025-04-13,594,131142
KROGER-1054,2025-04-14,541,131683
KROGER-1054,2025-04-15,400,132083
KROGER-1054,2025-04-16,563,132646
KROGER-1054,2025-04-17,501,133147
KROGER-1054,2025-04-18,492,133639
KROGER-1054,2025-04-19,486,134125
KROGER-1054,2025-04-20,581,134706
KROGER-1054,2025-04-21,542,135248
KROGER-1054,2025-04-22,590,135838
KROGER-1054,2025-04-23,513,136351
KROGER-1054,2025-04-24,527,136878
KROGER-1054,2025-04-25,635,137513
KROGER-1054,2025-04-26,484,137997
KROGER-1054,2025-04-27,632,138629
KROGER-1054,2025-04-28,514,139143
KROGER-1054,2025-04-29,685,139828
KROGER-1054,2025-04-30,580,140408
KROGER-1054,2025-05-01,520,140928
KROGER-1054,2025-05-02,487,141415
KROGER-1054,2025-05-03,594,142009
KROGER-1054,2025-05-04,487,142496
KROGER-1054,2025-05-05,578,143074
KROGER-1054,2025-05-06,487,143561
KROGER-1054,2025-05-07,505,144066
KROGER-1054,2025-05-08,425,144491
KROGER-1054,2025-05-09,554,145045
KROGER-1054,2025-05-10,588,145633
KROGER-1054,2025-05-11,577,146210
KROGER-1054,2025-05-12,472,146682
KROGER-1054,2025-05-13,611,147293
KROGER-1054,2025-05-14,541,147834
KROGER-1054,2025-05-15,525,148359
KROGER-1054,2025-05-16,583,148942
KROGER-1054,2025-05-17,555,149497
KROGER-1054,2025-05-18,596,150093
KROGER-1054,2025-05-19,514,150607
KROGER-1054,2025-05-20,584,151191
KROGER-1054,2025-05-21,583,151774
KROGER-1054,2025-05-22,528,152302
KROGER-1054,2025-05-23,555,152857
KROGER-1054,2025-05-24,574,153431
KROGER-1054,2025-05-25,570,154001
KROGER-1054,2025-05-26,496,154497
KROGER-1054,2025-05-27,502,154999
KROGER-1054,2025-05-28,531,155530
KROGER-1054,2025-05-29,551,156081
KROGER-1054,2025-05-30,509,156590
KROGER-1054,2025-05-31,576,157166
KROGER-1054,2025-06-01,470,157636
KROGER-1054,2025-06-02,548,158184
KROGER-1054,2025-06-03,551,158735
KROGER-1054,2025-06-04,584,159319
KROGER-1054,2025-06-05,610,159929
KROGER-1054,2025-06-06,578,160507
KROGER-1054,2025-06-07,658,161165
KROGER-1054,2025-06-08,549,161714
KROGER-1054,2025-06-09,631,162345
KROGER-1054,2025-06-10,516,162861
KROGER-1054,2025-06-11,543,163404
KROGER-1054,2025-06-12,564,163968
KROGER-1054,2025-06-13,570,164538
KROGER-1054,2025-06-14,607,165145
KROGER-1054,2025-06-15,612,165757
KROGER-1054,2025-06-16,578,166335
KROGER-1054,2025-06-17,529,166864
KROGER-1054,2025-06-18,524,167388
KROGER-1054,2025-06-19,550,167938
KROGER-1054,2025-06-20,524,168462
KROGER-1054,2025-06-21,545,169007
KROGER-1054,2025-06-22,556,169563
KROGER-1054,2025-06-23,640,170203
KROGER-1054,2025-06-24,616,170819
KROGER-1054,2025-06-25,538,171357
KROGER-1054,2025-06-26,457,171814
KROGER-1054,2025-06-27,522,172336
KROGER-1054,2025-06-28,616,172952
KROGER-1054,2025-06-29,503,173455
KROGER-1054,2025-06-30,575,174030
KROGER-1054,2025-07-01,572,174602
KROGER-1054,2025-07-02,549,175151
KROGER-1054,2025-07-03,546,175697
KROGER-1054,2025-07-04,508,176205
KROGER-1054,2025-07-05,608,176813
KROGER-1054,2025-07-06,590,177403
KROGER-1054,2025-07-07,527,177930
KROGER-1054,2025-07-08,514,178444
KROGER-1054,2025-07-09,496,178940
KROGER-1054,2025-07-10,564,179504
KROGER-1054,2025-07-11,539,180043
KROGER-1054,2025-07-12,567,180610
KROGER-1054,2025-07-13,504,181114
KROGER-1054,2025-07-14,500,181614
KROGER-1054,2025-07-15,495,182109
KROGER-1054,2025-07-16,582,182691
KROGER-1054,2025-07-17,556,183247
KROGER-1054,2025-07-18,536,183783
KROGER-1054,2025-07-19,626,184409
KROGER-1054,2025-07-20,620,185029
KROGER-1054,2025-07-21,597,185626
KROGER-1054,2025-07-22,537,186163
KROGER-1054,2025-07-23,486,186649
KROGER-1054,2025-07-24,623,187272
KROGER-1054,2025-07-25,571,187843
KROGER-1054,2025-07-26,601,188444
KROGER-1054,2025-07-27,607,189051
KROGER-1054,2025-07-28,669,189720
KROGER-1054,2025-07-29,544,190264
KROGER-1054,2025-07-30,611,190875
KROGER-1054,2025-07-31,511,191386
KROGER-1054,2025-08-01,584,191970
KROGER-1054,2025-08-02,658,192628
KROGER-1054,2025-08-03,573,193201
KROGER-1054,2025-08-04,464,193665
KROGER-1054,2025-08-05,573,194238
KROGER-1054,2025-08-06,539,194777
KROGER-1054,2025-08-07,585,195362
KROGER-1054,2025-08-08,528,195890
KROGER-1054,2025-08-09,685,196575
KROGER-1054,2025-08-10,580,197155
KROGER-1054,2025-08-11,583,197738
KROGER-1054,2025-08-12,504,198242
KROGER-1054,2025-08-13,496,198738
KROGER-1054,2025-08-14,491,199229
KROGER-1054,2025-08-15,491,199720
KROGER-1054,2025-08-16,607,200327
KROGER-1054,2025-08-17,548,200875
KROGER-1054,2025-08-18,492,201367
KROGER-1054,2025-08-19,517,201884
KROGER-1054,2025-08-20,579,202463
KROGER-1054,2025-08-21,578,203041
KROGER-1054,2025-08-22,592,203633
KROGER-1054,2025-08-23,563,204196
KROGER-1054,2025-08-24,668,204864
KROGER-1054,2025-08-25,596,205460
KROGER-1054,2025-08-26,497,205957
KROGER-1054,2025-08-27,584,206541
KROGER-1054,2025-08-28,549,207090
KROGER-1054,2025-08-29,541,207631
KROGER-1054,2025-08-30,576,208207
KROGER-1054,2025-08-31,545,208752
KROGER-1055,2024-09-01,595,595
KROGER-1055,2024-09-02,500,1095
KROGER-1055,2024-09-03,500,1595
KROGER-1055,2024-09-04,556,2151
KROGER-1055,2024-09-05,615,2766
KROGER-1055,2024-09-06,503,3269
KROGER-1055,2024-09-07,495,3764
KROGER-1055,2024-09-08,600,4364
KROGER-1055,2024-09-09,532,4896
KROGER-1055,2024-09-10,545,5441
KROGER-1055,2024-09-11,525,5966
KROGER-1055,2024-09-12,549,6515
KROGER-1055,2024-09-13,539,7054
KROGER-1055,2024-09-14,527,7581
KROGER-1055,2024-09-15,581,8162
KROGER-1055,2024-09-16,545,8707
KROGER-1055,2024-09-17,508,9215
KROGER-1055,2024-09-18,517,9732
KROGER-1055,2024-09-19,491,10223
KROGER-1055,2024-09-20,543,10766
KROGER-1055,2024-09-21,571,11337
KROGER-1055,2024-09-22,548,11885
KROGER-1055,2024-09-23,476,12361
KROGER-1055,2024-09-24,439,12800
KROGER-1055,2024-09-25,514,13314
KROGER-1055,2024-09-26,534,13848
KROGER-1055,2024-09-27,551,14399
KROGER-1055,2024-09-28,600,14999
KROGER-1055,2024-09-29,534,15533
KROGER-1055,2024-09-30,458,15991
KROGER-1055,2024-10-01,502,16493
KROGER-1055,2024-10-02,616,17109
KROGER-1055,2024-10-03,593,17702
KROGER-1055,2024-10-04,542,18244
KROGER-1055,2024-10-05,531,18775
KROGER-1055,2024-10-06,546,19321
KROGER-1055,2024-10-07,596,19917
KROGER-1055,2024-10-08,533,20450
KROGER-1055,2024-10-09,508,20958
KROGER-1055,2024-10-10,580,21538
KROGER-1055,2024-10-11,442,21980
KROGER-1055,2024-10-12,506,22486
KROGER-1055,2024-10-13,515,23001
KROGER-1055,2024-10-14,566,23567
KROGER-1055,2024-10-15,500,24067
KROGER-1055,2024-10-16,450,24517
KROGER-1055,2024-10-17,495,25012
KROGER-1055,2024-10-18,504,25516
KROGER-1055,2024-10-19,547,26063
KROGER-1055,2024-10-20,556,26619
KROGER-1055,2024-10-21,565,27184
KROGER-1055,2024-10-22,511,27695
KROGER-1055,2024-10-23,500,28195
KROGER-1055,2024-10-24,526,28721
KROGER-1055,2024-10-25,534,29255
KROGER-1055,2024-10-26,524,29779
KROGER-1055,2024-10-27,475,30254
KROGER-1055,2024-10-28,503,30757
KROGER-1055,2024-10-29,558,31315
KROGER-1055,2024-10-30,521,31836
KROGER-1055,2024-10-31,576,32412
KROGER-1055,2024-11-01,654,33066
KROGER-1055,2024-11-02,632,33698
KROGER-1055,2024-11-03,738,34436
KROGER-1055,2024-11-04,585,35021
KROGER-1055,2024-11-05,545,35566
KROGER-1055,2024-11-06,646,36212
KROGER-1055,2024-11-07,589,36801
KROGER-1055,2024-11-08,626,37427
KROGER-1055,2024-11-09,604,38031
KROGER-1055,2024-11-10,661,38692
KROGER-1055,2024-11-11,653,39345
KROGER-1055,2024-11-12,661,40006
KROGER-1055,2024-11-13,572,40578
KROGER-1055,2024-11-14,561,41139
KROGER-1055,2024-11-15,649,41788
KROGER-1055,2024-11-16,640,42428
KROGER-1055,2024-11-17,631,43059
KROGER-1055,2024-11-18,623,43682
KROGER-1055,2024-11-19,620,44302
KROGER-1055,2024-11-20,648,44950
KROGER-1055,2024-11-21,653,45603
KROGER-1055,2024-11-22,678,46281
KROGER-1055,2024-11-23,647,46928
KROGER-1055,2024-11-24,713,47641
KROGER-1055,2024-11-25,658,48299
KROGER-1055,2024-11-26,673,48972
KROGER-1055,2024-11-27,573,49545
KROGER-1055,2024-11-28,624,50169
KROGER-1055,2024-11-29,724,50893
KROGER-1055,2024-11-30,588,51481
KROGER-1055,2024-12-01,755,52236
KROGER-1055,2024-12-02,717,52953
KROGER-1055,2024-12-03,666,53619
KROGER-1055,2024-12-04,561,54180
KROGER-1055,2024-12-05,618,54798
KROGER-1055,2024-12-06,669,55467
KROGER-1055,2024-12-07,590,56057
KROGER-1055,2024-12-08,696,56753
KROGER-1055,2024-12-09,634,57387
KROGER-1055,2024-12-10,600,57987
KROGER-1055,2024-12-11,573,58560
KROGER-1055,2024-12-12,702,59262
KROGER-1055,2024-12-13,668,59930
KROGER-1055,2024-12-14,652,60582
KROGER-1055,2024-12-15,662,61244
KROGER-1055,2024-12-16,615,61859
KROGER-1055,2024-12-17,538,62397
KROGER-1055,2024-12-18,694,63091
KROGER-1055,2024-12-19,640,63731
KROGER-1055,2024-12-20,677,64408
KROGER-1055,2024-12-21,636,65044
KROGER-1055,2024-12-22,665,65709
KROGER-1055,2024-12-23,645,66354
KROGER-1055,2024-12-24,681,67035
KROGER-1055,2024-12-25,719,67754
KROGER-1055,2024-12-26,611,68365
KROGER-1055,2024-12-27,611,68976
KROGER-1055,2024-12-28,647,69623
KROGER-1055,2024-12-29,629,70252
KROGER-1055,2024-12-30,762,71014
KROGER-1055,2024-12-31,544,71558
KROGER-1055,2025-01-01,637,72195
KROGER-1055,2025-01-02,551,72746
KROGER-1055,2025-01-03,521,73267
KROGER-1055,2025-01-04,513,73780
KROGER-1055,2025-01-05,548,74328
KROGER-1055,2025-01-06,500,74828
KROGER-1055,2025-01-07,582,75410
KROGER-1055,2025-01-08,550,75960
KROGER-1055,2025-01-09,594,76554
KROGER-1055,2025-01-10,512,77066
KROGER-1055,2025-01-11,556,77622
KROGER-1055,2025-01-12,546,78168
KROGER-1055,2025-01-13,508,78676
KROGER-1055,2025-01-14,481,79157
KROGER-1055,2025-01-15,554,79711
KROGER-1055,2025-01-16,538,80249
KROGER-1055,2025-01-17,522,80771
KROGER-1055,2025-01-18,572,81343
KROGER-1055,2025-01-19,532,81875
KROGER-1055,2025-01-20,525,82400
KROGER-1055,2025-01-21,560,82960
KROGER-1055,2025-01-22,566,83526
KROGER-1055,2025-01-23,588,84114
KROGER-1055,2025-01-24,477,84591
KROGER-1055,2025-01-25,508,85099
KROGER-1055,2025-01-26,499,85598
KROGER-1055,2025-01-27,497,86095
KROGER-1055,2025-01-28,510,86605
KROGER-1055,2025-01-29,542,87147
KROGER-1055,2025-01-30,573,87720
KROGER-1055,2025-01-31,507,88227
KROGER-1055,2025-02-01,575,88802
KROGER-1055,2025-02-02,607,89409
KROGER-1055,2025-02-03,505,89914
KROGER-1055,2025-02-04,512,90426
KROGER-1055,2025-02-05,527,90953
KROGER-1055,2025-02-06,454,91407
KROGER-1055,2025-02-07,545,91952
KROGER-1055,2025-02-08,497,92449
KROGER-1055,2025-02-09,585,93034
KROGER-1055,2025-02-10,506,93540
KROGER-1055,2025-02-11,503,94043
KROGER-1055,2025-02-12,483,94526
KROGER-1055,2025-02-13,547,95073
KROGER-1055,2025-02-14,546,95619
KROGER-1055,2025-02-15,530,96149
KROGER-1055,2025-02-16,629,96778
KROGER-1055,2025-02-17,525,97303
KROGER-1055,2025-02-18,523,97826
KROGER-1055,2025-02-19,526,98352
KROGER-1055,2025-02-20,495,98847
KROGER-1055,2025-02-21,482,99329
KROGER-1055,2025-02-22,534,99863
KROGER-1055,2025-02-23,578,100441
KROGER-1055,2025-02-24,446,100887
KROGER-1055,2025-02-25,461,101348
KROGER-1055,2025-02-26,498,101846
KROGER-1055,2025-02-27,449,102295
KROGER-1055,2025-02-28,465,102760
KROGER-1055,2025-03-01,586,103346
KROGER-1055,2025-03-02,531,103877
KROGER-1055,2025-03-03,488,104365
KROGER-1055,2025-03-04,530,104895
KROGER-1055,2025-03-05,529,105424
KROGER-1055,2025-03-06,573,105997
KROGER-1055,2025-03-07,449,106446
KROGER-1055,2025-03-08,509,106955
KROGER-1055,2025-03-09,524,107479
KROGER-1055,2025-03-10,540,108019
KROGER-1055,2025-03-11,645,108664
KROGER-1055,2025-03-12,549,109213
KROGER-1055,2025-03-13,513,109726
KROGER-1055,2025-03-14,473,110199
KROGER-1055,2025-03-15,491,110690
KROGER-1055,2025-03-16,590,111280
KROGER-1055,2025-03-17,491,111771
KROGER-1055,2025-03-18,509,112280
KROGER-1055,2025-03-19,594,112874
KROGER-1055,2025-03-20,452,113326
KROGER-1055,2025-03-21,535,113861
KROGER-1055,2025-03-22,510,114371
KROGER-1055,2025-03-23,622,114993
KROGER-1055,2025-03-24,485,115478
KROGER-1055,2025-03-25,552,116030
KROGER-1055,2025-03-26,448,116478
KROGER-1055,2025-03-27,589,117067
KROGER-1055,2025-03-28,563,117630
KROGER-1055,2025-03-29,526,118156
KROGER-1055,2025-03-30,568,118724
KROGER-1055,2025-03-31,564,119288
KROGER-1055,2025-04-01,530,119818
KROGER-1055,2025-04-02,508,120326
KROGER-1055,2025-04-03,520,120846
KROGER-1055,2025-04-04,529,121375
KROGER-1055,2025-04-05,553,121928
KROGER-1055,2025-04-06,569,122497
KROGER-1055,2025-04-07,481,122978
KROGER-1055,2025-04-08,497,123475
KROGER-1055,2025-04-09,508,123983
KROGER-1055,2025-04-10,544,124527
KROGER-1055,2025-04-11,460,124987
KROGER-1055,2025-04-12,557,125544
KROGER-1055,2025-04-13,585,126129
KROGER-1055,2025-04-14,526,126655
KROGER-1055,2025-04-15,527,127182
KROGER-1055,2025-04-16,511,127693
KROGER-1055,2025-04-17,527,128220
KROGER-1055,2025-04-18,505,128725
KROGER-1055,2025-04-19,543,129268
KROGER-1055,2025-04-20,531,129799
KROGER-1055,2025-04-21,516,130315
KROGER-1055,2025-04-22,511,130826
KROGER-1055,2025-04-23,474,131300
KROGER-1055,2025-04-24,461,131761
KROGER-1055,2025-04-25,527,132288
KROGER-1055,2025-04-26,577,132865
KROGER-1055,2025-04-27,619,133484
KROGER-1055,2025-04-28,570,134054
KROGER-1055,2025-04-29,562,134616
KROGER-1055,2025-04-30,534,135150
KROGER-1055,2025-05-01,529,135679
KROGER-1055,2025-05-02,491,136170
KROGER-1055,2025-05-03,510,136680
KROGER-1055,2025-05-04,559,137239
KROGER-1055,2025-05-05,489,137728
KROGER-1055,2025-05-06,520,138248
KROGER-1055,2025-05-07,419,138667
KROGER-1055,2025-05-08,544,139211
KROGER-1055,2025-05-09,481,139692
KROGER-1055,2025-05-10,487,140179
KROGER-1055,2025-05-11,582,140761
KROGER-1055,2025-05-12,564,141325
KROGER-1055,2025-05-13,520,141845
KROGER-1055,2025-05-14,494,142339
KROGER-1055,2025-05-15,554,142893
KROGER-1055,2025-05-16,492,143385
KROGER-1055,2025-05-17,543,143928
KROGER-1055,2025-05-18,610,144538
KROGER-1055,2025-05-19,540,145078
KROGER-1055,2025-05-20,522,145600
KROGER-1055,2025-05-21,512,146112
KROGER-1055,2025-05-22,526,146638
KROGER-1055,2025-05-23,535,147173
KROGER-1055,2025-05-24,501,147674
KROGER-1055,2025-05-25,603,148277
KROGER-1055,2025-05-26,505,148782
KROGER-1055,2025-05-27,515,149297
KROGER-1055,2025-05-28,558,149855
KROGER-1055,2025-05-29,518,150373
KROGER-1055,2025-05-30,561,150934
KROGER-1055,2025-05-31,548,151482
KROGER-1055,2025-06-01,555,152037
KROGER-1055,2025-06-02,533,152570
KROGER-1055,2025-06-03,540,153110
KROGER-1055,2025-06-04,547,153657
KROGER-1055,2025-06-05,568,154225
KROGER-1055,2025-06-06,566,154791
KROGER-1055,2025-06-07,515,155306
KROGER-1055,2025-06-08,614,155920
KROGER-1055,2025-06-09,453,156373
KROGER-1055,2025-06-10,497,156870
KROGER-1055,2025-06-11,518,157388
KROGER-1055,2025-06-12,475,157863
KROGER-1055,2025-06-13,536,158399
KROGER-1055,2025-06-14,583,158982
KROGER-1055,2025-06-15,519,159501
KROGER-1055,2025-06-16,543,160044
KROGER-1055,2025-06-17,559,160603
KROGER-1055,2025-06-18,443,161046
KROGER-1055,2025-06-19,531,161577
KROGER-1055,2025-06-20,540,162117
KROGER-1055,2025-06-21,510,162627
KROGER-1055,2025-06-22,498,163125
KROGER-1055,2025-06-23,495,163620
KROGER-1055,2025-06-24,516,164136
KROGER-1055,2025-06-25,492,164628
KROGER-1055,2025-06-26,547,165175
KROGER-1055,2025-06-27,542,165717
KROGER-1055,2025-06-28,567,166284
KROGER-1055,2025-06-29,606,166890
KROGER-1055,2025-06-30,551,167441
KROGER-1055,2025-07-01,536,167977
KROGER-1055,2025-07-02,473,168450
KROGER-1055,2025-07-03,573,169023
KROGER-1055,2025-07-04,577,169600
KROGER-1055,2025-07-05,536,170136
KROGER-1055,2025-07-06,515,170651
KROGER-1055,2025-07-07,556,171207
KROGER-1055,2025-07-08,448,171655
KROGER-1055,2025-07-09,541,172196
KROGER-1055,2025-07-10,587,172783
KROGER-1055,2025-07-11,508,173291
KROGER-1055,2025-07-12,561,173852
KROGER-1055,2025-07-13,555,174407
KROGER-1055,2025-07-14,568,174975
KROGER-1055,2025-07-15,528,175503
KROGER-1055,2025-07-16,510,176013
KROGER-1055,2025-07-17,553,176566
KROGER-1055,2025-07-18,493,177059
KROGER-1055,2025-07-19,542,177601
KROGER-1055,2025-07-20,571,178172
KROGER-1055,2025-07-21,478,178650
KROGER-1055,2025-07-22,523,179173
KROGER-1055,2025-07-23,515,179688
KROGER-1055,2025-07-24,544,180232
KROGER-1055,2025-07-25,520,180752
KROGER-1055,2025-07-26,489,181241
KROGER-1055,2025-07-27,548,181789
KROGER-1055,2025-07-28,556,182345
KROGER-1055,2025-07-29,585,182930
KROGER-1055,2025-07-30,564,183494
KROGER-1055,2025-07-31,457,183951
KROGER-1055,2025-08-01,468,184419
KROGER-1055,2025-08-02,504,184923
KROGER-1055,2025-08-03,617,185540
KROGER-1055,2025-08-04,545,186085
KROGER-1055,2025-08-05,635,186720
KROGER-1055,2025-08-06,578,187298
KROGER-1055,2025-08-07,528,187826
KROGER-1055,2025-08-08,505,188331
KROGER-1055,2025-08-09,567,188898
KROGER-1055,2025-08-10,587,189485
KROGER-1055,2025-08-11,575,190060
KROGER-1055,2025-08-12,512,190572
KROGER-1055,2025-08-13,616,191188
KROGER-1055,2025-08-14,522,191710
KROGER-1055,2025-08-15,574,192284
KROGER-1055,2025-08-16,565,192849
KROGER-1055,2025-08-17,535,193384
KROGER-1055,2025-08-18,442,193826
KROGER-1055,2025-08-19,472,194298
KROGER-1055,2025-08-20,573,194871
KROGER-1055,2025-08-21,556,195427
KROGER-1055,2025-08-22,549,195976
KROGER-1055,2025-08-23,619,196595
KROGER-1055,2025-08-24,507,197102
KROGER-1055,2025-08-25,504,197606
KROGER-1055,2025-08-26,507,198113
KROGER-1055,2025-08-27,468,198581
KROGER-1055,2025-08-28,490,199071
KROGER-1055,2025-08-29,479,199550
KROGER-1055,2025-08-30,481,200031
KROGER-1055,2025-08-31,511,200542
KROGER-1056,2024-09-01,246,246
KROGER-1056,2024-09-02,270,516
KROGER-1056,2024-09-03,217,733
KROGER-1056,2024-09-04,256,989
KROGER-1056,2024-09-05,240,1229
KROGER-1056,2024-09-06,244,1473
KROGER-1056,2024-09-07,251,1724
KROGER-1056,2024-09-08,211,1935
KROGER-1056,2024-09-09,216,2151
KROGER-1056,2024-09-10,247,2398
KROGER-1056,2024-09-11,237,2635
KROGER-1056,2024-09-12,205,2840
KROGER-1056,2024-09-13,232,3072
KROGER-1056,2024-09-14,260,3332
KROGER-1056,2024-09-15,223,3555
KROGER-1056,2024-09-16,228,3783
KROGER-1056,2024-09-17,265,4048
KROGER-1056,2024-09-18,247,4295
KROGER-1056,2024-09-19,266,4561
KROGER-1056,2024-09-20,229,4790
KROGER-1056,2024-09-21,269,5059
KROGER-1056,2024-09-22,227,5286
KROGER-1056,2024-09-23,252,5538
KROGER-1056,2024-09-24,222,5760
KROGER-1056,2024-09-25,245,6005
KROGER-1056,2024-09-26,246,6251
KROGER-1056,2024-09-27,249,6500
KROGER-1056,2024-09-28,228,6728
KROGER-1056,2024-09-29,254,6982
KROGER-1056,2024-09-30,236,7218
KROGER-1056,2024-10-01,260,7478
KROGER-1056,2024-10-02,224,7702
KROGER-1056,2024-10-03,211,7913
KROGER-1056,2024-10-04,205,8118
KROGER-1056,2024-10-05,242,8360
KROGER-1056,2024-10-06,239,8599
KROGER-1056,2024-10-07,230,8829
KROGER-1056,2024-10-08,230,9059
KROGER-1056,2024-10-09,262,9321
KROGER-1056,2024-10-10,233,9554
KROGER-1056,2024-10-11,257,9811
KROGER-1056,2024-10-12,255,10066
KROGER-1056,2024-10-13,230,10296
KROGER-1056,2024-10-14,236,10532
KROGER-1056,2024-10-15,265,10797
KROGER-1056,2024-10-16,255,11052
KROGER-1056,2024-10-17,259,11311
KROGER-1056,2024-10-18,245,11556
KROGER-1056,2024-10-19,238,11794
KROGER-1056,2024-10-20,280,12074
KROGER-1056,2024-10-21,247,12321
KROGER-1056,2024-10-22,254,12575
KROGER-1056,2024-10-23,238,12813
KROGER-1056,2024-10-24,216,13029
KROGER-1056,2024-10-25,243,13272
KROGER-1056,2024-10-26,281,13553
KROGER-1056,2024-10-27,264,13817
KROGER-1056,2024-10-28,246,14063
KROGER-1056,2024-10-29,220,14283
KROGER-1056,2024-10-30,265,14548
KROGER-1056,2024-10-31,261,14809
KROGER-1056,2024-11-01,243,15052
KROGER-1056,2024-11-02,320,15372
KROGER-1056,2024-11-03,291,15663
KROGER-1056,2024-11-04,290,15953
KROGER-1056,2024-11-05,265,16218
KROGER-1056,2024-11-06,286,16504
KROGER-1056,2024-11-07,258,16762
KROGER-1056,2024-11-08,265,17027
KROGER-1056,2024-11-09,310,17337
KROGER-1056,2024-11-10,279,17616
KROGER-1056,2024-11-11,293,17909
KROGER-1056,2024-11-12,286,18195
KROGER-1056,2024-11-13,337,18532
KROGER-1056,2024-11-14,269,18801
KROGER-1056,2024-11-15,276,19077
KROGER-1056,2024-11-16,280,19357
KROGER-1056,2024-11-17,331,19688
KROGER-1056,2024-11-18,286,19974
KROGER-1056,2024-11-19,280,20254
KROGER-1056,2024-11-20,301,20555
KROGER-1056,2024-11-21,263,20818
KROGER-1056,2024-11-22,253,21071
KROGER-1056,2024-11-23,304,21375
KROGER-1056,2024-11-24,301,21676
KROGER-1056,2024-11-25,267,21943
KROGER-1056,2024-11-26,291,22234
KROGER-1056,2024-11-27,325,22559
KROGER-1056,2024-11-28,293,22852
KROGER-1056,2024-11-29,238,23090
KROGER-1056,2024-11-30,331,23421
KROGER-1056,2024-12-01,345,23766
KROGER-1056,2024-12-02,295,24061
KROGER-1056,2024-12-03,287,24348
KROGER-1056,2024-12-04,248,24596
KROGER-1056,2024-12-05,264,24860
KROGER-1056,2024-12-06,276,25136
KROGER-1056,2024-12-07,280,25416
KROGER-1056,2024-12-08,285,25701
KROGER-1056,2024-12-09,286,25987
KROGER-1056,2024-12-10,268,26255
KROGER-1056,2024-12-11,318,26573
KROGER-1056,2024-12-12,285,26858
KROGER-1056,2024-12-13,295,27153
KROGER-1056,2024-12-14,310,27463
KROGER-1056,2024-12-15,307,27770
KROGER-1056,2024-12-16,284,28054
KROGER-1056,2024-12-17,306,28360
KROGER-1056,2024-12-18,311,28671
KROGER-1056,2024-12-19,236,28907
KROGER-1056,2024-12-20,251,29158
KROGER-1056,2024-12-21,284,29442
KROGER-1056,2024-12-22,271,29713
KROGER-1056,2024-12-23,267,29980
KROGER-1056,2024-12-24,273,30253
KROGER-1056,2024-12-25,277,30530
KROGER-1056,2024-12-26,249,30779
KROGER-1056,2024-12-27,274,31053
KROGER-1056,2024-12-28,331,31384
KROGER-1056,2024-12-29,291,31675
KROGER-1056,2024-12-30,297,31972
KROGER-1056,2024-12-31,282,32254
KROGER-1056,2025-01-01,238,32492
KROGER-1056,2025-01-02,234,32726
KROGER-1056,2025-01-03,250,32976
KROGER-1056,2025-01-04,231,33207
KROGER-1056,2025-01-05,251,33458
KROGER-1056,2025-01-06,225,33683
KROGER-1056,2025-01-07,249,33932
KROGER-1056,2025-01-08,215,34147
KROGER-1056,2025-01-09,248,34395
KROGER-1056,2025-01-10,240,34635
KROGER-1056,2025-01-11,223,34858
KROGER-1056,2025-01-12,282,35140
KROGER-1056,2025-01-13,246,35386
KROGER-1056,2025-01-14,215,35601
KROGER-1056,2025-01-15,239,35840
KROGER-1056,2025-01-16,205,36045
KROGER-1056,2025-01-17,204,36249
KROGER-1056,2025-01-18,272,36521
KROGER-1056,2025-01-19,224,36745
KROGER-1056,2025-01-20,251,36996
KROGER-1056,2025-01-21,258,37254
KROGER-1056,2025-01-22,217,37471
KROGER-1056,2025-01-23,275,37746
KROGER-1056,2025-01-24,238,37984
KROGER-1056,2025-01-25,249,38233
KROGER-1056,2025-01-26,228,38461
KROGER-1056,2025-01-27,217,38678
KROGER-1056,2025-01-28,194,38872
KROGER-1056,2025-01-29,221,39093
KROGER-1056,2025-01-30,258,39351
KROGER-1056,2025-01-31,217,39568
KROGER-1056,2025-02-01,229,39797
KROGER-1056,2025-02-02,222,40019
KROGER-1056,2025-02-03,210,40229
KROGER-1056,2025-02-04,253,40482
KROGER-1056,2025-02-05,213,40695
KROGER-1056,2025-02-06,233,40928
KROGER-1056,2025-02-07,229,41157
KROGER-1056,2025-02-08,267,41424
KROGER-1056,2025-02-09,231,41655
KROGER-1056,2025-02-10,228,41883
KROGER-1056,2025-02-11,215,42098
KROGER-1056,2025-02-12,224,42322
KROGER-1056,2025-02-13,219,42541
KROGER-1056,2025-02-14,233,42774
KROGER-1056,2025-02-15,280,43054
KROGER-1056,2025-02-16,244,43298
KROGER-1056,2025-02-17,258,43556
KROGER-1056,2025-02-18,254,43810
KROGER-1056,2025-02-19,235,44045
KROGER-1056,2025-02-20,254,44299
KROGER-1056,2025-02-21,240,44539
KROGER-1056,2025-02-22,219,44758
KROGER-1056,2025-02-23,247,45005
KROGER-1056,2025-02-24,240,45245
KROGER-1056,2025-02-25,269,45514
KROGER-1056,2025-02-26,218,45732
KROGER-1056,2025-02-27,245,45977
KROGER-1056,2025-02-28,213,46190
KROGER-1056,2025-03-01,278,46468
KROGER-1056,2025-03-02,272,46740
KROGER-1056,2025-03-03,213,46953
KROGER-1056,2025-03-04,269,47222
KROGER-1056,2025-03-05,256,47478
KROGER-1056,2025-03-06,260,47738
KROGER-1056,2025-03-07,266,48004
KROGER-1056,2025-03-08,270,48274
KROGER-1056,2025-03-09,241,48515
KROGER-1056,2025-03-10,264,48779
KROGER-1056,2025-03-11,219,48998
KROGER-1056,2025-03-12,221,49219
KROGER-1056,2025-03-13,227,49446
KROGER-1056,2025-03-14,242,49688
KROGER-1056,2025-03-15,230,49918
KROGER-1056,2025-03-16,224,50142
KROGER-1056,2025-03-17,219,50361
KROGER-1056,2025-03-18,229,50590
KROGER-1056,2025-03-19,237,50827
KROGER-1056,2025-03-20,222,51049
KROGER-1056,2025-03-21,213,51262
KROGER-1056,2025-03-22,256,51518
KROGER-1056,2025-03-23,284,51802
KROGER-1056,2025-03-24,228,52030
KROGER-1056,2025-03-25,253,52283
KROGER-1056,2025-03-26,236,52519
KROGER-1056,2025-03-27,248,52767
KROGER-1056,2025-03-28,251,53018
KROGER-1056,2025-03-29,248,53266
KROGER-1056,2025-03-30,228,53494
KROGER-1056,2025-03-31,213,53707
KROGER-1056,2025-04-01,258,53965
KROGER-1056,2025-04-02,248,54213
KROGER-1056,2025-04-03,254,54467
KROGER-1056,2025-04-04,249,54716
KROGER-1056,2025-04-05,269,54985
KROGER-1056,2025-04-06,252,55237
KROGER-1056,2025-04-07,207,55444
KROGER-1056,2025-04-08,241,55685
KROGER-1056,2025-04-09,270,55955
KROGER-1056,2025-04-10,243,56198
KROGER-1056,2025-04-11,213,56411
KROGER-1056,2025-04-12,262,56673
KROGER-1056,2025-04-13,291,56964
KROGER-1056,2025-04-14,225,57189
KROGER-1056,2025-04-15,242,57431
KROGER-1056,2025-04-16,245,57676
KROGER-1056,2025-04-17,240,57916
KROGER-1056,2025-04-18,251,58167
KROGER-1056,2025-04-19,240,58407
KROGER-1056,2025-04-20,260,58667
KROGER-1056,2025-04-21,258,58925
KROGER-1056,2025-04-22,231,59156
KROGER-1056,2025-04-23,251,59407
KROGER-1056,2025-04-24,229,59636
KROGER-1056,2025-04-25,210,59846
KROGER-1056,2025-04-26,220,60066
KROGER-1056,2025-04-27,257,60323
KROGER-1056,2025-04-28,200,60523
KROGER-1056,2025-04-29,238,60761
KROGER-1056,2025-04-30,221,60982
KROGER-1056,2025-05-01,194,61176
KROGER-1056,2025-05-02,249,61425
KROGER-1056,2025-05-03,220,61645
KROGER-1056,2025-05-04,294,61939
KROGER-1056,2025-05-05,267,62206
KROGER-1056,2025-05-06,235,62441
KROGER-1056,2025-05-07,198,62639
KROGER-1056,2025-05-08,242,62881
KROGER-1056,2025-05-09,271,63152
KROGER-1056,2025-05-10,269,63421
KROGER-1056,2025-05-11,270,63691
KROGER-1056,2025-05-12,265,63956
KROGER-1056,2025-05-13,212,64168
KROGER-1056,2025-05-14,256,64424
KROGER-1056,2025-05-15,273,64697
KROGER-1056,2025-05-16,224,64921
KROGER-1056,2025-05-17,240,65161
KROGER-1056,2025-05-18,279,65440
KROGER-1056,2025-05-19,262,65702
KROGER-1056,2025-05-20,219,65921
KROGER-1056,2025-05-21,211,66132
KROGER-1056,2025-05-22,234,66366
KROGER-1056,2025-05-23,208,66574
KROGER-1056,2025-05-24,231,66805
KROGER-1056,2025-05-25,234,67039
KROGER-1056,2025-05-26,257,67296
KROGER-1056,2025-05-27,262,67558
KROGER-1056,2025-05-28,257,67815
KROGER-1056,2025-05-29,220,68035
KROGER-1056,2025-05-30,234,68269
KROGER-1056,2025-05-31,239,68508
KROGER-1056,2025-06-01,252,68760
KROGER-1056,2025-06-02,250,69010
KROGER-1056,2025-06-03,227,69237
KROGER-1056,2025-06-04,217,69454
KROGER-1056,2025-06-05,266,69720
KROGER-1056,2025-06-06,256,69976
KROGER-1056,2025-06-07,255,70231
KROGER-1056,2025-06-08,227,70458
KROGER-1056,2025-06-09,252,70710
KROGER-1056,2025-06-10,233,70943
KROGER-1056,2025-06-11,194,71137
KROGER-1056,2025-06-12,226,71363
KROGER-1056,2025-06-13,245,71608
KROGER-1056,2025-06-14,243,71851
KROGER-1056,2025-06-15,258,72109
KROGER-1056,2025-06-16,245,72354
KROGER-1056,2025-06-17,215,72569
KROGER-1056,2025-06-18,249,72818
KROGER-1056,2025-06-19,251,73069
KROGER-1056,2025-06-20,235,73304
KROGER-1056,2025-06-21,248,73552
KROGER-1056,2025-06-22,248,73800
KROGER-1056,2025-06-23,265,74065
KROGER-1056,2025-06-24,243,74308
KROGER-1056,2025-06-25,238,74546
KROGER-1056,2025-06-26,245,74791
KROGER-1056,2025-06-27,244,75035
KROGER-1056,2025-06-28,246,75281
KROGER-1056,2025-06-29,221,75502
KROGER-1056,2025-06-30,238,75740
KROGER-1056,2025-07-01,247,75987
KROGER-1056,2025-07-02,241,76228
KROGER-1056,2025-07-03,227,76455
KROGER-1056,2025-07-04,232,76687
KROGER-1056,2025-07-05,267,76954
KROGER-1056,2025-07-06,214,77168
KROGER-1056,2025-07-07,222,77390
KROGER-1056,2025-07-08,238,77628
KROGER-1056,2025-07-09,256,77884
KROGER-1056,2025-07-10,270,78154
KROGER-1056,2025-07-11,253,78407
KROGER-1056,2025-07-12,236,78643
KROGER-1056,2025-07-13,213,78856
KROGER-1056,2025-07-14,271,79127
KROGER-1056,2025-07-15,220,79347
KROGER-1056,2025-07-16,239,79586
KROGER-1056,2025-07-17,234,79820
KROGER-1056,2025-07-18,235,80055
KROGER-1056,2025-07-19,225,80280
KROGER-1056,2025-07-20,283,80563
KROGER-1056,2025-07-21,219,80782
KROGER-1056,2025-07-22,239,81021
KROGER-1056,2025-07-23,228,81249
KROGER-1056,2025-07-24,248,81497
KROGER-1056,2025-07-25,232,81729
KROGER-1056,2025-07-26,242,81971
KROGER-1056,2025-07-27,269,82240
KROGER-1056,2025-07-28,230,82470
KROGER-1056,2025-07-29,263,82733
KROGER-1056,2025-07-30,213,82946
KROGER-1056,2025-07-31,231,83177
KROGER-1056,2025-08-01,220,83397
KROGER-1056,2025-08-02,248,83645
KROGER-1056,2025-08-03,220,83865
KROGER-1056,2025-08-04,248,84113
KROGER-1056,2025-08-05,250,84363
KROGER-1056,2025-08-06,264,84627
KROGER-1056,2025-08-07,252,84879
KROGER-1056,2025-08-08,252,85131
KROGER-1056,2025-08-09,261,85392
KROGER-1056,2025-08-10,243,85635
KROGER-1056,2025-08-11,267,85902
KROGER-1056,2025-08-12,246,86148
KROGER-1056,2025-08-13,283,86431
KROGER-1056,2025-08-14,269,86700
KROGER-1056,2025-08-15,242,86942
KROGER-1056,2025-08-16,256,87198
KROGER-1056,2025-08-17,264,87462
KROGER-1056,2025-08-18,266,87728
KROGER-1056,2025-08-19,207,87935
KROGER-1056,2025-08-20,261,88196
KROGER-1056,2025-08-21,243,88439
KROGER-1056,2025-08-22,256,88695
KROGER-1056,2025-08-23,233,88928
KROGER-1056,2025-08-24,233,89161
KROGER-1056,2025-08-25,242,89403
KROGER-1056,2025-08-26,254,89657
KROGER-1056,2025-08-27,213,89870
KROGER-1056,2025-08-28,228,90098
KROGER-1056,2025-08-29,213,90311
KROGER-1056,2025-08-30,256,90567
KROGER-1056,2025-08-31,287,90854
KROGER-1057,2024-09-01,306,306
KROGER-1057,2024-09-02,318,624
KROGER-1057,2024-09-03,303,927
KROGER-1057,2024-09-04,308,1235
KROGER-1057,2024-09-05,285,1520
KROGER-1057,2024-09-06,315,1835
KROGER-1057,2024-09-07,310,2145
KROGER-1057,2024-09-08,360,2505
KROGER-1057,2024-09-09,287,2792
KROGER-1057,2024-09-10,323,3115
KROGER-1057,2024-09-11,347,3462
KROGER-1057,2024-09-12,328,3790
KROGER-1057,2024-09-13,278,4068
KROGER-1057,2024-09-14,289,4357
KROGER-1057,2024-09-15,326,4683
KROGER-1057,2024-09-16,301,4984
KROGER-1057,2024-09-17,312,5296
KROGER-1057,2024-09-18,328,5624
KROGER-1057,2024-09-19,302,5926
KROGER-1057,2024-09-20,285,6211
KROGER-1057,2024-09-21,320,6531
KROGER-1057,2024-09-22,353,6884
KROGER-1057,2024-09-23,300,7184
KROGER-1057,2024-09-24,351,7535
KROGER-1057,2024-09-25,321,7856
KROGER-1057,2024-09-26,319,8175
KROGER-1057,2024-09-27,287,8462
KROGER-1057,2024-09-28,311,8773
KROGER-1057,2024-09-29,328,9101
KROGER-1057,2024-09-30,299,9400
KROGER-1057,2024-10-01,330,9730
KROGER-1057,2024-10-02,305,10035
KROGER-1057,2024-10-03,285,10320
KROGER-1057,2024-10-04,308,10628
KROGER-1057,2024-10-05,307,10935
KROGER-1057,2024-10-06,333,11268
KROGER-1057,2024-10-07,288,11556
KROGER-1057,2024-10-08,345,11901
KROGER-1057,2024-10-09,265,12166
KROGER-1057,2024-10-10,293,12459
KROGER-1057,2024-10-11,305,12764
KROGER-1057,2024-10-12,304,13068
KROGER-1057,2024-10-13,259,13327
KROGER-1057,2024-10-14,348,13675
KROGER-1057,2024-10-15,320,13995
KROGER-1057,2024-10-16,272,14267
KROGER-1057,2024-10-17,275,14542
KROGER-1057,2024-10-18,267,14809
KROGER-1057,2024-10-19,314,15123
KROGER-1057,2024-10-20,354,15477
KROGER-1057,2024-10-21,295,15772
KROGER-1057,2024-10-22,291,16063
KROGER-1057,2024-10-23,325,16388
KROGER-1057,2024-10-24,310,16698
KROGER-1057,2024-10-25,301,16999
KROGER-1057,2024-10-26,336,17335
KROGER-1057,2024-10-27,273,17608
KROGER-1057,2024-10-28,313,17921
KROGER-1057,2024-10-29,333,18254
KROGER-1057,2024-10-30,272,18526
KROGER-1057,2024-10-31,293,18819
KROGER-1057,2024-11-01,307,19126
KROGER-1057,2024-11-02,368,19494
KROGER-1057,2024-11-03,361,19855
KROGER-1057,2024-11-04,412,20267
KROGER-1057,2024-11-05,349,20616
KROGER-1057,2024-11-06,371,20987
KROGER-1057,2024-11-07,401,21388
KROGER-1057,2024-11-08,300,21688
KROGER-1057,2024-11-09,385,22073
KROGER-1057,2024-11-10,347,22420
KROGER-1057,2024-11-11,332,22752
KROGER-1057,2024-11-12,338,23090
KROGER-1057,2024-11-13,348,23438
KROGER-1057,2024-11-14,333,23771
KROGER-1057,2024-11-15,351,24122
KROGER-1057,2024-11-16,410,24532
KROGER-1057,2024-11-17,395,24927
KROGER-1057,2024-11-18,441,25368
KROGER-1057,2024-11-19,368,25736
KROGER-1057,2024-11-20,380,26116
KROGER-1057,2024-11-21,399,26515
KROGER-1057,2024-11-22,328,26843
KROGER-1057,2024-11-23,418,27261
KROGER-1057,2024-11-24,351,27612
KROGER-1057,2024-11-25,375,27987
KROGER-1057,2024-11-26,389,28376
KROGER-1057,2024-11-27,306,28682
KROGER-1057,2024-11-28,351,29033
KROGER-1057,2024-11-29,359,29392
KROGER-1057,2024-11-30,345,29737
KROGER-1057,2024-12-01,389,30126
KROGER-1057,2024-12-02,410,30536
KROGER-1057,2024-12-03,333,30869
KROGER-1057,2024-12-04,395,31264
KROGER-1057,2024-12-05,375,31639
KROGER-1057,2024-12-06,322,31961
KROGER-1057,2024-12-07,367,32328
KROGER-1057,2024-12-08,387,32715
KROGER-1057,2024-12-09,407,33122
KROGER-1057,2024-12-10,384,33506
KROGER-1057,2024-12-11,341,33847
KROGER-1057,2024-12-12,372,34219
KROGER-1057,2024-12-13,280,34499
KROGER-1057,2024-12-14,406,34905
KROGER-1057,2024-12-15,356,35261
KROGER-1057,2024-12-16,331,35592
KROGER-1057,2024-12-17,352,35944
KROGER-1057,2024-12-18,325,36269
KROGER-1057,2024-12-19,355,36624
KROGER-1057,2024-12-20,391,37015
KROGER-1057,2024-12-21,319,37334
KROGER-1057,2024-12-22,377,37711
KROGER-1057,2024-12-23,357,38068
KROGER-1057,2024-12-24,376,38444
KROGER-1057,2024-12-25,356,38800
KROGER-1057,2024-12-26,389,39189
KROGER-1057,2024-12-27,401,39590
KROGER-1057,2024-12-28,411,40001
KROGER-1057,2024-12-29,357,40358
KROGER-1057,2024-12-30,417,40775
KROGER-1057,2024-12-31,328,41103
KROGER-1057,2025-01-01,318,41421
KROGER-1057,2025-01-02,329,41750
KROGER-1057,2025-01-03,351,42101
KROGER-1057,2025-01-04,342,42443
KROGER-1057,2025-01-05,297,42740
KROGER-1057,2025-01-06,323,43063
KROGER-1057,2025-01-07,298,43361
KROGER-1057,2025-01-08,328,43689
KROGER-1057,2025-01-09,306,43995
KROGER-1057,2025-01-10,335,44330
KROGER-1057,2025-01-11,317,44647
KROGER-1057,2025-01-12,340,44987
KROGER-1057,2025-01-13,286,45273
KROGER-1057,2025-01-14,330,45603
KROGER-1057,2025-01-15,250,45853
KROGER-1057,2025-01-16,318,46171
KROGER-1057,2025-01-17,310,46481
KROGER-1057,2025-01-18,320,46801
KROGER-1057,2025-01-19,262,47063
KROGER-1057,2025-01-20,289,47352
KROGER-1057,2025-01-21,330,47682
KROGER-1057,2025-01-22,281,47963
KROGER-1057,2025-01-23,266,48229
KROGER-1057,2025-01-24,275,48504
KROGER-1057,2025-01-25,346,48850
KROGER-1057,2025-01-26,328,49178
KROGER-1057,2025-01-27,335,49513
KROGER-1057,2025-01-28,318,49831
KROGER-1057,2025-01-29,280,50111
KROGER-1057,2025-01-30,345,50456
KROGER-1057,2025-01-31,287,50743
KROGER-1057,2025-02-01,295,51038
KROGER-1057,2025-02-02,323,51361
KROGER-1057,2025-02-03,311,51672
KROGER-1057,2025-02-04,321,51993
KROGER-1057,2025-02-05,293,52286
KROGER-1057,2025-02-06,335,52621
KROGER-1057,2025-02-07,285,52906
KROGER-1057,2025-02-08,289,53195
KROGER-1057,2025-02-09,267,53462
KROGER-1057,2025-02-10,296,53758
KROGER-1057,2025-02-11,321,54079
KROGER-1057,2025-02-12,318,54397
KROGER-1057,2025-02-13,308,54705
KROGER-1057,2025-02-14,290,54995
KROGER-1057,2025-02-15,347,55342
KROGER-1057,2025-02-16,318,55660
KROGER-1057,2025-02-17,310,55970
KROGER-1057,2025-02-18,273,56243
KROGER-1057,2025-02-19,256,56499
KROGER-1057,2025-02-20,321,56820
KROGER-1057,2025-02-21,361,57181
KROGER-1057,2025-02-22,327,57508
KROGER-1057,2025-02-23,338,57846
KROGER-1057,2025-02-24,321,58167
KROGER-1057,2025-02-25,303,58470
KROGER-1057,2025-02-26,264,58734
KROGER-1057,2025-02-27,318,59052
KROGER-1057,2025-02-28,338,59390
KROGER-1057,2025-03-01,330,59720
KROGER-1057,2025-03-02,311,60031
KROGER-1057,2025-03-03,312,60343
KROGER-1057,2025-03-04,300,60643
KROGER-1057,2025-03-05,333,60976
KROGER-1057,2025-03-06,307,61283
KROGER-1057,2025-03-07,319,61602
KROGER-1057,2025-03-08,346,61948
KROGER-1057,2025-03-09,335,62283
KROGER-1057,2025-03-10,304,62587
KROGER-1057,2025-03-11,266,62853
KROGER-1057,2025-03-12,313,63166
KROGER-1057,2025-03-13,324,63490
KROGER-1057,2025-03-14,264,63754
KROGER-1057,2025-03-15,328,64082
KROGER-1057,2025-03-16,317,64399
KROGER-1057,2025-03-17,248,64647
KROGER-1057,2025-03-18,310,64957
KROGER-1057,2025-03-19,335,65292
KROGER-1057,2025-03-20,303,65595
KROGER-1057,2025-03-21,252,65847
KROGER-1057,2025-03-22,326,66173
KROGER-1057,2025-03-23,345,66518
KROGER-1057,2025-03-24,282,66800
KROGER-1057,2025-03-25,296,67096
KROGER-1057,2025-03-26,293,67389
KROGER-1057,2025-03-27,304,67693
KROGER-1057,2025-03-28,292,67985
KROGER-1057,2025-03-29,350,68335
KROGER-1057,2025-03-30,350,68685
KROGER-1057,2025-03-31,287,68972
KROGER-1057,2025-04-01,334,69306
KROGER-1057,2025-04-02,262,69568
KROGER-1057,2025-04-03,282,69850
KROGER-1057,2025-04-04,316,70166
KROGER-1057,2025-04-05,319,70485
KROGER-1057,2025-04-06,320,70805
KROGER-1057,2025-04-07,310,71115
KROGER-1057,2025-04-08,290,71405
KROGER-1057,2025-04-09,331,71736
KROGER-1057,2025-04-10,318,72054
KROGER-1057,2025-04-11,299,72353
KROGER-1057,2025-04-12,340,72693
KROGER-1057,2025-04-13,328,73021
KROGER-1057,2025-04-14,296,73317
KROGER-1057,2025-04-15,295,73612
KROGER-1057,2025-04-16,274,73886
KROGER-1057,2025-04-17,287,74173
KROGER-1057,2025-04-18,297,74470
KROGER-1057,2025-04-19,319,74789
KROGER-1057,2025-04-20,294,75083
KROGER-1057,2025-04-21,302,75385
KROGER-1057,2025-04-22,288,75673
KROGER-1057,2025-04-23,284,75957
KROGER-1057,2025-04-24,314,76271
KROGER-1057,2025-04-25,306,76577
KROGER-1057,2025-04-26,313,76890
KROGER-1057,2025-04-27,329,77219
KROGER-1057,2025-04-28,271,77490
KROGER-1057,2025-04-29,273,77763
KROGER-1057,2025-04-30,292,78055
KROGER-1057,2025-05-01,297,78352
KROGER-1057,2025-05-02,318,78670
KROGER-1057,2025-05-03,299,78969
KROGER-1057,2025-05-04,299,79268
KROGER-1057,2025-05-05,326,79594
KROGER-1057,2025-05-06,274,79868
KROGER-1057,2025-05-07,324,80192
KROGER-1057,2025-05-08,300,80492
KROGER-1057,2025-05-09,281,80773
KROGER-1057,2025-05-10,287,81060
KROGER-1057,2025-05-11,310,81370
KROGER-1057,2025-05-12,315,81685
KROGER-1057,2025-05-13,299,81984
KROGER-1057,2025-05-14,322,82306
KROGER-1057,2025-05-15,321,82627
KROGER-1057,2025-05-16,319,82946
KROGER-1057,2025-05-17,336,83282
KROGER-1057,2025-05-18,301,83583
KROGER-1057,2025-05-19,318,83901
KROGER-1057,2025-05-20,351,84252
KROGER-1057,2025-05-21,323,84575
KROGER-1057,2025-05-22,290,84865
KROGER-1057,2025-05-23,286,85151
KROGER-1057,2025-05-24,317,85468
KROGER-1057,2025-05-25,334,85802
KROGER-1057,2025-05-26,304,86106
KROGER-1057,2025-05-27,273,86379
KROGER-1057,2025-05-28,318,86697
KROGER-1057,2025-05-29,322,87019
KROGER-1057,2025-05-30,279,87298
KROGER-1057,2025-05-31,339,87637
KROGER-1057,2025-06-01,318,87955
KROGER-1057,2025-06-02,311,88266
KROGER-1057,2025-06-03,312,88578
KROGER-1057,2025-06-04,307,88885
KROGER-1057,2025-06-05,290,89175
KROGER-1057,2025-06-06,312,89487
KROGER-1057,2025-06-07,316,89803
KROGER-1057,2025-06-08,323,90126
KROGER-1057,2025-06-09,293,90419
KROGER-1057,2025-06-10,309,90728
KROGER-1057,2025-06-11,300,91028
KROGER-1057,2025-06-12,276,91304
KROGER-1057,2025-06-13,313,91617
KROGER-1057,2025-06-14,342,91959
KROGER-1057,2025-06-15,325,92284
KROGER-1057,2025-06-16,296,92580
KROGER-1057,2025-06-17,309,92889
KROGER-1057,2025-06-18,284,93173
KROGER-1057,2025-06-19,319,93492
KROGER-1057,2025-06-20,321,93813
KROGER-1057,2025-06-21,314,94127
KROGER-1057,2025-06-22,318,94445
KROGER-1057,2025-06-23,276,94721
KROGER-1057,2025-06-24,314,95035
KROGER-1057,2025-06-25,295,95330
KROGER-1057,2025-06-26,239,95569
KROGER-1057,2025-06-27,303,95872
KROGER-1057,2025-06-28,312,96184
KROGER-1057,2025-06-29,290,96474
KROGER-1057,2025-06-30,323,96797
KROGER-1057,2025-07-01,290,97087
KROGER-1057,2025-07-02,283,97370
KROGER-1057,2025-07-03,327,97697
KROGER-1057,2025-07-04,310,98007
KROGER-1057,2025-07-05,290,98297
KROGER-1057,2025-07-06,315,98612
KROGER-1057,2025-07-07,281,98893
KROGER-1057,2025-07-08,270,99163
KROGER-1057,2025-07-09,268,99431
KROGER-1057,2025-07-10,317,99748
KROGER-1057,2025-07-11,281,100029
KROGER-1057,2025-07-12,290,100319
KROGER-1057,2025-07-13,309,100628
KROGER-1057,2025-07-14,362,100990
KROGER-1057,2025-07-15,311,101301
KROGER-1057,2025-07-16,320,101621
KROGER-1057,2025-07-17,277,101898
KROGER-1057,2025-07-18,310,102208
KROGER-1057,2025-07-19,315,102523
KROGER-1057,2025-07-20,297,102820
KROGER-1057,2025-07-21,295,103115
KROGER-1057,2025-07-22,285,103400
KROGER-1057,2025-07-23,303,103703
KROGER-1057,2025-07-24,295,103998
KROGER-1057,2025-07-25,285,104283
KROGER-1057,2025-07-26,309,104592
KROGER-1057,2025-07-27,337,104929
KROGER-1057,2025-07-28,272,105201
KROGER-1057,2025-07-29,287,105488
KROGER-1057,2025-07-30,308,105796
KROGER-1057,2025-07-31,285,106081
KROGER-1057,2025-08-01,330,106411
KROGER-1057,2025-08-02,344,106755
KROGER-1057,2025-08-03,345,107100
KROGER-1057,2025-08-04,315,107415
KROGER-1057,2025-08-05,323,107738
KROGER-1057,2025-08-06,300,108038
KROGER-1057,2025-08-07,286,108324
KROGER-1057,2025-08-08,287,108611
KROGER-1057,2025-08-09,276,108887
KROGER-1057,2025-08-10,306,109193
KROGER-1057,2025-08-11,293,109486
KROGER-1057,2025-08-12,296,109782
KROGER-1057,2025-08-13,360,110142
KROGER-1057,2025-08-14,282,110424
KROGER-1057,2025-08-15,294,110718
KROGER-1057,2025-08-16,369,111087
KROGER-1057,2025-08-17,297,111384
KROGER-1057,2025-08-18,275,111659
KROGER-1057,2025-08-19,295,111954
KROGER-1057,2025-08-20,283,112237
KROGER-1057,2025-08-21,326,112563
KROGER-1057,2025-08-22,303,112866
KROGER-1057,2025-08-23,287,113153
KROGER-1057,2025-08-24,323,113476
KROGER-1057,2025-08-25,304,113780
KROGER-1057,2025-08-26,267,114047
KROGER-1057,2025-08-27,310,114357
KROGER-1057,2025-08-28,312,114669
KROGER-1057,2025-08-29,267,114936
KROGER-1057,2025-08-30,284,115220
KROGER-1057,2025-08-31,306,115526
KROGER-1058,2024-09-01,399,399
KROGER-1058,2024-09-02,419,818
KROGER-1058,2024-09-03,386,1204
KROGER-1058,2024-09-04,394,1598
KROGER-1058,2024-09-05,366,1964
KROGER-1058,2024-09-06,430,2394
KROGER-1058,2024-09-07,394,2788
KROGER-1058,2024-09-08,385,3173
KROGER-1058,2024-09-09,402,3575
KROGER-1058,2024-09-10,434,4009
KROGER-1058,2024-09-11,414,4423
KROGER-1058,2024-09-12,382,4805
KROGER-1058,2024-09-13,387,5192
KROGER-1058,2024-09-14,375,5567
KROGER-1058,2024-09-15,485,6052
KROGER-1058,2024-09-16,450,6502
KROGER-1058,2024-09-17,409,6911
KROGER-1058,2024-09-18,399,7310
KROGER-1058,2024-09-19,364,7674
KROGER-1058,2024-09-20,395,8069
KROGER-1058,2024-09-21,450,8519
KROGER-1058,2024-09-22,444,8963
KROGER-1058,2024-09-23,385,9348
KROGER-1058,2024-09-24,426,9774
KROGER-1058,2024-09-25,437,10211
KROGER-1058,2024-09-26,401,10612
KROGER-1058,2024-09-27,431,11043
KROGER-1058,2024-09-28,475,11518
KROGER-1058,2024-09-29,484,12002
KROGER-1058,2024-09-30,381,12383
KROGER-1058,2024-10-01,414,12797
KROGER-1058,2024-10-02,422,13219
KROGER-1058,2024-10-03,399,13618
KROGER-1058,2024-10-04,440,14058
KROGER-1058,2024-10-05,422,14480
KROGER-1058,2024-10-06,415,14895
KROGER-1058,2024-10-07,358,15253
KROGER-1058,2024-10-08,346,15599
KROGER-1058,2024-10-09,389,15988
KROGER-1058,2024-10-10,307,16295
KROGER-1058,2024-10-11,440,16735
KROGER-1058,2024-10-12,450,17185
KROGER-1058,2024-10-13,443,17628
KROGER-1058,2024-10-14,436,18064
KROGER-1058,2024-10-15,391,18455
KROGER-1058,2024-10-16,407,18862
KROGER-1058,2024-10-17,388,19250
KROGER-1058,2024-10-18,435,19685
KROGER-1058,2024-10-19,334,20019
KROGER-1058,2024-10-20,457,20476
KROGER-1058,2024-10-21,342,20818
KROGER-1058,2024-10-22,393,21211
KROGER-1058,2024-10-23,366,21577
KROGER-1058,2024-10-24,396,21973
KROGER-1058,2024-10-25,382,22355
KROGER-1058,2024-10-26,407,22762
KROGER-1058,2024-10-27,438,23200
KROGER-1058,2024-10-28,407,23607
KROGER-1058,2024-10-29,432,24039
KROGER-1058,2024-10-30,413,24452
KROGER-1058,2024-10-31,349,24801
KROGER-1058,2024-11-01,570,25371
KROGER-1058,2024-11-02,424,25795
KROGER-1058,2024-11-03,517,26312
KROGER-1058,2024-11-04,508,26820
KROGER-1058,2024-11-05,491,27311
KROGER-1058,2024-11-06,472,27783
KROGER-1058,2024-11-07,537,28320
KROGER-1058,2024-11-08,523,28843
KROGER-1058,2024-11-09,503,29346
KROGER-1058,2024-11-10,486,29832
KROGER-1058,2024-11-11,449,30281
KROGER-1058,2024-11-12,452,30733
KROGER-1058,2024-11-13,478,31211
KROGER-1058,2024-11-14,416,31627
KROGER-1058,2024-11-15,480,32107
KROGER-1058,2024-11-16,536,32643
KROGER-1058,2024-11-17,481,33124
KROGER-1058,2024-11-18,479,33603
KROGER-1058,2024-11-19,492,34095
KROGER-1058,2024-11-20,499,34594
KROGER-1058,2024-11-21,472,35066
KROGER-1058,2024-11-22,548,35614
KROGER-1058,2024-11-23,504,36118
KROGER-1058,2024-11-24,450,36568
KROGER-1058,2024-11-25,465,37033
KROGER-1058,2024-11-26,530,37563
KROGER-1058,2024-11-27,527,38090
KROGER-1058,2024-11-28,414,38504
KROGER-1058,2024-11-29,469,38973
KROGER-1058,2024-11-30,483,39456
KROGER-1058,2024-12-01,535,39991
KROGER-1058,2024-12-02,436,40427
KROGER-1058,2024-12-03,540,40967
KROGER-1058,2024-12-04,423,41390
KROGER-1058,2024-12-05,475,41865
KROGER-1058,2024-12-06,434,42299
KROGER-1058,2024-12-07,530,42829
KROGER-1058,2024-12-08,421,43250
KROGER-1058,2024-12-09,473,43723
KROGER-1058,2024-12-10,473,44196
KROGER-1058,2024-12-11,446,44642
KROGER-1058,2024-12-12,527,45169
KROGER-1058,2024-12-13,545,45714
KROGER-1058,2024-12-14,488,46202
KROGER-1058,2024-12-15,509,46711
KROGER-1058,2024-12-16,456,47167
KROGER-1058,2024-12-17,431,47598
KROGER-1058,2024-12-18,437,48035
KROGER-1058,2024-12-19,438,48473
KROGER-1058,2024-12-20,528,49001
KROGER-1058,2024-12-21,521,49522
KROGER-1058,2024-12-22,466,49988
KROGER-1058,2024-12-23,447,50435
KROGER-1058,2024-12-24,442,50877
KROGER-1058,2024-12-25,408,51285
KROGER-1058,2024-12-26,500,51785
KROGER-1058,2024-12-27,475,52260
KROGER-1058,2024-12-28,573,52833
KROGER-1058,2024-12-29,420,53253
KROGER-1058,2024-12-30,513,53766
KROGER-1058,2024-12-31,516,54282
KROGER-1058,2025-01-01,434,54716
KROGER-1058,2025-01-02,408,55124
KROGER-1058,2025-01-03,429,55553
KROGER-1058,2025-01-04,430,55983
KROGER-1058,2025-01-05,395,56378
KROGER-1058,2025-01-06,387,56765
KROGER-1058,2025-01-07,386,57151
KROGER-1058,2025-01-08,437,57588
KROGER-1058,2025-01-09,441,58029
KROGER-1058,2025-01-10,426,58455
KROGER-1058,2025-01-11,422,58877
KROGER-1058,2025-01-12,351,59228
KROGER-1058,2025-01-13,426,59654
KROGER-1058,2025-01-14,425,60079
KROGER-1058,2025-01-15,409,60488
KROGER-1058,2025-01-16,415,60903
KROGER-1058,2025-01-17,374,61277
KROGER-1058,2025-01-18,408,61685
KROGER-1058,2025-01-19,392,62077
KROGER-1058,2025-01-20,395,62472
KROGER-1058,2025-01-21,428,62900
KROGER-1058,2025-01-22,414,63314
KROGER-1058,2025-01-23,366,63680
KROGER-1058,2025-01-24,459,64139
KROGER-1058,2025-01-25,426,64565
KROGER-1058,2025-01-26,397,64962
KROGER-1058,2025-01-27,390,65352
KROGER-1058,2025-01-28,382,65734
KROGER-1058,2025-01-29,407,66141
KROGER-1058,2025-01-30,358,66499
KROGER-1058,2025-01-31,409,66908
KROGER-1058,2025-02-01,448,67356
KROGER-1058,2025-02-02,442,67798
KROGER-1058,2025-02-03,408,68206
KROGER-1058,2025-02-04,418,68624
KROGER-1058,2025-02-05,412,69036
KROGER-1058,2025-02-06,433,69469
KROGER-1058,2025-02-07,392,69861
KROGER-1058,2025-02-08,389,70250
KROGER-1058,2025-02-09,432,70682
KROGER-1058,2025-02-10,435,71117
KROGER-1058,2025-02-11,387,71504
KROGER-1058,2025-02-12,451,71955
KROGER-1058,2025-02-13,412,72367
KROGER-1058,2025-02-14,430,72797
KROGER-1058,2025-02-15,381,73178
KROGER-1058,2025-02-16,446,73624
KROGER-1058,2025-02-17,415,74039
KROGER-1058,2025-02-18,468,74507
KROGER-1058,2025-02-19,416,74923
KROGER-1058,2025-02-20,421,75344
KROGER-1058,2025-02-21,374,75718
KROGER-1058,2025-02-22,431,76149
KROGER-1058,2025-02-23,458,76607
KROGER-1058,2025-02-24,389,76996
KROGER-1058,2025-02-25,377,77373
KROGER-1058,2025-02-26,464,77837
KROGER-1058,2025-02-27,391,78228
KROGER-1058,2025-02-28,429,78657
KROGER-1058,2025-03-01,404,79061
KROGER-1058,2025-03-02,405,79466
KROGER-1058,2025-03-03,396,79862
KROGER-1058,2025-03-04,418,80280
KROGER-1058,2025-03-05,437,80717
KROGER-1058,2025-03-06,382,81099
KROGER-1058,2025-03-07,436,81535
KROGER-1058,2025-03-08,425,81960
KROGER-1058,2025-03-09,414,82374
KROGER-1058,2025-03-10,418,82792
KROGER-1058,2025-03-11,446,83238
KROGER-1058,2025-03-12,416,83654
KROGER-1058,2025-03-13,377,84031
KROGER-1058,2025-03-14,405,84436
KROGER-1058,2025-03-15,439,84875
KROGER-1058,2025-03-16,400,85275
KROGER-1058,2025-03-17,409,85684
KROGER-1058,2025-03-18,377,86061
KROGER-1058,2025-03-19,420,86481
KROGER-1058,2025-03-20,447,86928
KROGER-1058,2025-03-21,397,87325
KROGER-1058,2025-03-22,445,87770
KROGER-1058,2025-03-23,454,88224
KROGER-1058,2025-03-24,386,88610
KROGER-1058,2025-03-25,413,89023
KROGER-1058,2025-03-26,436,89459
KROGER-1058,2025-03-27,452,89911
KROGER-1058,2025-03-28,391,90302
KROGER-1058,2025-03-29,382,90684
KROGER-1058,2025-03-30,440,91124
KROGER-1058,2025-03-31,407,91531
KROGER-1058,2025-04-01,401,91932
KROGER-1058,2025-04-02,383,92315
KROGER-1058,2025-04-03,428,92743
KROGER-1058,2025-04-04,381,93124
KROGER-1058,2025-04-05,397,93521
KROGER-1058,2025-04-06,415,93936
KROGER-1058,2025-04-07,430,94366
KROGER-1058,2025-04-08,356,94722
KROGER-1058,2025-04-09,367,95089
KROGER-1058,2025-04-10,374,95463
KROGER-1058,2025-04-11,463,95926
KROGER-1058,2025-04-12,429,96355
KROGER-1058,2025-04-13,385,96740
KROGER-1058,2025-04-14,396,97136
KROGER-1058,2025-04-15,425,97561
KROGER-1058,2025-04-16,464,98025
KROGER-1058,2025-04-17,351,98376
KROGER-1058,2025-04-18,365,98741
KROGER-1058,2025-04-19,409,99150
KROGER-1058,2025-04-20,410,99560
KROGER-1058,2025-04-21,390,99950
KROGER-1058,2025-04-22,396,100346
KROGER-1058,2025-04-23,465,100811
KROGER-1058,2025-04-24,359,101170
KROGER-1058,2025-04-25,405,101575
KROGER-1058,2025-04-26,439,102014
KROGER-1058,2025-04-27,371,102385
KROGER-1058,2025-04-28,446,102831
KROGER-1058,2025-04-29,395,103226
KROGER-1058,2025-04-30,365,103591
KROGER-1058,2025-05-01,449,104040
KROGER-1058,2025-05-02,422,104462
KROGER-1058,2025-05-03,402,104864
KROGER-1058,2025-05-04,444,105308
KROGER-1058,2025-05-05,412,105720
KROGER-1058,2025-05-06,351,106071
KROGER-1058,2025-05-07,354,106425
KROGER-1058,2025-05-08,411,106836
KROGER-1058,2025-05-09,343,107179
KROGER-1058,2025-05-10,454,107633
KROGER-1058,2025-05-11,373,108006
KROGER-1058,2025-05-12,429,108435
KROGER-1058,2025-05-13,445,108880
KROGER-1058,2025-05-14,416,109296
KROGER-1058,2025-05-15,282,109578
KROGER-1058,2025-05-16,436,110014
KROGER-1058,2025-05-17,405,110419
KROGER-1058,2025-05-18,418,110837
KROGER-1058,2025-05-19,376,111213
KROGER-1058,2025-05-20,454,111667
KROGER-1058,2025-05-21,406,112073
KROGER-1058,2025-05-22,387,112460
KROGER-1058,2025-05-23,443,112903
KROGER-1058,2025-05-24,449,113352
KROGER-1058,2025-05-25,382,113734
KROGER-1058,2025-05-26,411,114145
KROGER-1058,2025-05-27,407,114552
KROGER-1058,2025-05-28,353,114905
KROGER-1058,2025-05-29,426,115331
KROGER-1058,2025-05-30,399,115730
KROGER-1058,2025-05-31,492,116222
KROGER-1058,2025-06-01,467,116689
KROGER-1058,2025-06-02,407,117096
KROGER-1058,2025-06-03,397,117493
KROGER-1058,2025-06-04,334,117827
KROGER-1058,2025-06-05,427,118254
KROGER-1058,2025-06-06,398,118652
KROGER-1058,2025-06-07,404,119056
KROGER-1058,2025-06-08,421,119477
KROGER-1058,2025-06-09,450,119927
KROGER-1058,2025-06-10,444,120371
KROGER-1058,2025-06-11,443,120814
KROGER-1058,2025-06-12,367,121181
KROGER-1058,2025-06-13,450,121631
KROGER-1058,2025-06-14,403,122034
KROGER-1058,2025-06-15,445,122479
KROGER-1058,2025-06-16,420,122899
KROGER-1058,2025-06-17,395,123294
KROGER-1058,2025-06-18,407,123701
KROGER-1058,2025-06-19,347,124048
KROGER-1058,2025-06-20,402,124450
KROGER-1058,2025-06-21,412,124862
KROGER-1058,2025-06-22,494,125356
KROGER-1058,2025-06-23,401,125757
KROGER-1058,2025-06-24,377,126134
KROGER-1058,2025-06-25,404,126538
KROGER-1058,2025-06-26,378,126916
KROGER-1058,2025-06-27,354,127270
KROGER-1058,2025-06-28,434,127704
KROGER-1058,2025-06-29,420,128124
KROGER-1058,2025-06-30,432,128556
KROGER-1058,2025-07-01,447,129003
KROGER-1058,2025-07-02,460,129463
KROGER-1058,2025-07-03,407,129870
KROGER-1058,2025-07-04,422,130292
KROGER-1058,2025-07-05,429,130721
KROGER-1058,2025-07-06,342,131063
KROGER-1058,2025-07-07,439,131502
KROGER-1058,2025-07-08,417,131919
KROGER-1058,2025-07-09,418,132337
KROGER-1058,2025-07-10,383,132720
KROGER-1058,2025-07-11,379,133099
KROGER-1058,2025-07-12,418,133517
KROGER-1058,2025-07-13,439,133956
KROGER-1058,2025-07-14,337,134293
KROGER-1058,2025-07-15,406,134699
KROGER-1058,2025-07-16,454,135153
KROGER-1058,2025-07-17,396,135549
KROGER-1058,2025-07-18,336,135885
KROGER-1058,2025-07-19,414,136299
KROGER-1058,2025-07-20,430,136729
KROGER-1058,2025-07-21,412,137141
KROGER-1058,2025-07-22,405,137546
KROGER-1058,2025-07-23,462,138008
KROGER-1058,2025-07-24,404,138412
KROGER-1058,2025-07-25,406,138818
KROGER-1058,2025-07-26,401,139219
KROGER-1058,2025-07-27,452,139671
KROGER-1058,2025-07-28,454,140125
KROGER-1058,2025-07-29,380,140505
KROGER-1058,2025-07-30,396,140901
KROGER-1058,2025-07-31,325,141226
KROGER-1058,2025-08-01,373,141599
KROGER-1058,2025-08-02,486,142085
KROGER-1058,2025-08-03,410,142495
KROGER-1058,2025-08-04,407,142902
KROGER-1058,2025-08-05,377,143279
KROGER-1058,2025-08-06,414,143693
KROGER-1058,2025-08-07,394,144087
KROGER-1058,2025-08-08,413,144500
KROGER-1058,2025-08-09,423,144923
KROGER-1058,2025-08-10,468,145391
KROGER-1058,2025-08-11,405,145796
KROGER-1058,2025-08-12,373,146169
KROGER-1058,2025-08-13,379,146548
KROGER-1058,2025-08-14,340,146888
KROGER-1058,2025-08-15,404,147292
KROGER-1058,2025-08-16,418,147710
KROGER-1058,2025-08-17,471,148181
KROGER-1058,2025-08-18,362,148543
KROGER-1058,2025-08-19,378,148921
KROGER-1058,2025-08-20,378,149299
KROGER-1058,2025-08-21,392,149691
KROGER-1058,2025-08-22,359,150050
KROGER-1058,2025-08-23,411,150461
KROGER-1058,2025-08-24,421,150882
KROGER-1058,2025-08-25,401,151283
KROGER-1058,2025-08-26,441,151724
KROGER-1058,2025-08-27,399,152123
KROGER-1058,2025-08-28,398,152521
KROGER-1058,2025-08-29,437,152958
KROGER-1058,2025-08-30,420,153378
KROGER-1058,2025-08-31,379,153757
KROGER-1059,2024-09-01,982,982
KROGER-1059,2024-09-02,936,1918
KROGER-1059,2024-09-03,923,2841
KROGER-1059,2024-09-04,1187,4028
KROGER-1059,2024-09-05,935,4963
KROGER-1059,2024-09-06,1020,5983
KROGER-1059,2024-09-07,1079,7062
KROGER-1059,2024-09-08,1059,8121
KROGER-1059,2024-09-09,959,9080
KROGER-1059,2024-09-10,1060,10140
KROGER-1059,2024-09-11,898,11038
KROGER-1059,2024-09-12,936,11974
KROGER-1059,2024-09-13,1115,13089
KROGER-1059,2024-09-14,980,14069
KROGER-1059,2024-09-15,1186,15255
KROGER-1059,2024-09-16,1136,16391
KROGER-1059,2024-09-17,1138,17529
KROGER-1059,2024-09-18,1092,18621
KROGER-1059,2024-09-19,910,19531
KROGER-1059,2024-09-20,897,20428
KROGER-1059,2024-09-21,978,21406
KROGER-1059,2024-09-22,992,22398
KROGER-1059,2024-09-23,917,23315
KROGER-1059,2024-09-24,967,24282
KROGER-1059,2024-09-25,1086,25368
KROGER-1059,2024-09-26,1076,26444
KROGER-1059,2024-09-27,1047,27491
KROGER-1059,2024-09-28,1056,28547
KROGER-1059,2024-09-29,1068,29615
KROGER-1059,2024-09-30,1048,30663
KROGER-1059,2024-10-01,984,31647
KROGER-1059,2024-10-02,1103,32750
KROGER-1059,2024-10-03,915,33665
KROGER-1059,2024-10-04,960,34625
KROGER-1059,2024-10-05,995,35620
KROGER-1059,2024-10-06,1114,36734
KROGER-1059,2024-10-07,925,37659
KROGER-1059,2024-10-08,948,38607
KROGER-1059,2024-10-09,1058,39665
KROGER-1059,2024-10-10,952,40617
KROGER-1059,2024-10-11,1092,41709
KROGER-1059,2024-10-12,1144,42853
KROGER-1059,2024-10-13,1028,43881
KROGER-1059,2024-10-14,1034,44915
KROGER-1059,2024-10-15,1192,46107
KROGER-1059,2024-10-16,1095,47202
KROGER-1059,2024-10-17,1064,48266
KROGER-1059,2024-10-18,1150,49416
KROGER-1059,2024-10-19,991,50407
KROGER-1059,2024-10-20,1182,51589
KROGER-1059,2024-10-21,1052,52641
KROGER-1059,2024-10-22,1142,53783
KROGER-1059,2024-10-23,980,54763
KROGER-1059,2024-10-24,1137,55900
KROGER-1059,2024-10-25,880,56780
KROGER-1059,2024-10-26,1042,57822
KROGER-1059,2024-10-27,1098,58920
KROGER-1059,2024-10-28,1077,59997
KROGER-1059,2024-10-29,852,60849
KROGER-1059,2024-10-30,921,61770
KROGER-1059,2024-10-31,934,62704
KROGER-1059,2024-11-01,1136,63840
KROGER-1059,2024-11-02,1212,65052
KROGER-1059,2024-11-03,1306,66358
KROGER-1059,2024-11-04,1373,67731
KROGER-1059,2024-11-05,1191,68922
KROGER-1059,2024-11-06,1380,70302
KROGER-1059,2024-11-07,1236,71538
KROGER-1059,2024-11-08,1207,72745
KROGER-1059,2024-11-09,1397,74142
KROGER-1059,2024-11-10,1273,75415
KROGER-1059,2024-11-11,1151,76566
KROGER-1059,2024-11-12,1358,77924
KROGER-1059,2024-11-13,1224,79148
KROGER-1059,2024-11-14,1404,80552
KROGER-1059,2024-11-15,1193,81745
KROGER-1059,2024-11-16,1152,82897
KROGER-1059,2024-11-17,1210,84107
KROGER-1059,2024-11-18,1162,85269
KROGER-1059,2024-11-19,1218,86487
KROGER-1059,2024-11-20,1150,87637
KROGER-1059,2024-11-21,1105,88742
KROGER-1059,2024-11-22,1196,89938
KROGER-1059,2024-11-23,1299,91237
KROGER-1059,2024-11-24,1332,92569
KROGER-1059,2024-11-25,1226,93795
KROGER-1059,2024-11-26,1362,95157
KROGER-1059,2024-11-27,1234,96391
KROGER-1059,2024-11-28,1013,97404
KROGER-1059,2024-11-29,1252,98656
KROGER-1059,2024-11-30,1290,99946
KROGER-1059,2024-12-01,1365,101311
KROGER-1059,2024-12-02,1118,102429
KROGER-1059,2024-12-03,1332,103761
KROGER-1059,2024-12-04,1254,105015
KROGER-1059,2024-12-05,1241,106256
KROGER-1059,2024-12-06,1320,107576
KROGER-1059,2024-12-07,1409,108985
KROGER-1059,2024-12-08,1399,110384
KROGER-1059,2024-12-09,997,111381
KROGER-1059,2024-12-10,1088,112469
KROGER-1059,2024-12-11,1185,113654
KROGER-1059,2024-12-12,1111,114765
KROGER-1059,2024-12-13,1160,115925
KROGER-1059,2024-12-14,1284,117209
KROGER-1059,2024-12-15,1241,118450
KROGER-1059,2024-12-16,1225,119675
KROGER-1059,2024-12-17,1361,121036
KROGER-1059,2024-12-18,1403,122439
KROGER-1059,2024-12-19,1265,123704
KROGER-1059,2024-12-20,1359,125063
KROGER-1059,2024-12-21,1248,126311
KROGER-1059,2024-12-22,1225,127536
KROGER-1059,2024-12-23,1220,128756
KROGER-1059,2024-12-24,1197,129953
KROGER-1059,2024-12-25,1294,131247
KROGER-1059,2024-12-26,1229,132476
KROGER-1059,2024-12-27,1376,133852
KROGER-1059,2024-12-28,1302,135154
KROGER-1059,2024-12-29,1216,136370
KROGER-1059,2024-12-30,1181,137551
KROGER-1059,2024-12-31,1169,138720
KROGER-1059,2025-01-01,1083,139803
KROGER-1059,2025-01-02,1015,140818
KROGER-1059,2025-01-03,1033,141851
KROGER-1059,2025-01-04,1110,142961
KROGER-1059,2025-01-05,1121,144082
KROGER-1059,2025-01-06,1110,145192
KROGER-1059,2025-01-07,1051,146243
KROGER-1059,2025-01-08,945,147188
KROGER-1059,2025-01-09,983,148171
KROGER-1059,2025-01-10,983,149154
KROGER-1059,2025-01-11,1012,150166
KROGER-1059,2025-01-12,1164,151330
KROGER-1059,2025-01-13,1011,152341
KROGER-1059,2025-01-14,1038,153379
KROGER-1059,2025-01-15,1050,154429
KROGER-1059,2025-01-16,1040,155469
KROGER-1059,2025-01-17,1049,156518
KROGER-1059,2025-01-18,1281,157799
KROGER-1059,2025-01-19,1132,158931
KROGER-1059,2025-01-20,948,159879
KROGER-1059,2025-01-21,1049,160928
KROGER-1059,2025-01-22,1032,161960
KROGER-1059,2025-01-23,909,162869
KROGER-1059,2025-01-24,828,163697
KROGER-1059,2025-01-25,1086,164783
KROGER-1059,2025-01-26,1050,165833
KROGER-1059,2025-01-27,929,166762
KROGER-1059,2025-01-28,979,167741
KROGER-1059,2025-01-29,1002,168743
KROGER-1059,2025-01-30,975,169718
KROGER-1059,2025-01-31,1045,170763
KROGER-1059,2025-02-01,1089,171852
KROGER-1059,2025-02-02,1143,172995
KROGER-1059,2025-02-03,1118,174113
KROGER-1059,2025-02-04,1076,175189
KROGER-1059,2025-02-05,967,176156
KROGER-1059,2025-02-06,1037,177193
KROGER-1059,2025-02-07,892,178085
KROGER-1059,2025-02-08,1033,179118
KROGER-1059,2025-02-09,856,179974
KROGER-1059,2025-02-10,994,180968
KROGER-1059,2025-02-11,979,181947
KROGER-1059,2025-02-12,1080,183027
KROGER-1059,2025-02-13,944,183971
KROGER-1059,2025-02-14,1037,185008
KROGER-1059,2025-02-15,1042,186050
KROGER-1059,2025-02-16,1038,187088
KROGER-1059,2025-02-17,960,188048
KROGER-1059,2025-02-18,1048,189096
KROGER-1059,2025-02-19,1010,190106
KROGER-1059,2025-02-20,945,191051
KROGER-1059,2025-02-21,1034,192085
KROGER-1059,2025-02-22,1101,193186
KROGER-1059,2025-02-23,1014,194200
KROGER-1059,2025-02-24,1095,195295
KROGER-1059,2025-02-25,990,196285
KROGER-1059,2025-02-26,1008,197293
KROGER-1059,2025-02-27,981,198274
KROGER-1059,2025-02-28,1001,199275
KROGER-1059,2025-03-01,1235,200510
KROGER-1059,2025-03-02,1074,201584
KROGER-1059,2025-03-03,919,202503
KROGER-1059,2025-03-04,945,203448
KROGER-1059,2025-03-05,1001,204449
KROGER-1059,2025-03-06,958,205407
KROGER-1059,2025-03-07,1101,206508
KROGER-1059,2025-03-08,952,207460
KROGER-1059,2025-03-09,1064,208524
KROGER-1059,2025-03-10,1106,209630
KROGER-1059,2025-03-11,972,210602
KROGER-1059,2025-03-12,1059,211661
KROGER-1059,2025-03-13,1020,212681
KROGER-1059,2025-03-14,1021,213702
KROGER-1059,2025-03-15,1118,214820
KROGER-1059,2025-03-16,914,215734
KROGER-1059,2025-03-17,1122,216856
KROGER-1059,2025-03-18,868,217724
KROGER-1059,2025-03-19,1116,218840
KROGER-1059,2025-03-20,1059,219899
KROGER-1059,2025-03-21,1062,220961
KROGER-1059,2025-03-22,1213,222174
KROGER-1059,2025-03-23,1176,223350
KROGER-1059,2025-03-24,1090,224440
KROGER-1059,2025-03-25,999,225439
KROGER-1059,2025-03-26,994,226433
KROGER-1059,2025-03-27,1092,227525
KROGER-1059,2025-03-28,1060,228585
KROGER-1059,2025-03-29,1100,229685
KROGER-1059,2025-03-30,1069,230754
KROGER-1059,2025-03-31,990,231744
KROGER-1059,2025-04-01,909,232653
KROGER-1059,2025-04-02,1076,233729
KROGER-1059,2025-04-03,1008,234737
KROGER-1059,2025-04-04,1003,235740
KROGER-1059,2025-04-05,918,236658
KROGER-1059,2025-04-06,1082,237740
KROGER-1059,2025-04-07,911,238651
KROGER-1059,2025-04-08,988,239639
KROGER-1059,2025-04-09,1088,240727
KROGER-1059,2025-04-10,1028,241755
KROGER-1059,2025-04-11,1014,242769
KROGER-1059,2025-04-12,1012,243781
KROGER-1059,2025-04-13,1027,244808
KROGER-1059,2025-04-14,1153,245961
KROGER-1059,2025-04-15,1087,247048
KROGER-1059,2025-04-16,985,248033
KROGER-1059,2025-04-17,1014,249047
KROGER-1059,2025-04-18,1043,250090
KROGER-1059,2025-04-19,1112,251202
KROGER-1059,2025-04-20,1072,252274
KROGER-1059,2025-04-21,878,253152
KROGER-1059,2025-04-22,1021,254173
KROGER-1059,2025-04-23,1016,255189
KROGER-1059,2025-04-24,1192,256381
KROGER-1059,2025-04-25,1244,257625
KROGER-1059,2025-04-26,1130,258755
KROGER-1059,2025-04-27,1016,259771
KROGER-1059,2025-04-28,1079,260850
KROGER-1059,2025-04-29,884,261734
KROGER-1059,2025-04-30,979,262713
KROGER-1059,2025-05-01,890,263603
KROGER-1059,2025-05-02,1068,264671
KROGER-1059,2025-05-03,970,265641
KROGER-1059,2025-05-04,1050,266691
KROGER-1059,2025-05-05,1020,267711
KROGER-1059,2025-05-06,1021,268732
KROGER-1059,2025-05-07,984,269716
KROGER-1059,2025-05-08,1051,270767
KROGER-1059,2025-05-09,920,271687
KROGER-1059,2025-05-10,1224,272911
KROGER-1059,2025-05-11,985,273896
KROGER-1059,2025-05-12,1026,274922
KROGER-1059,2025-05-13,1074,275996
KROGER-1059,2025-05-14,1079,277075
KROGER-1059,2025-05-15,1087,278162
KROGER-1059,2025-05-16,893,279055
KROGER-1059,2025-05-17,995,280050
KROGER-1059,2025-05-18,1086,281136
KROGER-1059,2025-05-19,1063,282199
KROGER-1059,2025-05-20,1126,283325
KROGER-1059,2025-05-21,981,284306
KROGER-1059,2025-05-22,949,285255
KROGER-1059,2025-05-23,978,286233
KROGER-1059,2025-05-24,1269,287502
KROGER-1059,2025-05-25,1203,288705
KROGER-1059,2025-05-26,1009,289714
KROGER-1059,2025-05-27,1128,290842
KROGER-1059,2025-05-28,976,291818
KROGER-1059,2025-05-29,1101,292919
KROGER-1059,2025-05-30,910,293829
KROGER-1059,2025-05-31,1105,294934
KROGER-1059,2025-06-01,1162,296096
KROGER-1059,2025-06-02,996,297092
KROGER-1059,2025-06-03,1073,298165
KROGER-1059,2025-06-04,977,299142
KROGER-1059,2025-06-05,1048,300190
KROGER-1059,2025-06-06,984,301174
KROGER-1059,2025-06-07,1145,302319
KROGER-1059,2025-06-08,966,303285
KROGER-1059,2025-06-09,940,304225
KROGER-1059,2025-06-10,1130,305355
KROGER-1059,2025-06-11,822,306177
KROGER-1059,2025-06-12,971,307148
KROGER-1059,2025-06-13,1011,308159
KROGER-1059,2025-06-14,1105,309264
KROGER-1059,2025-06-15,1033,310297
KROGER-1059,2025-06-16,931,311228
KROGER-1059,2025-06-17,1124,312352
KROGER-1059,2025-06-18,1109,313461
KROGER-1059,2025-06-19,992,314453
KROGER-1059,2025-06-20,876,315329
KROGER-1059,2025-06-21,1101,316430
KROGER-1059,2025-06-22,1090,317520
KROGER-1059,2025-06-23,968,318488
KROGER-1059,2025-06-24,863,319351
KROGER-1059,2025-06-25,1001,320352
KROGER-1059,2025-06-26,1086,321438
KROGER-1059,2025-06-27,1098,322536
KROGER-1059,2025-06-28,1071,323607
KROGER-1059,2025-06-29,1021,324628
KROGER-1059,2025-06-30,1083,325711
KROGER-1059,2025-07-01,930,326641
KROGER-1059,2025-07-02,912,327553
KROGER-1059,2025-07-03,1016,328569
KROGER-1059,2025-07-04,1150,329719
KROGER-1059,2025-07-05,1210,330929
KROGER-1059,2025-07-06,961,331890
KROGER-1059,2025-07-07,987,332877
KROGER-1059,2025-07-08,1222,334099
KROGER-1059,2025-07-09,967,335066
KROGER-1059,2025-07-10,1156,336222
KROGER-1059,2025-07-11,1103,337325
KROGER-1059,2025-07-12,1177,338502
KROGER-1059,2025-07-13,1036,339538
KROGER-1059,2025-07-14,989,340527
KROGER-1059,2025-07-15,949,341476
KROGER-1059,2025-07-16,1089,342565
KROGER-1059,2025-07-17,889,343454
KROGER-1059,2025-07-18,1010,344464
KROGER-1059,2025-07-19,1215,345679
KROGER-1059,2025-07-20,1125,346804
KROGER-1059,2025-07-21,1105,347909
KROGER-1059,2025-07-22,888,348797
KROGER-1059,2025-07-23,942,349739
KROGER-1059,2025-07-24,1120,350859
KROGER-1059,2025-07-25,1033,351892
KROGER-1059,2025-07-26,985,352877
KROGER-1059,2025-07-27,1128,354005
KROGER-1059,2025-07-28,979,354984
KROGER-1059,2025-07-29,1231,356215
KROGER-1059,2025-07-30,1072,357287
KROGER-1059,2025-07-31,948,358235
KROGER-1059,2025-08-01,1095,359330
KROGER-1059,2025-08-02,1213,360543
KROGER-1059,2025-08-03,1074,361617
KROGER-1059,2025-08-04,960,362577
KROGER-1059,2025-08-05,1027,363604
KROGER-1059,2025-08-06,973,364577
KROGER-1059,2025-08-07,1002,365579
KROGER-1059,2025-08-08,909,366488
KROGER-1059,2025-08-09,1150,367638
KROGER-1059,2025-08-10,975,368613
KROGER-1059,2025-08-11,1073,369686
KROGER-1059,2025-08-12,998,370684
KROGER-1059,2025-08-13,1041,371725
KROGER-1059,2025-08-14,984,372709
KROGER-1059,2025-08-15,1039,373748
KROGER-1059,2025-08-16,1112,374860
KROGER-1059,2025-08-17,1044,375904
KROGER-1059,2025-08-18,881,376785
KROGER-1059,2025-08-19,1051,377836
KROGER-1059,2025-08-20,1055,378891
KROGER-1059,2025-08-21,906,379797
KROGER-1059,2025-08-22,943,380740
KROGER-1059,2025-08-23,1044,381784
KROGER-1059,2025-08-24,877,382661
KROGER-1059,2025-08-25,1081,383742
KROGER-1059,2025-08-26,983,384725
KROGER-1059,2025-08-27,1047,385772
KROGER-1059,2025-08-28,858,386630
KROGER-1059,2025-08-29,911,387541
KROGER-1059,2025-08-30,1036,388577
KROGER-1059,2025-08-31,1152,389729
KROGER-1060,2024-09-01,300,300
KROGER-1060,2024-09-02,281,581
KROGER-1060,2024-09-03,233,814
KROGER-1060,2024-09-04,306,1120
KROGER-1060,2024-09-05,282,1402
KROGER-1060,2024-09-06,275,1677
KROGER-1060,2024-09-07,318,1995
KROGER-1060,2024-09-08,321,2316
KROGER-1060,2024-09-09,303,2619
KROGER-1060,2024-09-10,272,2891
KROGER-1060,2024-09-11,255,3146
KROGER-1060,2024-09-12,300,3446
KROGER-1060,2024-09-13,247,3693
KROGER-1060,2024-09-14,337,4030
KROGER-1060,2024-09-15,292,4322
KROGER-1060,2024-09-16,254,4576
KROGER-1060,2024-09-17,250,4826
KROGER-1060,2024-09-18,249,5075
KROGER-1060,2024-09-19,281,5356
KROGER-1060,2024-09-20,277,5633
KROGER-1060,2024-09-21,263,5896
KROGER-1060,2024-09-22,283,6179
KROGER-1060,2024-09-23,247,6426
KROGER-1060,2024-09-24,291,6717
KROGER-1060,2024-09-25,276,6993
KROGER-1060,2024-09-26,269,7262
KROGER-1060,2024-09-27,249,7511
KROGER-1060,2024-09-28,284,7795
KROGER-1060,2024-09-29,282,8077
KROGER-1060,2024-09-30,285,8362
KROGER-1060,2024-10-01,281,8643
KROGER-1060,2024-10-02,295,8938
KROGER-1060,2024-10-03,267,9205
KROGER-1060,2024-10-04,236,9441
KROGER-1060,2024-10-05,315,9756
KROGER-1060,2024-10-06,270,10026
KROGER-1060,2024-10-07,253,10279
KROGER-1060,2024-10-08,277,10556
KROGER-1060,2024-10-09,284,10840
KROGER-1060,2024-10-10,266,11106
KROGER-1060,2024-10-11,266,11372
KROGER-1060,2024-10-12,282,11654
KROGER-1060,2024-10-13,325,11979
KROGER-1060,2024-10-14,277,12256
KROGER-1060,2024-10-15,256,12512
KROGER-1060,2024-10-16,256,12768
KROGER-1060,2024-10-17,272,13040
KROGER-1060,2024-10-18,283,13323
KROGER-1060,2024-10-19,303,13626
KROGER-1060,2024-10-20,294,13920
KROGER-1060,2024-10-21,259,14179
KROGER-1060,2024-10-22,268,14447
KROGER-1060,2024-10-23,294,14741
KROGER-1060,2024-10-24,252,14993
KROGER-1060,2024-10-25,267,15260
KROGER-1060,2024-10-26,305,15565
KROGER-1060,2024-10-27,312,15877
KROGER-1060,2024-10-28,273,16150
KROGER-1060,2024-10-29,268,16418
KROGER-1060,2024-10-30,248,16666
KROGER-1060,2024-10-31,289,16955
KROGER-1060,2024-11-01,368,17323
KROGER-1060,2024-11-02,422,17745
KROGER-1060,2024-11-03,361,18106
KROGER-1060,2024-11-04,332,18438
KROGER-1060,2024-11-05,309,18747
KROGER-1060,2024-11-06,283,19030
KROGER-1060,2024-11-07,338,19368
KROGER-1060,2024-11-08,396,19764
KROGER-1060,2024-11-09,385,20149
KROGER-1060,2024-11-10,381,20530
KROGER-1060,2024-11-11,340,20870
KROGER-1060,2024-11-12,343,21213
KROGER-1060,2024-11-13,268,21481
KROGER-1060,2024-11-14,353,21834
KROGER-1060,2024-11-15,318,22152
KROGER-1060,2024-11-16,330,22482
KROGER-1060,2024-11-17,341,22823
KROGER-1060,2024-11-18,324,23147
KROGER-1060,2024-11-19,314,23461
KROGER-1060,2024-11-20,333,23794
KROGER-1060,2024-11-21,318,24112
KROGER-1060,2024-11-22,336,24448
KROGER-1060,2024-11-23,308,24756
KROGER-1060,2024-11-24,344,25100
KROGER-1060,2024-11-25,304,25404
KROGER-1060,2024-11-26,316,25720
KROGER-1060,2024-11-27,337,26057
KROGER-1060,2024-11-28,290,26347
KROGER-1060,2024-11-29,311,26658
KROGER-1060,2024-11-30,366,27024
KROGER-1060,2024-12-01,310,27334
KROGER-1060,2024-12-02,381,27715
KROGER-1060,2024-12-03,365,28080
KROGER-1060,2024-12-04,320,28400
KROGER-1060,2024-12-05,312,28712
KROGER-1060,2024-12-06,339,29051
KROGER-1060,2024-12-07,309,29360
KROGER-1060,2024-12-08,294,29654
KROGER-1060,2024-12-09,321,29975
KROGER-1060,2024-12-10,330,30305
KROGER-1060,2024-12-11,336,30641
KROGER-1060,2024-12-12,317,30958
KROGER-1060,2024-12-13,367,31325
KROGER-1060,2024-12-14,308,31633
KROGER-1060,2024-12-15,318,31951
KROGER-1060,2024-12-16,346,32297
KROGER-1060,2024-12-17,302,32599
KROGER-1060,2024-12-18,301,32900
KROGER-1060,2024-12-19,336,33236
KROGER-1060,2024-12-20,305,33541
KROGER-1060,2024-12-21,346,33887
KROGER-1060,2024-12-22,330,34217
KROGER-1060,2024-12-23,310,34527
KROGER-1060,2024-12-24,277,34804
KROGER-1060,2024-12-25,337,35141
KROGER-1060,2024-12-26,300,35441
KROGER-1060,2024-12-27,329,35770
KROGER-1060,2024-12-28,335,36105
KROGER-1060,2024-12-29,344,36449
KROGER-1060,2024-12-30,329,36778
KROGER-1060,2024-12-31,338,37116
KROGER-1060,2025-01-01,261,37377
KROGER-1060,2025-01-02,305,37682
KROGER-1060,2025-01-03,236,37918
KROGER-1060,2025-01-04,286,38204
KROGER-1060,2025-01-05,311,38515
KROGER-1060,2025-01-06,288,38803
KROGER-1060,2025-01-07,256,39059
KROGER-1060,2025-01-08,260,39319
KROGER-1060,2025-01-09,255,39574
KROGER-1060,2025-01-10,291,39865
KROGER-1060,2025-01-11,274,40139
KROGER-1060,2025-01-12,297,40436
KROGER-1060,2025-01-13,283,40719
KROGER-1060,2025-01-14,330,41049
KROGER-1060,2025-01-15,284,41333
KROGER-1060,2025-01-16,259,41592
KROGER-1060,2025-01-17,245,41837
KROGER-1060,2025-01-18,285,42122
KROGER-1060,2025-01-19,289,42411
KROGER-1060,2025-01-20,228,42639
KROGER-1060,2025-01-21,262,42901
KROGER-1060,2025-01-22,284,43185
KROGER-1060,2025-01-23,266,43451
KROGER-1060,2025-01-24,299,43750
KROGER-1060,2025-01-25,255,44005
KROGER-1060,2025-01-26,307,44312
KROGER-1060,2025-01-27,298,44610
KROGER-1060,2025-01-28,299,44909
KROGER-1060,2025-01-29,243,45152
KROGER-1060,2025-01-30,285,45437
KROGER-1060,2025-01-31,263,45700
KROGER-1060,2025-02-01,259,45959
KROGER-1060,2025-02-02,282,46241
KROGER-1060,2025-02-03,257,46498
KROGER-1060,2025-02-04,298,46796
KROGER-1060,2025-02-05,289,47085
KROGER-1060,2025-02-06,252,47337
KROGER-1060,2025-02-07,261,47598
KROGER-1060,2025-02-08,283,47881
KROGER-1060,2025-02-09,290,48171
KROGER-1060,2025-02-10,300,48471
KROGER-1060,2025-02-11,293,48764
KROGER-1060,2025-02-12,279,49043
KROGER-1060,2025-02-13,272,49315
KROGER-1060,2025-02-14,238,49553
KROGER-1060,2025-02-15,322,49875
KROGER-1060,2025-02-16,281,50156
KROGER-1060,2025-02-17,312,50468
KROGER-1060,2025-02-18,282,50750
KROGER-1060,2025-02-19,323,51073
KROGER-1060,2025-02-20,291,51364
KROGER-1060,2025-02-21,246,51610
KROGER-1060,2025-02-22,277,51887
KROGER-1060,2025-02-23,287,52174
KROGER-1060,2025-02-24,258,52432
KROGER-1060,2025-02-25,269,52701
KROGER-1060,2025-02-26,247,52948
KROGER-1060,2025-02-27,278,53226
KROGER-1060,2025-02-28,283,53509
KROGER-1060,2025-03-01,268,53777
KROGER-1060,2025-03-02,337,54114
KROGER-1060,2025-03-03,279,54393
KROGER-1060,2025-03-04,259,54652
KROGER-1060,2025-03-05,241,54893
KROGER-1060,2025-03-06,279,55172
KROGER-1060,2025-03-07,272,55444
KROGER-1060,2025-03-08,310,55754
KROGER-1060,2025-03-09,288,56042
KROGER-1060,2025-03-10,251,56293
KROGER-1060,2025-03-11,315,56608
KROGER-1060,2025-03-12,287,56895
KROGER-1060,2025-03-13,272,57167
KROGER-1060,2025-03-14,281,57448
KROGER-1060,2025-03-15,302,57750
KROGER-1060,2025-03-16,258,58008
KROGER-1060,2025-03-17,281,58289
KROGER-1060,2025-03-18,268,58557
KROGER-1060,2025-03-19,289,58846
KROGER-1060,2025-03-20,261,59107
KROGER-1060,2025-03-21,264,59371
KROGER-1060,2025-03-22,330,59701
KROGER-1060,2025-03-23,320,60021
KROGER-1060,2025-03-24,204,60225
KROGER-1060,2025-03-25,303,60528
KROGER-1060,2025-03-26,276,60804
KROGER-1060,2025-03-27,262,61066
KROGER-1060,2025-03-28,255,61321
KROGER-1060,2025-03-29,269,61590
KROGER-1060,2025-03-30,276,61866
KROGER-1060,2025-03-31,252,62118
KROGER-1060,2025-04-01,247,62365
KROGER-1060,2025-04-02,254,62619
KROGER-1060,2025-04-03,285,62904
KROGER-1060,2025-04-04,279,63183
KROGER-1060,2025-04-05,304,63487
KROGER-1060,2025-04-06,290,63777
KROGER-1060,2025-04-07,248,64025
KROGER-1060,2025-04-08,289,64314
KROGER-1060,2025-04-09,255,64569
KROGER-1060,2025-04-10,292,64861
KROGER-1060,2025-04-11,252,65113
KROGER-1060,2025-04-12,275,65388
KROGER-1060,2025-04-13,283,65671
KROGER-1060,2025-04-14,293,65964
KROGER-1060,2025-04-15,281,66245
KROGER-1060,2025-04-16,278,66523
KROGER-1060,2025-04-17,319,66842
KROGER-1060,2025-04-18,237,67079
KROGER-1060,2025-04-19,267,67346
KROGER-1060,2025-04-20,266,67612
KROGER-1060,2025-04-21,238,67850
KROGER-1060,2025-04-22,262,68112
KROGER-1060,2025-04-23,293,68405
KROGER-1060,2025-04-24,264,68669
KROGER-1060,2025-04-25,270,68939
KROGER-1060,2025-04-26,251,69190
KROGER-1060,2025-04-27,273,69463
KROGER-1060,2025-04-28,267,69730
KROGER-1060,2025-04-29,292,70022
KROGER-1060,2025-04-30,240,70262
KROGER-1060,2025-05-01,267,70529
KROGER-1060,2025-05-02,302,70831
KROGER-1060,2025-05-03,281,71112
KROGER-1060,2025-05-04,242,71354
KROGER-1060,2025-05-05,306,71660
KROGER-1060,2025-05-06,294,71954
KROGER-1060,2025-05-07,297,72251
KROGER-1060,2025-05-08,239,72490
KROGER-1060,2025-05-09,311,72801
KROGER-1060,2025-05-10,273,73074
KROGER-1060,2025-05-11,280,73354
KROGER-1060,2025-05-12,262,73616
KROGER-1060,2025-05-13,299,73915
KROGER-1060,2025-05-14,274,74189
KROGER-1060,2025-05-15,288,74477
KROGER-1060,2025-05-16,279,74756
KROGER-1060,2025-05-17,289,75045
KROGER-1060,2025-05-18,269,75314
KROGER-1060,2025-05-19,318,75632
KROGER-1060,2025-05-20,245,75877
KROGER-1060,2025-05-21,287,76164
KROGER-1060,2025-05-22,286,76450
KROGER-1060,2025-05-23,303,76753
KROGER-1060,2025-05-24,324,77077
KROGER-1060,2025-05-25,288,77365
KROGER-1060,2025-05-26,289,77654
KROGER-1060,2025-05-27,317,77971
KROGER-1060,2025-05-28,276,78247
KROGER-1060,2025-05-29,254,78501
KROGER-1060,2025-05-30,269,78770
KROGER-1060,2025-05-31,261,79031
KROGER-1060,2025-06-01,300,79331
KROGER-1060,2025-06-02,301,79632
KROGER-1060,2025-06-03,275,79907
KROGER-1060,2025-06-04,241,80148
KROGER-1060,2025-06-05,300,80448
KROGER-1060,2025-06-06,238,80686
KROGER-1060,2025-06-07,255,80941
KROGER-1060,2025-06-08,287,81228
KROGER-1060,2025-06-09,283,81511
KROGER-1060,2025-06-10,287,81798
KROGER-1060,2025-06-11,276,82074
KROGER-1060,2025-06-12,317,82391
KROGER-1060,2025-06-13,279,82670
KROGER-1060,2025-06-14,316,82986
KROGER-1060,2025-06-15,310,83296
KROGER-1060,2025-06-16,249,83545
KROGER-1060,2025-06-17,274,83819
KROGER-1060,2025-06-18,325,84144
KROGER-1060,2025-06-19,266,84410
KROGER-1060,2025-06-20,263,84673
KROGER-1060,2025-06-21,295,84968
KROGER-1060,2025-06-22,280,85248
KROGER-1060,2025-06-23,260,85508
KROGER-1060,2025-06-24,267,85775
KROGER-1060,2025-06-25,309,86084
KROGER-1060,2025-06-26,274,86358
KROGER-1060,2025-06-27,248,86606
KROGER-1060,2025-06-28,256,86862
KROGER-1060,2025-06-29,343,87205
KROGER-1060,2025-06-30,273,87478
KROGER-1060,2025-07-01,287,87765
KROGER-1060,2025-07-02,260,88025
KROGER-1060,2025-07-03,285,88310
KROGER-1060,2025-07-04,310,88620
KROGER-1060,2025-07-05,276,88896
KROGER-1060,2025-07-06,302,89198
KROGER-1060,2025-07-07,246,89444
KROGER-1060,2025-07-08,323,89767
KROGER-1060,2025-07-09,283,90050
KROGER-1060,2025-07-10,268,90318
KROGER-1060,2025-07-11,271,90589
KROGER-1060,2025-07-12,280,90869
KROGER-1060,2025-07-13,281,91150
KROGER-1060,2025-07-14,223,91373
KROGER-1060,2025-07-15,275,91648
KROGER-1060,2025-07-16,274,91922
KROGER-1060,2025-07-17,288,92210
KROGER-1060,2025-07-18,266,92476
KROGER-1060,2025-07-19,273,92749
KROGER-1060,2025-07-20,291,93040
KROGER-1060,2025-07-21,242,93282
KROGER-1060,2025-07-22,281,93563
KROGER-1060,2025-07-23,236,93799
KROGER-1060,2025-07-24,302,94101
KROGER-1060,2025-07-25,293,94394
KROGER-1060,2025-07-26,270,94664
KROGER-1060,2025-07-27,307,94971
KROGER-1060,2025-07-28,280,95251
KROGER-1060,2025-07-29,255,95506
KROGER-1060,2025-07-30,233,95739
KROGER-1060,2025-07-31,285,96024
KROGER-1060,2025-08-01,260,96284
KROGER-1060,2025-08-02,317,96601
KROGER-1060,2025-08-03,292,96893
KROGER-1060,2025-08-04,262,97155
KROGER-1060,2025-08-05,318,97473
KROGER-1060,2025-08-06,290,97763
KROGER-1060,2025-08-07,196,97959
KROGER-1060,2025-08-08,267,98226
KROGER-1060,2025-08-09,259,98485
KROGER-1060,2025-08-10,273,98758
KROGER-1060,2025-08-11,274,99032
KROGER-1060,2025-08-12,285,99317
KROGER-1060,2025-08-13,283,99600
KROGER-1060,2025-08-14,301,99901
KROGER-1060,2025-08-15,292,100193
KROGER-1060,2025-08-16,305,100498
KROGER-1060,2025-08-17,296,100794
KROGER-1060,2025-08-18,306,101100
KROGER-1060,2025-08-19,270,101370
KROGER-1060,2025-08-20,271,101641
KROGER-1060,2025-08-21,235,101876
KROGER-1060,2025-08-22,301,102177
KROGER-1060,2025-08-23,290,102467
KROGER-1060,2025-08-24,360,102827
KROGER-1060,2025-08-25,269,103096
KROGER-1060,2025-08-26,279,103375
KROGER-1060,2025-08-27,290,103665
KROGER-1060,2025-08-28,253,103918
KROGER-1060,2025-08-29,285,104203
KROGER-1060,2025-08-30,292,104495
KROGER-1060,2025-08-31,284,104779
KROGER-1061,2024-09-01,364,364
KROGER-1061,2024-09-02,294,658
KROGER-1061,2024-09-03,324,982
KROGER-1061,2024-09-04,354,1336
KROGER-1061,2024-09-05,299,1635
KROGER-1061,2024-09-06,309,1944
KROGER-1061,2024-09-07,395,2339
KROGER-1061,2024-09-08,345,2684
KROGER-1061,2024-09-09,304,2988
KROGER-1061,2024-09-10,337,3325
KROGER-1061,2024-09-11,302,3627
KROGER-1061,2024-09-12,277,3904
KROGER-1061,2024-09-13,352,4256
KROGER-1061,2024-09-14,303,4559
KROGER-1061,2024-09-15,398,4957
KROGER-1061,2024-09-16,304,5261
KROGER-1061,2024-09-17,371,5632
KROGER-1061,2024-09-18,282,5914
KROGER-1061,2024-09-19,343,6257
KROGER-1061,2024-09-20,329,6586
KROGER-1061,2024-09-21,355,6941
KROGER-1061,2024-09-22,358,7299
KROGER-1061,2024-09-23,304,7603
KROGER-1061,2024-09-24,284,7887
KROGER-1061,2024-09-25,315,8202
KROGER-1061,2024-09-26,322,8524
KROGER-1061,2024-09-27,305,8829
KROGER-1061,2024-09-28,340,9169
KROGER-1061,2024-09-29,341,9510
KROGER-1061,2024-09-30,294,9804
KROGER-1061,2024-10-01,327,10131
KROGER-1061,2024-10-02,310,10441
KROGER-1061,2024-10-03,299,10740
KROGER-1061,2024-10-04,337,11077
KROGER-1061,2024-10-05,312,11389
KROGER-1061,2024-10-06,320,11709
KROGER-1061,2024-10-07,319,12028
KROGER-1061,2024-10-08,352,12380
KROGER-1061,2024-10-09,322,12702
KROGER-1061,2024-10-10,330,13032
KROGER-1061,2024-10-11,309,13341
KROGER-1061,2024-10-12,331,13672
KROGER-1061,2024-10-13,331,14003
KROGER-1061,2024-10-14,324,14327
KROGER-1061,2024-10-15,309,14636
KROGER-1061,2024-10-16,351,14987
KROGER-1061,2024-10-17,307,15294
KROGER-1061,2024-10-18,273,15567
KROGER-1061,2024-10-19,406,15973
KROGER-1061,2024-10-20,324,16297
KROGER-1061,2024-10-21,350,16647
KROGER-1061,2024-10-22,352,16999
KROGER-1061,2024-10-23,341,17340
KROGER-1061,2024-10-24,312,17652
KROGER-1061,2024-10-25,324,17976
KROGER-1061,2024-10-26,299,18275
KROGER-1061,2024-10-27,386,18661
KROGER-1061,2024-10-28,295,18956
KROGER-1061,2024-10-29,310,19266
KROGER-1061,2024-10-30,319,19585
KROGER-1061,2024-10-31,314,19899
KROGER-1061,2024-11-01,360,20259
KROGER-1061,2024-11-02,444,20703
KROGER-1061,2024-11-03,430,21133
KROGER-1061,2024-11-04,390,21523
KROGER-1061,2024-11-05,368,21891
KROGER-1061,2024-11-06,413,22304
KROGER-1061,2024-11-07,366,22670
KROGER-1061,2024-11-08,428,23098
KROGER-1061,2024-11-09,403,23501
KROGER-1061,2024-11-10,439,23940
KROGER-1061,2024-11-11,377,24317
KROGER-1061,2024-11-12,382,24699
KROGER-1061,2024-11-13,418,25117
KROGER-1061,2024-11-14,447,25564
KROGER-1061,2024-11-15,428,25992
KROGER-1061,2024-11-16,427,26419
KROGER-1061,2024-11-17,418,26837
KROGER-1061,2024-11-18,365,27202
KROGER-1061,2024-11-19,389,27591
KROGER-1061,2024-11-20,352,27943
KROGER-1061,2024-11-21,392,28335
KROGER-1061,2024-11-22,394,28729
KROGER-1061,2024-11-23,337,29066
KROGER-1061,2024-11-24,401,29467
KROGER-1061,2024-11-25,393,29860
KROGER-1061,2024-11-26,378,30238
KROGER-1061,2024-11-27,391,30629
KROGER-1061,2024-11-28,339,30968
KROGER-1061,2024-11-29,357,31325
KROGER-1061,2024-11-30,432,31757
KROGER-1061,2024-12-01,399,32156
KROGER-1061,2024-12-02,391,32547
KROGER-1061,2024-12-03,364,32911
KROGER-1061,2024-12-04,381,33292
KROGER-1061,2024-12-05,310,33602
KROGER-1061,2024-12-06,406,34008
KROGER-1061,2024-12-07,457,34465
KROGER-1061,2024-12-08,365,34830
KROGER-1061,2024-12-09,352,35182
KROGER-1061,2024-12-10,394,35576
KROGER-1061,2024-12-11,425,36001
KROGER-1061,2024-12-12,380,36381
KROGER-1061,2024-12-13,343,36724
KROGER-1061,2024-12-14,393,37117
KROGER-1061,2024-12-15,366,37483
KROGER-1061,2024-12-16,360,37843
KROGER-1061,2024-12-17,371,38214
KROGER-1061,2024-12-18,352,38566
KROGER-1061,2024-12-19,357,38923
KROGER-1061,2024-12-20,383,39306
KROGER-1061,2024-12-21,406,39712
KROGER-1061,2024-12-22,354,40066
KROGER-1061,2024-12-23,392,40458
KROGER-1061,2024-12-24,369,40827
KROGER-1061,2024-12-25,402,41229
KROGER-1061,2024-12-26,404,41633
KROGER-1061,2024-12-27,364,41997
KROGER-1061,2024-12-28,419,42416
KROGER-1061,2024-12-29,373,42789
KROGER-1061,2024-12-30,421,43210
KROGER-1061,2024-12-31,356,43566
KROGER-1061,2025-01-01,326,43892
KROGER-1061,2025-01-02,312,44204
KROGER-1061,2025-01-03,291,44495
KROGER-1061,2025-01-04,357,44852
KROGER-1061,2025-01-05,316,45168
KROGER-1061,2025-01-06,274,45442
KROGER-1061,2025-01-07,244,45686
KROGER-1061,2025-01-08,295,45981
KROGER-1061,2025-01-09,352,46333
KROGER-1061,2025-01-10,349,46682
KROGER-1061,2025-01-11,313,46995
KROGER-1061,2025-01-12,323,47318
KROGER-1061,2025-01-13,305,47623
KROGER-1061,2025-01-14,283,47906
KROGER-1061,2025-01-15,293,48199
KROGER-1061,2025-01-16,342,48541
KROGER-1061,2025-01-17,330,48871
KROGER-1061,2025-01-18,340,49211
KROGER-1061,2025-01-19,297,49508
KROGER-1061,2025-01-20,319,49827
KROGER-1061,2025-01-21,258,50085
KROGER-1061,2025-01-22,338,50423
KROGER-1061,2025-01-23,323,50746
KROGER-1061,2025-01-24,283,51029
KROGER-1061,2025-01-25,376,51405
KROGER-1061,2025-01-26,285,51690
KROGER-1061,2025-01-27,330,52020
KROGER-1061,2025-01-28,331,52351
KROGER-1061,2025-01-29,285,52636
KROGER-1061,2025-01-30,316,52952
KROGER-1061,2025-01-31,275,53227
KROGER-1061,2025-02-01,257,53484
KROGER-1061,2025-02-02,304,53788
KROGER-1061,2025-02-03,301,54089
KROGER-1061,2025-02-04,333,54422
KROGER-1061,2025-02-05,318,54740
KROGER-1061,2025-02-06,319,55059
KROGER-1061,2025-02-07,291,55350
KROGER-1061,2025-02-08,319,55669
KROGER-1061,2025-02-09,308,55977
KROGER-1061,2025-02-10,286,56263
KROGER-1061,2025-02-11,302,56565
KROGER-1061,2025-02-12,319,56884
KROGER-1061,2025-02-13,302,57186
KROGER-1061,2025-02-14,309,57495
KROGER-1061,2025-02-15,351,57846
KROGER-1061,2025-02-16,319,58165
KROGER-1061,2025-02-17,283,58448
KROGER-1061,2025-02-18,331,58779
KROGER-1061,2025-02-19,324,59103
KROGER-1061,2025-02-20,325,59428
KROGER-1061,2025-02-21,333,59761
KROGER-1061,2025-02-22,345,60106
KROGER-1061,2025-02-23,333,60439
KROGER-1061,2025-02-24,377,60816
KROGER-1061,2025-02-25,284,61100
KROGER-1061,2025-02-26,302,61402
KROGER-1061,2025-02-27,341,61743
KROGER-1061,2025-02-28,320,62063
KROGER-1061,2025-03-01,353,62416
KROGER-1061,2025-03-02,337,62753
KROGER-1061,2025-03-03,352,63105
KROGER-1061,2025-03-04,291,63396
KROGER-1061,2025-03-05,351,63747
KROGER-1061,2025-03-06,347,64094
KROGER-1061,2025-03-07,286,64380
KROGER-1061,2025-03-08,349,64729
KROGER-1061,2025-03-09,331,65060
KROGER-1061,2025-03-10,301,65361
KROGER-1061,2025-03-11,269,65630
KROGER-1061,2025-03-12,291,65921
KROGER-1061,2025-03-13,335,66256
KROGER-1061,2025-03-14,337,66593
KROGER-1061,2025-03-15,327,66920
KROGER-1061,2025-03-16,354,67274
KROGER-1061,2025-03-17,341,67615
KROGER-1061,2025-03-18,321,67936
KROGER-1061,2025-03-19,298,68234
KROGER-1061,2025-03-20,328,68562
KROGER-1061,2025-03-21,329,68891
KROGER-1061,2025-03-22,351,69242
KROGER-1061,2025-03-23,356,69598
KROGER-1061,2025-03-24,282,69880
KROGER-1061,2025-03-25,304,70184
KROGER-1061,2025-03-26,269,70453
KROGER-1061,2025-03-27,336,70789
KROGER-1061,2025-03-28,311,71100
KROGER-1061,2025-03-29,344,71444
KROGER-1061,2025-03-30,293,71737
KROGER-1061,2025-03-31,352,72089
KROGER-1061,2025-04-01,286,72375
KROGER-1061,2025-04-02,336,72711
KROGER-1061,2025-04-03,320,73031
KROGER-1061,2025-04-04,312,73343
KROGER-1061,2025-04-05,325,73668
KROGER-1061,2025-04-06,316,73984
KROGER-1061,2025-04-07,350,74334
KROGER-1061,2025-04-08,317,74651
KROGER-1061,2025-04-09,285,74936
KROGER-1061,2025-04-10,307,75243
KROGER-1061,2025-04-11,320,75563
KROGER-1061,2025-04-12,357,75920
KROGER-1061,2025-04-13,317,76237
KROGER-1061,2025-04-14,303,76540
KROGER-1061,2025-04-15,317,76857
KROGER-1061,2025-04-16,339,77196
KROGER-1061,2025-04-17,282,77478
KROGER-1061,2025-04-18,330,77808
KROGER-1061,2025-04-19,320,78128
KROGER-1061,2025-04-20,324,78452
KROGER-1061,2025-04-21,368,78820
KROGER-1061,2025-04-22,312,79132
KROGER-1061,2025-04-23,336,79468
KROGER-1061,2025-04-24,335,79803
KROGER-1061,2025-04-25,287,80090
KROGER-1061,2025-04-26,283,80373
KROGER-1061,2025-04-27,355,80728
KROGER-1061,2025-04-28,289,81017
KROGER-1061,2025-04-29,275,81292
KROGER-1061,2025-04-30,343,81635
KROGER-1061,2025-05-01,291,81926
KROGER-1061,2025-05-02,297,82223
KROGER-1061,2025-05-03,385,82608
KROGER-1061,2025-05-04,288,82896
KROGER-1061,2025-05-05,285,83181
KROGER-1061,2025-05-06,305,83486
KROGER-1061,2025-05-07,311,83797
KROGER-1061,2025-05-08,294,84091
KROGER-1061,2025-05-09,287,84378
KROGER-1061,2025-05-10,373,84751
KROGER-1061,2025-05-11,340,85091
KROGER-1061,2025-05-12,332,85423
KROGER-1061,2025-05-13,313,85736
KROGER-1061,2025-05-14,324,86060
KROGER-1061,2025-05-15,340,86400
KROGER-1061,2025-05-16,291,86691
KROGER-1061,2025-05-17,340,87031
KROGER-1061,2025-05-18,351,87382
KROGER-1061,2025-05-19,356,87738
KROGER-1061,2025-05-20,366,88104
KROGER-1061,2025-05-21,319,88423
KROGER-1061,2025-05-22,346,88769
KROGER-1061,2025-05-23,249,89018
KROGER-1061,2025-05-24,374,89392
KROGER-1061,2025-05-25,313,89705
KROGER-1061,2025-05-26,311,90016
KROGER-1061,2025-05-27,328,90344
KROGER-1061,2025-05-28,313,90657
KROGER-1061,2025-05-29,322,90979
KROGER-1061,2025-05-30,357,91336
KROGER-1061,2025-05-31,322,91658
KROGER-1061,2025-06-01,304,91962
KROGER-1061,2025-06-02,363,92325
KROGER-1061,2025-06-03,330,92655
KROGER-1061,2025-06-04,366,93021
KROGER-1061,2025-06-05,339,93360
KROGER-1061,2025-06-06,283,93643
KROGER-1061,2025-06-07,350,93993
KROGER-1061,2025-06-08,306,94299
KROGER-1061,2025-06-09,317,94616
KROGER-1061,2025-06-10,315,94931
KROGER-1061,2025-06-11,276,95207
KROGER-1061,2025-06-12,296,95503
KROGER-1061,2025-06-13,373,95876
KROGER-1061,2025-06-14,339,96215
KROGER-1061,2025-06-15,328,96543
KROGER-1061,2025-06-16,363,96906
KROGER-1061,2025-06-17,307,97213
KROGER-1061,2025-06-18,314,97527
KROGER-1061,2025-06-19,342,97869
KROGER-1061,2025-06-20,307,98176
KROGER-1061,2025-06-21,313,98489
KROGER-1061,2025-06-22,273,98762
KROGER-1061,2025-06-23,293,99055
KROGER-1061,2025-06-24,293,99348
KROGER-1061,2025-06-25,321,99669
KROGER-1061,2025-06-26,301,99970
KROGER-1061,2025-06-27,372,100342
KROGER-1061,2025-06-28,304,100646
KROGER-1061,2025-06-29,370,101016
KROGER-1061,2025-06-30,322,101338
KROGER-1061,2025-07-01,337,101675
KROGER-1061,2025-07-02,336,102011
KROGER-1061,2025-07-03,260,102271
KROGER-1061,2025-07-04,316,102587
KROGER-1061,2025-07-05,326,102913
KROGER-1061,2025-07-06,302,103215
KROGER-1061,2025-07-07,328,103543
KROGER-1061,2025-07-08,360,103903
KROGER-1061,2025-07-09,249,104152
KROGER-1061,2025-07-10,303,104455
KROGER-1061,2025-07-11,285,104740
KROGER-1061,2025-07-12,335,105075
KROGER-1061,2025-07-13,324,105399
KROGER-1061,2025-07-14,301,105700
KROGER-1061,2025-07-15,334,106034
KROGER-1061,2025-07-16,358,106392
KROGER-1061,2025-07-17,384,106776
KROGER-1061,2025-07-18,298,107074
KROGER-1061,2025-07-19,284,107358
KROGER-1061,2025-07-20,348,107706
KROGER-1061,2025-07-21,358,108064
KROGER-1061,2025-07-22,337,108401
KROGER-1061,2025-07-23,358,108759
KROGER-1061,2025-07-24,311,109070
KROGER-1061,2025-07-25,301,109371
KROGER-1061,2025-07-26,336,109707
KROGER-1061,2025-07-27,324,110031
KROGER-1061,2025-07-28,334,110365
KROGER-1061,2025-07-29,341,110706
KROGER-1061,2025-07-30,343,111049
KROGER-1061,2025-07-31,330,111379
KROGER-1061,2025-08-01,323,111702
KROGER-1061,2025-08-02,354,112056
KROGER-1061,2025-08-03,280,112336
KROGER-1061,2025-08-04,322,112658
KROGER-1061,2025-08-05,318,112976
KROGER-1061,2025-08-06,322,113298
KROGER-1061,2025-08-07,315,113613
KROGER-1061,2025-08-08,328,113941
KROGER-1061,2025-08-09,317,114258
KROGER-1061,2025-08-10,363,114621
KROGER-1061,2025-08-11,329,114950
KROGER-1061,2025-08-12,321,115271
KROGER-1061,2025-08-13,299,115570
KROGER-1061,2025-08-14,337,115907
KROGER-1061,2025-08-15,322,116229
KROGER-1061,2025-08-16,313,116542
KROGER-1061,2025-08-17,331,116873
KROGER-1061,2025-08-18,333,117206
KROGER-1061,2025-08-19,331,117537
KROGER-1061,2025-08-20,329,117866
KROGER-1061,2025-08-21,319,118185
KROGER-1061,2025-08-22,343,118528
KROGER-1061,2025-08-23,366,118894
KROGER-1061,2025-08-24,352,119246
KROGER-1061,2025-08-25,302,119548
KROGER-1061,2025-08-26,290,119838
KROGER-1061,2025-08-27,303,120141
KROGER-1061,2025-08-28,366,120507
KROGER-1061,2025-08-29,324,120831
KROGER-1061,2025-08-30,389,121220
KROGER-1061,2025-08-31,329,121549
KROGER-1062,2024-09-01,215,215
KROGER-1062,2024-09-02,208,423
KROGER-1062,2024-09-03,208,631
KROGER-1062,2024-09-04,196,827
KROGER-1062,2024-09-05,190,1017
KROGER-1062,2024-09-06,218,1235
KROGER-1062,2024-09-07,238,1473
KROGER-1062,2024-09-08,263,1736
KROGER-1062,2024-09-09,202,1938
KROGER-1062,2024-09-10,203,2141
KROGER-1062,2024-09-11,196,2337
KROGER-1062,2024-09-12,228,2565
KROGER-1062,2024-09-13,223,2788
KROGER-1062,2024-09-14,204,2992
KROGER-1062,2024-09-15,204,3196
KROGER-1062,2024-09-16,225,3421
KROGER-1062,2024-09-17,216,3637
KROGER-1062,2024-09-18,222,3859
KROGER-1062,2024-09-19,194,4053
KROGER-1062,2024-09-20,178,4231
KROGER-1062,2024-09-21,204,4435
KROGER-1062,2024-09-22,232,4667
KROGER-1062,2024-09-23,245,4912
KROGER-1062,2024-09-24,202,5114
KROGER-1062,2024-09-25,247,5361
KROGER-1062,2024-09-26,223,5584
KROGER-1062,2024-09-27,186,5770
KROGER-1062,2024-09-28,223,5993
KROGER-1062,2024-09-29,235,6228
KROGER-1062,2024-09-30,168,6396
KROGER-1062,2024-10-01,220,6616
KROGER-1062,2024-10-02,229,6845
KROGER-1062,2024-10-03,216,7061
KROGER-1062,2024-10-04,208,7269
KROGER-1062,2024-10-05,217,7486
KROGER-1062,2024-10-06,216,7702
KROGER-1062,2024-10-07,189,7891
KROGER-1062,2024-10-08,198,8089
KROGER-1062,2024-10-09,202,8291
KROGER-1062,2024-10-10,211,8502
KROGER-1062,2024-10-11,200,8702
KROGER-1062,2024-10-12,204,8906
KROGER-1062,2024-10-13,233,9139
KROGER-1062,2024-10-14,215,9354
KROGER-1062,2024-10-15,200,9554
KROGER-1062,2024-10-16,218,9772
KROGER-1062,2024-10-17,202,9974
KROGER-1062,2024-10-18,210,10184
KROGER-1062,2024-10-19,237,10421
KROGER-1062,2024-10-20,209,10630
KROGER-1062,2024-10-21,189,10819
KROGER-1062,2024-10-22,207,11026
KROGER-1062,2024-10-23,186,11212
KROGER-1062,2024-10-24,205,11417
KROGER-1062,2024-10-25,204,11621
KROGER-1062,2024-10-26,176,11797
KROGER-1062,2024-10-27,229,12026
KROGER-1062,2024-10-28,206,12232
KROGER-1062,2024-10-29,229,12461
KROGER-1062,2024-10-30,213,12674
KROGER-1062,2024-10-31,221,12895
KROGER-1062,2024-11-01,275,13170
KROGER-1062,2024-11-02,261,13431
KROGER-1062,2024-11-03,264,13695
KROGER-1062,2024-11-04,219,13914
KROGER-1062,2024-11-05,276,14190
KROGER-1062,2024-11-06,248,14438
KROGER-1062,2024-11-07,231,14669
KROGER-1062,2024-11-08,266,14935
KROGER-1062,2024-11-09,218,15153
KROGER-1062,2024-11-10,255,15408
KROGER-1062,2024-11-11,269,15677
KROGER-1062,2024-11-12,242,15919
KROGER-1062,2024-11-13,237,16156
KROGER-1062,2024-11-14,243,16399
KROGER-1062,2024-11-15,211,16610
KROGER-1062,2024-11-16,279,16889
KROGER-1062,2024-11-17,261,17150
KROGER-1062,2024-11-18,246,17396
KROGER-1062,2024-11-19,246,17642
KROGER-1062,2024-11-20,251,17893
KROGER-1062,2024-11-21,264,18157
KROGER-1062,2024-11-22,250,18407
KROGER-1062,2024-11-23,235,18642
KROGER-1062,2024-11-24,276,18918
KROGER-1062,2024-11-25,261,19179
KROGER-1062,2024-11-26,255,19434
KROGER-1062,2024-11-27,273,19707
KROGER-1062,2024-11-28,252,19959
KROGER-1062,2024-11-29,273,20232
KROGER-1062,2024-11-30,293,20525
KROGER-1062,2024-12-01,276,20801
KROGER-1062,2024-12-02,236,21037
KROGER-1062,2024-12-03,248,21285
KROGER-1062,2024-12-04,276,21561
KROGER-1062,2024-12-05,221,21782
KROGER-1062,2024-12-06,243,22025
KROGER-1062,2024-12-07,256,22281
KROGER-1062,2024-12-08,245,22526
KROGER-1062,2024-12-09,269,22795
KROGER-1062,2024-12-10,259,23054
KROGER-1062,2024-12-11,237,23291
KROGER-1062,2024-12-12,263,23554
KROGER-1062,2024-12-13,248,23802
KROGER-1062,2024-12-14,245,24047
KROGER-1062,2024-12-15,249,24296
KROGER-1062,2024-12-16,260,24556
KROGER-1062,2024-12-17,270,24826
KROGER-1062,2024-12-18,241,25067
KROGER-1062,2024-12-19,262,25329
KROGER-1062,2024-12-20,283,25612
KROGER-1062,2024-12-21,237,25849
KROGER-1062,2024-12-22,271,26120
KROGER-1062,2024-12-23,268,26388
KROGER-1062,2024-12-24,249,26637
KROGER-1062,2024-12-25,276,26913
KROGER-1062,2024-12-26,295,27208
KROGER-1062,2024-12-27,258,27466
KROGER-1062,2024-12-28,259,27725
KROGER-1062,2024-12-29,284,28009
KROGER-1062,2024-12-30,268,28277
KROGER-1062,2024-12-31,200,28477
KROGER-1062,2025-01-01,209,28686
KROGER-1062,2025-01-02,203,28889
KROGER-1062,2025-01-03,216,29105
KROGER-1062,2025-01-04,216,29321
KROGER-1062,2025-01-05,218,29539
KROGER-1062,2025-01-06,195,29734
KROGER-1062,2025-01-07,221,29955
KROGER-1062,2025-01-08,237,30192
KROGER-1062,2025-01-09,195,30387
KROGER-1062,2025-01-10,186,30573
KROGER-1062,2025-01-11,220,30793
KROGER-1062,2025-01-12,219,31012
KROGER-1062,2025-01-13,229,31241
KROGER-1062,2025-01-14,189,31430
KROGER-1062,2025-01-15,200,31630
KROGER-1062,2025-01-16,173,31803
KROGER-1062,2025-01-17,232,32035
KROGER-1062,2025-01-18,224,32259
KROGER-1062,2025-01-19,211,32470
KROGER-1062,2025-01-20,187,32657
KROGER-1062,2025-01-21,189,32846
KROGER-1062,2025-01-22,216,33062
KROGER-1062,2025-01-23,191,33253
KROGER-1062,2025-01-24,211,33464
KROGER-1062,2025-01-25,256,33720
KROGER-1062,2025-01-26,214,33934
KROGER-1062,2025-01-27,193,34127
KROGER-1062,2025-01-28,216,34343
KROGER-1062,2025-01-29,189,34532
KROGER-1062,2025-01-30,238,34770
KROGER-1062,2025-01-31,233,35003
KROGER-1062,2025-02-01,217,35220
KROGER-1062,2025-02-02,204,35424
KROGER-1062,2025-02-03,202,35626
KROGER-1062,2025-02-04,204,35830
KROGER-1062,2025-02-05,216,36046
KROGER-1062,2025-02-06,227,36273
KROGER-1062,2025-02-07,192,36465
KROGER-1062,2025-02-08,237,36702
KROGER-1062,2025-02-09,231,36933
KROGER-1062,2025-02-10,201,37134
KROGER-1062,2025-02-11,191,37325
KROGER-1062,2025-02-12,211,37536
KROGER-1062,2025-02-13,191,37727
KROGER-1062,2025-02-14,226,37953
KROGER-1062,2025-02-15,200,38153
KROGER-1062,2025-02-16,229,38382
KROGER-1062,2025-02-17,208,38590
KROGER-1062,2025-02-18,200,38790
KROGER-1062,2025-02-19,207,38997
KROGER-1062,2025-02-20,227,39224
KROGER-1062,2025-02-21,189,39413
KROGER-1062,2025-02-22,212,39625
KROGER-1062,2025-02-23,206,39831
KROGER-1062,2025-02-24,209,40040
KROGER-1062,2025-02-25,198,40238
KROGER-1062,2025-02-26,180,40418
KROGER-1062,2025-02-27,191,40609
KROGER-1062,2025-02-28,237,40846
KROGER-1062,2025-03-01,224,41070
KROGER-1062,2025-03-02,223,41293
KROGER-1062,2025-03-03,204,41497
KROGER-1062,2025-03-04,208,41705
KROGER-1062,2025-03-05,202,41907
KROGER-1062,2025-03-06,218,42125
KROGER-1062,2025-03-07,211,42336
KROGER-1062,2025-03-08,199,42535
KROGER-1062,2025-03-09,224,42759
KROGER-1062,2025-03-10,168,42927
KROGER-1062,2025-03-11,216,43143
KROGER-1062,2025-03-12,186,43329
KROGER-1062,2025-03-13,208,43537
KROGER-1062,2025-03-14,189,43726
KROGER-1062,2025-03-15,220,43946
KROGER-1062,2025-03-16,230,44176
KROGER-1062,2025-03-17,234,44410
KROGER-1062,2025-03-18,183,44593
KROGER-1062,2025-03-19,226,44819
KROGER-1062,2025-03-20,211,45030
KROGER-1062,2025-03-21,202,45232
KROGER-1062,2025-03-22,233,45465
KROGER-1062,2025-03-23,215,45680
KROGER-1062,2025-03-24,221,45901
KROGER-1062,2025-03-25,193,46094
KROGER-1062,2025-03-26,199,46293
KROGER-1062,2025-03-27,225,46518
KROGER-1062,2025-03-28,234,46752
KROGER-1062,2025-03-29,219,46971
KROGER-1062,2025-03-30,171,47142
KROGER-1062,2025-03-31,206,47348
KROGER-1062,2025-04-01,210,47558
KROGER-1062,2025-04-02,205,47763
KROGER-1062,2025-04-03,215,47978
KROGER-1062,2025-04-04,201,48179
KROGER-1062,2025-04-05,234,48413
KROGER-1062,2025-04-06,199,48612
KROGER-1062,2025-04-07,230,48842
KROGER-1062,2025-04-08,235,49077
KROGER-1062,2025-04-09,194,49271
KROGER-1062,2025-04-10,194,49465
KROGER-1062,2025-04-11,216,49681
KROGER-1062,2025-04-12,199,49880
KROGER-1062,2025-04-13,211,50091
KROGER-1062,2025-04-14,228,50319
KROGER-1062,2025-04-15,222,50541
KROGER-1062,2025-04-16,242,50783
KROGER-1062,2025-04-17,212,50995
KROGER-1062,2025-04-18,199,51194
KROGER-1062,2025-04-19,221,51415
KROGER-1062,2025-04-20,217,51632
KROGER-1062,2025-04-21,207,51839
KROGER-1062,2025-04-22,209,52048
KROGER-1062,2025-04-23,194,52242
KROGER-1062,2025-04-24,214,52456
KROGER-1062,2025-04-25,186,52642
KROGER-1062,2025-04-26,207,52849
KROGER-1062,2025-04-27,218,53067
KROGER-1062,2025-04-28,171,53238
KROGER-1062,2025-04-29,222,53460
KROGER-1062,2025-04-30,175,53635
KROGER-1062,2025-05-01,220,53855
KROGER-1062,2025-05-02,187,54042
KROGER-1062,2025-05-03,213,54255
KROGER-1062,2025-05-04,229,54484
KROGER-1062,2025-05-05,246,54730
KROGER-1062,2025-05-06,211,54941
KROGER-1062,2025-05-07,176,55117
KROGER-1062,2025-05-08,225,55342
KROGER-1062,2025-05-09,205,55547
KROGER-1062,2025-05-10,221,55768
KROGER-1062,2025-05-11,229,55997
KROGER-1062,2025-05-12,172,56169
KROGER-1062,2025-05-13,209,56378
KROGER-1062,2025-05-14,202,56580
KROGER-1062,2025-05-15,230,56810
KROGER-1062,2025-05-16,221,57031
KROGER-1062,2025-05-17,191,57222
KROGER-1062,2025-05-18,242,57464
KROGER-1062,2025-05-19,217,57681
KROGER-1062,2025-05-20,183,57864
KROGER-1062,2025-05-21,210,58074
KROGER-1062,2025-05-22,227,58301
KROGER-1062,2025-05-23,189,58490
KROGER-1062,2025-05-24,244,58734
KROGER-1062,2025-05-25,193,58927
KROGER-1062,2025-05-26,196,59123
KROGER-1062,2025-05-27,193,59316
KROGER-1062,2025-05-28,232,59548
KROGER-1062,2025-05-29,201,59749
KROGER-1062,2025-05-30,190,59939
KROGER-1062,2025-05-31,227,60166
KROGER-1062,2025-06-01,231,60397
KROGER-1062,2025-06-02,220,60617
KROGER-1062,2025-06-03,205,60822
KROGER-1062,2025-06-04,213,61035
KROGER-1062,2025-06-05,198,61233
KROGER-1062,2025-06-06,237,61470
KROGER-1062,2025-06-07,240,61710
KROGER-1062,2025-06-08,239,61949
KROGER-1062,2025-06-09,222,62171
KROGER-1062,2025-06-10,218,62389
KROGER-1062,2025-06-11,188,62577
KROGER-1062,2025-06-12,220,62797
KROGER-1062,2025-06-13,211,63008
KROGER-1062,2025-06-14,242,63250
KROGER-1062,2025-06-15,234,63484
KROGER-1062,2025-06-16,218,63702
KROGER-1062,2025-06-17,181,63883
KROGER-1062,2025-06-18,208,64091
KROGER-1062,2025-06-19,200,64291
KROGER-1062,2025-06-20,213,64504
KROGER-1062,2025-06-21,212,64716
KROGER-1062,2025-06-22,215,64931
KROGER-1062,2025-06-23,217,65148
KROGER-1062,2025-06-24,202,65350
KROGER-1062,2025-06-25,211,65561
KROGER-1062,2025-06-26,184,65745
KROGER-1062,2025-06-27,195,65940
KROGER-1062,2025-06-28,231,66171
KROGER-1062,2025-06-29,198,66369
KROGER-1062,2025-06-30,230,66599
KROGER-1062,2025-07-01,226,66825
KROGER-1062,2025-07-02,205,67030
KROGER-1062,2025-07-03,259,67289
KROGER-1062,2025-07-04,230,67519
KROGER-1062,2025-07-05,203,67722
KROGER-1062,2025-07-06,233,67955
KROGER-1062,2025-07-07,210,68165
KROGER-1062,2025-07-08,196,68361
KROGER-1062,2025-07-09,191,68552
KROGER-1062,2025-07-10,226,68778
KROGER-1062,2025-07-11,199,68977
KROGER-1062,2025-07-12,218,69195
KROGER-1062,2025-07-13,203,69398
KROGER-1062,2025-07-14,197,69595
KROGER-1062,2025-07-15,207,69802
KROGER-1062,2025-07-16,216,70018
KROGER-1062,2025-07-17,166,70184
KROGER-1062,2025-07-18,209,70393
KROGER-1062,2025-07-19,207,70600
KROGER-1062,2025-07-20,244,70844
KROGER-1062,2025-07-21,259,71103
KROGER-1062,2025-07-22,203,71306
KROGER-1062,2025-07-23,180,71486
KROGER-1062,2025-07-24,211,71697
KROGER-1062,2025-07-25,206,71903
KROGER-1062,2025-07-26,254,72157
KROGER-1062,2025-07-27,249,72406
KROGER-1062,2025-07-28,224,72630
KROGER-1062,2025-07-29,199,72829
KROGER-1062,2025-07-30,221,73050
KROGER-1062,2025-07-31,214,73264
KROGER-1062,2025-08-01,213,73477
KROGER-1062,2025-08-02,192,73669
KROGER-1062,2025-08-03,238,73907
KROGER-1062,2025-08-04,211,74118
KROGER-1062,2025-08-05,207,74325
KROGER-1062,2025-08-06,199,74524
KROGER-1062,2025-08-07,196,74720
KROGER-1062,2025-08-08,214,74934
KROGER-1062,2025-08-09,189,75123
KROGER-1062,2025-08-10,234,75357
KROGER-1062,2025-08-11,191,75548
KROGER-1062,2025-08-12,175,75723
KROGER-1062,2025-08-13,240,75963
KROGER-1062,2025-08-14,195,76158
KROGER-1062,2025-08-15,197,76355
KROGER-1062,2025-08-16,240,76595
KROGER-1062,2025-08-17,252,76847
KROGER-1062,2025-08-18,183,77030
KROGER-1062,2025-08-19,193,77223
KROGER-1062,2025-08-20,194,77417
KROGER-1062,2025-08-21,225,77642
KROGER-1062,2025-08-22,237,77879
KROGER-1062,2025-08-23,201,78080
KROGER-1062,2025-08-24,245,78325
KROGER-1062,2025-08-25,197,78522
KROGER-1062,2025-08-26,215,78737
KROGER-1062,2025-08-27,188,78925
KROGER-1062,2025-08-28,207,79132
KROGER-1062,2025-08-29,207,79339
KROGER-1062,2025-08-30,214,79553
KROGER-1062,2025-08-31,226,79779
KROGER-1063,2024-09-01,333,333
KROGER-1063,2024-09-02,321,654
KROGER-1063,2024-09-03,357,1011
KROGER-1063,2024-09-04,382,1393
KROGER-1063,2024-09-05,344,1737
KROGER-1063,2024-09-06,359,2096
KROGER-1063,2024-09-07,384,2480
KROGER-1063,2024-09-08,386,2866
KROGER-1063,2024-09-09,319,3185
KROGER-1063,2024-09-10,324,3509
KROGER-1063,2024-09-11,326,3835
KROGER-1063,2024-09-12,398,4233
KROGER-1063,2024-09-13,359,4592
KROGER-1063,2024-09-14,376,4968
KROGER-1063,2024-09-15,373,5341
KROGER-1063,2024-09-16,309,5650
KROGER-1063,2024-09-17,399,6049
KROGER-1063,2024-09-18,358,6407
KROGER-1063,2024-09-19,365,6772
KROGER-1063,2024-09-20,296,7068
KROGER-1063,2024-09-21,385,7453
KROGER-1063,2024-09-22,352,7805
KROGER-1063,2024-09-23,309,8114
KROGER-1063,2024-09-24,319,8433
KROGER-1063,2024-09-25,310,8743
KROGER-1063,2024-09-26,310,9053
KROGER-1063,2024-09-27,347,9400
KROGER-1063,2024-09-28,351,9751
KROGER-1063,2024-09-29,372,10123
KROGER-1063,2024-09-30,391,10514
KROGER-1063,2024-10-01,341,10855
KROGER-1063,2024-10-02,283,11138
KROGER-1063,2024-10-03,338,11476
KROGER-1063,2024-10-04,378,11854
KROGER-1063,2024-10-05,360,12214
KROGER-1063,2024-10-06,407,12621
KROGER-1063,2024-10-07,358,12979
KROGER-1063,2024-10-08,294,13273
KROGER-1063,2024-10-09,348,13621
KROGER-1063,2024-10-10,353,13974
KROGER-1063,2024-10-11,375,14349
KROGER-1063,2024-10-12,415,14764
KROGER-1063,2024-10-13,389,15153
KROGER-1063,2024-10-14,357,15510
KROGER-1063,2024-10-15,364,15874
KROGER-1063,2024-10-16,340,16214
KROGER-1063,2024-10-17,305,16519
KROGER-1063,2024-10-18,346,16865
KROGER-1063,2024-10-19,373,17238
KROGER-1063,2024-10-20,327,17565
KROGER-1063,2024-10-21,382,17947
KROGER-1063,2024-10-22,373,18320
KROGER-1063,2024-10-23,307,18627
KROGER-1063,2024-10-24,383,19010
KROGER-1063,2024-10-25,337,19347
KROGER-1063,2024-10-26,340,19687
KROGER-1063,2024-10-27,394,20081
KROGER-1063,2024-10-28,344,20425
KROGER-1063,2024-10-29,398,20823
KROGER-1063,2024-10-30,322,21145
KROGER-1063,2024-10-31,297,21442
KROGER-1063,2024-11-01,405,21847
KROGER-1063,2024-11-02,462,22309
KROGER-1063,2024-11-03,403,22712
KROGER-1063,2024-11-04,370,23082
KROGER-1063,2024-11-05,422,23504
KROGER-1063,2024-11-06,366,23870
KROGER-1063,2024-11-07,424,24294
KROGER-1063,2024-11-08,403,24697
KROGER-1063,2024-11-09,452,25149
KROGER-1063,2024-11-10,387,25536
KROGER-1063,2024-11-11,457,25993
KROGER-1063,2024-11-12,408,26401
KROGER-1063,2024-11-13,440,26841
KROGER-1063,2024-11-14,446,27287
KROGER-1063,2024-11-15,376,27663
KROGER-1063,2024-11-16,466,28129
KROGER-1063,2024-11-17,385,28514
KROGER-1063,2024-11-18,369,28883
KROGER-1063,2024-11-19,479,29362
KROGER-1063,2024-11-20,451,29813
KROGER-1063,2024-11-21,483,30296
KROGER-1063,2024-11-22,402,30698
KROGER-1063,2024-11-23,438,31136
KROGER-1063,2024-11-24,453,31589
KROGER-1063,2024-11-25,414,32003
KROGER-1063,2024-11-26,389,32392
KROGER-1063,2024-11-27,384,32776
KROGER-1063,2024-11-28,421,33197
KROGER-1063,2024-11-29,379,33576
KROGER-1063,2024-11-30,397,33973
KROGER-1063,2024-12-01,449,34422
KROGER-1063,2024-12-02,411,34833
KROGER-1063,2024-12-03,445,35278
KROGER-1063,2024-12-04,400,35678
KROGER-1063,2024-12-05,395,36073
KROGER-1063,2024-12-06,428,36501
KROGER-1063,2024-12-07,407,36908
KROGER-1063,2024-12-08,412,37320
KROGER-1063,2024-12-09,394,37714
KROGER-1063,2024-12-10,407,38121
KROGER-1063,2024-12-11,473,38594
KROGER-1063,2024-12-12,369,38963
KROGER-1063,2024-12-13,457,39420
KROGER-1063,2024-12-14,461,39881
KROGER-1063,2024-12-15,490,40371
KROGER-1063,2024-12-16,518,40889
KROGER-1063,2024-12-17,462,41351
KROGER-1063,2024-12-18,445,41796
KROGER-1063,2024-12-19,371,42167
KROGER-1063,2024-12-20,375,42542
KROGER-1063,2024-12-21,447,42989
KROGER-1063,2024-12-22,376,43365
KROGER-1063,2024-12-23,435,43800
KROGER-1063,2024-12-24,343,44143
KROGER-1063,2024-12-25,452,44595
KROGER-1063,2024-12-26,404,44999
KROGER-1063,2024-12-27,418,45417
KROGER-1063,2024-12-28,409,45826
KROGER-1063,2024-12-29,369,46195
KROGER-1063,2024-12-30,455,46650
KROGER-1063,2024-12-31,459,47109
KROGER-1063,2025-01-01,335,47444
KROGER-1063,2025-01-02,363,47807
KROGER-1063,2025-01-03,334,48141
KROGER-1063,2025-01-04,371,48512
KROGER-1063,2025-01-05,384,48896
KROGER-1063,2025-01-06,360,49256
KROGER-1063,2025-01-07,382,49638
KROGER-1063,2025-01-08,359,49997
KROGER-1063,2025-01-09,346,50343
KROGER-1063,2025-01-10,324,50667
KROGER-1063,2025-01-11,348,51015
KROGER-1063,2025-01-12,386,51401
KROGER-1063,2025-01-13,304,51705
KROGER-1063,2025-01-14,376,52081
KROGER-1063,2025-01-15,337,52418
KROGER-1063,2025-01-16,322,52740
KROGER-1063,2025-01-17,315,53055
KROGER-1063,2025-01-18,382,53437
KROGER-1063,2025-01-19,362,53799
KROGER-1063,2025-01-20,389,54188
KROGER-1063,2025-01-21,310,54498
KROGER-1063,2025-01-22,329,54827
KROGER-1063,2025-01-23,343,55170
KROGER-1063,2025-01-24,324,55494
KROGER-1063,2025-01-25,363,55857
KROGER-1063,2025-01-26,372,56229
KROGER-1063,2025-01-27,358,56587
KROGER-1063,2025-01-28,387,56974
KROGER-1063,2025-01-29,309,57283
KROGER-1063,2025-01-30,354,57637
KROGER-1063,2025-01-31,327,57964
KROGER-1063,2025-02-01,375,58339
KROGER-1063,2025-02-02,375,58714
KROGER-1063,2025-02-03,318,59032
KROGER-1063,2025-02-04,320,59352
KROGER-1063,2025-02-05,359,59711
KROGER-1063,2025-02-06,346,60057
KROGER-1063,2025-02-07,339,60396
KROGER-1063,2025-02-08,381,60777
KROGER-1063,2025-02-09,384,61161
KROGER-1063,2025-02-10,330,61491
KROGER-1063,2025-02-11,322,61813
KROGER-1063,2025-02-12,310,62123
KROGER-1063,2025-02-13,346,62469
KROGER-1063,2025-02-14,306,62775
KROGER-1063,2025-02-15,365,63140
KROGER-1063,2025-02-16,398,63538
KROGER-1063,2025-02-17,335,63873
KROGER-1063,2025-02-18,330,64203
KROGER-1063,2025-02-19,400,64603
KROGER-1063,2025-02-20,387,64990
KROGER-1063,2025-02-21,324,65314
KROGER-1063,2025-02-22,366,65680
KROGER-1063,2025-02-23,372,66052
KROGER-1063,2025-02-24,351,66403
KROGER-1063,2025-02-25,395,66798
KROGER-1063,2025-02-26,347,67145
KROGER-1063,2025-02-27,352,67497
KROGER-1063,2025-02-28,364,67861
KROGER-1063,2025-03-01,397,68258
KROGER-1063,2025-03-02,390,68648
KROGER-1063,2025-03-03,360,69008
KROGER-1063,2025-03-04,302,69310
KROGER-1063,2025-03-05,332,69642
KROGER-1063,2025-03-06,368,70010
KROGER-1063,2025-03-07,352,70362
KROGER-1063,2025-03-08,386,70748
KROGER-1063,2025-03-09,417,71165
KROGER-1063,2025-03-10,313,71478
KROGER-1063,2025-03-11,377,71855
KROGER-1063,2025-03-12,336,72191
KROGER-1063,2025-03-13,371,72562
KROGER-1063,2025-03-14,344,72906
KROGER-1063,2025-03-15,424,73330
KROGER-1063,2025-03-16,366,73696
KROGER-1063,2025-03-17,327,74023
KROGER-1063,2025-03-18,357,74380
KROGER-1063,2025-03-19,354,74734
KROGER-1063,2025-03-20,377,75111
KROGER-1063,2025-03-21,357,75468
KROGER-1063,2025-03-22,434,75902
KROGER-1063,2025-03-23,359,76261
KROGER-1063,2025-03-24,342,76603
KROGER-1063,2025-03-25,328,76931
KROGER-1063,2025-03-26,347,77278
KROGER-1063,2025-03-27,351,77629
KROGER-1063,2025-03-28,353,77982
KROGER-1063,2025-03-29,364,78346
KROGER-1063,2025-03-30,345,78691
KROGER-1063,2025-03-31,321,79012
KROGER-1063,2025-04-01,335,79347
KROGER-1063,2025-04-02,377,79724
KROGER-1063,2025-04-03,383,80107
KROGER-1063,2025-04-04,343,80450
KROGER-1063,2025-04-05,335,80785
KROGER-1063,2025-04-06,360,81145
KROGER-1063,2025-04-07,403,81548
KROGER-1063,2025-04-08,373,81921
KROGER-1063,2025-04-09,360,82281
KROGER-1063,2025-04-10,372,82653
KROGER-1063,2025-04-11,388,83041
KROGER-1063,2025-04-12,329,83370
KROGER-1063,2025-04-13,351,83721
KROGER-1063,2025-04-14,330,84051
KROGER-1063,2025-04-15,361,84412
KROGER-1063,2025-04-16,350,84762
KROGER-1063,2025-04-17,366,85128
KROGER-1063,2025-04-18,331,85459
KROGER-1063,2025-04-19,402,85861
KROGER-1063,2025-04-20,360,86221
KROGER-1063,2025-04-21,364,86585
KROGER-1063,2025-04-22,378,86963
KROGER-1063,2025-04-23,376,87339
KROGER-1063,2025-04-24,355,87694
KROGER-1063,2025-04-25,368,88062
KROGER-1063,2025-04-26,413,88475
KROGER-1063,2025-04-27,377,88852
KROGER-1063,2025-04-28,325,89177
KROGER-1063,2025-04-29,361,89538
KROGER-1063,2025-04-30,344,89882
KROGER-1063,2025-05-01,280,90162
KROGER-1063,2025-05-02,358,90520
KROGER-1063,2025-05-03,366,90886
KROGER-1063,2025-05-04,396,91282
KROGER-1063,2025-05-05,324,91606
KROGER-1063,2025-05-06,303,91909
KROGER-1063,2025-05-07,350,92259
KROGER-1063,2025-05-08,356,92615
KROGER-1063,2025-05-09,348,92963
KROGER-1063,2025-05-10,363,93326
KROGER-1063,2025-05-11,331,93657
KROGER-1063,2025-05-12,341,93998
KROGER-1063,2025-05-13,335,94333
KROGER-1063,2025-05-14,375,94708
KROGER-1063,2025-05-15,356,95064
KROGER-1063,2025-05-16,337,95401
KROGER-1063,2025-05-17,412,95813
KROGER-1063,2025-05-18,355,96168
KROGER-1063,2025-05-19,361,96529
KROGER-1063,2025-05-20,340,96869
KROGER-1063,2025-05-21,390,97259
KROGER-1063,2025-05-22,347,97606
KROGER-1063,2025-05-23,348,97954
KROGER-1063,2025-05-24,358,98312
KROGER-1063,2025-05-25,368,98680
KROGER-1063,2025-05-26,378,99058
KROGER-1063,2025-05-27,368,99426
KROGER-1063,2025-05-28,346,99772
KROGER-1063,2025-05-29,392,100164
KROGER-1063,2025-05-30,369,100533
KROGER-1063,2025-05-31,350,100883
KROGER-1063,2025-06-01,322,101205
KROGER-1063,2025-06-02,334,101539
KROGER-1063,2025-06-03,357,101896
KROGER-1063,2025-06-04,362,102258
KROGER-1063,2025-06-05,383,102641
KROGER-1063,2025-06-06,315,102956
KROGER-1063,2025-06-07,350,103306
KROGER-1063,2025-06-08,328,103634
KROGER-1063,2025-06-09,308,103942
KROGER-1063,2025-06-10,328,104270
KROGER-1063,2025-06-11,355,104625
KROGER-1063,2025-06-12,366,104991
KROGER-1063,2025-06-13,319,105310
KROGER-1063,2025-06-14,339,105649
KROGER-1063,2025-06-15,311,105960
KROGER-1063,2025-06-16,351,106311
KROGER-1063,2025-06-17,325,106636
KROGER-1063,2025-06-18,391,107027
KROGER-1063,2025-06-19,356,107383
KROGER-1063,2025-06-20,340,107723
KROGER-1063,2025-06-21,344,108067
KROGER-1063,2025-06-22,319,108386
KROGER-1063,2025-06-23,307,108693
KROGER-1063,2025-06-24,328,109021
KROGER-1063,2025-06-25,326,109347
KROGER-1063,2025-06-26,317,109664
KROGER-1063,2025-06-27,356,110020
KROGER-1063,2025-06-28,377,110397
KROGER-1063,2025-06-29,349,110746
KROGER-1063,2025-06-30,399,111145
KROGER-1063,2025-07-01,297,111442
KROGER-1063,2025-07-02,347,111789
KROGER-1063,2025-07-03,339,112128
KROGER-1063,2025-07-04,330,112458
KROGER-1063,2025-07-05,342,112800
KROGER-1063,2025-07-06,362,113162
KROGER-1063,2025-07-07,339,113501
KROGER-1063,2025-07-08,334,113835
KROGER-1063,2025-07-09,309,114144
KROGER-1063,2025-07-10,300,114444
KROGER-1063,2025-07-11,337,114781
KROGER-1063,2025-07-12,351,115132
KROGER-1063,2025-07-13,357,115489
KROGER-1063,2025-07-14,342,115831
KROGER-1063,2025-07-15,331,116162
KROGER-1063,2025-07-16,339,116501
KROGER-1063,2025-07-17,321,116822
KROGER-1063,2025-07-18,387,117209
KROGER-1063,2025-07-19,339,117548
KROGER-1063,2025-07-20,352,117900
KROGER-1063,2025-07-21,325,118225
KROGER-1063,2025-07-22,325,118550
KROGER-1063,2025-07-23,346,118896
KROGER-1063,2025-07-24,342,119238
KROGER-1063,2025-07-25,332,119570
KROGER-1063,2025-07-26,354,119924
KROGER-1063,2025-07-27,341,120265
KROGER-1063,2025-07-28,356,120621
KROGER-1063,2025-07-29,402,121023
KROGER-1063,2025-07-30,321,121344
KROGER-1063,2025-07-31,356,121700
KROGER-1063,2025-08-01,346,122046
KROGER-1063,2025-08-02,382,122428
KROGER-1063,2025-08-03,383,122811
KROGER-1063,2025-08-04,351,123162
KROGER-1063,2025-08-05,344,123506
KROGER-1063,2025-08-06,333,123839
KROGER-1063,2025-08-07,324,124163
KROGER-1063,2025-08-08,342,124505
KROGER-1063,2025-08-09,325,124830
KROGER-1063,2025-08-10,345,125175
KROGER-1063,2025-08-11,376,125551
KROGER-1063,2025-08-12,348,125899
KROGER-1063,2025-08-13,370,126269
KROGER-1063,2025-08-14,386,126655
KROGER-1063,2025-08-15,340,126995
KROGER-1063,2025-08-16,368,127363
KROGER-1063,2025-08-17,354,127717
KROGER-1063,2025-08-18,323,128040
KROGER-1063,2025-08-19,319,128359
KROGER-1063,2025-08-20,368,128727
KROGER-1063,2025-08-21,351,129078
KROGER-1063,2025-08-22,396,129474
KROGER-1063,2025-08-23,391,129865
KROGER-1063,2025-08-24,341,130206
KROGER-1063,2025-08-25,368,130574
KROGER-1063,2025-08-26,337,130911
KROGER-1063,2025-08-27,379,131290
KROGER-1063,2025-08-28,332,131622
KROGER-1063,2025-08-29,316,131938
KROGER-1063,2025-08-30,339,132277
KROGER-1063,2025-08-31,341,132618
KROGER-1064,2024-09-01,924,924
KROGER-1064,2024-09-02,900,1824
KROGER-1064,2024-09-03,1008,2832
KROGER-1064,2024-09-04,1079,3911
KROGER-1064,2024-09-05,843,4754
KROGER-1064,2024-09-06,1038,5792
KROGER-1064,2024-09-07,952,6744
KROGER-1064,2024-09-08,1018,7762
KROGER-1064,2024-09-09,818,8580
KROGER-1064,2024-09-10,983,9563
KROGER-1064,2024-09-11,792,10355
KROGER-1064,2024-09-12,967,11322
KROGER-1064,2024-09-13,962,12284
KROGER-1064,2024-09-14,1005,13289
KROGER-1064,2024-09-15,932,14221
KROGER-1064,2024-09-16,984,15205
KROGER-1064,2024-09-17,973,16178
KROGER-1064,2024-09-18,927,17105
KROGER-1064,2024-09-19,994,18099
KROGER-1064,2024-09-20,936,19035
KROGER-1064,2024-09-21,1032,20067
KROGER-1064,2024-09-22,980,21047
KROGER-1064,2024-09-23,959,22006
KROGER-1064,2024-09-24,986,22992
KROGER-1064,2024-09-25,913,23905
KROGER-1064,2024-09-26,850,24755
KROGER-1064,2024-09-27,964,25719
KROGER-1064,2024-09-28,1084,26803
KROGER-1064,2024-09-29,1014,27817
KROGER-1064,2024-09-30,967,28784
KROGER-1064,2024-10-01,940,29724
KROGER-1064,2024-10-02,999,30723
KROGER-1064,2024-10-03,929,31652
KROGER-1064,2024-10-04,909,32561
KROGER-1064,2024-10-05,1078,33639
KROGER-1064,2024-10-06,948,34587
KROGER-1064,2024-10-07,1010,35597
KROGER-1064,2024-10-08,1026,36623
KROGER-1064,2024-10-09,986,37609
KROGER-1064,2024-10-10,849,38458
KROGER-1064,2024-10-11,945,39403
KROGER-1064,2024-10-12,974,40377
KROGER-1064,2024-10-13,951,41328
KROGER-1064,2024-10-14,954,42282
KROGER-1064,2024-10-15,1001,43283
KROGER-1064,2024-10-16,908,44191
KROGER-1064,2024-10-17,930,45121
KROGER-1064,2024-10-18,925,46046
KROGER-1064,2024-10-19,1082,47128
KROGER-1064,2024-10-20,970,48098
KROGER-1064,2024-10-21,850,48948
KROGER-1064,2024-10-22,824,49772
KROGER-1064,2024-10-23,970,50742
KROGER-1064,2024-10-24,886,51628
KROGER-1064,2024-10-25,993,52621
KROGER-1064,2024-10-26,885,53506
KROGER-1064,2024-10-27,947,54453
KROGER-1064,2024-10-28,843,55296
KROGER-1064,2024-10-29,976,56272
KROGER-1064,2024-10-30,992,57264
KROGER-1064,2024-10-31,969,58233
KROGER-1064,2024-11-01,1033,59266
KROGER-1064,2024-11-02,1117,60383
KROGER-1064,2024-11-03,1211,61594
KROGER-1064,2024-11-04,979,62573
KROGER-1064,2024-11-05,1110,63683
KROGER-1064,2024-11-06,1269,64952
KROGER-1064,2024-11-07,1115,66067
KROGER-1064,2024-11-08,997,67064
KROGER-1064,2024-11-09,1131,68195
KROGER-1064,2024-11-10,1128,69323
KROGER-1064,2024-11-11,1326,70649
KROGER-1064,2024-11-12,1283,71932
KROGER-1064,2024-11-13,1198,73130
KROGER-1064,2024-11-14,1101,74231
KROGER-1064,2024-11-15,1240,75471
KROGER-1064,2024-11-16,1081,76552
KROGER-1064,2024-11-17,1291,77843
KROGER-1064,2024-11-18,1216,79059
KROGER-1064,2024-11-19,1118,80177
KROGER-1064,2024-11-20,1235,81412
KROGER-1064,2024-11-21,1091,82503
KROGER-1064,2024-11-22,1017,83520
KROGER-1064,2024-11-23,1281,84801
KROGER-1064,2024-11-24,1180,85981
KROGER-1064,2024-11-25,1186,87167
KROGER-1064,2024-11-26,1297,88464
KROGER-1064,2024-11-27,1066,89530
KROGER-1064,2024-11-28,1119,90649
KROGER-1064,2024-11-29,1274,91923
KROGER-1064,2024-11-30,1252,93175
KROGER-1064,2024-12-01,1122,94297
KROGER-1064,2024-12-02,1045,95342
KROGER-1064,2024-12-03,1084,96426
KROGER-1064,2024-12-04,1065,97491
KROGER-1064,2024-12-05,1153,98644
KROGER-1064,2024-12-06,1139,99783
KROGER-1064,2024-12-07,1215,100998
KROGER-1064,2024-12-08,1108,102106
KROGER-1064,2024-12-09,1125,103231
KROGER-1064,2024-12-10,945,104176
KROGER-1064,2024-12-11,1145,105321
KROGER-1064,2024-12-12,1238,106559
KROGER-1064,2024-12-13,1003,107562
KROGER-1064,2024-12-14,1234,108796
KROGER-1064,2024-12-15,1130,109926
KROGER-1064,2024-12-16,1204,111130
KROGER-1064,2024-12-17,1146,112276
KROGER-1064,2024-12-18,1168,113444
KROGER-1064,2024-12-19,1138,114582
KROGER-1064,2024-12-20,1252,115834
KROGER-1064,2024-12-21,1221,117055
KROGER-1064,2024-12-22,1121,118176
KROGER-1064,2024-12-23,1141,119317
KROGER-1064,2024-12-24,1098,120415
KROGER-1064,2024-12-25,1146,121561
KROGER-1064,2024-12-26,1094,122655
KROGER-1064,2024-12-27,1070,123725
KROGER-1064,2024-12-28,1207,124932
KROGER-1064,2024-12-29,1194,126126
KROGER-1064,2024-12-30,1228,127354
KROGER-1064,2024-12-31,1094,128448
KROGER-1064,2025-01-01,793,129241
KROGER-1064,2025-01-02,916,130157
KROGER-1064,2025-01-03,820,130977
KROGER-1064,2025-01-04,1023,132000
KROGER-1064,2025-01-05,858,132858
KROGER-1064,2025-01-06,868,133726
KROGER-1064,2025-01-07,916,134642
KROGER-1064,2025-01-08,1060,135702
KROGER-1064,2025-01-09,862,136564
KROGER-1064,2025-01-10,944,137508
KROGER-1064,2025-01-11,1036,138544
KROGER-1064,2025-01-12,1108,139652
KROGER-1064,2025-01-13,1002,140654
KROGER-1064,2025-01-14,1026,141680
KROGER-1064,2025-01-15,1008,142688
KROGER-1064,2025-01-16,852,143540
KROGER-1064,2025-01-17,970,144510
KROGER-1064,2025-01-18,1057,145567
KROGER-1064,2025-01-19,914,146481
KROGER-1064,2025-01-20,899,147380
KROGER-1064,2025-01-21,882,148262
KROGER-1064,2025-01-22,1001,149263
KROGER-1064,2025-01-23,938,150201
KROGER-1064,2025-01-24,919,151120
KROGER-1064,2025-01-25,889,152009
KROGER-1064,2025-01-26,985,152994
KROGER-1064,2025-01-27,900,153894
KROGER-1064,2025-01-28,961,154855
KROGER-1064,2025-01-29,857,155712
KROGER-1064,2025-01-30,956,156668
KROGER-1064,2025-01-31,910,157578
KROGER-1064,2025-02-01,891,158469
KROGER-1064,2025-02-02,885,159354
KROGER-1064,2025-02-03,854,160208
KROGER-1064,2025-02-04,927,161135
KROGER-1064,2025-02-05,952,162087
KROGER-1064,2025-02-06,963,163050
KROGER-1064,2025-02-07,966,164016
KROGER-1064,2025-02-08,930,164946
KROGER-1064,2025-02-09,1074,166020
KROGER-1064,2025-02-10,910,166930
KROGER-1064,2025-02-11,977,167907
KROGER-1064,2025-02-12,931,168838
KROGER-1064,2025-02-13,971,169809
KROGER-1064,2025-02-14,927,170736
KROGER-1064,2025-02-15,1021,171757
KROGER-1064,2025-02-16,990,172747
KROGER-1064,2025-02-17,1004,173751
KROGER-1064,2025-02-18,881,174632
KROGER-1064,2025-02-19,809,175441
KROGER-1064,2025-02-20,870,176311
KROGER-1064,2025-02-21,1024,177335
KROGER-1064,2025-02-22,978,178313
KROGER-1064,2025-02-23,997,179310
KROGER-1064,2025-02-24,863,180173
KROGER-1064,2025-02-25,948,181121
KROGER-1064,2025-02-26,866,181987
KROGER-1064,2025-02-27,877,182864
KROGER-1064,2025-02-28,913,183777
KROGER-1064,2025-03-01,1025,184802
KROGER-1064,2025-03-02,1034,185836
KROGER-1064,2025-03-03,987,186823
KROGER-1064,2025-03-04,823,187646
KROGER-1064,2025-03-05,942,188588
KROGER-1064,2025-03-06,928,189516
KROGER-1064,2025-03-07,827,190343
KROGER-1064,2025-03-08,991,191334
KROGER-1064,2025-03-09,970,192304
KROGER-1064,2025-03-10,982,193286
KROGER-1064,2025-03-11,949,194235
KROGER-1064,2025-03-12,902,195137
KROGER-1064,2025-03-13,1013,196150
KROGER-1064,2025-03-14,775,196925
KROGER-1064,2025-03-15,985,197910
KROGER-1064,2025-03-16,850,198760
KROGER-1064,2025-03-17,874,199634
KROGER-1064,2025-03-18,983,200617
KROGER-1064,2025-03-19,847,201464
KROGER-1064,2025-03-20,836,202300
KROGER-1064,2025-03-21,1123,203423
KROGER-1064,2025-03-22,882,204305
KROGER-1064,2025-03-23,1121,205426
KROGER-1064,2025-03-24,930,206356
KROGER-1064,2025-03-25,903,207259
KROGER-1064,2025-03-26,986,208245
KROGER-1064,2025-03-27,1044,209289
KROGER-1064,2025-03-28,856,210145
KROGER-1064,2025-03-29,950,211095
KROGER-1064,2025-03-30,1057,212152
KROGER-1064,2025-03-31,965,213117
KROGER-1064,2025-04-01,1026,214143
KROGER-1064,2025-04-02,982,215125
KROGER-1064,2025-04-03,1079,216204
KROGER-1064,2025-04-04,956,217160
KROGER-1064,2025-04-05,1008,218168
KROGER-1064,2025-04-06,1016,219184
KROGER-1064,2025-04-07,932,220116
KROGER-1064,2025-04-08,1007,221123
KROGER-1064,2025-04-09,961,222084
KROGER-1064,2025-04-10,1002,223086
KROGER-1064,2025-04-11,1014,224100
KROGER-1064,2025-04-12,1024,225124
KROGER-1064,2025-04-13,1024,226148
KROGER-1064,2025-04-14,861,227009
KROGER-1064,2025-04-15,848,227857
KROGER-1064,2025-04-16,927,228784
KROGER-1064,2025-04-17,834,229618
KROGER-1064,2025-04-18,907,230525
KROGER-1064,2025-04-19,886,231411
KROGER-1064,2025-04-20,1068,232479
KROGER-1064,2025-04-21,1070,233549
KROGER-1064,2025-04-22,838,234387
KROGER-1064,2025-04-23,1104,235491
KROGER-1064,2025-04-24,1000,236491
KROGER-1064,2025-04-25,961,237452
KROGER-1064,2025-04-26,869,238321
KROGER-1064,2025-04-27,860,239181
KROGER-1064,2025-04-28,940,240121
KROGER-1064,2025-04-29,930,241051
KROGER-1064,2025-04-30,921,241972
KROGER-1064,2025-05-01,947,242919
KROGER-1064,2025-05-02,889,243808
KROGER-1064,2025-05-03,972,244780
KROGER-1064,2025-05-04,990,245770
KROGER-1064,2025-05-05,1137,246907
KROGER-1064,2025-05-06,772,247679
KROGER-1064,2025-05-07,971,248650
KROGER-1064,2025-05-08,949,249599
KROGER-1064,2025-05-09,945,250544
KROGER-1064,2025-05-10,1019,251563
KROGER-1064,2025-05-11,1147,252710
KROGER-1064,2025-05-12,969,253679
KROGER-1064,2025-05-13,830,254509
KROGER-1064,2025-05-14,970,255479
KROGER-1064,2025-05-15,931,256410
KROGER-1064,2025-05-16,896,257306
KROGER-1064,2025-05-17,1005,258311
KROGER-1064,2025-05-18,981,259292
KROGER-1064,2025-05-19,926,260218
KROGER-1064,2025-05-20,935,261153
KROGER-1064,2025-05-21,854,262007
KROGER-1064,2025-05-22,997,263004
KROGER-1064,2025-05-23,933,263937
KROGER-1064,2025-05-24,1011,264948
KROGER-1064,2025-05-25,922,265870
KROGER-1064,2025-05-26,858,266728
KROGER-1064,2025-05-27,915,267643
KROGER-1064,2025-05-28,941,268584
KROGER-1064,2025-05-29,912,269496
KROGER-1064,2025-05-30,949,270445
KROGER-1064,2025-05-31,820,271265
KROGER-1064,2025-06-01,1149,272414
KROGER-1064,2025-06-02,885,273299
KROGER-1064,2025-06-03,856,274155
KROGER-1064,2025-06-04,1029,275184
KROGER-1064,2025-06-05,855,276039
KROGER-1064,2025-06-06,958,276997
KROGER-1064,2025-06-07,898,277895
KROGER-1064,2025-06-08,966,278861
KROGER-1064,2025-06-09,921,279782
KROGER-1064,2025-06-10,886,280668
KROGER-1064,2025-06-11,1009,281677
KROGER-1064,2025-06-12,1050,282727
KROGER-1064,2025-06-13,885,283612
KROGER-1064,2025-06-14,1001,284613
KROGER-1064,2025-06-15,886,285499
KROGER-1064,2025-06-16,951,286450
KROGER-1064,2025-06-17,1005,287455
KROGER-1064,2025-06-18,951,288406
KROGER-1064,2025-06-19,900,289306
KROGER-1064,2025-06-20,924,290230
KROGER-1064,2025-06-21,952,291182
KROGER-1064,2025-06-22,973,292155
KROGER-1064,2025-06-23,894,293049
KROGER-1064,2025-06-24,956,294005
KROGER-1064,2025-06-25,852,294857
KROGER-1064,2025-06-26,733,295590
KROGER-1064,2025-06-27,1023,296613
KROGER-1064,2025-06-28,986,297599
KROGER-1064,2025-06-29,1000,298599
KROGER-1064,2025-06-30,886,299485
KROGER-1064,2025-07-01,911,300396
KROGER-1064,2025-07-02,863,301259
KROGER-1064,2025-07-03,1032,302291
KROGER-1064,2025-07-04,905,303196
KROGER-1064,2025-07-05,868,304064
KROGER-1064,2025-07-06,1044,305108
KROGER-1064,2025-07-07,1029,306137
KROGER-1064,2025-07-08,929,307066
KROGER-1064,2025-07-09,1057,308123
KROGER-1064,2025-07-10,965,309088
KROGER-1064,2025-07-11,934,310022
KROGER-1064,2025-07-12,983,311005
KROGER-1064,2025-07-13,1030,312035
KROGER-1064,2025-07-14,1024,313059
KROGER-1064,2025-07-15,982,314041
KROGER-1064,2025-07-16,963,315004
KROGER-1064,2025-07-17,948,315952
KROGER-1064,2025-07-18,996,316948
KROGER-1064,2025-07-19,940,317888
KROGER-1064,2025-07-20,871,318759
KROGER-1064,2025-07-21,957,319716
KROGER-1064,2025-07-22,867,320583
KROGER-1064,2025-07-23,830,321413
KROGER-1064,2025-07-24,1065,322478
KROGER-1064,2025-07-25,692,323170
KROGER-1064,2025-07-26,1040,324210
KROGER-1064,2025-07-27,905,325115
KROGER-1064,2025-07-28,882,325997
KROGER-1064,2025-07-29,976,326973
KROGER-1064,2025-07-30,1119,328092
KROGER-1064,2025-07-31,996,329088
KROGER-1064,2025-08-01,866,329954
KROGER-1064,2025-08-02,987,330941
KROGER-1064,2025-08-03,967,331908
KROGER-1064,2025-08-04,787,332695
KROGER-1064,2025-08-05,947,333642
KROGER-1064,2025-08-06,892,334534
KROGER-1064,2025-08-07,999,335533
KROGER-1064,2025-08-08,920,336453
KROGER-1064,2025-08-09,1113,337566
KROGER-1064,2025-08-10,1018,338584
KROGER-1064,2025-08-11,959,339543
KROGER-1064,2025-08-12,1091,340634
KROGER-1064,2025-08-13,966,341600
KROGER-1064,2025-08-14,1067,342667
KROGER-1064,2025-08-15,858,343525
KROGER-1064,2025-08-16,830,344355
KROGER-1064,2025-08-17,1008,345363
KROGER-1064,2025-08-18,1034,346397
KROGER-1064,2025-08-19,856,347253
KROGER-1064,2025-08-20,910,348163
KROGER-1064,2025-08-21,816,348979
KROGER-1064,2025-08-22,941,349920
KROGER-1064,2025-08-23,989,350909
KROGER-1064,2025-08-24,1038,351947
KROGER-1064,2025-08-25,905,352852
KROGER-1064,2025-08-26,923,353775
KROGER-1064,2025-08-27,990,354765
KROGER-1064,2025-08-28,959,355724
KROGER-1064,2025-08-29,974,356698
KROGER-1064,2025-08-30,1058,357756
KROGER-1064,2025-08-31,1048,358804
KROGER-1065,2024-09-01,779,779
KROGER-1065,2024-09-02,657,1436
KROGER-1065,2024-09-03,657,2093
KROGER-1065,2024-09-04,619,2712
KROGER-1065,2024-09-05,638,3350
KROGER-1065,2024-09-06,569,3919
KROGER-1065,2024-09-07,633,4552
KROGER-1065,2024-09-08,726,5278
KROGER-1065,2024-09-09,556,5834
KROGER-1065,2024-09-10,705,6539
KROGER-1065,2024-09-11,619,7158
KROGER-1065,2024-09-12,588,7746
KROGER-1065,2024-09-13,620,8366
KROGER-1065,2024-09-14,698,9064
KROGER-1065,2024-09-15,671,9735
KROGER-1065,2024-09-16,732,10467
KROGER-1065,2024-09-17,657,11124
KROGER-1065,2024-09-18,660,11784
KROGER-1065,2024-09-19,662,12446
KROGER-1065,2024-09-20,642,13088
KROGER-1065,2024-09-21,653,13741
KROGER-1065,2024-09-22,672,14413
KROGER-1065,2024-09-23,646,15059
KROGER-1065,2024-09-24,632,15691
KROGER-1065,2024-09-25,698,16389
KROGER-1065,2024-09-26,693,17082
KROGER-1065,2024-09-27,574,17656
KROGER-1065,2024-09-28,718,18374
KROGER-1065,2024-09-29,665,19039
KROGER-1065,2024-09-30,619,19658
KROGER-1065,2024-10-01,671,20329
KROGER-1065,2024-10-02,649,20978
KROGER-1065,2024-10-03,589,21567
KROGER-1065,2024-10-04,676,22243
KROGER-1065,2024-10-05,662,22905
KROGER-1065,2024-10-06,708,23613
KROGER-1065,2024-10-07,634,24247
KROGER-1065,2024-10-08,675,24922
KROGER-1065,2024-10-09,683,25605
KROGER-1065,2024-10-10,695,26300
KROGER-1065,2024-10-11,603,26903
KROGER-1065,2024-10-12,764,27667
KROGER-1065,2024-10-13,659,28326
KROGER-1065,2024-10-14,574,28900
KROGER-1065,2024-10-15,644,29544
KROGER-1065,2024-10-16,625,30169
KROGER-1065,2024-10-17,605,30774
KROGER-1065,2024-10-18,637,31411
KROGER-1065,2024-10-19,706,32117
KROGER-1065,2024-10-20,684,32801
KROGER-1065,2024-10-21,702,33503
KROGER-1065,2024-10-22,628,34131
KROGER-1065,2024-10-23,656,34787
KROGER-1065,2024-10-24,647,35434
KROGER-1065,2024-10-25,729,36163
KROGER-1065,2024-10-26,612,36775
KROGER-1065,2024-10-27,636,37411
KROGER-1065,2024-10-28,740,38151
KROGER-1065,2024-10-29,623,38774
KROGER-1065,2024-10-30,555,39329
KROGER-1065,2024-10-31,735,40064
KROGER-1065,2024-11-01,702,40766
KROGER-1065,2024-11-02,806,41572
KROGER-1065,2024-11-03,869,42441
KROGER-1065,2024-11-04,816,43257
KROGER-1065,2024-11-05,708,43965
KROGER-1065,2024-11-06,907,44872
KROGER-1065,2024-11-07,794,45666
KROGER-1065,2024-11-08,759,46425
KROGER-1065,2024-11-09,736,47161
KROGER-1065,2024-11-10,830,47991
KROGER-1065,2024-11-11,853,48844
KROGER-1065,2024-11-12,744,49588
KROGER-1065,2024-11-13,655,50243
KROGER-1065,2024-11-14,719,50962
KROGER-1065,2024-11-15,741,51703
KROGER-1065,2024-11-16,702,52405
KROGER-1065,2024-11-17,833,53238
KROGER-1065,2024-11-18,806,54044
KROGER-1065,2024-11-19,718,54762
KROGER-1065,2024-11-20,813,55575
KROGER-1065,2024-11-21,706,56281
KROGER-1065,2024-11-22,680,56961
KROGER-1065,2024-11-23,732,57693
KROGER-1065,2024-11-24,747,58440
KROGER-1065,2024-11-25,810,59250
KROGER-1065,2024-11-26,795,60045
KROGER-1065,2024-11-27,706,60751
KROGER-1065,2024-11-28,720,61471
KROGER-1065,2024-11-29,869,62340
KROGER-1065,2024-11-30,852,63192
KROGER-1065,2024-12-01,709,63901
KROGER-1065,2024-12-02,842,64743
KROGER-1065,2024-12-03,899,65642
KROGER-1065,2024-12-04,760,66402
KROGER-1065,2024-12-05,743,67145
KROGER-1065,2024-12-06,736,67881
KROGER-1065,2024-12-07,780,68661
KROGER-1065,2024-12-08,849,69510
KROGER-1065,2024-12-09,723,70233
KROGER-1065,2024-12-10,808,71041
KROGER-1065,2024-12-11,762,71803
KROGER-1065,2024-12-12,726,72529
KROGER-1065,2024-12-13,783,73312
KROGER-1065,2024-12-14,786,74098
KROGER-1065,2024-12-15,759,74857
KROGER-1065,2024-12-16,760,75617
KROGER-1065,2024-12-17,761,76378
KROGER-1065,2024-12-18,732,77110
KROGER-1065,2024-12-19,712,77822
KROGER-1065,2024-12-20,767,78589
KROGER-1065,2024-12-21,813,79402
KROGER-1065,2024-12-22,825,80227
KROGER-1065,2024-12-23,784,81011
KROGER-1065,2024-12-24,842,81853
KROGER-1065,2024-12-25,695,82548
KROGER-1065,2024-12-26,858,83406
KROGER-1065,2024-12-27,680,84086
KROGER-1065,2024-12-28,879,84965
KROGER-1065,2024-12-29,832,85797
KROGER-1065,2024-12-30,730,86527
KROGER-1065,2024-12-31,614,87141
KROGER-1065,2025-01-01,559,87700
KROGER-1065,2025-01-02,602,88302
KROGER-1065,2025-01-03,657,88959
KROGER-1065,2025-01-04,638,89597
KROGER-1065,2025-01-05,664,90261
KROGER-1065,2025-01-06,612,90873
KROGER-1065,2025-01-07,643,91516
KROGER-1065,2025-01-08,564,92080
KROGER-1065,2025-01-09,621,92701
KROGER-1065,2025-01-10,661,93362
KROGER-1065,2025-01-11,801,94163
KROGER-1065,2025-01-12,711,94874
KROGER-1065,2025-01-13,625,95499
KROGER-1065,2025-01-14,602,96101
KROGER-1065,2025-01-15,658,96759
KROGER-1065,2025-01-16,592,97351
KROGER-1065,2025-01-17,642,97993
KROGER-1065,2025-01-18,683,98676
KROGER-1065,2025-01-19,656,99332
KROGER-1065,2025-01-20,684,100016
KROGER-1065,2025-01-21,630,100646
KROGER-1065,2025-01-22,612,101258
KROGER-1065,2025-01-23,609,101867
KROGER-1065,2025-01-24,569,102436
KROGER-1065,2025-01-25,590,103026
KROGER-1065,2025-01-26,698,103724
KROGER-1065,2025-01-27,710,104434
KROGER-1065,2025-01-28,744,105178
KROGER-1065,2025-01-29,691,105869
KROGER-1065,2025-01-30,661,106530
KROGER-1065,2025-01-31,650,107180
KROGER-1065,2025-02-01,736,107916
KROGER-1065,2025-02-02,647,108563
KROGER-1065,2025-02-03,726,109289
KROGER-1065,2025-02-04,632,109921
KROGER-1065,2025-02-05,648,110569
KROGER-1065,2025-02-06,636,111205
KROGER-1065,2025-02-07,692,111897
KROGER-1065,2025-02-08,666,112563
KROGER-1065,2025-02-09,688,113251
KROGER-1065,2025-02-10,573,113824
KROGER-1065,2025-02-11,625,114449
KROGER-1065,2025-02-12,688,115137
KROGER-1065,2025-02-13,592,115729
KROGER-1065,2025-02-14,633,116362
KROGER-1065,2025-02-15,664,117026
KROGER-1065,2025-02-16,635,117661
KROGER-1065,2025-02-17,686,118347
KROGER-1065,2025-02-18,660,119007
KROGER-1065,2025-02-19,680,119687
KROGER-1065,2025-02-20,688,120375
KROGER-1065,2025-02-21,636,121011
KROGER-1065,2025-02-22,750,121761
KROGER-1065,2025-02-23,601,122362
KROGER-1065,2025-02-24,627,122989
KROGER-1065,2025-02-25,642,123631
KROGER-1065,2025-02-26,546,124177
KROGER-1065,2025-02-27,706,124883
KROGER-1065,2025-02-28,590,125473
KROGER-1065,2025-03-01,670,126143
KROGER-1065,2025-03-02,707,126850
KROGER-1065,2025-03-03,752,127602
KROGER-1065,2025-03-04,550,128152
KROGER-1065,2025-03-05,665,128817
KROGER-1065,2025-03-06,620,129437
KROGER-1065,2025-03-07,667,130104
KROGER-1065,2025-03-08,716,130820
KROGER-1065,2025-03-09,689,131509
KROGER-1065,2025-03-10,639,132148
KROGER-1065,2025-03-11,581,132729
KROGER-1065,2025-03-12,584,133313
KROGER-1065,2025-03-13,675,133988
KROGER-1065,2025-03-14,591,134579
KROGER-1065,2025-03-15,689,135268
KROGER-1065,2025-03-16,736,136004
KROGER-1065,2025-03-17,569,136573
KROGER-1065,2025-03-18,701,137274
KROGER-1065,2025-03-19,699,137973
KROGER-1065,2025-03-20,652,138625
KROGER-1065,2025-03-21,603,139228
KROGER-1065,2025-03-22,695,139923
KROGER-1065,2025-03-23,657,140580
KROGER-1065,2025-03-24,599,141179
KROGER-1065,2025-03-25,642,141821
KROGER-1065,2025-03-26,590,142411
KROGER-1065,2025-03-27,574,142985
KROGER-1065,2025-03-28,607,143592
KROGER-1065,2025-03-29,574,144166
KROGER-1065,2025-03-30,730,144896
KROGER-1065,2025-03-31,661,145557
KROGER-1065,2025-04-01,591,146148
KROGER-1065,2025-04-02,609,146757
KROGER-1065,2025-04-03,673,147430
KROGER-1065,2025-04-04,699,148129
KROGER-1065,2025-04-05,672,148801
KROGER-1065,2025-04-06,652,149453
KROGER-1065,2025-04-07,552,150005
KROGER-1065,2025-04-08,618,150623
KROGER-1065,2025-04-09,577,151200
KROGER-1065,2025-04-10,575,151775
KROGER-1065,2025-04-11,697,152472
KROGER-1065,2025-04-12,660,153132
KROGER-1065,2025-04-13,674,153806
KROGER-1065,2025-04-14,655,154461
KROGER-1065,2025-04-15,625,155086
KROGER-1065,2025-04-16,638,155724
KROGER-1065,2025-04-17,635,156359
KROGER-1065,2025-04-18,613,156972
KROGER-1065,2025-04-19,681,157653
KROGER-1065,2025-04-20,662,158315
KROGER-1065,2025-04-21,639,158954
KROGER-1065,2025-04-22,635,159589
KROGER-1065,2025-04-23,734,160323
KROGER-1065,2025-04-24,685,161008
KROGER-1065,2025-04-25,674,161682
KROGER-1065,2025-04-26,691,162373
KROGER-1065,2025-04-27,689,163062
KROGER-1065,2025-04-28,620,163682
KROGER-1065,2025-04-29,691,164373
KROGER-1065,2025-04-30,651,165024
KROGER-1065,2025-05-01,664,165688
KROGER-1065,2025-05-02,620,166308
KROGER-1065,2025-05-03,620,166928
KROGER-1065,2025-05-04,727,167655
KROGER-1065,2025-05-05,641,168296
KROGER-1065,2025-05-06,610,168906
KROGER-1065,2025-05-07,652,169558
KROGER-1065,2025-05-08,629,170187
KROGER-1065,2025-05-09,713,170900
KROGER-1065,2025-05-10,647,171547
KROGER-1065,2025-05-11,690,172237
KROGER-1065,2025-05-12,690,172927
KROGER-1065,2025-05-13,668,173595
KROGER-1065,2025-05-14,662,174257
KROGER-1065,2025-05-15,609,174866
KROGER-1065,2025-05-16,640,175506
KROGER-1065,2025-05-17,691,176197
KROGER-1065,2025-05-18,689,176886
KROGER-1065,2025-05-19,711,177597
KROGER-1065,2025-05-20,615,178212
KROGER-1065,2025-05-21,562,178774
KROGER-1065,2025-05-22,666,179440
KROGER-1065,2025-05-23,662,180102
KROGER-1065,2025-05-24,707,180809
KROGER-1065,2025-05-25,602,181411
KROGER-1065,2025-05-26,558,181969
KROGER-1065,2025-05-27,648,182617
KROGER-1065,2025-05-28,644,183261
KROGER-1065,2025-05-29,616,183877
KROGER-1065,2025-05-30,708,184585
KROGER-1065,2025-05-31,666,185251
KROGER-1065,2025-06-01,732,185983
KROGER-1065,2025-06-02,679,186662
KROGER-1065,2025-06-03,579,187241
KROGER-1065,2025-06-04,589,187830
KROGER-1065,2025-06-05,569,188399
KROGER-1065,2025-06-06,656,189055
KROGER-1065,2025-06-07,671,189726
KROGER-1065,2025-06-08,738,190464
KROGER-1065,2025-06-09,665,191129
KROGER-1065,2025-06-10,569,191698
KROGER-1065,2025-06-11,611,192309
KROGER-1065,2025-06-12,527,192836
KROGER-1065,2025-06-13,649,193485
KROGER-1065,2025-06-14,815,194300
KROGER-1065,2025-06-15,673,194973
KROGER-1065,2025-06-16,645,195618
KROGER-1065,2025-06-17,634,196252
KROGER-1065,2025-06-18,653,196905
KROGER-1065,2025-06-19,627,197532
KROGER-1065,2025-06-20,666,198198
KROGER-1065,2025-06-21,625,198823
KROGER-1065,2025-06-22,627,199450
KROGER-1065,2025-06-23,569,200019
KROGER-1065,2025-06-24,633,200652
KROGER-1065,2025-06-25,578,201230
KROGER-1065,2025-06-26,708,201938
KROGER-1065,2025-06-27,613,202551
KROGER-1065,2025-06-28,561,203112
KROGER-1065,2025-06-29,606,203718
KROGER-1065,2025-06-30,641,204359
KROGER-1065,2025-07-01,668,205027
KROGER-1065,2025-07-02,652,205679
KROGER-1065,2025-07-03,593,206272
KROGER-1065,2025-07-04,605,206877
KROGER-1065,2025-07-05,630,207507
KROGER-1065,2025-07-06,696,208203
KROGER-1065,2025-07-07,640,208843
KROGER-1065,2025-07-08,612,209455
KROGER-1065,2025-07-09,601,210056
KROGER-1065,2025-07-10,608,210664
KROGER-1065,2025-07-11,635,211299
KROGER-1065,2025-07-12,738,212037
KROGER-1065,2025-07-13,676,212713
KROGER-1065,2025-07-14,617,213330
KROGER-1065,2025-07-15,613,213943
KROGER-1065,2025-07-16,721,214664
KROGER-1065,2025-07-17,676,215340
KROGER-1065,2025-07-18,684,216024
KROGER-1065,2025-07-19,706,216730
KROGER-1065,2025-07-20,664,217394
KROGER-1065,2025-07-21,695,218089
KROGER-1065,2025-07-22,560,218649
KROGER-1065,2025-07-23,713,219362
KROGER-1065,2025-07-24,672,220034
KROGER-1065,2025-07-25,659,220693
KROGER-1065,2025-07-26,626,221319
KROGER-1065,2025-07-27,716,222035
KROGER-1065,2025-07-28,693,222728
KROGER-1065,2025-07-29,599,223327
KROGER-1065,2025-07-30,600,223927
KROGER-1065,2025-07-31,582,224509
KROGER-1065,2025-08-01,662,225171
KROGER-1065,2025-08-02,661,225832
KROGER-1065,2025-08-03,779,226611
KROGER-1065,2025-08-04,557,227168
KROGER-1065,2025-08-05,590,227758
KROGER-1065,2025-08-06,635,228393
KROGER-1065,2025-08-07,668,229061
KROGER-1065,2025-08-08,666,229727
KROGER-1065,2025-08-09,671,230398
KROGER-1065,2025-08-10,685,231083
KROGER-1065,2025-08-11,641,231724
KROGER-1065,2025-08-12,688,232412
KROGER-1065,2025-08-13,606,233018
KROGER-1065,2025-08-14,612,233630
KROGER-1065,2025-08-15,670,234300
KROGER-1065,2025-08-16,750,235050
KROGER-1065,2025-08-17,632,235682
KROGER-1065,2025-08-18,647,236329
KROGER-1065,2025-08-19,615,236944
KROGER-1065,2025-08-20,663,237607
KROGER-1065,2025-08-21,551,238158
KROGER-1065,2025-08-22,617,238775
KROGER-1065,2025-08-23,636,239411
KROGER-1065,2025-08-24,648,240059
KROGER-1065,2025-08-25,506,240565
KROGER-1065,2025-08-26,737,241302
KROGER-1065,2025-08-27,508,241810
KROGER-1065,2025-08-28,659,242469
KROGER-1065,2025-08-29,569,243038
KROGER-1065,2025-08-30,600,243638
KROGER-1065,2025-08-31,674,244312
KROGER-1066,2024-09-01,370,370
KROGER-1066,2024-09-02,305,675
KROGER-1066,2024-09-03,304,979
KROGER-1066,2024-09-04,299,1278
KROGER-1066,2024-09-05,339,1617
KROGER-1066,2024-09-06,305,1922
KROGER-1066,2024-09-07,386,2308
KROGER-1066,2024-09-08,318,2626
KROGER-1066,2024-09-09,348,2974
KROGER-1066,2024-09-10,375,3349
KROGER-1066,2024-09-11,335,3684
KROGER-1066,2024-09-12,286,3970
KROGER-1066,2024-09-13,344,4314
KROGER-1066,2024-09-14,343,4657
KROGER-1066,2024-09-15,349,5006
KROGER-1066,2024-09-16,376,5382
KROGER-1066,2024-09-17,335,5717
KROGER-1066,2024-09-18,347,6064
KROGER-1066,2024-09-19,316,6380
KROGER-1066,2024-09-20,326,6706
KROGER-1066,2024-09-21,382,7088
KROGER-1066,2024-09-22,354,7442
KROGER-1066,2024-09-23,341,7783
KROGER-1066,2024-09-24,360,8143
KROGER-1066,2024-09-25,377,8520
KROGER-1066,2024-09-26,303,8823
KROGER-1066,2024-09-27,320,9143
KROGER-1066,2024-09-28,391,9534
KROGER-1066,2024-09-29,406,9940
KROGER-1066,2024-09-30,326,10266
KROGER-1066,2024-10-01,341,10607
KROGER-1066,2024-10-02,343,10950
KROGER-1066,2024-10-03,340,11290
KROGER-1066,2024-10-04,340,11630
KROGER-1066,2024-10-05,388,12018
KROGER-1066,2024-10-06,300,12318
KROGER-1066,2024-10-07,316,12634
KROGER-1066,2024-10-08,350,12984
KROGER-1066,2024-10-09,320,13304
KROGER-1066,2024-10-10,341,13645
KROGER-1066,2024-10-11,362,14007
KROGER-1066,2024-10-12,395,14402
KROGER-1066,2024-10-13,358,14760
KROGER-1066,2024-10-14,373,15133
KROGER-1066,2024-10-15,337,15470
KROGER-1066,2024-10-16,325,15795
KROGER-1066,2024-10-17,292,16087
KROGER-1066,2024-10-18,307,16394
KROGER-1066,2024-10-19,350,16744
KROGER-1066,2024-10-20,351,17095
KROGER-1066,2024-10-21,340,17435
KROGER-1066,2024-10-22,382,17817
KROGER-1066,2024-10-23,353,18170
KROGER-1066,2024-10-24,355,18525
KROGER-1066,2024-10-25,382,18907
KROGER-1066,2024-10-26,340,19247
KROGER-1066,2024-10-27,336,19583
KROGER-1066,2024-10-28,366,19949
KROGER-1066,2024-10-29,346,20295
KROGER-1066,2024-10-30,332,20627
KROGER-1066,2024-10-31,332,20959
KROGER-1066,2024-11-01,395,21354
KROGER-1066,2024-11-02,417,21771
KROGER-1066,2024-11-03,420,22191
KROGER-1066,2024-11-04,391,22582
KROGER-1066,2024-11-05,418,23000
KROGER-1066,2024-11-06,424,23424
KROGER-1066,2024-11-07,382,23806
KROGER-1066,2024-11-08,429,24235
KROGER-1066,2024-11-09,377,24612
KROGER-1066,2024-11-10,437,25049
KROGER-1066,2024-11-11,418,25467
KROGER-1066,2024-11-12,398,25865
KROGER-1066,2024-11-13,402,26267
KROGER-1066,2024-11-14,393,26660
KROGER-1066,2024-11-15,384,27044
KROGER-1066,2024-11-16,420,27464
KROGER-1066,2024-11-17,402,27866
KROGER-1066,2024-11-18,437,28303
KROGER-1066,2024-11-19,333,28636
KROGER-1066,2024-11-20,396,29032
KROGER-1066,2024-11-21,339,29371
KROGER-1066,2024-11-22,366,29737
KROGER-1066,2024-11-23,401,30138
KROGER-1066,2024-11-24,465,30603
KROGER-1066,2024-11-25,437,31040
KROGER-1066,2024-11-26,403,31443
KROGER-1066,2024-11-27,402,31845
KROGER-1066,2024-11-28,433,32278
KROGER-1066,2024-11-29,436,32714
KROGER-1066,2024-11-30,401,33115
KROGER-1066,2024-12-01,443,33558
KROGER-1066,2024-12-02,370,33928
KROGER-1066,2024-12-03,388,34316
KROGER-1066,2024-12-04,419,34735
KROGER-1066,2024-12-05,379,35114
KROGER-1066,2024-12-06,389,35503
KROGER-1066,2024-12-07,364,35867
KROGER-1066,2024-12-08,435,36302
KROGER-1066,2024-12-09,372,36674
KROGER-1066,2024-12-10,374,37048
KROGER-1066,2024-12-11,444,37492
KROGER-1066,2024-12-12,378,37870
KROGER-1066,2024-12-13,424,38294
KROGER-1066,2024-12-14,457,38751
KROGER-1066,2024-12-15,451,39202
KROGER-1066,2024-12-16,392,39594
KROGER-1066,2024-12-17,387,39981
KROGER-1066,2024-12-18,371,40352
KROGER-1066,2024-12-19,344,40696
KROGER-1066,2024-12-20,425,41121
KROGER-1066,2024-12-21,443,41564
KROGER-1066,2024-12-22,436,42000
KROGER-1066,2024-12-23,309,42309
KROGER-1066,2024-12-24,395,42704
KROGER-1066,2024-12-25,420,43124
KROGER-1066,2024-12-26,441,43565
KROGER-1066,2024-12-27,410,43975
KROGER-1066,2024-12-28,427,44402
KROGER-1066,2024-12-29,397,44799
KROGER-1066,2024-12-30,412,45211
KROGER-1066,2024-12-31,393,45604
KROGER-1066,2025-01-01,314,45918
KROGER-1066,2025-01-02,303,46221
KROGER-1066,2025-01-03,308,46529
KROGER-1066,2025-01-04,359,46888
KROGER-1066,2025-01-05,311,47199
KROGER-1066,2025-01-06,326,47525
KROGER-1066,2025-01-07,368,47893
KROGER-1066,2025-01-08,295,48188
KROGER-1066,2025-01-09,345,48533
KROGER-1066,2025-01-10,348,48881
KROGER-1066,2025-01-11,342,49223
KROGER-1066,2025-01-12,368,49591
KROGER-1066,2025-01-13,328,49919
KROGER-1066,2025-01-14,355,50274
KROGER-1066,2025-01-15,305,50579
KROGER-1066,2025-01-16,384,50963
KROGER-1066,2025-01-17,372,51335
KROGER-1066,2025-01-18,288,51623
KROGER-1066,2025-01-19,383,52006
KROGER-1066,2025-01-20,318,52324
KROGER-1066,2025-01-21,372,52696
KROGER-1066,2025-01-22,360,53056
KROGER-1066,2025-01-23,304,53360
KROGER-1066,2025-01-24,349,53709
KROGER-1066,2025-01-25,330,54039
KROGER-1066,2025-01-26,365,54404
KROGER-1066,2025-01-27,335,54739
KROGER-1066,2025-01-28,314,55053
KROGER-1066,2025-01-29,298,55351
KROGER-1066,2025-01-30,340,55691
KROGER-1066,2025-01-31,346,56037
KROGER-1066,2025-02-01,346,56383
KROGER-1066,2025-02-02,328,56711
KROGER-1066,2025-02-03,321,57032
KROGER-1066,2025-02-04,304,57336
KROGER-1066,2025-02-05,353,57689
KROGER-1066,2025-02-06,276,57965
KROGER-1066,2025-02-07,359,58324
KROGER-1066,2025-02-08,348,58672
KROGER-1066,2025-02-09,365,59037
KROGER-1066,2025-02-10,350,59387
KROGER-1066,2025-02-11,337,59724
KROGER-1066,2025-02-12,323,60047
KROGER-1066,2025-02-13,363,60410
KROGER-1066,2025-02-14,288,60698
KROGER-1066,2025-02-15,387,61085
KROGER-1066,2025-02-16,319,61404
KROGER-1066,2025-02-17,325,61729
KROGER-1066,2025-02-18,372,62101
KROGER-1066,2025-02-19,393,62494
KROGER-1066,2025-02-20,338,62832
KROGER-1066,2025-02-21,297,63129
KROGER-1066,2025-02-22,374,63503
KROGER-1066,2025-02-23,349,63852
KROGER-1066,2025-02-24,305,64157
KROGER-1066,2025-02-25,339,64496
KROGER-1066,2025-02-26,298,64794
KROGER-1066,2025-02-27,339,65133
KROGER-1066,2025-02-28,309,65442
KROGER-1066,2025-03-01,295,65737
KROGER-1066,2025-03-02,304,66041
KROGER-1066,2025-03-03,317,66358
KROGER-1066,2025-03-04,347,66705
KROGER-1066,2025-03-05,367,67072
KROGER-1066,2025-03-06,372,67444
KROGER-1066,2025-03-07,293,67737
KROGER-1066,2025-03-08,344,68081
KROGER-1066,2025-03-09,333,68414
KROGER-1066,2025-03-10,331,68745
KROGER-1066,2025-03-11,371,69116
KROGER-1066,2025-03-12,338,69454
KROGER-1066,2025-03-13,357,69811
KROGER-1066,2025-03-14,393,70204
KROGER-1066,2025-03-15,306,70510
KROGER-1066,2025-03-16,337,70847
KROGER-1066,2025-03-17,349,71196
KROGER-1066,2025-03-18,341,71537
KROGER-1066,2025-03-19,361,71898
KROGER-1066,2025-03-20,323,72221
KROGER-1066,2025-03-21,339,72560
KROGER-1066,2025-03-22,329,72889
KROGER-1066,2025-03-23,380,73269
KROGER-1066,2025-03-24,335,73604
KROGER-1066,2025-03-25,371,73975
KROGER-1066,2025-03-26,371,74346
KROGER-1066,2025-03-27,299,74645
KROGER-1066,2025-03-28,375,75020
KROGER-1066,2025-03-29,376,75396
KROGER-1066,2025-03-30,346,75742
KROGER-1066,2025-03-31,356,76098
KROGER-1066,2025-04-01,320,76418
KROGER-1066,2025-04-02,370,76788
KROGER-1066,2025-04-03,336,77124
KROGER-1066,2025-04-04,357,77481
KROGER-1066,2025-04-05,332,77813
KROGER-1066,2025-04-06,358,78171
KROGER-1066,2025-04-07,357,78528
KROGER-1066,2025-04-08,342,78870
KROGER-1066,2025-04-09,348,79218
KROGER-1066,2025-04-10,313,79531
KROGER-1066,2025-04-11,342,79873
KROGER-1066,2025-04-12,329,80202
KROGER-1066,2025-04-13,350,80552
KROGER-1066,2025-04-14,320,80872
KROGER-1066,2025-04-15,328,81200
KROGER-1066,2025-04-16,287,81487
KROGER-1066,2025-04-17,334,81821
KROGER-1066,2025-04-18,331,82152
KROGER-1066,2025-04-19,308,82460
KROGER-1066,2025-04-20,360,82820
KROGER-1066,2025-04-21,355,83175
KROGER-1066,2025-04-22,342,83517
KROGER-1066,2025-04-23,354,83871
KROGER-1066,2025-04-24,319,84190
KROGER-1066,2025-04-25,328,84518
KROGER-1066,2025-04-26,352,84870
KROGER-1066,2025-04-27,354,85224
KROGER-1066,2025-04-28,271,85495
KROGER-1066,2025-04-29,309,85804
KROGER-1066,2025-04-30,360,86164
KROGER-1066,2025-05-01,313,86477
KROGER-1066,2025-05-02,327,86804
KROGER-1066,2025-05-03,349,87153
KROGER-1066,2025-05-04,313,87466
KROGER-1066,2025-05-05,376,87842
KROGER-1066,2025-05-06,333,88175
KROGER-1066,2025-05-07,311,88486
KROGER-1066,2025-05-08,351,88837
KROGER-1066,2025-05-09,326,89163
KROGER-1066,2025-05-10,352,89515
KROGER-1066,2025-05-11,390,89905
KROGER-1066,2025-05-12,319,90224
KROGER-1066,2025-05-13,364,90588
KROGER-1066,2025-05-14,324,90912
KROGER-1066,2025-05-15,335,91247
KROGER-1066,2025-05-16,342,91589
KROGER-1066,2025-05-17,340,91929
KROGER-1066,2025-05-18,322,92251
KROGER-1066,2025-05-19,346,92597
KROGER-1066,2025-05-20,363,92960
KROGER-1066,2025-05-21,350,93310
KROGER-1066,2025-05-22,349,93659
KROGER-1066,2025-05-23,321,93980
KROGER-1066,2025-05-24,369,94349
KROGER-1066,2025-05-25,360,94709
KROGER-1066,2025-05-26,356,95065
KROGER-1066,2025-05-27,336,95401
KROGER-1066,2025-05-28,349,95750
KROGER-1066,2025-05-29,321,96071
KROGER-1066,2025-05-30,352,96423
KROGER-1066,2025-05-31,315,96738
KROGER-1066,2025-06-01,341,97079
KROGER-1066,2025-06-02,315,97394
KROGER-1066,2025-06-03,427,97821
KROGER-1066,2025-06-04,351,98172
KROGER-1066,2025-06-05,304,98476
KROGER-1066,2025-06-06,297,98773
KROGER-1066,2025-06-07,301,99074
KROGER-1066,2025-06-08,318,99392
KROGER-1066,2025-06-09,311,99703
KROGER-1066,2025-06-10,307,100010
KROGER-1066,2025-06-11,321,100331
KROGER-1066,2025-06-12,356,100687
KROGER-1066,2025-06-13,328,101015
KROGER-1066,2025-06-14,370,101385
KROGER-1066,2025-06-15,320,101705
KROGER-1066,2025-06-16,323,102028
KROGER-1066,2025-06-17,308,102336
KROGER-1066,2025-06-18,345,102681
KROGER-1066,2025-06-19,329,103010
KROGER-1066,2025-06-20,381,103391
KROGER-1066,2025-06-21,331,103722
KROGER-1066,2025-06-22,321,104043
KROGER-1066,2025-06-23,341,104384
KROGER-1066,2025-06-24,329,104713
KROGER-1066,2025-06-25,347,105060
KROGER-1066,2025-06-26,332,105392
KROGER-1066,2025-06-27,330,105722
KROGER-1066,2025-06-28,331,106053
KROGER-1066,2025-06-29,343,106396
KROGER-1066,2025-06-30,293,106689
KROGER-1066,2025-07-01,365,107054
KROGER-1066,2025-07-02,367,107421
KROGER-1066,2025-07-03,358,107779
KROGER-1066,2025-07-04,321,108100
KROGER-1066,2025-07-05,333,108433
KROGER-1066,2025-07-06,364,108797
KROGER-1066,2025-07-07,308,109105
KROGER-1066,2025-07-08,364,109469
KROGER-1066,2025-07-09,270,109739
KROGER-1066,2025-07-10,321,110060
KROGER-1066,2025-07-11,305,110365
KROGER-1066,2025-07-12,385,110750
KROGER-1066,2025-07-13,380,111130
KROGER-1066,2025-07-14,349,111479
KROGER-1066,2025-07-15,385,111864
KROGER-1066,2025-07-16,334,112198
KROGER-1066,2025-07-17,350,112548
KROGER-1066,2025-07-18,291,112839
KROGER-1066,2025-07-19,341,113180
KROGER-1066,2025-07-20,353,113533
KROGER-1066,2025-07-21,309,113842
KROGER-1066,2025-07-22,340,114182
KROGER-1066,2025-07-23,281,114463
KROGER-1066,2025-07-24,347,114810
KROGER-1066,2025-07-25,322,115132
KROGER-1066,2025-07-26,328,115460
KROGER-1066,2025-07-27,371,115831
KROGER-1066,2025-07-28,373,116204
KROGER-1066,2025-07-29,357,116561
KROGER-1066,2025-07-30,312,116873
KROGER-1066,2025-07-31,351,117224
KROGER-1066,2025-08-01,327,117551
KROGER-1066,2025-08-02,382,117933
KROGER-1066,2025-08-03,356,118289
KROGER-1066,2025-08-04,294,118583
KROGER-1066,2025-08-05,327,118910
KROGER-1066,2025-08-06,311,119221
KROGER-1066,2025-08-07,313,119534
KROGER-1066,2025-08-08,325,119859
KROGER-1066,2025-08-09,358,120217
KROGER-1066,2025-08-10,376,120593
KROGER-1066,2025-08-11,319,120912
KROGER-1066,2025-08-12,366,121278
KROGER-1066,2025-08-13,288,121566
KROGER-1066,2025-08-14,311,121877
KROGER-1066,2025-08-15,388,122265
KROGER-1066,2025-08-16,318,122583
KROGER-1066,2025-08-17,385,122968
KROGER-1066,2025-08-18,333,123301
KROGER-1066,2025-08-19,332,123633
KROGER-1066,2025-08-20,358,123991
KROGER-1066,2025-08-21,355,124346
KROGER-1066,2025-08-22,369,124715
KROGER-1066,2025-08-23,343,125058
KROGER-1066,2025-08-24,354,125412
KROGER-1066,2025-08-25,327,125739
KROGER-1066,2025-08-26,304,126043
KROGER-1066,2025-08-27,338,126381
KROGER-1066,2025-08-28,329,126710
KROGER-1066,2025-08-29,283,126993
KROGER-1066,2025-08-30,381,127374
KROGER-1066,2025-08-31,354,127728
KROGER-1067,2024-09-01,537,537
KROGER-1067,2024-09-02,556,1093
KROGER-1067,2024-09-03,519,1612
KROGER-1067,2024-09-04,550,2162
KROGER-1067,2024-09-05,601,2763
KROGER-1067,2024-09-06,559,3322
KROGER-1067,2024-09-07,546,3868
KROGER-1067,2024-09-08,521,4389
KROGER-1067,2024-09-09,510,4899
KROGER-1067,2024-09-10,577,5476
KROGER-1067,2024-09-11,539,6015
KROGER-1067,2024-09-12,566,6581
KROGER-1067,2024-09-13,529,7110
KROGER-1067,2024-09-14,526,7636
KROGER-1067,2024-09-15,596,8232
KROGER-1067,2024-09-16,506,8738
KROGER-1067,2024-09-17,524,9262
KROGER-1067,2024-09-18,488,9750
KROGER-1067,2024-09-19,501,10251
KROGER-1067,2024-09-20,580,10831
KROGER-1067,2024-09-21,616,11447
KROGER-1067,2024-09-22,618,12065
KROGER-1067,2024-09-23,589,12654
KROGER-1067,2024-09-24,526,13180
KROGER-1067,2024-09-25,570,13750
KROGER-1067,2024-09-26,587,14337
KROGER-1067,2024-09-27,503,14840
KROGER-1067,2024-09-28,577,15417
KROGER-1067,2024-09-29,563,15980
KROGER-1067,2024-09-30,460,16440
KROGER-1067,2024-10-01,555,16995
KROGER-1067,2024-10-02,510,17505
KROGER-1067,2024-10-03,587,18092
KROGER-1067,2024-10-04,508,18600
KROGER-1067,2024-10-05,583,19183
KROGER-1067,2024-10-06,574,19757
KROGER-1067,2024-10-07,467,20224
KROGER-1067,2024-10-08,527,20751
KROGER-1067,2024-10-09,557,21308
KROGER-1067,2024-10-10,586,21894
KROGER-1067,2024-10-11,542,22436
KROGER-1067,2024-10-12,610,23046
KROGER-1067,2024-10-13,593,23639
KROGER-1067,2024-10-14,566,24205
KROGER-1067,2024-10-15,568,24773
KROGER-1067,2024-10-16,529,25302
KROGER-1067,2024-10-17,498,25800
KROGER-1067,2024-10-18,609,26409
KROGER-1067,2024-10-19,603,27012
KROGER-1067,2024-10-20,565,27577
KROGER-1067,2024-10-21,568,28145
KROGER-1067,2024-10-22,559,28704
KROGER-1067,2024-10-23,504,29208
KROGER-1067,2024-10-24,527,29735
KROGER-1067,2024-10-25,599,30334
KROGER-1067,2024-10-26,568,30902
KROGER-1067,2024-10-27,585,31487
KROGER-1067,2024-10-28,596,32083
KROGER-1067,2024-10-29,541,32624
KROGER-1067,2024-10-30,501,33125
KROGER-1067,2024-10-31,546,33671
KROGER-1067,2024-11-01,621,34292
KROGER-1067,2024-11-02,606,34898
KROGER-1067,2024-11-03,726,35624
KROGER-1067,2024-11-04,636,36260
KROGER-1067,2024-11-05,494,36754
KROGER-1067,2024-11-06,663,37417
KROGER-1067,2024-11-07,663,38080
KROGER-1067,2024-11-08,751,38831
KROGER-1067,2024-11-09,682,39513
KROGER-1067,2024-11-10,740,40253
KROGER-1067,2024-11-11,683,40936
KROGER-1067,2024-11-12,619,41555
KROGER-1067,2024-11-13,668,42223
KROGER-1067,2024-11-14,641,42864
KROGER-1067,2024-11-15,614,43478
KROGER-1067,2024-11-16,654,44132
KROGER-1067,2024-11-17,647,44779
KROGER-1067,2024-11-18,649,45428
KROGER-1067,2024-11-19,649,46077
KROGER-1067,2024-11-20,621,46698
KROGER-1067,2024-11-21,639,47337
KROGER-1067,2024-11-22,552,47889
KROGER-1067,2024-11-23,627,48516
KROGER-1067,2024-11-24,666,49182
KROGER-1067,2024-11-25,737,49919
KROGER-1067,2024-11-26,683,50602
KROGER-1067,2024-11-27,599,51201
KROGER-1067,2024-11-28,734,51935
KROGER-1067,2024-11-29,650,52585
KROGER-1067,2024-11-30,620,53205
KROGER-1067,2024-12-01,678,53883
KROGER-1067,2024-12-02,701,54584
KROGER-1067,2024-12-03,591,55175
KROGER-1067,2024-12-04,596,55771
KROGER-1067,2024-12-05,744,56515
KROGER-1067,2024-12-06,665,57180
KROGER-1067,2024-12-07,656,57836
KROGER-1067,2024-12-08,676,58512
KROGER-1067,2024-12-09,665,59177
KROGER-1067,2024-12-10,640,59817
KROGER-1067,2024-12-11,720,60537
KROGER-1067,2024-12-12,655,61192
KROGER-1067,2024-12-13,684,61876
KROGER-1067,2024-12-14,687,62563
KROGER-1067,2024-12-15,680,63243
KROGER-1067,2024-12-16,696,63939
KROGER-1067,2024-12-17,697,64636
KROGER-1067,2024-12-18,565,65201
KROGER-1067,2024-12-19,649,65850
KROGER-1067,2024-12-20,756,66606
KROGER-1067,2024-12-21,658,67264
KROGER-1067,2024-12-22,707,67971
KROGER-1067,2024-12-23,715,68686
KROGER-1067,2024-12-24,592,69278
KROGER-1067,2024-12-25,630,69908
KROGER-1067,2024-12-26,568,70476
KROGER-1067,2024-12-27,655,71131
KROGER-1067,2024-12-28,703,71834
KROGER-1067,2024-12-29,717,72551
KROGER-1067,2024-12-30,732,73283
KROGER-1067,2024-12-31,653,73936
KROGER-1067,2025-01-01,491,74427
KROGER-1067,2025-01-02,503,74930
KROGER-1067,2025-01-03,508,75438
KROGER-1067,2025-01-04,578,76016
KROGER-1067,2025-01-05,675,76691
KROGER-1067,2025-01-06,538,77229
KROGER-1067,2025-01-07,601,77830
KROGER-1067,2025-01-08,536,78366
KROGER-1067,2025-01-09,491,78857
KROGER-1067,2025-01-10,506,79363
KROGER-1067,2025-01-11,535,79898
KROGER-1067,2025-01-12,563,80461
KROGER-1067,2025-01-13,559,81020
KROGER-1067,2025-01-14,513,81533
KROGER-1067,2025-01-15,576,82109
KROGER-1067,2025-01-16,587,82696
KROGER-1067,2025-01-17,530,83226
KROGER-1067,2025-01-18,610,83836
KROGER-1067,2025-01-19,480,84316
KROGER-1067,2025-01-20,439,84755
KROGER-1067,2025-01-21,577,85332
KROGER-1067,2025-01-22,523,85855
KROGER-1067,2025-01-23,637,86492
KROGER-1067,2025-01-24,537,87029
KROGER-1067,2025-01-25,523,87552
KROGER-1067,2025-01-26,645,88197
KROGER-1067,2025-01-27,570,88767
KROGER-1067,2025-01-28,608,89375
KROGER-1067,2025-01-29,516,89891
KROGER-1067,2025-01-30,557,90448
KROGER-1067,2025-01-31,503,90951
KROGER-1067,2025-02-01,489,91440
KROGER-1067,2025-02-02,602,92042
KROGER-1067,2025-02-03,522,92564
KROGER-1067,2025-02-04,498,93062
KROGER-1067,2025-02-05,481,93543
KROGER-1067,2025-02-06,549,94092
KROGER-1067,2025-02-07,544,94636
KROGER-1067,2025-02-08,546,95182
KROGER-1067,2025-02-09,538,95720
KROGER-1067,2025-02-10,575,96295
KROGER-1067,2025-02-11,434,96729
KROGER-1067,2025-02-12,569,97298
KROGER-1067,2025-02-13,561,97859
KROGER-1067,2025-02-14,488,98347
KROGER-1067,2025-02-15,480,98827
KROGER-1067,2025-02-16,595,99422
KROGER-1067,2025-02-17,490,99912
KROGER-1067,2025-02-18,610,100522
KROGER-1067,2025-02-19,633,101155
KROGER-1067,2025-02-20,560,101715
KROGER-1067,2025-02-21,537,102252
KROGER-1067,2025-02-22,558,102810
KROGER-1067,2025-02-23,491,103301
KROGER-1067,2025-02-24,529,103830
KROGER-1067,2025-02-25,521,104351
KROGER-1067,2025-02-26,514,104865
KROGER-1067,2025-02-27,558,105423
KROGER-1067,2025-02-28,547,105970
KROGER-1067,2025-03-01,604,106574
KROGER-1067,2025-03-02,548,107122
KROGER-1067,2025-03-03,567,107689
KROGER-1067,2025-03-04,542,108231
KROGER-1067,2025-03-05,567,108798
KROGER-1067,2025-03-06,538,109336
KROGER-1067,2025-03-07,618,109954
KROGER-1067,2025-03-08,457,110411
KROGER-1067,2025-03-09,597,111008
KROGER-1067,2025-03-10,578,111586
KROGER-1067,2025-03-11,486,112072
KROGER-1067,2025-03-12,620,112692
KROGER-1067,2025-03-13,542,113234
KROGER-1067,2025-03-14,536,113770
KROGER-1067,2025-03-15,585,114355
KROGER-1067,2025-03-16,609,114964
KROGER-1067,2025-03-17,547,115511
KROGER-1067,2025-03-18,546,116057
KROGER-1067,2025-03-19,578,116635
KROGER-1067,2025-03-20,583,117218
KROGER-1067,2025-03-21,556,117774
KROGER-1067,2025-03-22,498,118272
KROGER-1067,2025-03-23,522,118794
KROGER-1067,2025-03-24,588,119382
KROGER-1067,2025-03-25,529,119911
KROGER-1067,2025-03-26,515,120426
KROGER-1067,2025-03-27,560,120986
KROGER-1067,2025-03-28,555,121541
KROGER-1067,2025-03-29,558,122099
KROGER-1067,2025-03-30,602,122701
KROGER-1067,2025-03-31,486,123187
KROGER-1067,2025-04-01,466,123653
KROGER-1067,2025-04-02,606,124259
KROGER-1067,2025-04-03,493,124752
KROGER-1067,2025-04-04,477,125229
KROGER-1067,2025-04-05,554,125783
KROGER-1067,2025-04-06,567,126350
KROGER-1067,2025-04-07,521,126871
KROGER-1067,2025-04-08,531,127402
KROGER-1067,2025-04-09,480,127882
KROGER-1067,2025-04-10,572,128454
KROGER-1067,2025-04-11,475,128929
KROGER-1067,2025-04-12,569,129498
KROGER-1067,2025-04-13,579,130077
KROGER-1067,2025-04-14,569,130646
KROGER-1067,2025-04-15,551,131197
KROGER-1067,2025-04-16,494,131691
KROGER-1067,2025-04-17,523,132214
KROGER-1067,2025-04-18,511,132725
KROGER-1067,2025-04-19,497,133222
KROGER-1067,2025-04-20,588,133810
KROGER-1067,2025-04-21,509,134319
KROGER-1067,2025-04-22,548,134867
KROGER-1067,2025-04-23,536,135403
KROGER-1067,2025-04-24,492,135895
KROGER-1067,2025-04-25,489,136384
KROGER-1067,2025-04-26,553,136937
KROGER-1067,2025-04-27,509,137446
KROGER-1067,2025-04-28,584,138030
KROGER-1067,2025-04-29,600,138630
KROGER-1067,2025-04-30,575,139205
KROGER-1067,2025-05-01,556,139761
KROGER-1067,2025-05-02,544,140305
KROGER-1067,2025-05-03,521,140826
KROGER-1067,2025-05-04,606,141432
KROGER-1067,2025-05-05,601,142033
KROGER-1067,2025-05-06,527,142560
KROGER-1067,2025-05-07,540,143100
KROGER-1067,2025-05-08,506,143606
KROGER-1067,2025-05-09,527,144133
KROGER-1067,2025-05-10,511,144644
KROGER-1067,2025-05-11,555,145199
KROGER-1067,2025-05-12,560,145759
KROGER-1067,2025-05-13,555,146314
KROGER-1067,2025-05-14,552,146866
KROGER-1067,2025-05-15,435,147301
KROGER-1067,2025-05-16,543,147844
KROGER-1067,2025-05-17,596,148440
KROGER-1067,2025-05-18,568,149008
KROGER-1067,2025-05-19,591,149599
KROGER-1067,2025-05-20,537,150136
KROGER-1067,2025-05-21,559,150695
KROGER-1067,2025-05-22,498,151193
KROGER-1067,2025-05-23,567,151760
KROGER-1067,2025-05-24,604,152364
KROGER-1067,2025-05-25,536,152900
KROGER-1067,2025-05-26,479,153379
KROGER-1067,2025-05-27,522,153901
KROGER-1067,2025-05-28,498,154399
KROGER-1067,2025-05-29,567,154966
KROGER-1067,2025-05-30,520,155486
KROGER-1067,2025-05-31,601,156087
KROGER-1067,2025-06-01,497,156584
KROGER-1067,2025-06-02,505,157089
KROGER-1067,2025-06-03,508,157597
KROGER-1067,2025-06-04,553,158150
KROGER-1067,2025-06-05,451,158601
KROGER-1067,2025-06-06,529,159130
KROGER-1067,2025-06-07,552,159682
KROGER-1067,2025-06-08,585,160267
KROGER-1067,2025-06-09,543,160810
KROGER-1067,2025-06-10,500,161310
KROGER-1067,2025-06-11,443,161753
KROGER-1067,2025-06-12,508,162261
KROGER-1067,2025-06-13,486,162747
KROGER-1067,2025-06-14,513,163260
KROGER-1067,2025-06-15,535,163795
KROGER-1067,2025-06-16,577,164372
KROGER-1067,2025-06-17,486,164858
KROGER-1067,2025-06-18,461,165319
KROGER-1067,2025-06-19,516,165835
KROGER-1067,2025-06-20,529,166364
KROGER-1067,2025-06-21,553,166917
KROGER-1067,2025-06-22,538,167455
KROGER-1067,2025-06-23,531,167986
KROGER-1067,2025-06-24,551,168537
KROGER-1067,2025-06-25,504,169041
KROGER-1067,2025-06-26,585,169626
KROGER-1067,2025-06-27,533,170159
KROGER-1067,2025-06-28,613,170772
KROGER-1067,2025-06-29,580,171352
KROGER-1067,2025-06-30,487,171839
KROGER-1067,2025-07-01,457,172296
KROGER-1067,2025-07-02,587,172883
KROGER-1067,2025-07-03,502,173385
KROGER-1067,2025-07-04,537,173922
KROGER-1067,2025-07-05,541,174463
KROGER-1067,2025-07-06,629,175092
KROGER-1067,2025-07-07,538,175630
KROGER-1067,2025-07-08,481,176111
KROGER-1067,2025-07-09,546,176657
KROGER-1067,2025-07-10,548,177205
KROGER-1067,2025-07-11,521,177726
KROGER-1067,2025-07-12,581,178307
KROGER-1067,2025-07-13,567,178874
KROGER-1067,2025-07-14,538,179412
KROGER-1067,2025-07-15,572,179984
KROGER-1067,2025-07-16,501,180485
KROGER-1067,2025-07-17,596,181081
KROGER-1067,2025-07-18,424,181505
KROGER-1067,2025-07-19,564,182069
KROGER-1067,2025-07-20,630,182699
KROGER-1067,2025-07-21,594,183293
KROGER-1067,2025-07-22,548,183841
KROGER-1067,2025-07-23,506,184347
KROGER-1067,2025-07-24,536,184883
KROGER-1067,2025-07-25,654,185537
KROGER-1067,2025-07-26,601,186138
KROGER-1067,2025-07-27,491,186629
KROGER-1067,2025-07-28,545,187174
KROGER-1067,2025-07-29,515,187689
KROGER-1067,2025-07-30,486,188175
KROGER-1067,2025-07-31,562,188737
KROGER-1067,2025-08-01,499,189236
KROGER-1067,2025-08-02,639,189875
KROGER-1067,2025-08-03,629,190504
KROGER-1067,2025-08-04,510,191014
KROGER-1067,2025-08-05,507,191521
KROGER-1067,2025-08-06,570,192091
KROGER-1067,2025-08-07,585,192676
KROGER-1067,2025-08-08,530,193206
KROGER-1067,2025-08-09,613,193819
KROGER-1067,2025-08-10,644,194463
KROGER-1067,2025-08-11,556,195019
KROGER-1067,2025-08-12,497,195516
KROGER-1067,2025-08-13,575,196091
KROGER-1067,2025-08-14,548,196639
KROGER-1067,2025-08-15,527,197166
KROGER-1067,2025-08-16,603,197769
KROGER-1067,2025-08-17,623,198392
KROGER-1067,2025-08-18,549,198941
KROGER-1067,2025-08-19,443,199384
KROGER-1067,2025-08-20,547,199931
KROGER-1067,2025-08-21,551,200482
KROGER-1067,2025-08-22,653,201135
KROGER-1067,2025-08-23,574,201709
KROGER-1067,2025-08-24,561,202270
KROGER-1067,2025-08-25,571,202841
KROGER-1067,2025-08-26,528,203369
KROGER-1067,2025-08-27,512,203881
KROGER-1067,2025-08-28,472,204353
KROGER-1067,2025-08-29,515,204868
KROGER-1067,2025-08-30,482,205350
KROGER-1067,2025-08-31,581,205931
KROGER-1068,2024-09-01,804,804
KROGER-1068,2024-09-02,795,1599
KROGER-1068,2024-09-03,690,2289
KROGER-1068,2024-09-04,666,2955
KROGER-1068,2024-09-05,877,3832
KROGER-1068,2024-09-06,748,4580
KROGER-1068,2024-09-07,834,5414
KROGER-1068,2024-09-08,799,6213
KROGER-1068,2024-09-09,797,7010
KROGER-1068,2024-09-10,766,7776
KROGER-1068,2024-09-11,704,8480
KROGER-1068,2024-09-12,785,9265
KROGER-1068,2024-09-13,771,10036
KROGER-1068,2024-09-14,684,10720
KROGER-1068,2024-09-15,809,11529
KROGER-1068,2024-09-16,729,12258
KROGER-1068,2024-09-17,712,12970
KROGER-1068,2024-09-18,811,13781
KROGER-1068,2024-09-19,748,14529
KROGER-1068,2024-09-20,750,15279
KROGER-1068,2024-09-21,796,16075
KROGER-1068,2024-09-22,788,16863
KROGER-1068,2024-09-23,747,17610
KROGER-1068,2024-09-24,840,18450
KROGER-1068,2024-09-25,711,19161
KROGER-1068,2024-09-26,648,19809
KROGER-1068,2024-09-27,755,20564
KROGER-1068,2024-09-28,731,21295
KROGER-1068,2024-09-29,721,22016
KROGER-1068,2024-09-30,752,22768
KROGER-1068,2024-10-01,769,23537
KROGER-1068,2024-10-02,742,24279
KROGER-1068,2024-10-03,725,25004
KROGER-1068,2024-10-04,740,25744
KROGER-1068,2024-10-05,787,26531
KROGER-1068,2024-10-06,790,27321
KROGER-1068,2024-10-07,645,27966
KROGER-1068,2024-10-08,805,28771
KROGER-1068,2024-10-09,665,29436
KROGER-1068,2024-10-10,712,30148
KROGER-1068,2024-10-11,659,30807
KROGER-1068,2024-10-12,801,31608
KROGER-1068,2024-10-13,745,32353
KROGER-1068,2024-10-14,741,33094
KROGER-1068,2024-10-15,708,33802
KROGER-1068,2024-10-16,689,34491
KROGER-1068,2024-10-17,601,35092
KROGER-1068,2024-10-18,717,35809
KROGER-1068,2024-10-19,714,36523
KROGER-1068,2024-10-20,823,37346
KROGER-1068,2024-10-21,878,38224
KROGER-1068,2024-10-22,863,39087
KROGER-1068,2024-10-23,748,39835
KROGER-1068,2024-10-24,705,40540
KROGER-1068,2024-10-25,635,41175
KROGER-1068,2024-10-26,764,41939
KROGER-1068,2024-10-27,733,42672
KROGER-1068,2024-10-28,708,43380
KROGER-1068,2024-10-29,654,44034
KROGER-1068,2024-10-30,795,44829
KROGER-1068,2024-10-31,783,45612
KROGER-1068,2024-11-01,837,46449
KROGER-1068,2024-11-02,1013,47462
KROGER-1068,2024-11-03,953,48415
KROGER-1068,2024-11-04,942,49357
KROGER-1068,2024-11-05,959,50316
KROGER-1068,2024-11-06,930,51246
KROGER-1068,2024-11-07,844,52090
KROGER-1068,2024-11-08,979,53069
KROGER-1068,2024-11-09,1007,54076
KROGER-1068,2024-11-10,1008,55084
KROGER-1068,2024-11-11,807,55891
KROGER-1068,2024-11-12,797,56688
KROGER-1068,2024-11-13,1013,57701
KROGER-1068,2024-11-14,857,58558
KROGER-1068,2024-11-15,921,59479
KROGER-1068,2024-11-16,1040,60519
KROGER-1068,2024-11-17,1072,61591
KROGER-1068,2024-11-18,945,62536
KROGER-1068,2024-11-19,865,63401
KROGER-1068,2024-11-20,882,64283
KROGER-1068,2024-11-21,930,65213
KROGER-1068,2024-11-22,916,66129
KROGER-1068,2024-11-23,894,67023
KROGER-1068,2024-11-24,747,67770
KROGER-1068,2024-11-25,850,68620
KROGER-1068,2024-11-26,888,69508
KROGER-1068,2024-11-27,902,70410
KROGER-1068,2024-11-28,1027,71437
KROGER-1068,2024-11-29,980,72417
KROGER-1068,2024-11-30,913,73330
KROGER-1068,2024-12-01,987,74317
KROGER-1068,2024-12-02,711,75028
KROGER-1068,2024-12-03,992,76020
KROGER-1068,2024-12-04,867,76887
KROGER-1068,2024-12-05,917,77804
KROGER-1068,2024-12-06,905,78709
KROGER-1068,2024-12-07,1026,79735
KROGER-1068,2024-12-08,922,80657
KROGER-1068,2024-12-09,963,81620
KROGER-1068,2024-12-10,930,82550
KROGER-1068,2024-12-11,912,83462
KROGER-1068,2024-12-12,895,84357
KROGER-1068,2024-12-13,866,85223
KROGER-1068,2024-12-14,936,86159
KROGER-1068,2024-12-15,919,87078
KROGER-1068,2024-12-16,933,88011
KROGER-1068,2024-12-17,821,88832
KROGER-1068,2024-12-18,908,89740
KROGER-1068,2024-12-19,1013,90753
KROGER-1068,2024-12-20,871,91624
KROGER-1068,2024-12-21,982,92606
KROGER-1068,2024-12-22,772,93378
KROGER-1068,2024-12-23,789,94167
KROGER-1068,2024-12-24,894,95061
KROGER-1068,2024-12-25,898,95959
KROGER-1068,2024-12-26,906,96865
KROGER-1068,2024-12-27,1062,97927
KROGER-1068,2024-12-28,904,98831
KROGER-1068,2024-12-29,955,99786
KROGER-1068,2024-12-30,851,100637
KROGER-1068,2024-12-31,956,101593
KROGER-1068,2025-01-01,683,102276
KROGER-1068,2025-01-02,710,102986
KROGER-1068,2025-01-03,698,103684
KROGER-1068,2025-01-04,842,104526
KROGER-1068,2025-01-05,798,105324
KROGER-1068,2025-01-06,770,106094
KROGER-1068,2025-01-07,741,106835
KROGER-1068,2025-01-08,825,107660
KROGER-1068,2025-01-09,743,108403
KROGER-1068,2025-01-10,871,109274
KROGER-1068,2025-01-11,871,110145
KROGER-1068,2025-01-12,697,110842
KROGER-1068,2025-01-13,791,111633
KROGER-1068,2025-01-14,829,112462
KROGER-1068,2025-01-15,728,113190
KROGER-1068,2025-01-16,777,113967
KROGER-1068,2025-01-17,664,114631
KROGER-1068,2025-01-18,727,115358
KROGER-1068,2025-01-19,774,116132
KROGER-1068,2025-01-20,671,116803
KROGER-1068,2025-01-21,756,117559
KROGER-1068,2025-01-22,792,118351
KROGER-1068,2025-01-23,697,119048
KROGER-1068,2025-01-24,672,119720
KROGER-1068,2025-01-25,690,120410
KROGER-1068,2025-01-26,867,121277
KROGER-1068,2025-01-27,648,121925
KROGER-1068,2025-01-28,770,122695
KROGER-1068,2025-01-29,831,123526
KROGER-1068,2025-01-30,694,124220
KROGER-1068,2025-01-31,702,124922
KROGER-1068,2025-02-01,801,125723
KROGER-1068,2025-02-02,805,126528
KROGER-1068,2025-02-03,723,127251
KROGER-1068,2025-02-04,735,127986
KROGER-1068,2025-02-05,758,128744
KROGER-1068,2025-02-06,728,129472
KROGER-1068,2025-02-07,730,130202
KROGER-1068,2025-02-08,913,131115
KROGER-1068,2025-02-09,854,131969
KROGER-1068,2025-02-10,818,132787
KROGER-1068,2025-02-11,732,133519
KROGER-1068,2025-02-12,649,134168
KROGER-1068,2025-02-13,902,135070
KROGER-1068,2025-02-14,715,135785
KROGER-1068,2025-02-15,810,136595
KROGER-1068,2025-02-16,840,137435
KROGER-1068,2025-02-17,718,138153
KROGER-1068,2025-02-18,807,138960
KROGER-1068,2025-02-19,753,139713
KROGER-1068,2025-02-20,737,140450
KROGER-1068,2025-02-21,718,141168
KROGER-1068,2025-02-22,727,141895
KROGER-1068,2025-02-23,672,142567
KROGER-1068,2025-02-24,922,143489
KROGER-1068,2025-02-25,840,144329
KROGER-1068,2025-02-26,759,145088
KROGER-1068,2025-02-27,847,145935
KROGER-1068,2025-02-28,839,146774
KROGER-1068,2025-03-01,828,147602
KROGER-1068,2025-03-02,768,148370
KROGER-1068,2025-03-03,817,149187
KROGER-1068,2025-03-04,807,149994
KROGER-1068,2025-03-05,800,150794
KROGER-1068,2025-03-06,732,151526
KROGER-1068,2025-03-07,775,152301
KROGER-1068,2025-03-08,808,153109
KROGER-1068,2025-03-09,766,153875
KROGER-1068,2025-03-10,775,154650
KROGER-1068,2025-03-11,828,155478
KROGER-1068,2025-03-12,844,156322
KROGER-1068,2025-03-13,783,157105
KROGER-1068,2025-03-14,743,157848
KROGER-1068,2025-03-15,844,158692
KROGER-1068,2025-03-16,735,159427
KROGER-1068,2025-03-17,730,160157
KROGER-1068,2025-03-18,829,160986
KROGER-1068,2025-03-19,865,161851
KROGER-1068,2025-03-20,821,162672
KROGER-1068,2025-03-21,748,163420
KROGER-1068,2025-03-22,652,164072
KROGER-1068,2025-03-23,840,164912
KROGER-1068,2025-03-24,784,165696
KROGER-1068,2025-03-25,786,166482
KROGER-1068,2025-03-26,666,167148
KROGER-1068,2025-03-27,733,167881
KROGER-1068,2025-03-28,865,168746
KROGER-1068,2025-03-29,725,169471
KROGER-1068,2025-03-30,827,170298
KROGER-1068,2025-03-31,713,171011
KROGER-1068,2025-04-01,783,171794
KROGER-1068,2025-04-02,741,172535
KROGER-1068,2025-04-03,825,173360
KROGER-1068,2025-04-04,755,174115
KROGER-1068,2025-04-05,853,174968
KROGER-1068,2025-04-06,924,175892
KROGER-1068,2025-04-07,812,176704
KROGER-1068,2025-04-08,787,177491
KROGER-1068,2025-04-09,822,178313
KROGER-1068,2025-04-10,786,179099
KROGER-1068,2025-04-11,716,179815
KROGER-1068,2025-04-12,737,180552
KROGER-1068,2025-04-13,834,181386
KROGER-1068,2025-04-14,715,182101
KROGER-1068,2025-04-15,709,182810
KROGER-1068,2025-04-16,741,183551
KROGER-1068,2025-04-17,649,184200
KROGER-1068,2025-04-18,713,184913
KROGER-1068,2025-04-19,744,185657
KROGER-1068,2025-04-20,946,186603
KROGER-1068,2025-04-21,798,187401
KROGER-1068,2025-04-22,727,188128
KROGER-1068,2025-04-23,706,188834
KROGER-1068,2025-04-24,606,189440
KROGER-1068,2025-04-25,664,190104
KROGER-1068,2025-04-26,685,190789
KROGER-1068,2025-04-27,728,191517
KROGER-1068,2025-04-28,752,192269
KROGER-1068,2025-04-29,741,193010
KROGER-1068,2025-04-30,699,193709
KROGER-1068,2025-05-01,628,194337
KROGER-1068,2025-05-02,718,195055
KROGER-1068,2025-05-03,690,195745
KROGER-1068,2025-05-04,672,196417
KROGER-1068,2025-05-05,821,197238
KROGER-1068,2025-05-06,747,197985
KROGER-1068,2025-05-07,737,198722
KROGER-1068,2025-05-08,741,199463
KROGER-1068,2025-05-09,684,200147
KROGER-1068,2025-05-10,816,200963
KROGER-1068,2025-05-11,782,201745
KROGER-1068,2025-05-12,707,202452
KROGER-1068,2025-05-13,716,203168
KROGER-1068,2025-05-14,679,203847
KROGER-1068,2025-05-15,728,204575
KROGER-1068,2025-05-16,738,205313
KROGER-1068,2025-05-17,763,206076
KROGER-1068,2025-05-18,794,206870
KROGER-1068,2025-05-19,748,207618
KROGER-1068,2025-05-20,766,208384
KROGER-1068,2025-05-21,809,209193
KROGER-1068,2025-05-22,788,209981
KROGER-1068,2025-05-23,810,210791
KROGER-1068,2025-05-24,737,211528
KROGER-1068,2025-05-25,758,212286
KROGER-1068,2025-05-26,792,213078
KROGER-1068,2025-05-27,793,213871
KROGER-1068,2025-05-28,712,214583
KROGER-1068,2025-05-29,789,215372
KROGER-1068,2025-05-30,696,216068
KROGER-1068,2025-05-31,821,216889
KROGER-1068,2025-06-01,789,217678
KROGER-1068,2025-06-02,669,218347
KROGER-1068,2025-06-03,726,219073
KROGER-1068,2025-06-04,884,219957
KROGER-1068,2025-06-05,765,220722
KROGER-1068,2025-06-06,891,221613
KROGER-1068,2025-06-07,699,222312
KROGER-1068,2025-06-08,838,223150
KROGER-1068,2025-06-09,600,223750
KROGER-1068,2025-06-10,753,224503
KROGER-1068,2025-06-11,791,225294
KROGER-1068,2025-06-12,803,226097
KROGER-1068,2025-06-13,704,226801
KROGER-1068,2025-06-14,856,227657
KROGER-1068,2025-06-15,756,228413
KROGER-1068,2025-06-16,743,229156
KROGER-1068,2025-06-17,726,229882
KROGER-1068,2025-06-18,684,230566
KROGER-1068,2025-06-19,847,231413
KROGER-1068,2025-06-20,755,232168
KROGER-1068,2025-06-21,859,233027
KROGER-1068,2025-06-22,856,233883
KROGER-1068,2025-06-23,694,234577
KROGER-1068,2025-06-24,826,235403
KROGER-1068,2025-06-25,783,236186
KROGER-1068,2025-06-26,690,236876
KROGER-1068,2025-06-27,780,237656
KROGER-1068,2025-06-28,726,238382
KROGER-1068,2025-06-29,892,239274
KROGER-1068,2025-06-30,802,240076
KROGER-1068,2025-07-01,748,240824
KROGER-1068,2025-07-02,829,241653
KROGER-1068,2025-07-03,657,242310
KROGER-1068,2025-07-04,707,243017
KROGER-1068,2025-07-05,774,243791
KROGER-1068,2025-07-06,932,244723
KROGER-1068,2025-07-07,688,245411
KROGER-1068,2025-07-08,650,246061
KROGER-1068,2025-07-09,666,246727
KROGER-1068,2025-07-10,807,247534
KROGER-1068,2025-07-11,717,248251
KROGER-1068,2025-07-12,780,249031
KROGER-1068,2025-07-13,838,249869
KROGER-1068,2025-07-14,743,250612
KROGER-1068,2025-07-15,765,251377
KROGER-1068,2025-07-16,785,252162
KROGER-1068,2025-07-17,727,252889
KROGER-1068,2025-07-18,743,253632
KROGER-1068,2025-07-19,806,254438
KROGER-1068,2025-07-20,845,255283
KROGER-1068,2025-07-21,705,255988
KROGER-1068,2025-07-22,571,256559
KROGER-1068,2025-07-23,794,257353
KROGER-1068,2025-07-24,808,258161
KROGER-1068,2025-07-25,765,258926
KROGER-1068,2025-07-26,807,259733
KROGER-1068,2025-07-27,755,260488
KROGER-1068,2025-07-28,783,261271
KROGER-1068,2025-07-29,804,262075
KROGER-1068,2025-07-30,756,262831
KROGER-1068,2025-07-31,903,263734
KROGER-1068,2025-08-01,658,264392
KROGER-1068,2025-08-02,801,265193
KROGER-1068,2025-08-03,716,265909
KROGER-1068,2025-08-04,806,266715
KROGER-1068,2025-08-05,657,267372
KROGER-1068,2025-08-06,672,268044
KROGER-1068,2025-08-07,714,268758
KROGER-1068,2025-08-08,769,269527
KROGER-1068,2025-08-09,753,270280
KROGER-1068,2025-08-10,753,271033
KROGER-1068,2025-08-11,742,271775
KROGER-1068,2025-08-12,738,272513
KROGER-1068,2025-08-13,842,273355
KROGER-1068,2025-08-14,794,274149
KROGER-1068,2025-08-15,733,274882
KROGER-1068,2025-08-16,923,275805
KROGER-1068,2025-08-17,821,276626
KROGER-1068,2025-08-18,694,277320
KROGER-1068,2025-08-19,768,278088
KROGER-1068,2025-08-20,785,278873
KROGER-1068,2025-08-21,711,279584
KROGER-1068,2025-08-22,689,280273
KROGER-1068,2025-08-23,796,281069
KROGER-1068,2025-08-24,767,281836
KROGER-1068,2025-08-25,842,282678
KROGER-1068,2025-08-26,797,283475
KROGER-1068,2025-08-27,714,284189
KROGER-1068,2025-08-28,778,284967
KROGER-1068,2025-08-29,829,285796
KROGER-1068,2025-08-30,702,286498
KROGER-1068,2025-08-31,726,287224
KROGER-1069,2024-09-01,270,270
KROGER-1069,2024-09-02,258,528
KROGER-1069,2024-09-03,256,784
KROGER-1069,2024-09-04,251,1035
KROGER-1069,2024-09-05,251,1286
KROGER-1069,2024-09-06,265,1551
KROGER-1069,2024-09-07,295,1846
KROGER-1069,2024-09-08,260,2106
KROGER-1069,2024-09-09,308,2414
KROGER-1069,2024-09-10,298,2712
KROGER-1069,2024-09-11,285,2997
KROGER-1069,2024-09-12,270,3267
KROGER-1069,2024-09-13,299,3566
KROGER-1069,2024-09-14,264,3830
KROGER-1069,2024-09-15,252,4082
KROGER-1069,2024-09-16,247,4329
KROGER-1069,2024-09-17,237,4566
KROGER-1069,2024-09-18,260,4826
KROGER-1069,2024-09-19,264,5090
KROGER-1069,2024-09-20,262,5352
KROGER-1069,2024-09-21,270,5622
KROGER-1069,2024-09-22,273,5895
KROGER-1069,2024-09-23,293,6188
KROGER-1069,2024-09-24,270,6458
KROGER-1069,2024-09-25,277,6735
KROGER-1069,2024-09-26,261,6996
KROGER-1069,2024-09-27,224,7220
KROGER-1069,2024-09-28,231,7451
KROGER-1069,2024-09-29,316,7767
KROGER-1069,2024-09-30,247,8014
KROGER-1069,2024-10-01,245,8259
KROGER-1069,2024-10-02,263,8522
KROGER-1069,2024-10-03,269,8791
KROGER-1069,2024-10-04,271,9062
KROGER-1069,2024-10-05,309,9371
KROGER-1069,2024-10-06,303,9674
KROGER-1069,2024-10-07,241,9915
KROGER-1069,2024-10-08,278,10193
KROGER-1069,2024-10-09,250,10443
KROGER-1069,2024-10-10,255,10698
KROGER-1069,2024-10-11,235,10933
KROGER-1069,2024-10-12,234,11167
KROGER-1069,2024-10-13,270,11437
KROGER-1069,2024-10-14,238,11675
KROGER-1069,2024-10-15,277,11952
KROGER-1069,2024-10-16,252,12204
KROGER-1069,2024-10-17,264,12468
KROGER-1069,2024-10-18,286,12754
KROGER-1069,2024-10-19,238,12992
KROGER-1069,2024-10-20,255,13247
KROGER-1069,2024-10-21,261,13508
KROGER-1069,2024-10-22,264,13772
KROGER-1069,2024-10-23,280,14052
KROGER-1069,2024-10-24,275,14327
KROGER-1069,2024-10-25,260,14587
KROGER-1069,2024-10-26,277,14864
KROGER-1069,2024-10-27,278,15142
KROGER-1069,2024-10-28,227,15369
KROGER-1069,2024-10-29,254,15623
KROGER-1069,2024-10-30,263,15886
KROGER-1069,2024-10-31,267,16153
KROGER-1069,2024-11-01,286,16439
KROGER-1069,2024-11-02,292,16731
KROGER-1069,2024-11-03,319,17050
KROGER-1069,2024-11-04,358,17408
KROGER-1069,2024-11-05,289,17697
KROGER-1069,2024-11-06,338,18035
KROGER-1069,2024-11-07,348,18383
KROGER-1069,2024-11-08,310,18693
KROGER-1069,2024-11-09,307,19000
KROGER-1069,2024-11-10,338,19338
KROGER-1069,2024-11-11,314,19652
KROGER-1069,2024-11-12,288,19940
KROGER-1069,2024-11-13,293,20233
KROGER-1069,2024-11-14,320,20553
KROGER-1069,2024-11-15,332,20885
KROGER-1069,2024-11-16,316,21201
KROGER-1069,2024-11-17,323,21524
KROGER-1069,2024-11-18,326,21850
KROGER-1069,2024-11-19,305,22155
KROGER-1069,2024-11-20,302,22457
KROGER-1069,2024-11-21,290,22747
KROGER-1069,2024-11-22,290,23037
KROGER-1069,2024-11-23,394,23431
KROGER-1069,2024-11-24,320,23751
KROGER-1069,2024-11-25,343,24094
KROGER-1069,2024-11-26,351,24445
KROGER-1069,2024-11-27,305,24750
KROGER-1069,2024-11-28,318,25068
KROGER-1069,2024-11-29,312,25380
KROGER-1069,2024-11-30,283,25663
KROGER-1069,2024-12-01,284,25947
KROGER-1069,2024-12-02,310,26257
KROGER-1069,2024-12-03,299,26556
KROGER-1069,2024-12-04,356,26912
KROGER-1069,2024-12-05,303,27215
KROGER-1069,2024-12-06,357,27572
KROGER-1069,2024-12-07,312,27884
KROGER-1069,2024-12-08,374,28258
KROGER-1069,2024-12-09,322,28580
KROGER-1069,2024-12-10,323,28903
KROGER-1069,2024-12-11,296,29199
KROGER-1069,2024-12-12,323,29522
KROGER-1069,2024-12-13,351,29873
KROGER-1069,2024-12-14,321,30194
KROGER-1069,2024-12-15,316,30510
KROGER-1069,2024-12-16,303,30813
KROGER-1069,2024-12-17,349,31162
KROGER-1069,2024-12-18,330,31492
KROGER-1069,2024-12-19,345,31837
KROGER-1069,2024-12-20,317,32154
KROGER-1069,2024-12-21,326,32480
KROGER-1069,2024-12-22,336,32816
KROGER-1069,2024-12-23,336,33152
KROGER-1069,2024-12-24,303,33455
KROGER-1069,2024-12-25,343,33798
KROGER-1069,2024-12-26,318,34116
KROGER-1069,2024-12-27,250,34366
KROGER-1069,2024-12-28,348,34714
KROGER-1069,2024-12-29,292,35006
KROGER-1069,2024-12-30,330,35336
KROGER-1069,2024-12-31,331,35667
KROGER-1069,2025-01-01,264,35931
KROGER-1069,2025-01-02,269,36200
KROGER-1069,2025-01-03,280,36480
KROGER-1069,2025-01-04,260,36740
KROGER-1069,2025-01-05,288,37028
KROGER-1069,2025-01-06,282,37310
KROGER-1069,2025-01-07,294,37604
KROGER-1069,2025-01-08,235,37839
KROGER-1069,2025-01-09,266,38105
KROGER-1069,2025-01-10,238,38343
KROGER-1069,2025-01-11,249,38592
KROGER-1069,2025-01-12,278,38870
KROGER-1069,2025-01-13,259,39129
KROGER-1069,2025-01-14,281,39410
KROGER-1069,2025-01-15,250,39660
KROGER-1069,2025-01-16,255,39915
KROGER-1069,2025-01-17,262,40177
KROGER-1069,2025-01-18,252,40429
KROGER-1069,2025-01-19,255,40684
KROGER-1069,2025-01-20,281,40965
KROGER-1069,2025-01-21,246,41211
KROGER-1069,2025-01-22,282,41493
KROGER-1069,2025-01-23,270,41763
KROGER-1069,2025-01-24,226,41989
KROGER-1069,2025-01-25,282,42271
KROGER-1069,2025-01-26,282,42553
KROGER-1069,2025-01-27,266,42819
KROGER-1069,2025-01-28,255,43074
KROGER-1069,2025-01-29,238,43312
KROGER-1069,2025-01-30,285,43597
KROGER-1069,2025-01-31,255,43852
KROGER-1069,2025-02-01,251,44103
KROGER-1069,2025-02-02,280,44383
KROGER-1069,2025-02-03,242,44625
KROGER-1069,2025-02-04,238,44863
KROGER-1069,2025-02-05,250,45113
KROGER-1069,2025-02-06,244,45357
KROGER-1069,2025-02-07,239,45596
KROGER-1069,2025-02-08,288,45884
KROGER-1069,2025-02-09,268,46152
KROGER-1069,2025-02-10,283,46435
KROGER-1069,2025-02-11,240,46675
KROGER-1069,2025-02-12,222,46897
KROGER-1069,2025-02-13,261,47158
KROGER-1069,2025-02-14,296,47454
KROGER-1069,2025-02-15,282,47736
KROGER-1069,2025-02-16,340,48076
KROGER-1069,2025-02-17,264,48340
KROGER-1069,2025-02-18,262,48602
KROGER-1069,2025-02-19,213,48815
KROGER-1069,2025-02-20,266,49081
KROGER-1069,2025-02-21,261,49342
KROGER-1069,2025-02-22,262,49604
KROGER-1069,2025-02-23,267,49871
KROGER-1069,2025-02-24,256,50127
KROGER-1069,2025-02-25,254,50381
KROGER-1069,2025-02-26,301,50682
KROGER-1069,2025-02-27,250,50932
KROGER-1069,2025-02-28,261,51193
KROGER-1069,2025-03-01,262,51455
KROGER-1069,2025-03-02,287,51742
KROGER-1069,2025-03-03,261,52003
KROGER-1069,2025-03-04,252,52255
KROGER-1069,2025-03-05,218,52473
KROGER-1069,2025-03-06,263,52736
KROGER-1069,2025-03-07,251,52987
KROGER-1069,2025-03-08,269,53256
KROGER-1069,2025-03-09,245,53501
KROGER-1069,2025-03-10,287,53788
KROGER-1069,2025-03-11,275,54063
KROGER-1069,2025-03-12,287,54350
KROGER-1069,2025-03-13,281,54631
KROGER-1069,2025-03-14,270,54901
KROGER-1069,2025-03-15,246,55147
KROGER-1069,2025-03-16,310,55457
KROGER-1069,2025-03-17,238,55695
KROGER-1069,2025-03-18,252,55947
KROGER-1069,2025-03-19,272,56219
KROGER-1069,2025-03-20,273,56492
KROGER-1069,2025-03-21,269,56761
KROGER-1069,2025-03-22,262,57023
KROGER-1069,2025-03-23,257,57280
KROGER-1069,2025-03-24,310,57590
KROGER-1069,2025-03-25,257,57847
KROGER-1069,2025-03-26,254,58101
KROGER-1069,2025-03-27,243,58344
KROGER-1069,2025-03-28,263,58607
KROGER-1069,2025-03-29,275,58882
KROGER-1069,2025-03-30,270,59152
KROGER-1069,2025-03-31,265,59417
KROGER-1069,2025-04-01,294,59711
KROGER-1069,2025-04-02,245,59956
KROGER-1069,2025-04-03,258,60214
KROGER-1069,2025-04-04,244,60458
KROGER-1069,2025-04-05,277,60735
KROGER-1069,2025-04-06,258,60993
KROGER-1069,2025-04-07,247,61240
KROGER-1069,2025-04-08,227,61467
KROGER-1069,2025-04-09,260,61727
KROGER-1069,2025-04-10,266,61993
KROGER-1069,2025-04-11,296,62289
KROGER-1069,2025-04-12,281,62570
KROGER-1069,2025-04-13,261,62831
KROGER-1069,2025-04-14,229,63060
KROGER-1069,2025-04-15,232,63292
KROGER-1069,2025-04-16,231,63523
KROGER-1069,2025-04-17,296,63819
KROGER-1069,2025-04-18,263,64082
KROGER-1069,2025-04-19,258,64340
KROGER-1069,2025-04-20,250,64590
KROGER-1069,2025-04-21,240,64830
KROGER-1069,2025-04-22,245,65075
KROGER-1069,2025-04-23,285,65360
KROGER-1069,2025-04-24,257,65617
KROGER-1069,2025-04-25,228,65845
KROGER-1069,2025-04-26,320,66165
KROGER-1069,2025-04-27,246,66411
KROGER-1069,2025-04-28,245,66656
KROGER-1069,2025-04-29,285,66941
KROGER-1069,2025-04-30,266,67207
KROGER-1069,2025-05-01,248,67455
KROGER-1069,2025-05-02,232,67687
KROGER-1069,2025-05-03,249,67936
KROGER-1069,2025-05-04,251,68187
KROGER-1069,2025-05-05,258,68445
KROGER-1069,2025-05-06,261,68706
KROGER-1069,2025-05-07,254,68960
KROGER-1069,2025-05-08,257,69217
KROGER-1069,2025-05-09,236,69453
KROGER-1069,2025-05-10,277,69730
KROGER-1069,2025-05-11,298,70028
KROGER-1069,2025-05-12,254,70282
KROGER-1069,2025-05-13,254,70536
KROGER-1069,2025-05-14,259,70795
KROGER-1069,2025-05-15,281,71076
KROGER-1069,2025-05-16,239,71315
KROGER-1069,2025-05-17,302,71617
KROGER-1069,2025-05-18,280,71897
KROGER-1069,2025-05-19,258,72155
KROGER-1069,2025-05-20,283,72438
KROGER-1069,2025-05-21,233,72671
KROGER-1069,2025-05-22,268,72939
KROGER-1069,2025-05-23,266,73205
KROGER-1069,2025-05-24,250,73455
KROGER-1069,2025-05-25,280,73735
KROGER-1069,2025-05-26,263,73998
KROGER-1069,2025-05-27,254,74252
KROGER-1069,2025-05-28,275,74527
KROGER-1069,2025-05-29,246,74773
KROGER-1069,2025-05-30,263,75036
KROGER-1069,2025-05-31,268,75304
KROGER-1069,2025-06-01,257,75561
KROGER-1069,2025-06-02,268,75829
KROGER-1069,2025-06-03,253,76082
KROGER-1069,2025-06-04,227,76309
KROGER-1069,2025-06-05,220,76529
KROGER-1069,2025-06-06,274,76803
KROGER-1069,2025-06-07,244,77047
KROGER-1069,2025-06-08,276,77323
KROGER-1069,2025-06-09,259,77582
KROGER-1069,2025-06-10,250,77832
KROGER-1069,2025-06-11,298,78130
KROGER-1069,2025-06-12,261,78391
KROGER-1069,2025-06-13,273,78664
KROGER-1069,2025-06-14,277,78941
KROGER-1069,2025-06-15,265,79206
KROGER-1069,2025-06-16,257,79463
KROGER-1069,2025-06-17,288,79751
KROGER-1069,2025-06-18,280,80031
KROGER-1069,2025-06-19,298,80329
KROGER-1069,2025-06-20,262,80591
KROGER-1069,2025-06-21,251,80842
KROGER-1069,2025-06-22,261,81103
KROGER-1069,2025-06-23,233,81336
KROGER-1069,2025-06-24,273,81609
KROGER-1069,2025-06-25,245,81854
KROGER-1069,2025-06-26,194,82048
KROGER-1069,2025-06-27,308,82356
KROGER-1069,2025-06-28,258,82614
KROGER-1069,2025-06-29,258,82872
KROGER-1069,2025-06-30,292,83164
KROGER-1069,2025-07-01,233,83397
KROGER-1069,2025-07-02,281,83678
KROGER-1069,2025-07-03,245,83923
KROGER-1069,2025-07-04,230,84153
KROGER-1069,2025-07-05,307,84460
KROGER-1069,2025-07-06,290,84750
KROGER-1069,2025-07-07,277,85027
KROGER-1069,2025-07-08,265,85292
KROGER-1069,2025-07-09,270,85562
KROGER-1069,2025-07-10,232,85794
KROGER-1069,2025-07-11,260,86054
KROGER-1069,2025-07-12,250,86304
KROGER-1069,2025-07-13,240,86544
KROGER-1069,2025-07-14,266,86810
KROGER-1069,2025-07-15,281,87091
KROGER-1069,2025-07-16,250,87341
KROGER-1069,2025-07-17,253,87594
KROGER-1069,2025-07-18,234,87828
KROGER-1069,2025-07-19,271,88099
KROGER-1069,2025-07-20,287,88386
KROGER-1069,2025-07-21,274,88660
KROGER-1069,2025-07-22,269,88929
KROGER-1069,2025-07-23,245,89174
KROGER-1069,2025-07-24,244,89418
KROGER-1069,2025-07-25,274,89692
KROGER-1069,2025-07-26,288,89980
KROGER-1069,2025-07-27,267,90247
KROGER-1069,2025-07-28,249,90496
KROGER-1069,2025-07-29,282,90778
KROGER-1069,2025-07-30,250,91028
KROGER-1069,2025-07-31,273,91301
KROGER-1069,2025-08-01,255,91556
KROGER-1069,2025-08-02,248,91804
KROGER-1069,2025-08-03,305,92109
KROGER-1069,2025-08-04,260,92369
KROGER-1069,2025-08-05,243,92612
KROGER-1069,2025-08-06,229,92841
KROGER-1069,2025-08-07,231,93072
KROGER-1069,2025-08-08,250,93322
KROGER-1069,2025-08-09,312,93634
KROGER-1069,2025-08-10,258,93892
KROGER-1069,2025-08-11,287,94179
KROGER-1069,2025-08-12,255,94434
KROGER-1069,2025-08-13,233,94667
KROGER-1069,2025-08-14,248,94915
KROGER-1069,2025-08-15,231,95146
KROGER-1069,2025-08-16,252,95398
KROGER-1069,2025-08-17,251,95649
KROGER-1069,2025-08-18,218,95867
KROGER-1069,2025-08-19,289,96156
KROGER-1069,2025-08-20,262,96418
KROGER-1069,2025-08-21,243,96661
KROGER-1069,2025-08-22,262,96923
KROGER-1069,2025-08-23,252,97175
KROGER-1069,2025-08-24,213,97388
KROGER-1069,2025-08-25,319,97707
KROGER-1069,2025-08-26,261,97968
KROGER-1069,2025-08-27,245,98213
KROGER-1069,2025-08-28,218,98431
KROGER-1069,2025-08-29,227,98658
KROGER-1069,2025-08-30,306,98964
KROGER-1069,2025-08-31,303,99267
KROGER-1070,2024-09-01,838,838
KROGER-1070,2024-09-02,685,1523
KROGER-1070,2024-09-03,843,2366
KROGER-1070,2024-09-04,780,3146
KROGER-1070,2024-09-05,792,3938
KROGER-1070,2024-09-06,779,4717
KROGER-1070,2024-09-07,695,5412
KROGER-1070,2024-09-08,714,6126
KROGER-1070,2024-09-09,722,6848
KROGER-1070,2024-09-10,791,7639
KROGER-1070,2024-09-11,669,8308
KROGER-1070,2024-09-12,742,9050
KROGER-1070,2024-09-13,742,9792
KROGER-1070,2024-09-14,840,10632
KROGER-1070,2024-09-15,833,11465
KROGER-1070,2024-09-16,692,12157
KROGER-1070,2024-09-17,840,12997
KROGER-1070,2024-09-18,682,13679
KROGER-1070,2024-09-19,818,14497
KROGER-1070,2024-09-20,719,15216
KROGER-1070,2024-09-21,800,16016
KROGER-1070,2024-09-22,804,16820
KROGER-1070,2024-09-23,764,17584
KROGER-1070,2024-09-24,793,18377
KROGER-1070,2024-09-25,776,19153
KROGER-1070,2024-09-26,800,19953
KROGER-1070,2024-09-27,780,20733
KROGER-1070,2024-09-28,710,21443
KROGER-1070,2024-09-29,807,22250
KROGER-1070,2024-09-30,719,22969
KROGER-1070,2024-10-01,686,23655
KROGER-1070,2024-10-02,735,24390
KROGER-1070,2024-10-03,764,25154
KROGER-1070,2024-10-04,768,25922
KROGER-1070,2024-10-05,857,26779
KROGER-1070,2024-10-06,873,27652
KROGER-1070,2024-10-07,773,28425
KROGER-1070,2024-10-08,784,29209
KROGER-1070,2024-10-09,758,29967
KROGER-1070,2024-10-10,799,30766
KROGER-1070,2024-10-11,782,31548
KROGER-1070,2024-10-12,787,32335
KROGER-1070,2024-10-13,926,33261
KROGER-1070,2024-10-14,720,33981
KROGER-1070,2024-10-15,840,34821
KROGER-1070,2024-10-16,671,35492
KROGER-1070,2024-10-17,801,36293
KROGER-1070,2024-10-18,839,37132
KROGER-1070,2024-10-19,669,37801
KROGER-1070,2024-10-20,799,38600
KROGER-1070,2024-10-21,796,39396
KROGER-1070,2024-10-22,768,40164
KROGER-1070,2024-10-23,775,40939
KROGER-1070,2024-10-24,761,41700
KROGER-1070,2024-10-25,687,42387
KROGER-1070,2024-10-26,940,43327
KROGER-1070,2024-10-27,758,44085
KROGER-1070,2024-10-28,779,44864
KROGER-1070,2024-10-29,714,45578
KROGER-1070,2024-10-30,615,46193
KROGER-1070,2024-10-31,697,46890
KROGER-1070,2024-11-01,798,47688
KROGER-1070,2024-11-02,1031,48719
KROGER-1070,2024-11-03,902,49621
KROGER-1070,2024-11-04,866,50487
KROGER-1070,2024-11-05,826,51313
KROGER-1070,2024-11-06,910,52223
KROGER-1070,2024-11-07,851,53074
KROGER-1070,2024-11-08,975,54049
KROGER-1070,2024-11-09,971,55020
KROGER-1070,2024-11-10,905,55925
KROGER-1070,2024-11-11,965,56890
KROGER-1070,2024-11-12,904,57794
KROGER-1070,2024-11-13,905,58699
KROGER-1070,2024-11-14,797,59496
KROGER-1070,2024-11-15,898,60394
KROGER-1070,2024-11-16,973,61367
KROGER-1070,2024-11-17,1049,62416
KROGER-1070,2024-11-18,849,63265
KROGER-1070,2024-11-19,1068,64333
KROGER-1070,2024-11-20,943,65276
KROGER-1070,2024-11-21,793,66069
KROGER-1070,2024-11-22,842,66911
KROGER-1070,2024-11-23,1056,67967
KROGER-1070,2024-11-24,1043,69010
KROGER-1070,2024-11-25,904,69914
KROGER-1070,2024-11-26,914,70828
KROGER-1070,2024-11-27,819,71647
KROGER-1070,2024-11-28,999,72646
KROGER-1070,2024-11-29,832,73478
KROGER-1070,2024-11-30,1012,74490
KROGER-1070,2024-12-01,1051,75541
KROGER-1070,2024-12-02,907,76448
KROGER-1070,2024-12-03,973,77421
KROGER-1070,2024-12-04,1037,78458
KROGER-1070,2024-12-05,922,79380
KROGER-1070,2024-12-06,890,80270
KROGER-1070,2024-12-07,943,81213
KROGER-1070,2024-12-08,892,82105
KROGER-1070,2024-12-09,848,82953
KROGER-1070,2024-12-10,935,83888
KROGER-1070,2024-12-11,891,84779
KROGER-1070,2024-12-12,927,85706
KROGER-1070,2024-12-13,795,86501
KROGER-1070,2024-12-14,941,87442
KROGER-1070,2024-12-15,1026,88468
KROGER-1070,2024-12-16,822,89290
KROGER-1070,2024-12-17,904,90194
KROGER-1070,2024-12-18,769,90963
KROGER-1070,2024-12-19,809,91772
KROGER-1070,2024-12-20,961,92733
KROGER-1070,2024-12-21,925,93658
KROGER-1070,2024-12-22,1087,94745
KROGER-1070,2024-12-23,934,95679
KROGER-1070,2024-12-24,941,96620
KROGER-1070,2024-12-25,825,97445
KROGER-1070,2024-12-26,875,98320
KROGER-1070,2024-12-27,850,99170
KROGER-1070,2024-12-28,867,100037
KROGER-1070,2024-12-29,999,101036
KROGER-1070,2024-12-30,966,102002
KROGER-1070,2024-12-31,932,102934
KROGER-1070,2025-01-01,703,103637
KROGER-1070,2025-01-02,772,104409
KROGER-1070,2025-01-03,637,105046
KROGER-1070,2025-01-04,874,105920
KROGER-1070,2025-01-05,708,106628
KROGER-1070,2025-01-06,685,107313
KROGER-1070,2025-01-07,759,108072
KROGER-1070,2025-01-08,765,108837
KROGER-1070,2025-01-09,748,109585
KROGER-1070,2025-01-10,686,110271
KROGER-1070,2025-01-11,862,111133
KROGER-1070,2025-01-12,683,111816
KROGER-1070,2025-01-13,663,112479
KROGER-1070,2025-01-14,746,113225
KROGER-1070,2025-01-15,676,113901
KROGER-1070,2025-01-16,826,114727
KROGER-1070,2025-01-17,681,115408
KROGER-1070,2025-01-18,889,116297
KROGER-1070,2025-01-19,856,117153
KROGER-1070,2025-01-20,827,117980
KROGER-1070,2025-01-21,866,118846
KROGER-1070,2025-01-22,757,119603
KROGER-1070,2025-01-23,691,120294
KROGER-1070,2025-01-24,746,121040
KROGER-1070,2025-01-25,754,121794
KROGER-1070,2025-01-26,745,122539
KROGER-1070,2025-01-27,762,123301
KROGER-1070,2025-01-28,734,124035
KROGER-1070,2025-01-29,707,124742
KROGER-1070,2025-01-30,738,125480
KROGER-1070,2025-01-31,786,126266
KROGER-1070,2025-02-01,851,127117
KROGER-1070,2025-02-02,689,127806
KROGER-1070,2025-02-03,734,128540
KROGER-1070,2025-02-04,744,129284
KROGER-1070,2025-02-05,681,129965
KROGER-1070,2025-02-06,745,130710
KROGER-1070,2025-02-07,761,131471
KROGER-1070,2025-02-08,823,132294
KROGER-1070,2025-02-09,795,133089
KROGER-1070,2025-02-10,699,133788
KROGER-1070,2025-02-11,874,134662
KROGER-1070,2025-02-12,802,135464
KROGER-1070,2025-02-13,786,136250
KROGER-1070,2025-02-14,813,137063
KROGER-1070,2025-02-15,806,137869
KROGER-1070,2025-02-16,871,138740
KROGER-1070,2025-02-17,756,139496
KROGER-1070,2025-02-18,753,140249
KROGER-1070,2025-02-19,791,141040
KROGER-1070,2025-02-20,847,141887
KROGER-1070,2025-02-21,844,142731
KROGER-1070,2025-02-22,828,143559
KROGER-1070,2025-02-23,823,144382
KROGER-1070,2025-02-24,794,145176
KROGER-1070,2025-02-25,812,145988
KROGER-1070,2025-02-26,831,146819
KROGER-1070,2025-02-27,738,147557
KROGER-1070,2025-02-28,832,148389
KROGER-1070,2025-03-01,812,149201
KROGER-1070,2025-03-02,831,150032
KROGER-1070,2025-03-03,836,150868
KROGER-1070,2025-03-04,797,151665
KROGER-1070,2025-03-05,808,152473
KROGER-1070,2025-03-06,729,153202
KROGER-1070,2025-03-07,843,154045
KROGER-1070,2025-03-08,834,154879
KROGER-1070,2025-03-09,798,155677
KROGER-1070,2025-03-10,819,156496
KROGER-1070,2025-03-11,908,157404
KROGER-1070,2025-03-12,682,158086
KROGER-1070,2025-03-13,704,158790
KROGER-1070,2025-03-14,914,159704
KROGER-1070,2025-03-15,817,160521
KROGER-1070,2025-03-16,802,161323
KROGER-1070,2025-03-17,746,162069
KROGER-1070,2025-03-18,825,162894
KROGER-1070,2025-03-19,910,163804
KROGER-1070,2025-03-20,712,164516
KROGER-1070,2025-03-21,747,165263
KROGER-1070,2025-03-22,768,166031
KROGER-1070,2025-03-23,836,166867
KROGER-1070,2025-03-24,826,167693
KROGER-1070,2025-03-25,850,168543
KROGER-1070,2025-03-26,799,169342
KROGER-1070,2025-03-27,904,170246
KROGER-1070,2025-03-28,718,170964
KROGER-1070,2025-03-29,737,171701
KROGER-1070,2025-03-30,883,172584
KROGER-1070,2025-03-31,760,173344
KROGER-1070,2025-04-01,670,174014
KROGER-1070,2025-04-02,733,174747
KROGER-1070,2025-04-03,768,175515
KROGER-1070,2025-04-04,714,176229
KROGER-1070,2025-04-05,726,176955
KROGER-1070,2025-04-06,777,177732
KROGER-1070,2025-04-07,688,178420
KROGER-1070,2025-04-08,791,179211
KROGER-1070,2025-04-09,635,179846
KROGER-1070,2025-04-10,758,180604
KROGER-1070,2025-04-11,784,181388
KROGER-1070,2025-04-12,784,182172
KROGER-1070,2025-04-13,859,183031
KROGER-1070,2025-04-14,670,183701
KROGER-1070,2025-04-15,710,184411
KROGER-1070,2025-04-16,733,185144
KROGER-1070,2025-04-17,795,185939
KROGER-1070,2025-04-18,766,186705
KROGER-1070,2025-04-19,926,187631
KROGER-1070,2025-04-20,739,188370
KROGER-1070,2025-04-21,668,189038
KROGER-1070,2025-04-22,860,189898
KROGER-1070,2025-04-23,666,190564
KROGER-1070,2025-04-24,794,191358
KROGER-1070,2025-04-25,694,192052
KROGER-1070,2025-04-26,659,192711
KROGER-1070,2025-04-27,900,193611
KROGER-1070,2025-04-28,743,194354
KROGER-1070,2025-04-29,669,195023
KROGER-1070,2025-04-30,771,195794
KROGER-1070,2025-05-01,735,196529
KROGER-1070,2025-05-02,672,197201
KROGER-1070,2025-05-03,832,198033
KROGER-1070,2025-05-04,562,198595
KROGER-1070,2025-05-05,770,199365
KROGER-1070,2025-05-06,610,199975
KROGER-1070,2025-05-07,753,200728
KROGER-1070,2025-05-08,786,201514
KROGER-1070,2025-05-09,797,202311
KROGER-1070,2025-05-10,841,203152
KROGER-1070,2025-05-11,723,203875
KROGER-1070,2025-05-12,764,204639
KROGER-1070,2025-05-13,710,205349
KROGER-1070,2025-05-14,707,206056
KROGER-1070,2025-05-15,746,206802
KROGER-1070,2025-05-16,727,207529
KROGER-1070,2025-05-17,725,208254
KROGER-1070,2025-05-18,810,209064
KROGER-1070,2025-05-19,786,209850
KROGER-1070,2025-05-20,701,210551
KROGER-1070,2025-05-21,741,211292
KROGER-1070,2025-05-22,742,212034
KROGER-1070,2025-05-23,743,212777
KROGER-1070,2025-05-24,787,213564
KROGER-1070,2025-05-25,808,214372
KROGER-1070,2025-05-26,823,215195
KROGER-1070,2025-05-27,760,215955
KROGER-1070,2025-05-28,722,216677
KROGER-1070,2025-05-29,752,217429
KROGER-1070,2025-05-30,688,218117
KROGER-1070,2025-05-31,733,218850
KROGER-1070,2025-06-01,817,219667
KROGER-1070,2025-06-02,564,220231
KROGER-1070,2025-06-03,739,220970
KROGER-1070,2025-06-04,808,221778
KROGER-1070,2025-06-05,777,222555
KROGER-1070,2025-06-06,804,223359
KROGER-1070,2025-06-07,811,224170
KROGER-1070,2025-06-08,916,225086
KROGER-1070,2025-06-09,678,225764
KROGER-1070,2025-06-10,759,226523
KROGER-1070,2025-06-11,796,227319
KROGER-1070,2025-06-12,727,228046
KROGER-1070,2025-06-13,823,228869
KROGER-1070,2025-06-14,828,229697
KROGER-1070,2025-06-15,696,230393
KROGER-1070,2025-06-16,774,231167
KROGER-1070,2025-06-17,789,231956
KROGER-1070,2025-06-18,851,232807
KROGER-1070,2025-06-19,742,233549
KROGER-1070,2025-06-20,786,234335
KROGER-1070,2025-06-21,806,235141
KROGER-1070,2025-06-22,755,235896
KROGER-1070,2025-06-23,731,236627
KROGER-1070,2025-06-24,620,237247
KROGER-1070,2025-06-25,724,237971
KROGER-1070,2025-06-26,847,238818
KROGER-1070,2025-06-27,742,239560
KROGER-1070,2025-06-28,844,240404
KROGER-1070,2025-06-29,805,241209
KROGER-1070,2025-06-30,778,241987
KROGER-1070,2025-07-01,873,242860
KROGER-1070,2025-07-02,728,243588
KROGER-1070,2025-07-03,727,244315
KROGER-1070,2025-07-04,818,245133
KROGER-1070,2025-07-05,785,245918
KROGER-1070,2025-07-06,773,246691
KROGER-1070,2025-07-07,810,247501
KROGER-1070,2025-07-08,768,248269
KROGER-1070,2025-07-09,743,249012
KROGER-1070,2025-07-10,732,249744
KROGER-1070,2025-07-11,702,250446
KROGER-1070,2025-07-12,692,251138
KROGER-1070,2025-07-13,860,251998
KROGER-1070,2025-07-14,727,252725
KROGER-1070,2025-07-15,650,253375
KROGER-1070,2025-07-16,860,254235
KROGER-1070,2025-07-17,758,254993
KROGER-1070,2025-07-18,754,255747
KROGER-1070,2025-07-19,690,256437
KROGER-1070,2025-07-20,827,257264
KROGER-1070,2025-07-21,720,257984
KROGER-1070,2025-07-22,721,258705
KROGER-1070,2025-07-23,777,259482
KROGER-1070,2025-07-24,760,260242
KROGER-1070,2025-07-25,694,260936
KROGER-1070,2025-07-26,700,261636
KROGER-1070,2025-07-27,801,262437
KROGER-1070,2025-07-28,757,263194
KROGER-1070,2025-07-29,909,264103
KROGER-1070,2025-07-30,617,264720
KROGER-1070,2025-07-31,761,265481
KROGER-1070,2025-08-01,655,266136
KROGER-1070,2025-08-02,764,266900
KROGER-1070,2025-08-03,763,267663
KROGER-1070,2025-08-04,785,268448
KROGER-1070,2025-08-05,787,269235
KROGER-1070,2025-08-06,835,270070
KROGER-1070,2025-08-07,767,270837
KROGER-1070,2025-08-08,812,271649
KROGER-1070,2025-08-09,877,272526
KROGER-1070,2025-08-10,806,273332
KROGER-1070,2025-08-11,823,274155
KROGER-1070,2025-08-12,765,274920
KROGER-1070,2025-08-13,752,275672
KROGER-1070,2025-08-14,714,276386
KROGER-1070,2025-08-15,775,277161
KROGER-1070,2025-08-16,812,277973
KROGER-1070,2025-08-17,813,278786
KROGER-1070,2025-08-18,821,279607
KROGER-1070,2025-08-19,807,280414
KROGER-1070,2025-08-20,664,281078
KROGER-1070,2025-08-21,665,281743
KROGER-1070,2025-08-22,760,282503
KROGER-1070,2025-08-23,728,283231
KROGER-1070,2025-08-24,784,284015
KROGER-1070,2025-08-25,698,284713
KROGER-1070,2025-08-26,758,285471
KROGER-1070,2025-08-27,691,286162
KROGER-1070,2025-08-28,777,286939
KROGER-1070,2025-08-29,688,287627
KROGER-1070,2025-08-30,799,288426
KROGER-1070,2025-08-31,683,289109
KROGER-1071,2024-09-01,658,658
KROGER-1071,2024-09-02,728,1386
KROGER-1071,2024-09-03,759,2145
KROGER-1071,2024-09-04,739,2884
KROGER-1071,2024-09-05,730,3614
KROGER-1071,2024-09-06,770,4384
KROGER-1071,2024-09-07,779,5163
KROGER-1071,2024-09-08,634,5797
KROGER-1071,2024-09-09,741,6538
KROGER-1071,2024-09-10,740,7278
KROGER-1071,2024-09-11,585,7863
KROGER-1071,2024-09-12,652,8515
KROGER-1071,2024-09-13,776,9291
KROGER-1071,2024-09-14,716,10007
KROGER-1071,2024-09-15,657,10664
KROGER-1071,2024-09-16,736,11400
KROGER-1071,2024-09-17,673,12073
KROGER-1071,2024-09-18,667,12740
KROGER-1071,2024-09-19,737,13477
KROGER-1071,2024-09-20,711,14188
KROGER-1071,2024-09-21,716,14904
KROGER-1071,2024-09-22,742,15646
KROGER-1071,2024-09-23,679,16325
KROGER-1071,2024-09-24,739,17064
KROGER-1071,2024-09-25,611,17675
KROGER-1071,2024-09-26,678,18353
KROGER-1071,2024-09-27,666,19019
KROGER-1071,2024-09-28,741,19760
KROGER-1071,2024-09-29,658,20418
KROGER-1071,2024-09-30,771,21189
KROGER-1071,2024-10-01,648,21837
KROGER-1071,2024-10-02,747,22584
KROGER-1071,2024-10-03,722,23306
KROGER-1071,2024-10-04,700,24006
KROGER-1071,2024-10-05,737,24743
KROGER-1071,2024-10-06,616,25359
KROGER-1071,2024-10-07,661,26020
KROGER-1071,2024-10-08,868,26888
KROGER-1071,2024-10-09,700,27588
KROGER-1071,2024-10-10,711,28299
KROGER-1071,2024-10-11,583,28882
KROGER-1071,2024-10-12,709,29591
KROGER-1071,2024-10-13,702,30293
KROGER-1071,2024-10-14,648,30941
KROGER-1071,2024-10-15,720,31661
KROGER-1071,2024-10-16,665,32326
KROGER-1071,2024-10-17,649,32975
KROGER-1071,2024-10-18,608,33583
KROGER-1071,2024-10-19,659,34242
KROGER-1071,2024-10-20,666,34908
KROGER-1071,2024-10-21,670,35578
KROGER-1071,2024-10-22,661,36239
KROGER-1071,2024-10-23,654,36893
KROGER-1071,2024-10-24,596,37489
KROGER-1071,2024-10-25,633,38122
KROGER-1071,2024-10-26,730,38852
KROGER-1071,2024-10-27,808,39660
KROGER-1071,2024-10-28,777,40437
KROGER-1071,2024-10-29,799,41236
KROGER-1071,2024-10-30,703,41939
KROGER-1071,2024-10-31,686,42625
KROGER-1071,2024-11-01,868,43493
KROGER-1071,2024-11-02,843,44336
KROGER-1071,2024-11-03,924,45260
KROGER-1071,2024-11-04,816,46076
KROGER-1071,2024-11-05,845,46921
KROGER-1071,2024-11-06,778,47699
KROGER-1071,2024-11-07,890,48589
KROGER-1071,2024-11-08,761,49350
KROGER-1071,2024-11-09,824,50174
KROGER-1071,2024-11-10,844,51018
KROGER-1071,2024-11-11,771,51789
KROGER-1071,2024-11-12,864,52653
KROGER-1071,2024-11-13,835,53488
KROGER-1071,2024-11-14,762,54250
KROGER-1071,2024-11-15,792,55042
KROGER-1071,2024-11-16,878,55920
KROGER-1071,2024-11-17,882,56802
KROGER-1071,2024-11-18,763,57565
KROGER-1071,2024-11-19,828,58393
KROGER-1071,2024-11-20,868,59261
KROGER-1071,2024-11-21,806,60067
KROGER-1071,2024-11-22,759,60826
KROGER-1071,2024-11-23,960,61786
KROGER-1071,2024-11-24,911,62697
KROGER-1071,2024-11-25,799,63496
KROGER-1071,2024-11-26,833,64329
KROGER-1071,2024-11-27,803,65132
KROGER-1071,2024-11-28,761,65893
KROGER-1071,2024-11-29,872,66765
KROGER-1071,2024-11-30,984,67749
KROGER-1071,2024-12-01,931,68680
KROGER-1071,2024-12-02,843,69523
KROGER-1071,2024-12-03,806,70329
KROGER-1071,2024-12-04,650,70979
KROGER-1071,2024-12-05,930,71909
KROGER-1071,2024-12-06,782,72691
KROGER-1071,2024-12-07,926,73617
KROGER-1071,2024-12-08,933,74550
KROGER-1071,2024-12-09,887,75437
KROGER-1071,2024-12-10,734,76171
KROGER-1071,2024-12-11,892,77063
KROGER-1071,2024-12-12,795,77858
KROGER-1071,2024-12-13,821,78679
KROGER-1071,2024-12-14,860,79539
KROGER-1071,2024-12-15,825,80364
KROGER-1071,2024-12-16,807,81171
KROGER-1071,2024-12-17,836,82007
KROGER-1071,2024-12-18,764,82771
KROGER-1071,2024-12-19,718,83489
KROGER-1071,2024-12-20,886,84375
KROGER-1071,2024-12-21,888,85263
KROGER-1071,2024-12-22,738,86001
KROGER-1071,2024-12-23,853,86854
KROGER-1071,2024-12-24,814,87668
KROGER-1071,2024-12-25,740,88408
KROGER-1071,2024-12-26,790,89198
KROGER-1071,2024-12-27,851,90049
KROGER-1071,2024-12-28,799,90848
KROGER-1071,2024-12-29,797,91645
KROGER-1071,2024-12-30,789,92434
KROGER-1071,2024-12-31,764,93198
KROGER-1071,2025-01-01,628,93826
KROGER-1071,2025-01-02,627,94453
KROGER-1071,2025-01-03,713,95166
KROGER-1071,2025-01-04,671,95837
KROGER-1071,2025-01-05,786,96623
KROGER-1071,2025-01-06,808,97431
KROGER-1071,2025-01-07,680,98111
KROGER-1071,2025-01-08,800,98911
KROGER-1071,2025-01-09,719,99630
KROGER-1071,2025-01-10,698,100328
KROGER-1071,2025-01-11,720,101048
KROGER-1071,2025-01-12,610,101658
KROGER-1071,2025-01-13,664,102322
KROGER-1071,2025-01-14,627,102949
KROGER-1071,2025-01-15,737,103686
KROGER-1071,2025-01-16,783,104469
KROGER-1071,2025-01-17,700,105169
KROGER-1071,2025-01-18,738,105907
KROGER-1071,2025-01-19,779,106686
KROGER-1071,2025-01-20,695,107381
KROGER-1071,2025-01-21,755,108136
KROGER-1071,2025-01-22,819,108955
KROGER-1071,2025-01-23,768,109723
KROGER-1071,2025-01-24,654,110377
KROGER-1071,2025-01-25,772,111149
KROGER-1071,2025-01-26,684,111833
KROGER-1071,2025-01-27,676,112509
KROGER-1071,2025-01-28,779,113288
KROGER-1071,2025-01-29,634,113922
KROGER-1071,2025-01-30,667,114589
KROGER-1071,2025-01-31,752,115341
KROGER-1071,2025-02-01,673,116014
KROGER-1071,2025-02-02,612,116626
KROGER-1071,2025-02-03,606,117232
KROGER-1071,2025-02-04,655,117887
KROGER-1071,2025-02-05,686,118573
KROGER-1071,2025-02-06,672,119245
KROGER-1071,2025-02-07,660,119905
KROGER-1071,2025-02-08,728,120633
KROGER-1071,2025-02-09,694,121327
KROGER-1071,2025-02-10,650,121977
KROGER-1071,2025-02-11,701,122678
KROGER-1071,2025-02-12,695,123373
KROGER-1071,2025-02-13,745,124118
KROGER-1071,2025-02-14,800,124918
KROGER-1071,2025-02-15,601,125519
KROGER-1071,2025-02-16,753,126272
KROGER-1071,2025-02-17,697,126969
KROGER-1071,2025-02-18,759,127728
KROGER-1071,2025-02-19,661,128389
KROGER-1071,2025-02-20,668,129057
KROGER-1071,2025-02-21,617,129674
KROGER-1071,2025-02-22,782,130456
KROGER-1071,2025-02-23,731,131187
KROGER-1071,2025-02-24,751,131938
KROGER-1071,2025-02-25,665,132603
KROGER-1071,2025-02-26,652,133255
KROGER-1071,2025-02-27,729,133984
KROGER-1071,2025-02-28,670,134654
KROGER-1071,2025-03-01,760,135414
KROGER-1071,2025-03-02,753,136167
KROGER-1071,2025-03-03,695,136862
KROGER-1071,2025-03-04,655,137517
KROGER-1071,2025-03-05,708,138225
KROGER-1071,2025-03-06,647,138872
KROGER-1071,2025-03-07,694,139566
KROGER-1071,2025-03-08,821,140387
KROGER-1071,2025-03-09,795,141182
KROGER-1071,2025-03-10,661,141843
KROGER-1071,2025-03-11,704,142547
KROGER-1071,2025-03-12,659,143206
KROGER-1071,2025-03-13,704,143910
KROGER-1071,2025-03-14,638,144548
KROGER-1071,2025-03-15,685,145233
KROGER-1071,2025-03-16,832,146065
KROGER-1071,2025-03-17,696,146761
KROGER-1071,2025-03-18,664,147425
KROGER-1071,2025-03-19,571,147996
KROGER-1071,2025-03-20,698,148694
KROGER-1071,2025-03-21,809,149503
KROGER-1071,2025-03-22,690,150193
KROGER-1071,2025-03-23,701,150894
KROGER-1071,2025-03-24,691,151585
KROGER-1071,2025-03-25,654,152239
KROGER-1071,2025-03-26,810,153049
KROGER-1071,2025-03-27,743,153792
KROGER-1071,2025-03-28,727,154519
KROGER-1071,2025-03-29,845,155364
KROGER-1071,2025-03-30,822,156186
KROGER-1071,2025-03-31,693,156879
KROGER-1071,2025-04-01,673,157552
KROGER-1071,2025-04-02,673,158225
KROGER-1071,2025-04-03,659,158884
KROGER-1071,2025-04-04,677,159561
KROGER-1071,2025-04-05,693,160254
KROGER-1071,2025-04-06,658,160912
KROGER-1071,2025-04-07,555,161467
KROGER-1071,2025-04-08,746,162213
KROGER-1071,2025-04-09,542,162755
KROGER-1071,2025-04-10,708,163463
KROGER-1071,2025-04-11,742,164205
KROGER-1071,2025-04-12,749,164954
KROGER-1071,2025-04-13,715,165669
KROGER-1071,2025-04-14,701,166370
KROGER-1071,2025-04-15,665,167035
KROGER-1071,2025-04-16,684,167719
KROGER-1071,2025-04-17,671,168390
KROGER-1071,2025-04-18,651,169041
KROGER-1071,2025-04-19,792,169833
KROGER-1071,2025-04-20,774,170607
KROGER-1071,2025-04-21,680,171287
KROGER-1071,2025-04-22,691,171978
KROGER-1071,2025-04-23,647,172625
KROGER-1071,2025-04-24,709,173334
KROGER-1071,2025-04-25,683,174017
KROGER-1071,2025-04-26,704,174721
KROGER-1071,2025-04-27,738,175459
KROGER-1071,2025-04-28,693,176152
KROGER-1071,2025-04-29,642,176794
KROGER-1071,2025-04-30,700,177494
KROGER-1071,2025-05-01,795,178289
KROGER-1071,2025-05-02,657,178946
KROGER-1071,2025-05-03,666,179612
KROGER-1071,2025-05-04,715,180327
KROGER-1071,2025-05-05,641,180968
KROGER-1071,2025-05-06,638,181606
KROGER-1071,2025-05-07,703,182309
KROGER-1071,2025-05-08,734,183043
KROGER-1071,2025-05-09,704,183747
KROGER-1071,2025-05-10,657,184404
KROGER-1071,2025-05-11,684,185088
KROGER-1071,2025-05-12,706,185794
KROGER-1071,2025-05-13,725,186519
KROGER-1071,2025-05-14,677,187196
KROGER-1071,2025-05-15,639,187835
KROGER-1071,2025-05-16,731,188566
KROGER-1071,2025-05-17,828,189394
KROGER-1071,2025-05-18,788,190182
KROGER-1071,2025-05-19,798,190980
KROGER-1071,2025-05-20,654,191634
KROGER-1071,2025-05-21,746,192380
KROGER-1071,2025-05-22,760,193140
KROGER-1071,2025-05-23,662,193802
KROGER-1071,2025-05-24,675,194477
KROGER-1071,2025-05-25,667,195144
KROGER-1071,2025-05-26,684,195828
KROGER-1071,2025-05-27,606,196434
KROGER-1071,2025-05-28,782,197216
KROGER-1071,2025-05-29,618,197834
KROGER-1071,2025-05-30,712,198546
KROGER-1071,2025-05-31,592,199138
KROGER-1071,2025-06-01,841,199979
KROGER-1071,2025-06-02,758,200737
KROGER-1071,2025-06-03,601,201338
KROGER-1071,2025-06-04,705,202043
KROGER-1071,2025-06-05,675,202718
KROGER-1071,2025-06-06,697,203415
KROGER-1071,2025-06-07,760,204175
KROGER-1071,2025-06-08,677,204852
KROGER-1071,2025-06-09,686,205538
KROGER-1071,2025-06-10,589,206127
KROGER-1071,2025-06-11,693,206820
KROGER-1071,2025-06-12,575,207395
KROGER-1071,2025-06-13,761,208156
KROGER-1071,2025-06-14,638,208794
KROGER-1071,2025-06-15,740,209534
KROGER-1071,2025-06-16,734,210268
KROGER-1071,2025-06-17,791,211059
KROGER-1071,2025-06-18,786,211845
KROGER-1071,2025-06-19,765,212610
KROGER-1071,2025-06-20,688,213298
KROGER-1071,2025-06-21,788,214086
KROGER-1071,2025-06-22,739,214825
KROGER-1071,2025-06-23,709,215534
KROGER-1071,2025-06-24,654,216188
KROGER-1071,2025-06-25,785,216973
KROGER-1071,2025-06-26,644,217617
KROGER-1071,2025-06-27,630,218247
KROGER-1071,2025-06-28,747,218994
KROGER-1071,2025-06-29,619,219613
KROGER-1071,2025-06-30,695,220308
KROGER-1071,2025-07-01,779,221087
KROGER-1071,2025-07-02,712,221799
KROGER-1071,2025-07-03,690,222489
KROGER-1071,2025-07-04,642,223131
KROGER-1071,2025-07-05,636,223767
KROGER-1071,2025-07-06,773,224540
KROGER-1071,2025-07-07,690,225230
KROGER-1071,2025-07-08,723,225953
KROGER-1071,2025-07-09,568,226521
KROGER-1071,2025-07-10,729,227250
KROGER-1071,2025-07-11,798,228048
KROGER-1071,2025-07-12,801,228849
KROGER-1071,2025-07-13,740,229589
KROGER-1071,2025-07-14,631,230220
KROGER-1071,2025-07-15,695,230915
KROGER-1071,2025-07-16,697,231612
KROGER-1071,2025-07-17,661,232273
KROGER-1071,2025-07-18,666,232939
KROGER-1071,2025-07-19,845,233784
KROGER-1071,2025-07-20,667,234451
KROGER-1071,2025-07-21,665,235116
KROGER-1071,2025-07-22,720,235836
KROGER-1071,2025-07-23,809,236645
KROGER-1071,2025-07-24,672,237317
KROGER-1071,2025-07-25,589,237906
KROGER-1071,2025-07-26,599,238505
KROGER-1071,2025-07-27,869,239374
KROGER-1071,2025-07-28,583,239957
KROGER-1071,2025-07-29,693,240650
KROGER-1071,2025-07-30,605,241255
KROGER-1071,2025-07-31,645,241900
KROGER-1071,2025-08-01,653,242553
KROGER-1071,2025-08-02,610,243163
KROGER-1071,2025-08-03,794,243957
KROGER-1071,2025-08-04,712,244669
KROGER-1071,2025-08-05,665,245334
KROGER-1071,2025-08-06,657,245991
KROGER-1071,2025-08-07,749,246740
KROGER-1071,2025-08-08,694,247434
KROGER-1071,2025-08-09,844,248278
KROGER-1071,2025-08-10,697,248975
KROGER-1071,2025-08-11,712,249687
KROGER-1071,2025-08-12,621,250308
KROGER-1071,2025-08-13,665,250973
KROGER-1071,2025-08-14,746,251719
KROGER-1071,2025-08-15,754,252473
KROGER-1071,2025-08-16,830,253303
KROGER-1071,2025-08-17,749,254052
KROGER-1071,2025-08-18,757,254809
KROGER-1071,2025-08-19,723,255532
KROGER-1071,2025-08-20,666,256198
KROGER-1071,2025-08-21,605,256803
KROGER-1071,2025-08-22,676,257479
KROGER-1071,2025-08-23,657,258136
KROGER-1071,2025-08-24,784,258920
KROGER-1071,2025-08-25,750,259670
KROGER-1071,2025-08-26,633,260303
KROGER-1071,2025-08-27,750,261053
KROGER-1071,2025-08-28,624,261677
KROGER-1071,2025-08-29,768,262445
KROGER-1071,2025-08-30,714,263159
KROGER-1071,2025-08-31,750,263909
KROGER-1072,2024-09-01,723,723
KROGER-1072,2024-09-02,646,1369
KROGER-1072,2024-09-03,610,1979
KROGER-1072,2024-09-04,660,2639
KROGER-1072,2024-09-05,569,3208
KROGER-1072,2024-09-06,522,3730
KROGER-1072,2024-09-07,707,4437
KROGER-1072,2024-09-08,580,5017
KROGER-1072,2024-09-09,662,5679
KROGER-1072,2024-09-10,624,6303
KROGER-1072,2024-09-11,616,6919
KROGER-1072,2024-09-12,570,7489
KROGER-1072,2024-09-13,595,8084
KROGER-1072,2024-09-14,648,8732
KROGER-1072,2024-09-15,658,9390
KROGER-1072,2024-09-16,572,9962
KROGER-1072,2024-09-17,654,10616
KROGER-1072,2024-09-18,657,11273
KROGER-1072,2024-09-19,641,11914
KROGER-1072,2024-09-20,595,12509
KROGER-1072,2024-09-21,692,13201
KROGER-1072,2024-09-22,680,13881
KROGER-1072,2024-09-23,520,14401
KROGER-1072,2024-09-24,627,15028
KROGER-1072,2024-09-25,712,15740
KROGER-1072,2024-09-26,665,16405
KROGER-1072,2024-09-27,674,17079
KROGER-1072,2024-09-28,611,17690
KROGER-1072,2024-09-29,654,18344
KROGER-1072,2024-09-30,608,18952
KROGER-1072,2024-10-01,617,19569
KROGER-1072,2024-10-02,591,20160
KROGER-1072,2024-10-03,556,20716
KROGER-1072,2024-10-04,620,21336
KROGER-1072,2024-10-05,607,21943
KROGER-1072,2024-10-06,678,22621
KROGER-1072,2024-10-07,615,23236
KROGER-1072,2024-10-08,522,23758
KROGER-1072,2024-10-09,685,24443
KROGER-1072,2024-10-10,638,25081
KROGER-1072,2024-10-11,594,25675
KROGER-1072,2024-10-12,630,26305
KROGER-1072,2024-10-13,584,26889
KROGER-1072,2024-10-14,614,27503
KROGER-1072,2024-10-15,650,28153
KROGER-1072,2024-10-16,703,28856
KROGER-1072,2024-10-17,612,29468
KROGER-1072,2024-10-18,619,30087
KROGER-1072,2024-10-19,710,30797
KROGER-1072,2024-10-20,588,31385
KROGER-1072,2024-10-21,624,32009
KROGER-1072,2024-10-22,579,32588
KROGER-1072,2024-10-23,623,33211
KROGER-1072,2024-10-24,663,33874
KROGER-1072,2024-10-25,535,34409
KROGER-1072,2024-10-26,705,35114
KROGER-1072,2024-10-27,666,35780
KROGER-1072,2024-10-28,624,36404
KROGER-1072,2024-10-29,683,37087
KROGER-1072,2024-10-30,578,37665
KROGER-1072,2024-10-31,551,38216
KROGER-1072,2024-11-01,680,38896
KROGER-1072,2024-11-02,810,39706
KROGER-1072,2024-11-03,747,40453
KROGER-1072,2024-11-04,689,41142
KROGER-1072,2024-11-05,682,41824
KROGER-1072,2024-11-06,751,42575
KROGER-1072,2024-11-07,739,43314
KROGER-1072,2024-11-08,656,43970
KROGER-1072,2024-11-09,691,44661
KROGER-1072,2024-11-10,745,45406
KROGER-1072,2024-11-11,795,46201
KROGER-1072,2024-11-12,715,46916
KROGER-1072,2024-11-13,653,47569
KROGER-1072,2024-11-14,735,48304
KROGER-1072,2024-11-15,743,49047
KROGER-1072,2024-11-16,685,49732
KROGER-1072,2024-11-17,702,50434
KROGER-1072,2024-11-18,784,51218
KROGER-1072,2024-11-19,667,51885
KROGER-1072,2024-11-20,787,52672
KROGER-1072,2024-11-21,649,53321
KROGER-1072,2024-11-22,651,53972
KROGER-1072,2024-11-23,779,54751
KROGER-1072,2024-11-24,730,55481
KROGER-1072,2024-11-25,709,56190
KROGER-1072,2024-11-26,749,56939
KROGER-1072,2024-11-27,707,57646
KROGER-1072,2024-11-28,684,58330
KROGER-1072,2024-11-29,769,59099
KROGER-1072,2024-11-30,789,59888
KROGER-1072,2024-12-01,780,60668
KROGER-1072,2024-12-02,739,61407
KROGER-1072,2024-12-03,693,62100
KROGER-1072,2024-12-04,680,62780
KROGER-1072,2024-12-05,720,63500
KROGER-1072,2024-12-06,694,64194
KROGER-1072,2024-12-07,777,64971
KROGER-1072,2024-12-08,753,65724
KROGER-1072,2024-12-09,741,66465
KROGER-1072,2024-12-10,735,67200
KROGER-1072,2024-12-11,845,68045
KROGER-1072,2024-12-12,658,68703
KROGER-1072,2024-12-13,729,69432
KROGER-1072,2024-12-14,708,70140
KROGER-1072,2024-12-15,747,70887
KROGER-1072,2024-12-16,692,71579
KROGER-1072,2024-12-17,778,72357
KROGER-1072,2024-12-18,653,73010
KROGER-1072,2024-12-19,787,73797
KROGER-1072,2024-12-20,772,74569
KROGER-1072,2024-12-21,905,75474
KROGER-1072,2024-12-22,890,76364
KROGER-1072,2024-12-23,693,77057
KROGER-1072,2024-12-24,814,77871
KROGER-1072,2024-12-25,721,78592
KROGER-1072,2024-12-26,758,79350
KROGER-1072,2024-12-27,842,80192
KROGER-1072,2024-12-28,730,80922
KROGER-1072,2024-12-29,781,81703
KROGER-1072,2024-12-30,625,82328
KROGER-1072,2024-12-31,793,83121
KROGER-1072,2025-01-01,721,83842
KROGER-1072,2025-01-02,645,84487
KROGER-1072,2025-01-03,684,85171
KROGER-1072,2025-01-04,707,85878
KROGER-1072,2025-01-05,611,86489
KROGER-1072,2025-01-06,633,87122
KROGER-1072,2025-01-07,641,87763
KROGER-1072,2025-01-08,559,88322
KROGER-1072,2025-01-09,688,89010
KROGER-1072,2025-01-10,592,89602
KROGER-1072,2025-01-11,636,90238
KROGER-1072,2025-01-12,634,90872
KROGER-1072,2025-01-13,619,91491
KROGER-1072,2025-01-14,762,92253
KROGER-1072,2025-01-15,587,92840
KROGER-1072,2025-01-16,540,93380
KROGER-1072,2025-01-17,625,94005
KROGER-1072,2025-01-18,603,94608
KROGER-1072,2025-01-19,627,95235
KROGER-1072,2025-01-20,647,95882
KROGER-1072,2025-01-21,563,96445
KROGER-1072,2025-01-22,599,97044
KROGER-1072,2025-01-23,631,97675
KROGER-1072,2025-01-24,578,98253
KROGER-1072,2025-01-25,646,98899
KROGER-1072,2025-01-26,663,99562
KROGER-1072,2025-01-27,611,100173
KROGER-1072,2025-01-28,625,100798
KROGER-1072,2025-01-29,634,101432
KROGER-1072,2025-01-30,584,102016
KROGER-1072,2025-01-31,544,102560
KROGER-1072,2025-02-01,594,103154
KROGER-1072,2025-02-02,586,103740
KROGER-1072,2025-02-03,678,104418
KROGER-1072,2025-02-04,531,104949
KROGER-1072,2025-02-05,648,105597
KROGER-1072,2025-02-06,583,106180
KROGER-1072,2025-02-07,668,106848
KROGER-1072,2025-02-08,626,107474
KROGER-1072,2025-02-09,649,108123
KROGER-1072,2025-02-10,642,108765
KROGER-1072,2025-02-11,679,109444
KROGER-1072,2025-02-12,589,110033
KROGER-1072,2025-02-13,586,110619
KROGER-1072,2025-02-14,642,111261
KROGER-1072,2025-02-15,565,111826
KROGER-1072,2025-02-16,559,112385
KROGER-1072,2025-02-17,635,113020
KROGER-1072,2025-02-18,650,113670
KROGER-1072,2025-02-19,633,114303
KROGER-1072,2025-02-20,612,114915
KROGER-1072,2025-02-21,590,115505
KROGER-1072,2025-02-22,730,116235
KROGER-1072,2025-02-23,737,116972
KROGER-1072,2025-02-24,622,117594
KROGER-1072,2025-02-25,583,118177
KROGER-1072,2025-02-26,567,118744
KROGER-1072,2025-02-27,638,119382
KROGER-1072,2025-02-28,556,119938
KROGER-1072,2025-03-01,585,120523
KROGER-1072,2025-03-02,623,121146
KROGER-1072,2025-03-03,642,121788
KROGER-1072,2025-03-04,689,122477
KROGER-1072,2025-03-05,629,123106
KROGER-1072,2025-03-06,641,123747
KROGER-1072,2025-03-07,665,124412
KROGER-1072,2025-03-08,694,125106
KROGER-1072,2025-03-09,619,125725
KROGER-1072,2025-03-10,660,126385
KROGER-1072,2025-03-11,668,127053
KROGER-1072,2025-03-12,632,127685
KROGER-1072,2025-03-13,624,128309
KROGER-1072,2025-03-14,646,128955
KROGER-1072,2025-03-15,673,129628
KROGER-1072,2025-03-16,551,130179
KROGER-1072,2025-03-17,638,130817
KROGER-1072,2025-03-18,675,131492
KROGER-1072,2025-03-19,666,132158
KROGER-1072,2025-03-20,635,132793
KROGER-1072,2025-03-21,624,133417
KROGER-1072,2025-03-22,627,134044
KROGER-1072,2025-03-23,642,134686
KROGER-1072,2025-03-24,653,135339
KROGER-1072,2025-03-25,636,135975
KROGER-1072,2025-03-26,661,136636
KROGER-1072,2025-03-27,591,137227
KROGER-1072,2025-03-28,670,137897
KROGER-1072,2025-03-29,616,138513
KROGER-1072,2025-03-30,658,139171
KROGER-1072,2025-03-31,589,139760
KROGER-1072,2025-04-01,612,140372
KROGER-1072,2025-04-02,717,141089
KROGER-1072,2025-04-03,642,141731
KROGER-1072,2025-04-04,628,142359
KROGER-1072,2025-04-05,721,143080
KROGER-1072,2025-04-06,515,143595
KROGER-1072,2025-04-07,609,144204
KROGER-1072,2025-04-08,592,144796
KROGER-1072,2025-04-09,574,145370
KROGER-1072,2025-04-10,541,145911
KROGER-1072,2025-04-11,606,146517
KROGER-1072,2025-04-12,684,147201
KROGER-1072,2025-04-13,640,147841
KROGER-1072,2025-04-14,656,148497
KROGER-1072,2025-04-15,620,149117
KROGER-1072,2025-04-16,674,149791
KROGER-1072,2025-04-17,592,150383
KROGER-1072,2025-04-18,524,150907
KROGER-1072,2025-04-19,566,151473
KROGER-1072,2025-04-20,622,152095
KROGER-1072,2025-04-21,573,152668
KROGER-1072,2025-04-22,588,153256
KROGER-1072,2025-04-23,673,153929
KROGER-1072,2025-04-24,543,154472
KROGER-1072,2025-04-25,691,155163
KROGER-1072,2025-04-26,606,155769
KROGER-1072,2025-04-27,583,156352
KROGER-1072,2025-04-28,610,156962
KROGER-1072,2025-04-29,691,157653
KROGER-1072,2025-04-30,582,158235
KROGER-1072,2025-05-01,587,158822
KROGER-1072,2025-05-02,590,159412
KROGER-1072,2025-05-03,707,160119
KROGER-1072,2025-05-04,625,160744
KROGER-1072,2025-05-05,639,161383
KROGER-1072,2025-05-06,623,162006
KROGER-1072,2025-05-07,611,162617
KROGER-1072,2025-05-08,592,163209
KROGER-1072,2025-05-09,714,163923
KROGER-1072,2025-05-10,792,164715
KROGER-1072,2025-05-11,602,165317
KROGER-1072,2025-05-12,564,165881
KROGER-1072,2025-05-13,619,166500
KROGER-1072,2025-05-14,505,167005
KROGER-1072,2025-05-15,619,167624
KROGER-1072,2025-05-16,716,168340
KROGER-1072,2025-05-17,617,168957
KROGER-1072,2025-05-18,704,169661
KROGER-1072,2025-05-19,689,170350
KROGER-1072,2025-05-20,574,170924
KROGER-1072,2025-05-21,626,171550
KROGER-1072,2025-05-22,634,172184
KROGER-1072,2025-05-23,653,172837
KROGER-1072,2025-05-24,689,173526
KROGER-1072,2025-05-25,706,174232
KROGER-1072,2025-05-26,578,174810
KROGER-1072,2025-05-27,625,175435
KROGER-1072,2025-05-28,690,176125
KROGER-1072,2025-05-29,695,176820
KROGER-1072,2025-05-30,628,177448
KROGER-1072,2025-05-31,620,178068
KROGER-1072,2025-06-01,701,178769
KROGER-1072,2025-06-02,643,179412
KROGER-1072,2025-06-03,642,180054
KROGER-1072,2025-06-04,655,180709
KROGER-1072,2025-06-05,570,181279
KROGER-1072,2025-06-06,659,181938
KROGER-1072,2025-06-07,656,182594
KROGER-1072,2025-06-08,707,183301
KROGER-1072,2025-06-09,618,183919
KROGER-1072,2025-06-10,646,184565
KROGER-1072,2025-06-11,639,185204
KROGER-1072,2025-06-12,590,185794
KROGER-1072,2025-06-13,572,186366
KROGER-1072,2025-06-14,690,187056
KROGER-1072,2025-06-15,603,187659
KROGER-1072,2025-06-16,600,188259
KROGER-1072,2025-06-17,599,188858
KROGER-1072,2025-06-18,635,189493
KROGER-1072,2025-06-19,650,190143
KROGER-1072,2025-06-20,540,190683
KROGER-1072,2025-06-21,610,191293
KROGER-1072,2025-06-22,608,191901
KROGER-1072,2025-06-23,606,192507
KROGER-1072,2025-06-24,518,193025
KROGER-1072,2025-06-25,673,193698
KROGER-1072,2025-06-26,620,194318
KROGER-1072,2025-06-27,610,194928
KROGER-1072,2025-06-28,687,195615
KROGER-1072,2025-06-29,675,196290
KROGER-1072,2025-06-30,642,196932
KROGER-1072,2025-07-01,616,197548
KROGER-1072,2025-07-02,622,198170
KROGER-1072,2025-07-03,659,198829
KROGER-1072,2025-07-04,643,199472
KROGER-1072,2025-07-05,737,200209
KROGER-1072,2025-07-06,655,200864
KROGER-1072,2025-07-07,649,201513
KROGER-1072,2025-07-08,611,202124
KROGER-1072,2025-07-09,633,202757
KROGER-1072,2025-07-10,635,203392
KROGER-1072,2025-07-11,595,203987
KROGER-1072,2025-07-12,614,204601
KROGER-1072,2025-07-13,681,205282
KROGER-1072,2025-07-14,639,205921
KROGER-1072,2025-07-15,689,206610
KROGER-1072,2025-07-16,617,207227
KROGER-1072,2025-07-17,568,207795
KROGER-1072,2025-07-18,617,208412
KROGER-1072,2025-07-19,688,209100
KROGER-1072,2025-07-20,538,209638
KROGER-1072,2025-07-21,617,210255
KROGER-1072,2025-07-22,650,210905
KROGER-1072,2025-07-23,628,211533
KROGER-1072,2025-07-24,599,212132
KROGER-1072,2025-07-25,557,212689
KROGER-1072,2025-07-26,647,213336
KROGER-1072,2025-07-27,584,213920
KROGER-1072,2025-07-28,650,214570
KROGER-1072,2025-07-29,620,215190
KROGER-1072,2025-07-30,691,215881
KROGER-1072,2025-07-31,520,216401
KROGER-1072,2025-08-01,600,217001
KROGER-1072,2025-08-02,686,217687
KROGER-1072,2025-08-03,707,218394
KROGER-1072,2025-08-04,655,219049
KROGER-1072,2025-08-05,570,219619
KROGER-1072,2025-08-06,593,220212
KROGER-1072,2025-08-07,506,220718
KROGER-1072,2025-08-08,619,221337
KROGER-1072,2025-08-09,708,222045
KROGER-1072,2025-08-10,648,222693
KROGER-1072,2025-08-11,645,223338
KROGER-1072,2025-08-12,644,223982
KROGER-1072,2025-08-13,601,224583
KROGER-1072,2025-08-14,497,225080
KROGER-1072,2025-08-15,555,225635
KROGER-1072,2025-08-16,667,226302
KROGER-1072,2025-08-17,658,226960
KROGER-1072,2025-08-18,682,227642
KROGER-1072,2025-08-19,640,228282
KROGER-1072,2025-08-20,640,228922
KROGER-1072,2025-08-21,627,229549
KROGER-1072,2025-08-22,579,230128
KROGER-1072,2025-08-23,683,230811
KROGER-1072,2025-08-24,646,231457
KROGER-1072,2025-08-25,570,232027
KROGER-1072,2025-08-26,584,232611
KROGER-1072,2025-08-27,561,233172
KROGER-1072,2025-08-28,669,233841
KROGER-1072,2025-08-29,715,234556
KROGER-1072,2025-08-30,708,235264
KROGER-1072,2025-08-31,667,235931
KROGER-1073,2024-09-01,728,728
KROGER-1073,2024-09-02,681,1409
KROGER-1073,2024-09-03,642,2051
KROGER-1073,2024-09-04,806,2857
KROGER-1073,2024-09-05,639,3496
KROGER-1073,2024-09-06,650,4146
KROGER-1073,2024-09-07,720,4866
KROGER-1073,2024-09-08,725,5591
KROGER-1073,2024-09-09,731,6322
KROGER-1073,2024-09-10,659,6981
KROGER-1073,2024-09-11,586,7567
KROGER-1073,2024-09-12,684,8251
KROGER-1073,2024-09-13,688,8939
KROGER-1073,2024-09-14,717,9656
KROGER-1073,2024-09-15,717,10373
KROGER-1073,2024-09-16,677,11050
KROGER-1073,2024-09-17,623,11673
KROGER-1073,2024-09-18,779,12452
KROGER-1073,2024-09-19,775,13227
KROGER-1073,2024-09-20,775,14002
KROGER-1073,2024-09-21,662,14664
KROGER-1073,2024-09-22,755,15419
KROGER-1073,2024-09-23,673,16092
KROGER-1073,2024-09-24,670,16762
KROGER-1073,2024-09-25,645,17407
KROGER-1073,2024-09-26,840,18247
KROGER-1073,2024-09-27,683,18930
KROGER-1073,2024-09-28,678,19608
KROGER-1073,2024-09-29,740,20348
KROGER-1073,2024-09-30,740,21088
KROGER-1073,2024-10-01,689,21777
KROGER-1073,2024-10-02,711,22488
KROGER-1073,2024-10-03,753,23241
KROGER-1073,2024-10-04,644,23885
KROGER-1073,2024-10-05,742,24627
KROGER-1073,2024-10-06,694,25321
KROGER-1073,2024-10-07,654,25975
KROGER-1073,2024-10-08,795,26770
KROGER-1073,2024-10-09,692,27462
KROGER-1073,2024-10-10,638,28100
KROGER-1073,2024-10-11,691,28791
KROGER-1073,2024-10-12,661,29452
KROGER-1073,2024-10-13,719,30171
KROGER-1073,2024-10-14,659,30830
KROGER-1073,2024-10-15,725,31555
KROGER-1073,2024-10-16,805,32360
KROGER-1073,2024-10-17,687,33047
KROGER-1073,2024-10-18,661,33708
KROGER-1073,2024-10-19,737,34445
KROGER-1073,2024-10-20,819,35264
KROGER-1073,2024-10-21,726,35990
KROGER-1073,2024-10-22,689,36679
KROGER-1073,2024-10-23,582,37261
KROGER-1073,2024-10-24,694,37955
KROGER-1073,2024-10-25,740,38695
KROGER-1073,2024-10-26,788,39483
KROGER-1073,2024-10-27,809,40292
KROGER-1073,2024-10-28,659,40951
KROGER-1073,2024-10-29,674,41625
KROGER-1073,2024-10-30,690,42315
KROGER-1073,2024-10-31,737,43052
KROGER-1073,2024-11-01,819,43871
KROGER-1073,2024-11-02,915,44786
KROGER-1073,2024-11-03,851,45637
KROGER-1073,2024-11-04,789,46426
KROGER-1073,2024-11-05,911,47337
KROGER-1073,2024-11-06,857,48194
KROGER-1073,2024-11-07,886,49080
KROGER-1073,2024-11-08,823,49903
KROGER-1073,2024-11-09,935,50838
KROGER-1073,2024-11-10,804,51642
KROGER-1073,2024-11-11,776,52418
KROGER-1073,2024-11-12,900,53318
KROGER-1073,2024-11-13,832,54150
KROGER-1073,2024-11-14,820,54970
KROGER-1073,2024-11-15,775,55745
KROGER-1073,2024-11-16,935,56680
KROGER-1073,2024-11-17,1009,57689
KROGER-1073,2024-11-18,877,58566
KROGER-1073,2024-11-19,806,59372
KROGER-1073,2024-11-20,929,60301
KROGER-1073,2024-11-21,860,61161
KROGER-1073,2024-11-22,807,61968
KROGER-1073,2024-11-23,968,62936
KROGER-1073,2024-11-24,866,63802
KROGER-1073,2024-11-25,740,64542
KROGER-1073,2024-11-26,815,65357
KROGER-1073,2024-11-27,872,66229
KROGER-1073,2024-11-28,788,67017
KROGER-1073,2024-11-29,711,67728
KROGER-1073,2024-11-30,982,68710
KROGER-1073,2024-12-01,1089,69799
KROGER-1073,2024-12-02,805,70604
KROGER-1073,2024-12-03,794,71398
KROGER-1073,2024-12-04,746,72144
KROGER-1073,2024-12-05,781,72925
KROGER-1073,2024-12-06,734,73659
KROGER-1073,2024-12-07,787,74446
KROGER-1073,2024-12-08,878,75324
KROGER-1073,2024-12-09,731,76055
KROGER-1073,2024-12-10,738,76793
KROGER-1073,2024-12-11,850,77643
KROGER-1073,2024-12-12,795,78438
KROGER-1073,2024-12-13,860,79298
KROGER-1073,2024-12-14,854,80152
KROGER-1073,2024-12-15,865,81017
KROGER-1073,2024-12-16,889,81906
KROGER-1073,2024-12-17,800,82706
KROGER-1073,2024-12-18,884,83590
KROGER-1073,2024-12-19,808,84398
KROGER-1073,2024-12-20,781,85179
KROGER-1073,2024-12-21,803,85982
KROGER-1073,2024-12-22,762,86744
KROGER-1073,2024-12-23,753,87497
KROGER-1073,2024-12-24,718,88215
KROGER-1073,2024-12-25,770,88985
KROGER-1073,2024-12-26,891,89876
KROGER-1073,2024-12-27,836,90712
KROGER-1073,2024-12-28,851,91563
KROGER-1073,2024-12-29,830,92393
KROGER-1073,2024-12-30,831,93224
KROGER-1073,2024-12-31,838,94062
KROGER-1073,2025-01-01,635,94697
KROGER-1073,2025-01-02,723,95420
KROGER-1073,2025-01-03,679,96099
KROGER-1073,2025-01-04,749,96848
KROGER-1073,2025-01-05,730,97578
KROGER-1073,2025-01-06,618,98196
KROGER-1073,2025-01-07,770,98966
KROGER-1073,2025-01-08,696,99662
KROGER-1073,2025-01-09,676,100338
KROGER-1073,2025-01-10,729,101067
KROGER-1073,2025-01-11,664,101731
KROGER-1073,2025-01-12,640,102371
KROGER-1073,2025-01-13,728,103099
KROGER-1073,2025-01-14,761,103860
KROGER-1073,2025-01-15,713,104573
KROGER-1073,2025-01-16,742,105315
KROGER-1073,2025-01-17,626,105941
KROGER-1073,2025-01-18,711,106652
KROGER-1073,2025-01-19,693,107345
KROGER-1073,2025-01-20,754,108099
KROGER-1073,2025-01-21,725,108824
KROGER-1073,2025-01-22,754,109578
KROGER-1073,2025-01-23,662,110240
KROGER-1073,2025-01-24,634,110874
KROGER-1073,2025-01-25,810,111684
KROGER-1073,2025-01-26,733,112417
KROGER-1073,2025-01-27,756,113173
KROGER-1073,2025-01-28,693,113866
KROGER-1073,2025-01-29,820,114686
KROGER-1073,2025-01-30,763,115449
KROGER-1073,2025-01-31,688,116137
KROGER-1073,2025-02-01,733,116870
KROGER-1073,2025-02-02,733,117603
KROGER-1073,2025-02-03,634,118237
KROGER-1073,2025-02-04,670,118907
KROGER-1073,2025-02-05,666,119573
KROGER-1073,2025-02-06,710,120283
KROGER-1073,2025-02-07,651,120934
KROGER-1073,2025-02-08,723,121657
KROGER-1073,2025-02-09,710,122367
KROGER-1073,2025-02-10,701,123068
KROGER-1073,2025-02-11,779,123847
KROGER-1073,2025-02-12,758,124605
KROGER-1073,2025-02-13,624,125229
KROGER-1073,2025-02-14,694,125923
KROGER-1073,2025-02-15,714,126637
KROGER-1073,2025-02-16,694,127331
KROGER-1073,2025-02-17,817,128148
KROGER-1073,2025-02-18,668,128816
KROGER-1073,2025-02-19,671,129487
KROGER-1073,2025-02-20,795,130282
KROGER-1073,2025-02-21,751,131033
KROGER-1073,2025-02-22,706,131739
KROGER-1073,2025-02-23,776,132515
KROGER-1073,2025-02-24,684,133199
KROGER-1073,2025-02-25,687,133886
KROGER-1073,2025-02-26,652,134538
KROGER-1073,2025-02-27,561,135099
KROGER-1073,2025-02-28,617,135716
KROGER-1073,2025-03-01,667,136383
KROGER-1073,2025-03-02,756,137139
KROGER-1073,2025-03-03,706,137845
KROGER-1073,2025-03-04,758,138603
KROGER-1073,2025-03-05,630,139233
KROGER-1073,2025-03-06,797,140030
KROGER-1073,2025-03-07,791,140821
KROGER-1073,2025-03-08,734,141555
KROGER-1073,2025-03-09,692,142247
KROGER-1073,2025-03-10,662,142909
KROGER-1073,2025-03-11,708,143617
KROGER-1073,2025-03-12,802,144419
KROGER-1073,2025-03-13,692,145111
KROGER-1073,2025-03-14,609,145720
KROGER-1073,2025-03-15,843,146563
KROGER-1073,2025-03-16,708,147271
KROGER-1073,2025-03-17,778,148049
KROGER-1073,2025-03-18,732,148781
KROGER-1073,2025-03-19,689,149470
KROGER-1073,2025-03-20,751,150221
KROGER-1073,2025-03-21,656,150877
KROGER-1073,2025-03-22,715,151592
KROGER-1073,2025-03-23,701,152293
KROGER-1073,2025-03-24,686,152979
KROGER-1073,2025-03-25,728,153707
KROGER-1073,2025-03-26,727,154434
KROGER-1073,2025-03-27,610,155044
KROGER-1073,2025-03-28,667,155711
KROGER-1073,2025-03-29,711,156422
KROGER-1073,2025-03-30,766,157188
KROGER-1073,2025-03-31,619,157807
KROGER-1073,2025-04-01,736,158543
KROGER-1073,2025-04-02,634,159177
KROGER-1073,2025-04-03,711,159888
KROGER-1073,2025-04-04,759,160647
KROGER-1073,2025-04-05,660,161307
KROGER-1073,2025-04-06,746,162053
KROGER-1073,2025-04-07,687,162740
KROGER-1073,2025-04-08,642,163382
KROGER-1073,2025-04-09,629,164011
KROGER-1073,2025-04-10,657,164668
KROGER-1073,2025-04-11,652,165320
KROGER-1073,2025-04-12,720,166040
KROGER-1073,2025-04-13,707,166747
KROGER-1073,2025-04-14,721,167468
KROGER-1073,2025-04-15,742,168210
KROGER-1073,2025-04-16,612,168822
KROGER-1073,2025-04-17,683,169505
KROGER-1073,2025-04-18,644,170149
KROGER-1073,2025-04-19,668,170817
KROGER-1073,2025-04-20,640,171457
KROGER-1073,2025-04-21,605,172062
KROGER-1073,2025-04-22,668,172730
KROGER-1073,2025-04-23,719,173449
KROGER-1073,2025-04-24,719,174168
KROGER-1073,2025-04-25,638,174806
KROGER-1073,2025-04-26,664,175470
KROGER-1073,2025-04-27,746,176216
KROGER-1073,2025-04-28,634,176850
KROGER-1073,2025-04-29,616,177466
KROGER-1073,2025-04-30,598,178064
KROGER-1073,2025-05-01,653,178717
KROGER-1073,2025-05-02,580,179297
KROGER-1073,2025-05-03,795,180092
KROGER-1073,2025-05-04,757,180849
KROGER-1073,2025-05-05,683,181532
KROGER-1073,2025-05-06,759,182291
KROGER-1073,2025-05-07,637,182928
KROGER-1073,2025-05-08,651,183579
KROGER-1073,2025-05-09,589,184168
KROGER-1073,2025-05-10,777,184945
KROGER-1073,2025-05-11,684,185629
KROGER-1073,2025-05-12,698,186327
KROGER-1073,2025-05-13,753,187080
KROGER-1073,2025-05-14,773,187853
KROGER-1073,2025-05-15,695,188548
KROGER-1073,2025-05-16,718,189266
KROGER-1073,2025-05-17,679,189945
KROGER-1073,2025-05-18,830,190775
KROGER-1073,2025-05-19,688,191463
KROGER-1073,2025-05-20,701,192164
KROGER-1073,2025-05-21,674,192838
KROGER-1073,2025-05-22,764,193602
KROGER-1073,2025-05-23,708,194310
KROGER-1073,2025-05-24,776,195086
KROGER-1073,2025-05-25,753,195839
KROGER-1073,2025-05-26,685,196524
KROGER-1073,2025-05-27,749,197273
KROGER-1073,2025-05-28,716,197989
KROGER-1073,2025-05-29,643,198632
KROGER-1073,2025-05-30,642,199274
KROGER-1073,2025-05-31,741,200015
KROGER-1073,2025-06-01,785,200800
KROGER-1073,2025-06-02,788,201588
KROGER-1073,2025-06-03,598,202186
KROGER-1073,2025-06-04,698,202884
KROGER-1073,2025-06-05,724,203608
KROGER-1073,2025-06-06,713,204321
KROGER-1073,2025-06-07,791,205112
KROGER-1073,2025-06-08,770,205882
KROGER-1073,2025-06-09,642,206524
KROGER-1073,2025-06-10,640,207164
KROGER-1073,2025-06-11,714,207878
KROGER-1073,2025-06-12,752,208630
KROGER-1073,2025-06-13,705,209335
KROGER-1073,2025-06-14,639,209974
KROGER-1073,2025-06-15,670,210644
KROGER-1073,2025-06-16,736,211380
KROGER-1073,2025-06-17,677,212057
KROGER-1073,2025-06-18,704,212761
KROGER-1073,2025-06-19,756,213517
KROGER-1073,2025-06-20,630,214147
KROGER-1073,2025-06-21,708,214855
KROGER-1073,2025-06-22,701,215556
KROGER-1073,2025-06-23,717,216273
KROGER-1073,2025-06-24,740,217013
KROGER-1073,2025-06-25,614,217627
KROGER-1073,2025-06-26,697,218324
KROGER-1073,2025-06-27,745,219069
KROGER-1073,2025-06-28,623,219692
KROGER-1073,2025-06-29,728,220420
KROGER-1073,2025-06-30,629,221049
KROGER-1073,2025-07-01,661,221710
KROGER-1073,2025-07-02,557,222267
KROGER-1073,2025-07-03,775,223042
KROGER-1073,2025-07-04,677,223719
KROGER-1073,2025-07-05,685,224404
KROGER-1073,2025-07-06,751,225155
KROGER-1073,2025-07-07,639,225794
KROGER-1073,2025-07-08,633,226427
KROGER-1073,2025-07-09,781,227208
KROGER-1073,2025-07-10,798,228006
KROGER-1073,2025-07-11,664,228670
KROGER-1073,2025-07-12,794,229464
KROGER-1073,2025-07-13,753,230217
KROGER-1073,2025-07-14,618,230835
KROGER-1073,2025-07-15,645,231480
KROGER-1073,2025-07-16,783,232263
KROGER-1073,2025-07-17,617,232880
KROGER-1073,2025-07-18,824,233704
KROGER-1073,2025-07-19,698,234402
KROGER-1073,2025-07-20,824,235226
KROGER-1073,2025-07-21,680,235906
KROGER-1073,2025-07-22,742,236648
KROGER-1073,2025-07-23,775,237423
KROGER-1073,2025-07-24,774,238197
KROGER-1073,2025-07-25,664,238861
KROGER-1073,2025-07-26,682,239543
KROGER-1073,2025-07-27,727,240270
KROGER-1073,2025-07-28,624,240894
KROGER-1073,2025-07-29,710,241604
KROGER-1073,2025-07-30,651,242255
KROGER-1073,2025-07-31,757,243012
KROGER-1073,2025-08-01,665,243677
KROGER-1073,2025-08-02,630,244307
KROGER-1073,2025-08-03,814,245121
KROGER-1073,2025-08-04,707,245828
KROGER-1073,2025-08-05,699,246527
KROGER-1073,2025-08-06,758,247285
KROGER-1073,2025-08-07,746,248031
KROGER-1073,2025-08-08,654,248685
KROGER-1073,2025-08-09,705,249390
KROGER-1073,2025-08-10,667,250057
KROGER-1073,2025-08-11,615,250672
KROGER-1073,2025-08-12,729,251401
KROGER-1073,2025-08-13,719,252120
KROGER-1073,2025-08-14,739,252859
KROGER-1073,2025-08-15,768,253627
KROGER-1073,2025-08-16,777,254404
KROGER-1073,2025-08-17,782,255186
KROGER-1073,2025-08-18,581,255767
KROGER-1073,2025-08-19,680,256447
KROGER-1073,2025-08-20,751,257198
KROGER-1073,2025-08-21,632,257830
KROGER-1073,2025-08-22,702,258532
KROGER-1073,2025-08-23,762,259294
KROGER-1073,2025-08-24,758,260052
KROGER-1073,2025-08-25,718,260770
KROGER-1073,2025-08-26,730,261500
KROGER-1073,2025-08-27,707,262207
KROGER-1073,2025-08-28,615,262822
KROGER-1073,2025-08-29,725,263547
KROGER-1073,2025-08-30,748,264295
KROGER-1073,2025-08-31,647,264942
KROGER-1074,2024-09-01,197,197
KROGER-1074,2024-09-02,176,373
KROGER-1074,2024-09-03,150,523
KROGER-1074,2024-09-04,158,681
KROGER-1074,2024-09-05,161,842
KROGER-1074,2024-09-06,161,1003
KROGER-1074,2024-09-07,182,1185
KROGER-1074,2024-09-08,164,1349
KROGER-1074,2024-09-09,184,1533
KROGER-1074,2024-09-10,183,1716
KROGER-1074,2024-09-11,178,1894
KROGER-1074,2024-09-12,170,2064
KROGER-1074,2024-09-13,182,2246
KROGER-1074,2024-09-14,174,2420
KROGER-1074,2024-09-15,167,2587
KROGER-1074,2024-09-16,185,2772
KROGER-1074,2024-09-17,173,2945
KROGER-1074,2024-09-18,160,3105
KROGER-1074,2024-09-19,163,3268
KROGER-1074,2024-09-20,159,3427
KROGER-1074,2024-09-21,206,3633
KROGER-1074,2024-09-22,178,3811
KROGER-1074,2024-09-23,171,3982
KROGER-1074,2024-09-24,179,4161
KROGER-1074,2024-09-25,153,4314
KROGER-1074,2024-09-26,184,4498
KROGER-1074,2024-09-27,161,4659
KROGER-1074,2024-09-28,204,4863
KROGER-1074,2024-09-29,173,5036
KROGER-1074,2024-09-30,183,5219
KROGER-1074,2024-10-01,135,5354
KROGER-1074,2024-10-02,153,5507
KROGER-1074,2024-10-03,165,5672
KROGER-1074,2024-10-04,142,5814
KROGER-1074,2024-10-05,186,6000
KROGER-1074,2024-10-06,182,6182
KROGER-1074,2024-10-07,156,6338
KROGER-1074,2024-10-08,169,6507
KROGER-1074,2024-10-09,180,6687
KROGER-1074,2024-10-10,141,6828
KROGER-1074,2024-10-11,152,6980
KROGER-1074,2024-10-12,173,7153
KROGER-1074,2024-10-13,178,7331
KROGER-1074,2024-10-14,168,7499
KROGER-1074,2024-10-15,181,7680
KROGER-1074,2024-10-16,176,7856
KROGER-1074,2024-10-17,179,8035
KROGER-1074,2024-10-18,150,8185
KROGER-1074,2024-10-19,180,8365
KROGER-1074,2024-10-20,173,8538
KROGER-1074,2024-10-21,189,8727
KROGER-1074,2024-10-22,171,8898
KROGER-1074,2024-10-23,160,9058
KROGER-1074,2024-10-24,181,9239
KROGER-1074,2024-10-25,177,9416
KROGER-1074,2024-10-26,166,9582
KROGER-1074,2024-10-27,173,9755
KROGER-1074,2024-10-28,165,9920
KROGER-1074,2024-10-29,186,10106
KROGER-1074,2024-10-30,172,10278
KROGER-1074,2024-10-31,179,10457
KROGER-1074,2024-11-01,195,10652
KROGER-1074,2024-11-02,219,10871
KROGER-1074,2024-11-03,235,11106
KROGER-1074,2024-11-04,197,11303
KROGER-1074,2024-11-05,205,11508
KROGER-1074,2024-11-06,181,11689
KROGER-1074,2024-11-07,191,11880
KROGER-1074,2024-11-08,198,12078
KROGER-1074,2024-11-09,195,12273
KROGER-1074,2024-11-10,236,12509
KROGER-1074,2024-11-11,189,12698
KROGER-1074,2024-11-12,216,12914
KROGER-1074,2024-11-13,206,13120
KROGER-1074,2024-11-14,204,13324
KROGER-1074,2024-11-15,227,13551
KROGER-1074,2024-11-16,175,13726
KROGER-1074,2024-11-17,210,13936
KROGER-1074,2024-11-18,185,14121
KROGER-1074,2024-11-19,171,14292
KROGER-1074,2024-11-20,184,14476
KROGER-1074,2024-11-21,203,14679
KROGER-1074,2024-11-22,191,14870
KROGER-1074,2024-11-23,229,15099
KROGER-1074,2024-11-24,210,15309
KROGER-1074,2024-11-25,198,15507
KROGER-1074,2024-11-26,198,15705
KROGER-1074,2024-11-27,201,15906
KROGER-1074,2024-11-28,196,16102
KROGER-1074,2024-11-29,189,16291
KROGER-1074,2024-11-30,230,16521
KROGER-1074,2024-12-01,203,16724
KROGER-1074,2024-12-02,197,16921
KROGER-1074,2024-12-03,210,17131
KROGER-1074,2024-12-04,208,17339
KROGER-1074,2024-12-05,188,17527
KROGER-1074,2024-12-06,215,17742
KROGER-1074,2024-12-07,222,17964
KROGER-1074,2024-12-08,216,18180
KROGER-1074,2024-12-09,196,18376
KROGER-1074,2024-12-10,196,18572
KROGER-1074,2024-12-11,200,18772
KROGER-1074,2024-12-12,183,18955
KROGER-1074,2024-12-13,202,19157
KROGER-1074,2024-12-14,228,19385
KROGER-1074,2024-12-15,228,19613
KROGER-1074,2024-12-16,197,19810
KROGER-1074,2024-12-17,220,20030
KROGER-1074,2024-12-18,234,20264
KROGER-1074,2024-12-19,198,20462
KROGER-1074,2024-12-20,214,20676
KROGER-1074,2024-12-21,175,20851
KROGER-1074,2024-12-22,192,21043
KROGER-1074,2024-12-23,205,21248
KROGER-1074,2024-12-24,187,21435
KROGER-1074,2024-12-25,236,21671
KROGER-1074,2024-12-26,213,21884
KROGER-1074,2024-12-27,219,22103
KROGER-1074,2024-12-28,213,22316
KROGER-1074,2024-12-29,196,22512
KROGER-1074,2024-12-30,195,22707
KROGER-1074,2024-12-31,207,22914
KROGER-1074,2025-01-01,160,23074
KROGER-1074,2025-01-02,178,23252
KROGER-1074,2025-01-03,179,23431
KROGER-1074,2025-01-04,178,23609
KROGER-1074,2025-01-05,152,23761
KROGER-1074,2025-01-06,192,23953
KROGER-1074,2025-01-07,166,24119
KROGER-1074,2025-01-08,206,24325
KROGER-1074,2025-01-09,178,24503
KROGER-1074,2025-01-10,166,24669
KROGER-1074,2025-01-11,184,24853
KROGER-1074,2025-01-12,149,25002
KROGER-1074,2025-01-13,183,25185
KROGER-1074,2025-01-14,204,25389
KROGER-1074,2025-01-15,141,25530
KROGER-1074,2025-01-16,165,25695
KROGER-1074,2025-01-17,168,25863
KROGER-1074,2025-01-18,190,26053
KROGER-1074,2025-01-19,208,26261
KROGER-1074,2025-01-20,174,26435
KROGER-1074,2025-01-21,198,26633
KROGER-1074,2025-01-22,171,26804
KROGER-1074,2025-01-23,175,26979
KROGER-1074,2025-01-24,174,27153
KROGER-1074,2025-01-25,195,27348
KROGER-1074,2025-01-26,172,27520
KROGER-1074,2025-01-27,180,27700
KROGER-1074,2025-01-28,152,27852
KROGER-1074,2025-01-29,165,28017
KROGER-1074,2025-01-30,160,28177
KROGER-1074,2025-01-31,170,28347
KROGER-1074,2025-02-01,173,28520
KROGER-1074,2025-02-02,194,28714
KROGER-1074,2025-02-03,157,28871
KROGER-1074,2025-02-04,146,29017
KROGER-1074,2025-02-05,151,29168
KROGER-1074,2025-02-06,183,29351
KROGER-1074,2025-02-07,156,29507
KROGER-1074,2025-02-08,183,29690
KROGER-1074,2025-02-09,173,29863
KROGER-1074,2025-02-10,180,30043
KROGER-1074,2025-02-11,166,30209
KROGER-1074,2025-02-12,207,30416
KROGER-1074,2025-02-13,195,30611
KROGER-1074,2025-02-14,165,30776
KROGER-1074,2025-02-15,171,30947
KROGER-1074,2025-02-16,222,31169
KROGER-1074,2025-02-17,154,31323
KROGER-1074,2025-02-18,168,31491
KROGER-1074,2025-02-19,169,31660
KROGER-1074,2025-02-20,169,31829
KROGER-1074,2025-02-21,146,31975
KROGER-1074,2025-02-22,185,32160
KROGER-1074,2025-02-23,164,32324
KROGER-1074,2025-02-24,189,32513
KROGER-1074,2025-02-25,149,32662
KROGER-1074,2025-02-26,170,32832
KROGER-1074,2025-02-27,139,32971
KROGER-1074,2025-02-28,140,33111
KROGER-1074,2025-03-01,166,33277
KROGER-1074,2025-03-02,168,33445
KROGER-1074,2025-03-03,189,33634
KROGER-1074,2025-03-04,169,33803
KROGER-1074,2025-03-05,187,33990
KROGER-1074,2025-03-06,164,34154
KROGER-1074,2025-03-07,177,34331
KROGER-1074,2025-03-08,167,34498
KROGER-1074,2025-03-09,166,34664
KROGER-1074,2025-03-10,144,34808
KROGER-1074,2025-03-11,174,34982
KROGER-1074,2025-03-12,173,35155
KROGER-1074,2025-03-13,180,35335
KROGER-1074,2025-03-14,172,35507
KROGER-1074,2025-03-15,206,35713
KROGER-1074,2025-03-16,180,35893
KROGER-1074,2025-03-17,183,36076
KROGER-1074,2025-03-18,165,36241
KROGER-1074,2025-03-19,157,36398
KROGER-1074,2025-03-20,179,36577
KROGER-1074,2025-03-21,168,36745
KROGER-1074,2025-03-22,189,36934
KROGER-1074,2025-03-23,183,37117
KROGER-1074,2025-03-24,158,37275
KROGER-1074,2025-03-25,184,37459
KROGER-1074,2025-03-26,157,37616
KROGER-1074,2025-03-27,178,37794
KROGER-1074,2025-03-28,186,37980
KROGER-1074,2025-03-29,172,38152
KROGER-1074,2025-03-30,194,38346
KROGER-1074,2025-03-31,174,38520
KROGER-1074,2025-04-01,181,38701
KROGER-1074,2025-04-02,158,38859
KROGER-1074,2025-04-03,172,39031
KROGER-1074,2025-04-04,150,39181
KROGER-1074,2025-04-05,202,39383
KROGER-1074,2025-04-06,149,39532
KROGER-1074,2025-04-07,164,39696
KROGER-1074,2025-04-08,156,39852
KROGER-1074,2025-04-09,178,40030
KROGER-1074,2025-04-10,195,40225
KROGER-1074,2025-04-11,178,40403
KROGER-1074,2025-04-12,220,40623
KROGER-1074,2025-04-13,158,40781
KROGER-1074,2025-04-14,151,40932
KROGER-1074,2025-04-15,157,41089
KROGER-1074,2025-04-16,171,41260
KROGER-1074,2025-04-17,155,41415
KROGER-1074,2025-04-18,159,41574
KROGER-1074,2025-04-19,186,41760
KROGER-1074,2025-04-20,160,41920
KROGER-1074,2025-04-21,154,42074
KROGER-1074,2025-04-22,164,42238
KROGER-1074,2025-04-23,165,42403
KROGER-1074,2025-04-24,183,42586
KROGER-1074,2025-04-25,157,42743
KROGER-1074,2025-04-26,167,42910
KROGER-1074,2025-04-27,186,43096
KROGER-1074,2025-04-28,180,43276
KROGER-1074,2025-04-29,188,43464
KROGER-1074,2025-04-30,175,43639
KROGER-1074,2025-05-01,171,43810
KROGER-1074,2025-05-02,177,43987
KROGER-1074,2025-05-03,174,44161
KROGER-1074,2025-05-04,174,44335
KROGER-1074,2025-05-05,145,44480
KROGER-1074,2025-05-06,181,44661
KROGER-1074,2025-05-07,172,44833
KROGER-1074,2025-05-08,180,45013
KROGER-1074,2025-05-09,131,45144
KROGER-1074,2025-05-10,177,45321
KROGER-1074,2025-05-11,165,45486
KROGER-1074,2025-05-12,189,45675
KROGER-1074,2025-05-13,177,45852
KROGER-1074,2025-05-14,172,46024
KROGER-1074,2025-05-15,163,46187
KROGER-1074,2025-05-16,174,46361
KROGER-1074,2025-05-17,164,46525
KROGER-1074,2025-05-18,176,46701
KROGER-1074,2025-05-19,161,46862
KROGER-1074,2025-05-20,200,47062
KROGER-1074,2025-05-21,189,47251
KROGER-1074,2025-05-22,184,47435
KROGER-1074,2025-05-23,149,47584
KROGER-1074,2025-05-24,190,47774
KROGER-1074,2025-05-25,180,47954
KROGER-1074,2025-05-26,186,48140
KROGER-1074,2025-05-27,173,48313
KROGER-1074,2025-05-28,169,48482
KROGER-1074,2025-05-29,172,48654
KROGER-1074,2025-05-30,145,48799
KROGER-1074,2025-05-31,167,48966
KROGER-1074,2025-06-01,183,49149
KROGER-1074,2025-06-02,185,49334
KROGER-1074,2025-06-03,162,49496
KROGER-1074,2025-06-04,169,49665
KROGER-1074,2025-06-05,147,49812
KROGER-1074,2025-06-06,189,50001
KROGER-1074,2025-06-07,193,50194
KROGER-1074,2025-06-08,187,50381
KROGER-1074,2025-06-09,175,50556
KROGER-1074,2025-06-10,190,50746
KROGER-1074,2025-06-11,158,50904
KROGER-1074,2025-06-12,157,51061
KROGER-1074,2025-06-13,184,51245
KROGER-1074,2025-06-14,192,51437
KROGER-1074,2025-06-15,161,51598
KROGER-1074,2025-06-16,162,51760
KROGER-1074,2025-06-17,192,51952
KROGER-1074,2025-06-18,175,52127
KROGER-1074,2025-06-19,180,52307
KROGER-1074,2025-06-20,153,52460
KROGER-1074,2025-06-21,187,52647
KROGER-1074,2025-06-22,157,52804
KROGER-1074,2025-06-23,142,52946
KROGER-1074,2025-06-24,179,53125
KROGER-1074,2025-06-25,189,53314
KROGER-1074,2025-06-26,166,53480
KROGER-1074,2025-06-27,162,53642
KROGER-1074,2025-06-28,202,53844
KROGER-1074,2025-06-29,175,54019
KROGER-1074,2025-06-30,168,54187
KROGER-1074,2025-07-01,192,54379
KROGER-1074,2025-07-02,164,54543
KROGER-1074,2025-07-03,160,54703
KROGER-1074,2025-07-04,180,54883
KROGER-1074,2025-07-05,167,55050
KROGER-1074,2025-07-06,176,55226
KROGER-1074,2025-07-07,151,55377
KROGER-1074,2025-07-08,172,55549
KROGER-1074,2025-07-09,170,55719
KROGER-1074,2025-07-10,182,55901
KROGER-1074,2025-07-11,181,56082
KROGER-1074,2025-07-12,185,56267
KROGER-1074,2025-07-13,183,56450
KROGER-1074,2025-07-14,168,56618
KROGER-1074,2025-07-15,177,56795
KROGER-1074,2025-07-16,154,56949
KROGER-1074,2025-07-17,137,57086
KROGER-1074,2025-07-18,185,57271
KROGER-1074,2025-07-19,187,57458
KROGER-1074,2025-07-20,176,57634
KROGER-1074,2025-07-21,184,57818
KROGER-1074,2025-07-22,159,57977
KROGER-1074,2025-07-23,160,58137
KROGER-1074,2025-07-24,158,58295
KROGER-1074,2025-07-25,177,58472
KROGER-1074,2025-07-26,155,58627
KROGER-1074,2025-07-27,167,58794
KROGER-1074,2025-07-28,173,58967
KROGER-1074,2025-07-29,153,59120
KROGER-1074,2025-07-30,160,59280
KROGER-1074,2025-07-31,139,59419
KROGER-1074,2025-08-01,177,59596
KROGER-1074,2025-08-02,168,59764
KROGER-1074,2025-08-03,162,59926
KROGER-1074,2025-08-04,152,60078
KROGER-1074,2025-08-05,163,60241
KROGER-1074,2025-08-06,148,60389
KROGER-1074,2025-08-07,195,60584
KROGER-1074,2025-08-08,137,60721
KROGER-1074,2025-08-09,171,60892
KROGER-1074,2025-08-10,179,61071
KROGER-1074,2025-08-11,159,61230
KROGER-1074,2025-08-12,172,61402
KROGER-1074,2025-08-13,158,61560
KROGER-1074,2025-08-14,190,61750
KROGER-1074,2025-08-15,154,61904
KROGER-1074,2025-08-16,144,62048
KROGER-1074,2025-08-17,159,62207
KROGER-1074,2025-08-18,174,62381
KROGER-1074,2025-08-19,168,62549
KROGER-1074,2025-08-20,179,62728
KROGER-1074,2025-08-21,176,62904
KROGER-1074,2025-08-22,160,63064
KROGER-1074,2025-08-23,171,63235
KROGER-1074,2025-08-24,172,63407
KROGER-1074,2025-08-25,195,63602
KROGER-1074,2025-08-26,178,63780
KROGER-1074,2025-08-27,195,63975
KROGER-1074,2025-08-28,181,64156
KROGER-1074,2025-08-29,168,64324
KROGER-1074,2025-08-30,163,64487
KROGER-1074,2025-08-31,180,64667
KROGER-1075,2024-09-01,521,521
KROGER-1075,2024-09-02,495,1016
KROGER-1075,2024-09-03,490,1506
KROGER-1075,2024-09-04,417,1923
KROGER-1075,2024-09-05,549,2472
KROGER-1075,2024-09-06,497,2969
KROGER-1075,2024-09-07,464,3433
KROGER-1075,2024-09-08,544,3977
KROGER-1075,2024-09-09,465,4442
KROGER-1075,2024-09-10,521,4963
KROGER-1075,2024-09-11,534,5497
KROGER-1075,2024-09-12,540,6037
KROGER-1075,2024-09-13,492,6529
KROGER-1075,2024-09-14,506,7035
KROGER-1075,2024-09-15,498,7533
KROGER-1075,2024-09-16,470,8003
KROGER-1075,2024-09-17,498,8501
KROGER-1075,2024-09-18,490,8991
KROGER-1075,2024-09-19,466,9457
KROGER-1075,2024-09-20,453,9910
KROGER-1075,2024-09-21,519,10429
KROGER-1075,2024-09-22,506,10935
KROGER-1075,2024-09-23,453,11388
KROGER-1075,2024-09-24,532,11920
KROGER-1075,2024-09-25,570,12490
KROGER-1075,2024-09-26,537,13027
KROGER-1075,2024-09-27,470,13497
KROGER-1075,2024-09-28,522,14019
KROGER-1075,2024-09-29,588,14607
KROGER-1075,2024-09-30,452,15059
KROGER-1075,2024-10-01,530,15589
KROGER-1075,2024-10-02,441,16030
KROGER-1075,2024-10-03,566,16596
KROGER-1075,2024-10-04,482,17078
KROGER-1075,2024-10-05,617,17695
KROGER-1075,2024-10-06,596,18291
KROGER-1075,2024-10-07,495,18786
KROGER-1075,2024-10-08,470,19256
KROGER-1075,2024-10-09,507,19763
KROGER-1075,2024-10-10,492,20255
KROGER-1075,2024-10-11,483,20738
KROGER-1075,2024-10-12,454,21192
KROGER-1075,2024-10-13,502,21694
KROGER-1075,2024-10-14,454,22148
KROGER-1075,2024-10-15,521,22669
KROGER-1075,2024-10-16,538,23207
KROGER-1075,2024-10-17,528,23735
KROGER-1075,2024-10-18,512,24247
KROGER-1075,2024-10-19,488,24735
KROGER-1075,2024-10-20,532,25267
KROGER-1075,2024-10-21,530,25797
KROGER-1075,2024-10-22,475,26272
KROGER-1075,2024-10-23,504,26776
KROGER-1075,2024-10-24,493,27269
KROGER-1075,2024-10-25,565,27834
KROGER-1075,2024-10-26,559,28393
KROGER-1075,2024-10-27,549,28942
KROGER-1075,2024-10-28,430,29372
KROGER-1075,2024-10-29,506,29878
KROGER-1075,2024-10-30,493,30371
KROGER-1075,2024-10-31,492,30863
KROGER-1075,2024-11-01,524,31387
KROGER-1075,2024-11-02,574,31961
KROGER-1075,2024-11-03,625,32586
KROGER-1075,2024-11-04,652,33238
KROGER-1075,2024-11-05,570,33808
KROGER-1075,2024-11-06,579,34387
KROGER-1075,2024-11-07,684,35071
KROGER-1075,2024-11-08,584,35655
KROGER-1075,2024-11-09,622,36277
KROGER-1075,2024-11-10,623,36900
KROGER-1075,2024-11-11,534,37434
KROGER-1075,2024-11-12,626,38060
KROGER-1075,2024-11-13,567,38627
KROGER-1075,2024-11-14,597,39224
KROGER-1075,2024-11-15,620,39844
KROGER-1075,2024-11-16,726,40570
KROGER-1075,2024-11-17,562,41132
KROGER-1075,2024-11-18,640,41772
KROGER-1075,2024-11-19,640,42412
KROGER-1075,2024-11-20,568,42980
KROGER-1075,2024-11-21,627,43607
KROGER-1075,2024-11-22,677,44284
KROGER-1075,2024-11-23,590,44874
KROGER-1075,2024-11-24,641,45515
KROGER-1075,2024-11-25,618,46133
KROGER-1075,2024-11-26,624,46757
KROGER-1075,2024-11-27,636,47393
KROGER-1075,2024-11-28,607,48000
KROGER-1075,2024-11-29,623,48623
KROGER-1075,2024-11-30,583,49206
KROGER-1075,2024-12-01,637,49843
KROGER-1075,2024-12-02,576,50419
KROGER-1075,2024-12-03,540,50959
KROGER-1075,2024-12-04,574,51533
KROGER-1075,2024-12-05,612,52145
KROGER-1075,2024-12-06,620,52765
KROGER-1075,2024-12-07,565,53330
KROGER-1075,2024-12-08,581,53911
KROGER-1075,2024-12-09,633,54544
KROGER-1075,2024-12-10,623,55167
KROGER-1075,2024-12-11,641,55808
KROGER-1075,2024-12-12,664,56472
KROGER-1075,2024-12-13,624,57096
KROGER-1075,2024-12-14,608,57704
KROGER-1075,2024-12-15,634,58338
KROGER-1075,2024-12-16,678,59016
KROGER-1075,2024-12-17,731,59747
KROGER-1075,2024-12-18,621,60368
KROGER-1075,2024-12-19,624,60992
KROGER-1075,2024-12-20,633,61625
KROGER-1075,2024-12-21,630,62255
KROGER-1075,2024-12-22,687,62942
KROGER-1075,2024-12-23,647,63589
KROGER-1075,2024-12-24,616,64205
KROGER-1075,2024-12-25,583,64788
KROGER-1075,2024-12-26,526,65314
KROGER-1075,2024-12-27,634,65948
KROGER-1075,2024-12-28,639,66587
KROGER-1075,2024-12-29,591,67178
KROGER-1075,2024-12-30,544,67722
KROGER-1075,2024-12-31,630,68352
KROGER-1075,2025-01-01,435,68787
KROGER-1075,2025-01-02,511,69298
KROGER-1075,2025-01-03,532,69830
KROGER-1075,2025-01-04,547,70377
KROGER-1075,2025-01-05,507,70884
KROGER-1075,2025-01-06,449,71333
KROGER-1075,2025-01-07,522,71855
KROGER-1075,2025-01-08,547,72402
KROGER-1075,2025-01-09,476,72878
KROGER-1075,2025-01-10,519,73397
KROGER-1075,2025-01-11,590,73987
KROGER-1075,2025-01-12,538,74525
KROGER-1075,2025-01-13,483,75008
KROGER-1075,2025-01-14,540,75548
KROGER-1075,2025-01-15,469,76017
KROGER-1075,2025-01-16,447,76464
KROGER-1075,2025-01-17,531,76995
KROGER-1075,2025-01-18,507,77502
KROGER-1075,2025-01-19,510,78012
KROGER-1075,2025-01-20,474,78486
KROGER-1075,2025-01-21,480,78966
KROGER-1075,2025-01-22,555,79521
KROGER-1075,2025-01-23,565,80086
KROGER-1075,2025-01-24,570,80656
KROGER-1075,2025-01-25,569,81225
KROGER-1075,2025-01-26,543,81768
KROGER-1075,2025-01-27,442,82210
KROGER-1075,2025-01-28,491,82701
KROGER-1075,2025-01-29,585,83286
KROGER-1075,2025-01-30,481,83767
KROGER-1075,2025-01-31,559,84326
KROGER-1075,2025-02-01,526,84852
KROGER-1075,2025-02-02,411,85263
KROGER-1075,2025-02-03,524,85787
KROGER-1075,2025-02-04,549,86336
KROGER-1075,2025-02-05,497,86833
KROGER-1075,2025-02-06,548,87381
KROGER-1075,2025-02-07,432,87813
KROGER-1075,2025-02-08,466,88279
KROGER-1075,2025-02-09,532,88811
KROGER-1075,2025-02-10,518,89329
KROGER-1075,2025-02-11,553,89882
KROGER-1075,2025-02-12,524,90406
KROGER-1075,2025-02-13,451,90857
KROGER-1075,2025-02-14,507,91364
KROGER-1075,2025-02-15,549,91913
KROGER-1075,2025-02-16,445,92358
KROGER-1075,2025-02-17,497,92855
KROGER-1075,2025-02-18,485,93340
KROGER-1075,2025-02-19,473,93813
KROGER-1075,2025-02-20,519,94332
KROGER-1075,2025-02-21,453,94785
KROGER-1075,2025-02-22,541,95326
KROGER-1075,2025-02-23,547,95873
KROGER-1075,2025-02-24,542,96415
KROGER-1075,2025-02-25,454,96869
KROGER-1075,2025-02-26,439,97308
KROGER-1075,2025-02-27,510,97818
KROGER-1075,2025-02-28,487,98305
KROGER-1075,2025-03-01,645,98950
KROGER-1075,2025-03-02,543,99493
KROGER-1075,2025-03-03,501,99994
KROGER-1075,2025-03-04,492,100486
KROGER-1075,2025-03-05,450,100936
KROGER-1075,2025-03-06,521,101457
KROGER-1075,2025-03-07,496,101953
KROGER-1075,2025-03-08,520,102473
KROGER-1075,2025-03-09,528,103001
KROGER-1075,2025-03-10,508,103509
KROGER-1075,2025-03-11,429,103938
KROGER-1075,2025-03-12,532,104470
KROGER-1075,2025-03-13,465,104935
KROGER-1075,2025-03-14,493,105428
KROGER-1075,2025-03-15,578,106006
KROGER-1075,2025-03-16,598,106604
KROGER-1075,2025-03-17,431,107035
KROGER-1075,2025-03-18,500,107535
KROGER-1075,2025-03-19,510,108045
KROGER-1075,2025-03-20,439,108484
KROGER-1075,2025-03-21,531,109015
KROGER-1075,2025-03-22,529,109544
KROGER-1075,2025-03-23,532,110076
KROGER-1075,2025-03-24,462,110538
KROGER-1075,2025-03-25,515,111053
KROGER-1075,2025-03-26,532,111585
KROGER-1075,2025-03-27,504,112089
KROGER-1075,2025-03-28,478,112567
KROGER-1075,2025-03-29,505,113072
KROGER-1075,2025-03-30,533,113605
KROGER-1075,2025-03-31,501,114106
KROGER-1075,2025-04-01,535,114641
KROGER-1075,2025-04-02,480,115121
KROGER-1075,2025-04-03,450,115571
KROGER-1075,2025-04-04,513,116084
KROGER-1075,2025-04-05,504,116588
KROGER-1075,2025-04-06,557,117145
KROGER-1075,2025-04-07,499,117644
KROGER-1075,2025-04-08,525,118169
KROGER-1075,2025-04-09,458,118627
KROGER-1075,2025-04-10,505,119132
KROGER-1075,2025-04-11,471,119603
KROGER-1075,2025-04-12,473,120076
KROGER-1075,2025-04-13,488,120564
KROGER-1075,2025-04-14,477,121041
KROGER-1075,2025-04-15,549,121590
KROGER-1075,2025-04-16,476,122066
KROGER-1075,2025-04-17,448,122514
KROGER-1075,2025-04-18,504,123018
KROGER-1075,2025-04-19,525,123543
KROGER-1075,2025-04-20,503,124046
KROGER-1075,2025-04-21,492,124538
KROGER-1075,2025-04-22,538,125076
KROGER-1075,2025-04-23,526,125602
KROGER-1075,2025-04-24,522,126124
KROGER-1075,2025-04-25,452,126576
KROGER-1075,2025-04-26,645,127221
KROGER-1075,2025-04-27,568,127789
KROGER-1075,2025-04-28,519,128308
KROGER-1075,2025-04-29,452,128760
KROGER-1075,2025-04-30,537,129297
KROGER-1075,2025-05-01,479,129776
KROGER-1075,2025-05-02,491,130267
KROGER-1075,2025-05-03,453,130720
KROGER-1075,2025-05-04,472,131192
KROGER-1075,2025-05-05,516,131708
KROGER-1075,2025-05-06,539,132247
KROGER-1075,2025-05-07,526,132773
KROGER-1075,2025-05-08,525,133298
KROGER-1075,2025-05-09,496,133794
KROGER-1075,2025-05-10,507,134301
KROGER-1075,2025-05-11,536,134837
KROGER-1075,2025-05-12,532,135369
KROGER-1075,2025-05-13,499,135868
KROGER-1075,2025-05-14,547,136415
KROGER-1075,2025-05-15,490,136905
KROGER-1075,2025-05-16,460,137365
KROGER-1075,2025-05-17,523,137888
KROGER-1075,2025-05-18,528,138416
KROGER-1075,2025-05-19,496,138912
KROGER-1075,2025-05-20,550,139462
KROGER-1075,2025-05-21,531,139993
KROGER-1075,2025-05-22,442,140435
KROGER-1075,2025-05-23,560,140995
KROGER-1075,2025-05-24,409,141404
KROGER-1075,2025-05-25,614,142018
KROGER-1075,2025-05-26,487,142505
KROGER-1075,2025-05-27,491,142996
KROGER-1075,2025-05-28,496,143492
KROGER-1075,2025-05-29,514,144006
KROGER-1075,2025-05-30,499,144505
KROGER-1075,2025-05-31,518,145023
KROGER-1075,2025-06-01,579,145602
KROGER-1075,2025-06-02,521,146123
KROGER-1075,2025-06-03,460,146583
KROGER-1075,2025-06-04,528,147111
KROGER-1075,2025-06-05,520,147631
KROGER-1075,2025-06-06,477,148108
KROGER-1075,2025-06-07,557,148665
KROGER-1075,2025-06-08,517,149182
KROGER-1075,2025-06-09,490,149672
KROGER-1075,2025-06-10,489,150161
KROGER-1075,2025-06-11,402,150563
KROGER-1075,2025-06-12,478,151041
KROGER-1075,2025-06-13,527,151568
KROGER-1075,2025-06-14,523,152091
KROGER-1075,2025-06-15,470,152561
KROGER-1075,2025-06-16,537,153098
KROGER-1075,2025-06-17,487,153585
KROGER-1075,2025-06-18,450,154035
KROGER-1075,2025-06-19,587,154622
KROGER-1075,2025-06-20,457,155079
KROGER-1075,2025-06-21,561,155640
KROGER-1075,2025-06-22,491,156131
KROGER-1075,2025-06-23,504,156635
KROGER-1075,2025-06-24,463,157098
KROGER-1075,2025-06-25,449,157547
KROGER-1075,2025-06-26,520,158067
KROGER-1075,2025-06-27,515,158582
KROGER-1075,2025-06-28,572,159154
KROGER-1075,2025-06-29,522,159676
KROGER-1075,2025-06-30,587,160263
KROGER-1075,2025-07-01,462,160725
KROGER-1075,2025-07-02,559,161284
KROGER-1075,2025-07-03,534,161818
KROGER-1075,2025-07-04,491,162309
KROGER-1075,2025-07-05,512,162821
KROGER-1075,2025-07-06,473,163294
KROGER-1075,2025-07-07,529,163823
KROGER-1075,2025-07-08,506,164329
KROGER-1075,2025-07-09,515,164844
KROGER-1075,2025-07-10,536,165380
KROGER-1075,2025-07-11,528,165908
KROGER-1075,2025-07-12,487,166395
KROGER-1075,2025-07-13,525,166920
KROGER-1075,2025-07-14,515,167435
KROGER-1075,2025-07-15,518,167953
KROGER-1075,2025-07-16,435,168388
KROGER-1075,2025-07-17,459,168847
KROGER-1075,2025-07-18,525,169372
KROGER-1075,2025-07-19,551,169923
KROGER-1075,2025-07-20,591,170514
KROGER-1075,2025-07-21,437,170951
KROGER-1075,2025-07-22,535,171486
KROGER-1075,2025-07-23,514,172000
KROGER-1075,2025-07-24,457,172457
KROGER-1075,2025-07-25,428,172885
KROGER-1075,2025-07-26,563,173448
KROGER-1075,2025-07-27,483,173931
KROGER-1075,2025-07-28,446,174377
KROGER-1075,2025-07-29,517,174894
KROGER-1075,2025-07-30,498,175392
KROGER-1075,2025-07-31,522,175914
KROGER-1075,2025-08-01,516,176430
KROGER-1075,2025-08-02,664,177094
KROGER-1075,2025-08-03,554,177648
KROGER-1075,2025-08-04,525,178173
KROGER-1075,2025-08-05,464,178637
KROGER-1075,2025-08-06,561,179198
KROGER-1075,2025-08-07,479,179677
KROGER-1075,2025-08-08,462,180139
KROGER-1075,2025-08-09,515,180654
KROGER-1075,2025-08-10,542,181196
KROGER-1075,2025-08-11,480,181676
KROGER-1075,2025-08-12,464,182140
KROGER-1075,2025-08-13,463,182603
KROGER-1075,2025-08-14,507,183110
KROGER-1075,2025-08-15,521,183631
KROGER-1075,2025-08-16,551,184182
KROGER-1075,2025-08-17,459,184641
KROGER-1075,2025-08-18,466,185107
KROGER-1075,2025-08-19,536,185643
KROGER-1075,2025-08-20,482,186125
KROGER-1075,2025-08-21,507,186632
KROGER-1075,2025-08-22,604,187236
KROGER-1075,2025-08-23,429,187665
KROGER-1075,2025-08-24,518,188183
KROGER-1075,2025-08-25,527,188710
KROGER-1075,2025-08-26,460,189170
KROGER-1075,2025-08-27,493,189663
KROGER-1075,2025-08-28,451,190114
KROGER-1075,2025-08-29,522,190636
KROGER-1075,2025-08-30,496,191132
KROGER-1075,2025-08-31,506,191638
KROGER-1076,2024-09-01,403,403
KROGER-1076,2024-09-02,374,777
KROGER-1076,2024-09-03,386,1163
KROGER-1076,2024-09-04,409,1572
KROGER-1076,2024-09-05,360,1932
KROGER-1076,2024-09-06,419,2351
KROGER-1076,2024-09-07,382,2733
KROGER-1076,2024-09-08,416,3149
KROGER-1076,2024-09-09,357,3506
KROGER-1076,2024-09-10,382,3888
KROGER-1076,2024-09-11,346,4234
KROGER-1076,2024-09-12,397,4631
KROGER-1076,2024-09-13,391,5022
KROGER-1076,2024-09-14,370,5392
KROGER-1076,2024-09-15,381,5773
KROGER-1076,2024-09-16,331,6104
KROGER-1076,2024-09-17,385,6489
KROGER-1076,2024-09-18,382,6871
KROGER-1076,2024-09-19,323,7194
KROGER-1076,2024-09-20,421,7615
KROGER-1076,2024-09-21,388,8003
KROGER-1076,2024-09-22,369,8372
KROGER-1076,2024-09-23,393,8765
KROGER-1076,2024-09-24,343,9108
KROGER-1076,2024-09-25,396,9504
KROGER-1076,2024-09-26,324,9828
KROGER-1076,2024-09-27,352,10180
KROGER-1076,2024-09-28,374,10554
KROGER-1076,2024-09-29,360,10914
KROGER-1076,2024-09-30,337,11251
KROGER-1076,2024-10-01,344,11595
KROGER-1076,2024-10-02,343,11938
KROGER-1076,2024-10-03,345,12283
KROGER-1076,2024-10-04,399,12682
KROGER-1076,2024-10-05,389,13071
KROGER-1076,2024-10-06,373,13444
KROGER-1076,2024-10-07,380,13824
KROGER-1076,2024-10-08,355,14179
KROGER-1076,2024-10-09,335,14514
KROGER-1076,2024-10-10,312,14826
KROGER-1076,2024-10-11,387,15213
KROGER-1076,2024-10-12,309,15522
KROGER-1076,2024-10-13,331,15853
KROGER-1076,2024-10-14,373,16226
KROGER-1076,2024-10-15,358,16584
KROGER-1076,2024-10-16,400,16984
KROGER-1076,2024-10-17,340,17324
KROGER-1076,2024-10-18,380,17704
KROGER-1076,2024-10-19,371,18075
KROGER-1076,2024-10-20,393,18468
KROGER-1076,2024-10-21,363,18831
KROGER-1076,2024-10-22,373,19204
KROGER-1076,2024-10-23,364,19568
KROGER-1076,2024-10-24,367,19935
KROGER-1076,2024-10-25,327,20262
KROGER-1076,2024-10-26,378,20640
KROGER-1076,2024-10-27,394,21034
KROGER-1076,2024-10-28,357,21391
KROGER-1076,2024-10-29,355,21746
KROGER-1076,2024-10-30,304,22050
KROGER-1076,2024-10-31,402,22452
KROGER-1076,2024-11-01,383,22835
KROGER-1076,2024-11-02,429,23264
KROGER-1076,2024-11-03,423,23687
KROGER-1076,2024-11-04,440,24127
KROGER-1076,2024-11-05,442,24569
KROGER-1076,2024-11-06,453,25022
KROGER-1076,2024-11-07,454,25476
KROGER-1076,2024-11-08,489,25965
KROGER-1076,2024-11-09,440,26405
KROGER-1076,2024-11-10,421,26826
KROGER-1076,2024-11-11,422,27248
KROGER-1076,2024-11-12,392,27640
KROGER-1076,2024-11-13,418,28058
KROGER-1076,2024-11-14,377,28435
KROGER-1076,2024-11-15,401,28836
KROGER-1076,2024-11-16,390,29226
KROGER-1076,2024-11-17,495,29721
KROGER-1076,2024-11-18,434,30155
KROGER-1076,2024-11-19,495,30650
KROGER-1076,2024-11-20,468,31118
KROGER-1076,2024-11-21,472,31590
KROGER-1076,2024-11-22,425,32015
KROGER-1076,2024-11-23,469,32484
KROGER-1076,2024-11-24,419,32903
KROGER-1076,2024-11-25,412,33315
KROGER-1076,2024-11-26,430,33745
KROGER-1076,2024-11-27,370,34115
KROGER-1076,2024-11-28,412,34527
KROGER-1076,2024-11-29,457,34984
KROGER-1076,2024-11-30,434,35418
KROGER-1076,2024-12-01,425,35843
KROGER-1076,2024-12-02,417,36260
KROGER-1076,2024-12-03,456,36716
KROGER-1076,2024-12-04,442,37158
KROGER-1076,2024-12-05,422,37580
KROGER-1076,2024-12-06,431,38011
KROGER-1076,2024-12-07,482,38493
KROGER-1076,2024-12-08,499,38992
KROGER-1076,2024-12-09,414,39406
KROGER-1076,2024-12-10,427,39833
KROGER-1076,2024-12-11,473,40306
KROGER-1076,2024-12-12,448,40754
KROGER-1076,2024-12-13,382,41136
KROGER-1076,2024-12-14,419,41555
KROGER-1076,2024-12-15,420,41975
KROGER-1076,2024-12-16,416,42391
KROGER-1076,2024-12-17,443,42834
KROGER-1076,2024-12-18,495,43329
KROGER-1076,2024-12-19,427,43756
KROGER-1076,2024-12-20,453,44209
KROGER-1076,2024-12-21,492,44701
KROGER-1076,2024-12-22,505,45206
KROGER-1076,2024-12-23,469,45675
KROGER-1076,2024-12-24,404,46079
KROGER-1076,2024-12-25,380,46459
KROGER-1076,2024-12-26,408,46867
KROGER-1076,2024-12-27,436,47303
KROGER-1076,2024-12-28,425,47728
KROGER-1076,2024-12-29,393,48121
KROGER-1076,2024-12-30,388,48509
KROGER-1076,2024-12-31,533,49042
KROGER-1076,2025-01-01,352,49394
KROGER-1076,2025-01-02,410,49804
KROGER-1076,2025-01-03,351,50155
KROGER-1076,2025-01-04,400,50555
KROGER-1076,2025-01-05,372,50927
KROGER-1076,2025-01-06,358,51285
KROGER-1076,2025-01-07,381,51666
KROGER-1076,2025-01-08,347,52013
KROGER-1076,2025-01-09,324,52337
KROGER-1076,2025-01-10,335,52672
KROGER-1076,2025-01-11,352,53024
KROGER-1076,2025-01-12,379,53403
KROGER-1076,2025-01-13,304,53707
KROGER-1076,2025-01-14,367,54074
KROGER-1076,2025-01-15,395,54469
KROGER-1076,2025-01-16,344,54813
KROGER-1076,2025-01-17,339,55152
KROGER-1076,2025-01-18,435,55587
KROGER-1076,2025-01-19,420,56007
KROGER-1076,2025-01-20,370,56377
KROGER-1076,2025-01-21,337,56714
KROGER-1076,2025-01-22,375,57089
KROGER-1076,2025-01-23,329,57418
KROGER-1076,2025-01-24,320,57738
KROGER-1076,2025-01-25,390,58128
KROGER-1076,2025-01-26,362,58490
KROGER-1076,2025-01-27,300,58790
KROGER-1076,2025-01-28,375,59165
KROGER-1076,2025-01-29,400,59565
KROGER-1076,2025-01-30,377,59942
KROGER-1076,2025-01-31,344,60286
KROGER-1076,2025-02-01,312,60598
KROGER-1076,2025-02-02,381,60979
KROGER-1076,2025-02-03,339,61318
KROGER-1076,2025-02-04,332,61650
KROGER-1076,2025-02-05,302,61952
KROGER-1076,2025-02-06,412,62364
KROGER-1076,2025-02-07,327,62691
KROGER-1076,2025-02-08,321,63012
KROGER-1076,2025-02-09,427,63439
KROGER-1076,2025-02-10,359,63798
KROGER-1076,2025-02-11,355,64153
KROGER-1076,2025-02-12,367,64520
KROGER-1076,2025-02-13,371,64891
KROGER-1076,2025-02-14,364,65255
KROGER-1076,2025-02-15,331,65586
KROGER-1076,2025-02-16,328,65914
KROGER-1076,2025-02-17,337,66251
KROGER-1076,2025-02-18,344,66595
KROGER-1076,2025-02-19,348,66943
KROGER-1076,2025-02-20,365,67308
KROGER-1076,2025-02-21,350,67658
KROGER-1076,2025-02-22,356,68014
KROGER-1076,2025-02-23,388,68402
KROGER-1076,2025-02-24,379,68781
KROGER-1076,2025-02-25,335,69116
KROGER-1076,2025-02-26,319,69435
KROGER-1076,2025-02-27,363,69798
KROGER-1076,2025-02-28,346,70144
KROGER-1076,2025-03-01,401,70545
KROGER-1076,2025-03-02,346,70891
KROGER-1076,2025-03-03,324,71215
KROGER-1076,2025-03-04,340,71555
KROGER-1076,2025-03-05,373,71928
KROGER-1076,2025-03-06,348,72276
KROGER-1076,2025-03-07,356,72632
KROGER-1076,2025-03-08,361,72993
KROGER-1076,2025-03-09,407,73400
KROGER-1076,2025-03-10,372,73772
KROGER-1076,2025-03-11,315,74087
KROGER-1076,2025-03-12,384,74471
KROGER-1076,2025-03-13,375,74846
KROGER-1076,2025-03-14,389,75235
KROGER-1076,2025-03-15,360,75595
KROGER-1076,2025-03-16,348,75943
KROGER-1076,2025-03-17,356,76299
KROGER-1076,2025-03-18,363,76662
KROGER-1076,2025-03-19,392,77054
KROGER-1076,2025-03-20,376,77430
KROGER-1076,2025-03-21,362,77792
KROGER-1076,2025-03-22,372,78164
KROGER-1076,2025-03-23,377,78541
KROGER-1076,2025-03-24,347,78888
KROGER-1076,2025-03-25,378,79266
KROGER-1076,2025-03-26,317,79583
KROGER-1076,2025-03-27,358,79941
KROGER-1076,2025-03-28,388,80329
KROGER-1076,2025-03-29,342,80671
KROGER-1076,2025-03-30,435,81106
KROGER-1076,2025-03-31,327,81433
KROGER-1076,2025-04-01,344,81777
KROGER-1076,2025-04-02,388,82165
KROGER-1076,2025-04-03,400,82565
KROGER-1076,2025-04-04,368,82933
KROGER-1076,2025-04-05,386,83319
KROGER-1076,2025-04-06,430,83749
KROGER-1076,2025-04-07,319,84068
KROGER-1076,2025-04-08,309,84377
KROGER-1076,2025-04-09,303,84680
KROGER-1076,2025-04-10,334,85014
KROGER-1076,2025-04-11,338,85352
KROGER-1076,2025-04-12,388,85740
KROGER-1076,2025-04-13,406,86146
KROGER-1076,2025-04-14,384,86530
KROGER-1076,2025-04-15,383,86913
KROGER-1076,2025-04-16,331,87244
KROGER-1076,2025-04-17,369,87613
KROGER-1076,2025-04-18,337,87950
KROGER-1076,2025-04-19,394,88344
KROGER-1076,2025-04-20,377,88721
KROGER-1076,2025-04-21,384,89105
KROGER-1076,2025-04-22,426,89531
KROGER-1076,2025-04-23,357,89888
KROGER-1076,2025-04-24,327,90215
KROGER-1076,2025-04-25,311,90526
KROGER-1076,2025-04-26,349,90875
KROGER-1076,2025-04-27,408,91283
KROGER-1076,2025-04-28,372,91655
KROGER-1076,2025-04-29,365,92020
KROGER-1076,2025-04-30,369,92389
KROGER-1076,2025-05-01,379,92768
KROGER-1076,2025-05-02,314,93082
KROGER-1076,2025-05-03,406,93488
KROGER-1076,2025-05-04,388,93876
KROGER-1076,2025-05-05,317,94193
KROGER-1076,2025-05-06,368,94561
KROGER-1076,2025-05-07,321,94882
KROGER-1076,2025-05-08,373,95255
KROGER-1076,2025-05-09,362,95617
KROGER-1076,2025-05-10,346,95963
KROGER-1076,2025-05-11,389,96352
KROGER-1076,2025-05-12,381,96733
KROGER-1076,2025-05-13,342,97075
KROGER-1076,2025-05-14,381,97456
KROGER-1076,2025-05-15,350,97806
KROGER-1076,2025-05-16,383,98189
KROGER-1076,2025-05-17,373,98562
KROGER-1076,2025-05-18,411,98973
KROGER-1076,2025-05-19,332,99305
KROGER-1076,2025-05-20,333,99638
KROGER-1076,2025-05-21,336,99974
KROGER-1076,2025-05-22,362,100336
KROGER-1076,2025-05-23,354,100690
KROGER-1076,2025-05-24,385,101075
KROGER-1076,2025-05-25,341,101416
KROGER-1076,2025-05-26,338,101754
KROGER-1076,2025-05-27,395,102149
KROGER-1076,2025-05-28,369,102518
KROGER-1076,2025-05-29,376,102894
KROGER-1076,2025-05-30,351,103245
KROGER-1076,2025-05-31,385,103630
KROGER-1076,2025-06-01,362,103992
KROGER-1076,2025-06-02,305,104297
KROGER-1076,2025-06-03,388,104685
KROGER-1076,2025-06-04,363,105048
KROGER-1076,2025-06-05,337,105385
KROGER-1076,2025-06-06,358,105743
KROGER-1076,2025-06-07,362,106105
KROGER-1076,2025-06-08,421,106526
KROGER-1076,2025-06-09,377,106903
KROGER-1076,2025-06-10,325,107228
KROGER-1076,2025-06-11,321,107549
KROGER-1076,2025-06-12,365,107914
KROGER-1076,2025-06-13,362,108276
KROGER-1076,2025-06-14,392,108668
KROGER-1076,2025-06-15,372,109040
KROGER-1076,2025-06-16,340,109380
KROGER-1076,2025-06-17,373,109753
KROGER-1076,2025-06-18,375,110128
KROGER-1076,2025-06-19,394,110522
KROGER-1076,2025-06-20,379,110901
KROGER-1076,2025-06-21,351,111252
KROGER-1076,2025-06-22,384,111636
KROGER-1076,2025-06-23,350,111986
KROGER-1076,2025-06-24,331,112317
KROGER-1076,2025-06-25,307,112624
KROGER-1076,2025-06-26,423,113047
KROGER-1076,2025-06-27,342,113389
KROGER-1076,2025-06-28,372,113761
KROGER-1076,2025-06-29,383,114144
KROGER-1076,2025-06-30,361,114505
KROGER-1076,2025-07-01,286,114791
KROGER-1076,2025-07-02,353,115144
KROGER-1076,2025-07-03,409,115553
KROGER-1076,2025-07-04,352,115905
KROGER-1076,2025-07-05,425,116330
KROGER-1076,2025-07-06,377,116707
KROGER-1076,2025-07-07,348,117055
KROGER-1076,2025-07-08,362,117417
KROGER-1076,2025-07-09,359,117776
KROGER-1076,2025-07-10,359,118135
KROGER-1076,2025-07-11,341,118476
KROGER-1076,2025-07-12,335,118811
KROGER-1076,2025-07-13,393,119204
KROGER-1076,2025-07-14,361,119565
KROGER-1076,2025-07-15,406,119971
KROGER-1076,2025-07-16,357,120328
KROGER-1076,2025-07-17,315,120643
KROGER-1076,2025-07-18,367,121010
KROGER-1076,2025-07-19,378,121388
KROGER-1076,2025-07-20,363,121751
KROGER-1076,2025-07-21,376,122127
KROGER-1076,2025-07-22,372,122499
KROGER-1076,2025-07-23,324,122823
KROGER-1076,2025-07-24,345,123168
KROGER-1076,2025-07-25,390,123558
KROGER-1076,2025-07-26,347,123905
KROGER-1076,2025-07-27,371,124276
KROGER-1076,2025-07-28,365,124641
KROGER-1076,2025-07-29,325,124966
KROGER-1076,2025-07-30,355,125321
KROGER-1076,2025-07-31,354,125675
KROGER-1076,2025-08-01,349,126024
KROGER-1076,2025-08-02,330,126354
KROGER-1076,2025-08-03,376,126730
KROGER-1076,2025-08-04,340,127070
KROGER-1076,2025-08-05,389,127459
KROGER-1076,2025-08-06,370,127829
KROGER-1076,2025-08-07,336,128165
KROGER-1076,2025-08-08,347,128512
KROGER-1076,2025-08-09,380,128892
KROGER-1076,2025-08-10,364,129256
KROGER-1076,2025-08-11,315,129571
KROGER-1076,2025-08-12,367,129938
KROGER-1076,2025-08-13,373,130311
KROGER-1076,2025-08-14,379,130690
KROGER-1076,2025-08-15,385,131075
KROGER-1076,2025-08-16,351,131426
KROGER-1076,2025-08-17,400,131826
KROGER-1076,2025-08-18,325,132151
KROGER-1076,2025-08-19,368,132519
KROGER-1076,2025-08-20,338,132857
KROGER-1076,2025-08-21,370,133227
KROGER-1076,2025-08-22,315,133542
KROGER-1076,2025-08-23,392,133934
KROGER-1076,2025-08-24,352,134286
KROGER-1076,2025-08-25,372,134658
KROGER-1076,2025-08-26,369,135027
KROGER-1076,2025-08-27,369,135396
KROGER-1076,2025-08-28,360,135756
KROGER-1076,2025-08-29,325,136081
KROGER-1076,2025-08-30,421,136502
KROGER-1076,2025-08-31,372,136874
KROGER-1077,2024-09-01,313,313
KROGER-1077,2024-09-02,334,647
KROGER-1077,2024-09-03,280,927
KROGER-1077,2024-09-04,300,1227
KROGER-1077,2024-09-05,305,1532
KROGER-1077,2024-09-06,295,1827
KROGER-1077,2024-09-07,323,2150
KROGER-1077,2024-09-08,301,2451
KROGER-1077,2024-09-09,299,2750
KROGER-1077,2024-09-10,304,3054
KROGER-1077,2024-09-11,334,3388
KROGER-1077,2024-09-12,341,3729
KROGER-1077,2024-09-13,305,4034
KROGER-1077,2024-09-14,346,4380
KROGER-1077,2024-09-15,298,4678
KROGER-1077,2024-09-16,355,5033
KROGER-1077,2024-09-17,295,5328
KROGER-1077,2024-09-18,300,5628
KROGER-1077,2024-09-19,314,5942
KROGER-1077,2024-09-20,322,6264
KROGER-1077,2024-09-21,312,6576
KROGER-1077,2024-09-22,265,6841
KROGER-1077,2024-09-23,317,7158
KROGER-1077,2024-09-24,279,7437
KROGER-1077,2024-09-25,320,7757
KROGER-1077,2024-09-26,319,8076
KROGER-1077,2024-09-27,306,8382
KROGER-1077,2024-09-28,339,8721
KROGER-1077,2024-09-29,304,9025
KROGER-1077,2024-09-30,334,9359
KROGER-1077,2024-10-01,305,9664
KROGER-1077,2024-10-02,297,9961
KROGER-1077,2024-10-03,329,10290
KROGER-1077,2024-10-04,285,10575
KROGER-1077,2024-10-05,263,10838
KROGER-1077,2024-10-06,284,11122
KROGER-1077,2024-10-07,336,11458
KROGER-1077,2024-10-08,307,11765
KROGER-1077,2024-10-09,305,12070
KROGER-1077,2024-10-10,323,12393
KROGER-1077,2024-10-11,308,12701
KROGER-1077,2024-10-12,309,13010
KROGER-1077,2024-10-13,305,13315
KROGER-1077,2024-10-14,273,13588
KROGER-1077,2024-10-15,275,13863
KROGER-1077,2024-10-16,305,14168
KROGER-1077,2024-10-17,297,14465
KROGER-1077,2024-10-18,313,14778
KROGER-1077,2024-10-19,314,15092
KROGER-1077,2024-10-20,289,15381
KROGER-1077,2024-10-21,307,15688
KROGER-1077,2024-10-22,305,15993
KROGER-1077,2024-10-23,301,16294
KROGER-1077,2024-10-24,305,16599
KROGER-1077,2024-10-25,348,16947
KROGER-1077,2024-10-26,286,17233
KROGER-1077,2024-10-27,292,17525
KROGER-1077,2024-10-28,260,17785
KROGER-1077,2024-10-29,303,18088
KROGER-1077,2024-10-30,254,18342
KROGER-1077,2024-10-31,306,18648
KROGER-1077,2024-11-01,360,19008
KROGER-1077,2024-11-02,362,19370
KROGER-1077,2024-11-03,394,19764
KROGER-1077,2024-11-04,370,20134
KROGER-1077,2024-11-05,408,20542
KROGER-1077,2024-11-06,379,20921
KROGER-1077,2024-11-07,359,21280
KROGER-1077,2024-11-08,295,21575
KROGER-1077,2024-11-09,408,21983
KROGER-1077,2024-11-10,408,22391
KROGER-1077,2024-11-11,400,22791
KROGER-1077,2024-11-12,295,23086
KROGER-1077,2024-11-13,367,23453
KROGER-1077,2024-11-14,380,23833
KROGER-1077,2024-11-15,396,24229
KROGER-1077,2024-11-16,398,24627
KROGER-1077,2024-11-17,381,25008
KROGER-1077,2024-11-18,332,25340
KROGER-1077,2024-11-19,358,25698
KROGER-1077,2024-11-20,373,26071
KROGER-1077,2024-11-21,384,26455
KROGER-1077,2024-11-22,315,26770
KROGER-1077,2024-11-23,388,27158
KROGER-1077,2024-11-24,335,27493
KROGER-1077,2024-11-25,369,27862
KROGER-1077,2024-11-26,328,28190
KROGER-1077,2024-11-27,320,28510
KROGER-1077,2024-11-28,414,28924
KROGER-1077,2024-11-29,321,29245
KROGER-1077,2024-11-30,360,29605
KROGER-1077,2024-12-01,379,29984
KROGER-1077,2024-12-02,301,30285
KROGER-1077,2024-12-03,384,30669
KROGER-1077,2024-12-04,341,31010
KROGER-1077,2024-12-05,332,31342
KROGER-1077,2024-12-06,388,31730
KROGER-1077,2024-12-07,339,32069
KROGER-1077,2024-12-08,393,32462
KROGER-1077,2024-12-09,362,32824
KROGER-1077,2024-12-10,363,33187
KROGER-1077,2024-12-11,360,33547
KROGER-1077,2024-12-12,365,33912
KROGER-1077,2024-12-13,295,34207
KROGER-1077,2024-12-14,353,34560
KROGER-1077,2024-12-15,352,34912
KROGER-1077,2024-12-16,393,35305
KROGER-1077,2024-12-17,366,35671
KROGER-1077,2024-12-18,362,36033
KROGER-1077,2024-12-19,415,36448
KROGER-1077,2024-12-20,303,36751
KROGER-1077,2024-12-21,422,37173
KROGER-1077,2024-12-22,380,37553
KROGER-1077,2024-12-23,339,37892
KROGER-1077,2024-12-24,346,38238
KROGER-1077,2024-12-25,347,38585
KROGER-1077,2024-12-26,405,38990
KROGER-1077,2024-12-27,368,39358
KROGER-1077,2024-12-28,400,39758
KROGER-1077,2024-12-29,357,40115
KROGER-1077,2024-12-30,365,40480
KROGER-1077,2024-12-31,388,40868
KROGER-1077,2025-01-01,328,41196
KROGER-1077,2025-01-02,269,41465
KROGER-1077,2025-01-03,321,41786
KROGER-1077,2025-01-04,312,42098
KROGER-1077,2025-01-05,325,42423
KROGER-1077,2025-01-06,288,42711
KROGER-1077,2025-01-07,338,43049
KROGER-1077,2025-01-08,307,43356
KROGER-1077,2025-01-09,287,43643
KROGER-1077,2025-01-10,289,43932
KROGER-1077,2025-01-11,338,44270
KROGER-1077,2025-01-12,334,44604
KROGER-1077,2025-01-13,303,44907
KROGER-1077,2025-01-14,292,45199
KROGER-1077,2025-01-15,324,45523
KROGER-1077,2025-01-16,288,45811
KROGER-1077,2025-01-17,287,46098
KROGER-1077,2025-01-18,380,46478
KROGER-1077,2025-01-19,326,46804
KROGER-1077,2025-01-20,299,47103
KROGER-1077,2025-01-21,290,47393
KROGER-1077,2025-01-22,296,47689
KROGER-1077,2025-01-23,331,48020
KROGER-1077,2025-01-24,321,48341
KROGER-1077,2025-01-25,300,48641
KROGER-1077,2025-01-26,308,48949
KROGER-1077,2025-01-27,269,49218
KROGER-1077,2025-01-28,307,49525
KROGER-1077,2025-01-29,205,49730
KROGER-1077,2025-01-30,264,49994
KROGER-1077,2025-01-31,303,50297
KROGER-1077,2025-02-01,250,50547
KROGER-1077,2025-02-02,374,50921
KROGER-1077,2025-02-03,280,51201
KROGER-1077,2025-02-04,313,51514
KROGER-1077,2025-02-05,332,51846
KROGER-1077,2025-02-06,307,52153
KROGER-1077,2025-02-07,301,52454
KROGER-1077,2025-02-08,302,52756
KROGER-1077,2025-02-09,283,53039
KROGER-1077,2025-02-10,290,53329
KROGER-1077,2025-02-11,303,53632
KROGER-1077,2025-02-12,300,53932
KROGER-1077,2025-02-13,278,54210
KROGER-1077,2025-02-14,327,54537
KROGER-1077,2025-02-15,280,54817
KROGER-1077,2025-02-16,331,55148
KROGER-1077,2025-02-17,322,55470
KROGER-1077,2025-02-18,307,55777
KROGER-1077,2025-02-19,341,56118
KROGER-1077,2025-02-20,311,56429
KROGER-1077,2025-02-21,334,56763
KROGER-1077,2025-02-22,249,57012
KROGER-1077,2025-02-23,340,57352
KROGER-1077,2025-02-24,315,57667
KROGER-1077,2025-02-25,314,57981
KROGER-1077,2025-02-26,316,58297
KROGER-1077,2025-02-27,289,58586
KROGER-1077,2025-02-28,319,58905
KROGER-1077,2025-03-01,361,59266
KROGER-1077,2025-03-02,269,59535
KROGER-1077,2025-03-03,330,59865
KROGER-1077,2025-03-04,298,60163
KROGER-1077,2025-03-05,285,60448
KROGER-1077,2025-03-06,272,60720
KROGER-1077,2025-03-07,310,61030
KROGER-1077,2025-03-08,356,61386
KROGER-1077,2025-03-09,306,61692
KROGER-1077,2025-03-10,317,62009
KROGER-1077,2025-03-11,301,62310
KROGER-1077,2025-03-12,261,62571
KROGER-1077,2025-03-13,297,62868
KROGER-1077,2025-03-14,285,63153
KROGER-1077,2025-03-15,290,63443
KROGER-1077,2025-03-16,305,63748
KROGER-1077,2025-03-17,293,64041
KROGER-1077,2025-03-18,325,64366
KROGER-1077,2025-03-19,302,64668
KROGER-1077,2025-03-20,267,64935
KROGER-1077,2025-03-21,330,65265
KROGER-1077,2025-03-22,326,65591
KROGER-1077,2025-03-23,323,65914
KROGER-1077,2025-03-24,322,66236
KROGER-1077,2025-03-25,300,66536
KROGER-1077,2025-03-26,288,66824
KROGER-1077,2025-03-27,309,67133
KROGER-1077,2025-03-28,316,67449
KROGER-1077,2025-03-29,326,67775
KROGER-1077,2025-03-30,337,68112
KROGER-1077,2025-03-31,303,68415
KROGER-1077,2025-04-01,277,68692
KROGER-1077,2025-04-02,286,68978
KROGER-1077,2025-04-03,334,69312
KROGER-1077,2025-04-04,302,69614
KROGER-1077,2025-04-05,288,69902
KROGER-1077,2025-04-06,285,70187
KROGER-1077,2025-04-07,269,70456
KROGER-1077,2025-04-08,321,70777
KROGER-1077,2025-04-09,308,71085
KROGER-1077,2025-04-10,345,71430
KROGER-1077,2025-04-11,315,71745
KROGER-1077,2025-04-12,332,72077
KROGER-1077,2025-04-13,366,72443
KROGER-1077,2025-04-14,278,72721
KROGER-1077,2025-04-15,265,72986
KROGER-1077,2025-04-16,314,73300
KROGER-1077,2025-04-17,295,73595
KROGER-1077,2025-04-18,308,73903
KROGER-1077,2025-04-19,347,74250
KROGER-1077,2025-04-20,335,74585
KROGER-1077,2025-04-21,338,74923
KROGER-1077,2025-04-22,279,75202
KROGER-1077,2025-04-23,323,75525
KROGER-1077,2025-04-24,282,75807
KROGER-1077,2025-04-25,341,76148
KROGER-1077,2025-04-26,327,76475
KROGER-1077,2025-04-27,329,76804
KROGER-1077,2025-04-28,287,77091
KROGER-1077,2025-04-29,288,77379
KROGER-1077,2025-04-30,311,77690
KROGER-1077,2025-05-01,343,78033
KROGER-1077,2025-05-02,339,78372
KROGER-1077,2025-05-03,325,78697
KROGER-1077,2025-05-04,305,79002
KROGER-1077,2025-05-05,315,79317
KROGER-1077,2025-05-06,331,79648
KROGER-1077,2025-05-07,306,79954
KROGER-1077,2025-05-08,292,80246
KROGER-1077,2025-05-09,317,80563
KROGER-1077,2025-05-10,310,80873
KROGER-1077,2025-05-11,307,81180
KROGER-1077,2025-05-12,300,81480
KROGER-1077,2025-05-13,317,81797
KROGER-1077,2025-05-14,296,82093
KROGER-1077,2025-05-15,300,82393
KROGER-1077,2025-05-16,304,82697
KROGER-1077,2025-05-17,306,83003
KROGER-1077,2025-05-18,355,83358
KROGER-1077,2025-05-19,345,83703
KROGER-1077,2025-05-20,294,83997
KROGER-1077,2025-05-21,282,84279
KROGER-1077,2025-05-22,290,84569
KROGER-1077,2025-05-23,312,84881
KROGER-1077,2025-05-24,314,85195
KROGER-1077,2025-05-25,284,85479
KROGER-1077,2025-05-26,297,85776
KROGER-1077,2025-05-27,311,86087
KROGER-1077,2025-05-28,325,86412
KROGER-1077,2025-05-29,343,86755
KROGER-1077,2025-05-30,290,87045
KROGER-1077,2025-05-31,300,87345
KROGER-1077,2025-06-01,310,87655
KROGER-1077,2025-06-02,278,87933
KROGER-1077,2025-06-03,284,88217
KROGER-1077,2025-06-04,284,88501
KROGER-1077,2025-06-05,309,88810
KROGER-1077,2025-06-06,281,89091
KROGER-1077,2025-06-07,337,89428
KROGER-1077,2025-06-08,345,89773
KROGER-1077,2025-06-09,274,90047
KROGER-1077,2025-06-10,270,90317
KROGER-1077,2025-06-11,288,90605
KROGER-1077,2025-06-12,291,90896
KROGER-1077,2025-06-13,332,91228
KROGER-1077,2025-06-14,315,91543
KROGER-1077,2025-06-15,327,91870
KROGER-1077,2025-06-16,311,92181
KROGER-1077,2025-06-17,280,92461
KROGER-1077,2025-06-18,295,92756
KROGER-1077,2025-06-19,301,93057
KROGER-1077,2025-06-20,310,93367
KROGER-1077,2025-06-21,280,93647
KROGER-1077,2025-06-22,301,93948
KROGER-1077,2025-06-23,301,94249
KROGER-1077,2025-06-24,290,94539
KROGER-1077,2025-06-25,267,94806
KROGER-1077,2025-06-26,284,95090
KROGER-1077,2025-06-27,267,95357
KROGER-1077,2025-06-28,351,95708
KROGER-1077,2025-06-29,308,96016
KROGER-1077,2025-06-30,299,96315
KROGER-1077,2025-07-01,277,96592
KROGER-1077,2025-07-02,307,96899
KROGER-1077,2025-07-03,318,97217
KROGER-1077,2025-07-04,279,97496
KROGER-1077,2025-07-05,293,97789
KROGER-1077,2025-07-06,304,98093
KROGER-1077,2025-07-07,267,98360
KROGER-1077,2025-07-08,310,98670
KROGER-1077,2025-07-09,319,98989
KROGER-1077,2025-07-10,266,99255
KROGER-1077,2025-07-11,322,99577
KROGER-1077,2025-07-12,338,99915
KROGER-1077,2025-07-13,244,100159
KROGER-1077,2025-07-14,274,100433
KROGER-1077,2025-07-15,286,100719
KROGER-1077,2025-07-16,315,101034
KROGER-1077,2025-07-17,312,101346
KROGER-1077,2025-07-18,279,101625
KROGER-1077,2025-07-19,357,101982
KROGER-1077,2025-07-20,298,102280
KROGER-1077,2025-07-21,281,102561
KROGER-1077,2025-07-22,273,102834
KROGER-1077,2025-07-23,297,103131
KROGER-1077,2025-07-24,323,103454
KROGER-1077,2025-07-25,279,103733
KROGER-1077,2025-07-26,321,104054
KROGER-1077,2025-07-27,321,104375
KROGER-1077,2025-07-28,300,104675
KROGER-1077,2025-07-29,309,104984
KROGER-1077,2025-07-30,323,105307
KROGER-1077,2025-07-31,308,105615
KROGER-1077,2025-08-01,326,105941
KROGER-1077,2025-08-02,288,106229
KROGER-1077,2025-08-03,305,106534
KROGER-1077,2025-08-04,274,106808
KROGER-1077,2025-08-05,314,107122
KROGER-1077,2025-08-06,330,107452
KROGER-1077,2025-08-07,294,107746
KROGER-1077,2025-08-08,308,108054
KROGER-1077,2025-08-09,278,108332
KROGER-1077,2025-08-10,317,108649
KROGER-1077,2025-08-11,261,108910
KROGER-1077,2025-08-12,302,109212
KROGER-1077,2025-08-13,255,109467
KROGER-1077,2025-08-14,342,109809
KROGER-1077,2025-08-15,300,110109
KROGER-1077,2025-08-16,314,110423
KROGER-1077,2025-08-17,364,110787
KROGER-1077,2025-08-18,303,111090
KROGER-1077,2025-08-19,262,111352
KROGER-1077,2025-08-20,291,111643
KROGER-1077,2025-08-21,348,111991
KROGER-1077,2025-08-22,279,112270
KROGER-1077,2025-08-23,305,112575
KROGER-1077,2025-08-24,355,112930
KROGER-1077,2025-08-25,282,113212
KROGER-1077,2025-08-26,299,113511
KROGER-1077,2025-08-27,334,113845
KROGER-1077,2025-08-28,287,114132
KROGER-1077,2025-08-29,282,114414
KROGER-1077,2025-08-30,269,114683
KROGER-1077,2025-08-31,288,114971
KROGER-1078,2024-09-01,642,642
KROGER-1078,2024-09-02,638,1280
KROGER-1078,2024-09-03,676,1956
KROGER-1078,2024-09-04,655,2611
KROGER-1078,2024-09-05,593,3204
KROGER-1078,2024-09-06,729,3933
KROGER-1078,2024-09-07,629,4562
KROGER-1078,2024-09-08,790,5352
KROGER-1078,2024-09-09,665,6017
KROGER-1078,2024-09-10,713,6730
KROGER-1078,2024-09-11,685,7415
KROGER-1078,2024-09-12,737,8152
KROGER-1078,2024-09-13,655,8807
KROGER-1078,2024-09-14,676,9483
KROGER-1078,2024-09-15,707,10190
KROGER-1078,2024-09-16,643,10833
KROGER-1078,2024-09-17,681,11514
KROGER-1078,2024-09-18,739,12253
KROGER-1078,2024-09-19,569,12822
KROGER-1078,2024-09-20,653,13475
KROGER-1078,2024-09-21,812,14287
KROGER-1078,2024-09-22,669,14956
KROGER-1078,2024-09-23,711,15667
KROGER-1078,2024-09-24,703,16370
KROGER-1078,2024-09-25,582,16952
KROGER-1078,2024-09-26,673,17625
KROGER-1078,2024-09-27,669,18294
KROGER-1078,2024-09-28,866,19160
KROGER-1078,2024-09-29,545,19705
KROGER-1078,2024-09-30,572,20277
KROGER-1078,2024-10-01,645,20922
KROGER-1078,2024-10-02,639,21561
KROGER-1078,2024-10-03,611,22172
KROGER-1078,2024-10-04,614,22786
KROGER-1078,2024-10-05,728,23514
KROGER-1078,2024-10-06,644,24158
KROGER-1078,2024-10-07,629,24787
KROGER-1078,2024-10-08,710,25497
KROGER-1078,2024-10-09,702,26199
KROGER-1078,2024-10-10,632,26831
KROGER-1078,2024-10-11,580,27411
KROGER-1078,2024-10-12,739,28150
KROGER-1078,2024-10-13,638,28788
KROGER-1078,2024-10-14,726,29514
KROGER-1078,2024-10-15,680,30194
KROGER-1078,2024-10-16,647,30841
KROGER-1078,2024-10-17,681,31522
KROGER-1078,2024-10-18,555,32077
KROGER-1078,2024-10-19,772,32849
KROGER-1078,2024-10-20,679,33528
KROGER-1078,2024-10-21,666,34194
KROGER-1078,2024-10-22,627,34821
KROGER-1078,2024-10-23,649,35470
KROGER-1078,2024-10-24,742,36212
KROGER-1078,2024-10-25,643,36855
KROGER-1078,2024-10-26,667,37522
KROGER-1078,2024-10-27,728,38250
KROGER-1078,2024-10-28,674,38924
KROGER-1078,2024-10-29,739,39663
KROGER-1078,2024-10-30,551,40214
KROGER-1078,2024-10-31,633,40847
KROGER-1078,2024-11-01,699,41546
KROGER-1078,2024-11-02,910,42456
KROGER-1078,2024-11-03,743,43199
KROGER-1078,2024-11-04,810,44009
KROGER-1078,2024-11-05,707,44716
KROGER-1078,2024-11-06,758,45474
KROGER-1078,2024-11-07,726,46200
KROGER-1078,2024-11-08,789,46989
KROGER-1078,2024-11-09,963,47952
KROGER-1078,2024-11-10,734,48686
KROGER-1078,2024-11-11,717,49403
KROGER-1078,2024-11-12,827,50230
KROGER-1078,2024-11-13,779,51009
KROGER-1078,2024-11-14,709,51718
KROGER-1078,2024-11-15,759,52477
KROGER-1078,2024-11-16,728,53205
KROGER-1078,2024-11-17,796,54001
KROGER-1078,2024-11-18,728,54729
KROGER-1078,2024-11-19,809,55538
KROGER-1078,2024-11-20,830,56368
KROGER-1078,2024-11-21,621,56989
KROGER-1078,2024-11-22,796,57785
KROGER-1078,2024-11-23,676,58461
KROGER-1078,2024-11-24,829,59290
KROGER-1078,2024-11-25,890,60180
KROGER-1078,2024-11-26,767,60947
KROGER-1078,2024-11-27,805,61752
KROGER-1078,2024-11-28,836,62588
KROGER-1078,2024-11-29,838,63426
KROGER-1078,2024-11-30,884,64310
KROGER-1078,2024-12-01,857,65167
KROGER-1078,2024-12-02,741,65908
KROGER-1078,2024-12-03,830,66738
KROGER-1078,2024-12-04,883,67621
KROGER-1078,2024-12-05,820,68441
KROGER-1078,2024-12-06,801,69242
KROGER-1078,2024-12-07,717,69959
KROGER-1078,2024-12-08,758,70717
KROGER-1078,2024-12-09,744,71461
KROGER-1078,2024-12-10,720,72181
KROGER-1078,2024-12-11,779,72960
KROGER-1078,2024-12-12,730,73690
KROGER-1078,2024-12-13,844,74534
KROGER-1078,2024-12-14,802,75336
KROGER-1078,2024-12-15,755,76091
KROGER-1078,2024-12-16,731,76822
KROGER-1078,2024-12-17,793,77615
KROGER-1078,2024-12-18,771,78386
KROGER-1078,2024-12-19,792,79178
KROGER-1078,2024-12-20,774,79952
KROGER-1078,2024-12-21,943,80895
KROGER-1078,2024-12-22,885,81780
KROGER-1078,2024-12-23,735,82515
KROGER-1078,2024-12-24,666,83181
KROGER-1078,2024-12-25,766,83947
KROGER-1078,2024-12-26,717,84664
KROGER-1078,2024-12-27,680,85344
KROGER-1078,2024-12-28,871,86215
KROGER-1078,2024-12-29,828,87043
KROGER-1078,2024-12-30,860,87903
KROGER-1078,2024-12-31,784,88687
KROGER-1078,2025-01-01,646,89333
KROGER-1078,2025-01-02,590,89923
KROGER-1078,2025-01-03,625,90548
KROGER-1078,2025-01-04,591,91139
KROGER-1078,2025-01-05,748,91887
KROGER-1078,2025-01-06,588,92475
KROGER-1078,2025-01-07,669,93144
KROGER-1078,2025-01-08,645,93789
KROGER-1078,2025-01-09,678,94467
KROGER-1078,2025-01-10,659,95126
KROGER-1078,2025-01-11,617,95743
KROGER-1078,2025-01-12,672,96415
KROGER-1078,2025-01-13,724,97139
KROGER-1078,2025-01-14,614,97753
KROGER-1078,2025-01-15,718,98471
KROGER-1078,2025-01-16,692,99163
KROGER-1078,2025-01-17,665,99828
KROGER-1078,2025-01-18,650,100478
KROGER-1078,2025-01-19,705,101183
KROGER-1078,2025-01-20,631,101814
KROGER-1078,2025-01-21,716,102530
KROGER-1078,2025-01-22,590,103120
KROGER-1078,2025-01-23,674,103794
KROGER-1078,2025-01-24,659,104453
KROGER-1078,2025-01-25,709,105162
KROGER-1078,2025-01-26,730,105892
KROGER-1078,2025-01-27,611,106503
KROGER-1078,2025-01-28,611,107114
KROGER-1078,2025-01-29,669,107783
KROGER-1078,2025-01-30,708,108491
KROGER-1078,2025-01-31,644,109135
KROGER-1078,2025-02-01,770,109905
KROGER-1078,2025-02-02,674,110579
KROGER-1078,2025-02-03,620,111199
KROGER-1078,2025-02-04,681,111880
KROGER-1078,2025-02-05,629,112509
KROGER-1078,2025-02-06,629,113138
KROGER-1078,2025-02-07,671,113809
KROGER-1078,2025-02-08,742,114551
KROGER-1078,2025-02-09,707,115258
KROGER-1078,2025-02-10,663,115921
KROGER-1078,2025-02-11,759,116680
KROGER-1078,2025-02-12,694,117374
KROGER-1078,2025-02-13,640,118014
KROGER-1078,2025-02-14,716,118730
KROGER-1078,2025-02-15,677,119407
KROGER-1078,2025-02-16,724,120131
KROGER-1078,2025-02-17,686,120817
KROGER-1078,2025-02-18,658,121475
KROGER-1078,2025-02-19,619,122094
KROGER-1078,2025-02-20,656,122750
KROGER-1078,2025-02-21,633,123383
KROGER-1078,2025-02-22,705,124088
KROGER-1078,2025-02-23,714,124802
KROGER-1078,2025-02-24,554,125356
KROGER-1078,2025-02-25,675,126031
KROGER-1078,2025-02-26,811,126842
KROGER-1078,2025-02-27,641,127483
KROGER-1078,2025-02-28,710,128193
KROGER-1078,2025-03-01,731,128924
KROGER-1078,2025-03-02,600,129524
KROGER-1078,2025-03-03,684,130208
KROGER-1078,2025-03-04,613,130821
KROGER-1078,2025-03-05,647,131468
KROGER-1078,2025-03-06,581,132049
KROGER-1078,2025-03-07,681,132730
KROGER-1078,2025-03-08,672,133402
KROGER-1078,2025-03-09,765,134167
KROGER-1078,2025-03-10,586,134753
KROGER-1078,2025-03-11,705,135458
KROGER-1078,2025-03-12,680,136138
KROGER-1078,2025-03-13,612,136750
KROGER-1078,2025-03-14,576,137326
KROGER-1078,2025-03-15,674,138000
KROGER-1078,2025-03-16,703,138703
KROGER-1078,2025-03-17,601,139304
KROGER-1078,2025-03-18,608,139912
KROGER-1078,2025-03-19,710,140622
KROGER-1078,2025-03-20,616,141238
KROGER-1078,2025-03-21,688,141926
KROGER-1078,2025-03-22,758,142684
KROGER-1078,2025-03-23,646,143330
KROGER-1078,2025-03-24,592,143922
KROGER-1078,2025-03-25,703,144625
KROGER-1078,2025-03-26,642,145267
KROGER-1078,2025-03-27,634,145901
KROGER-1078,2025-03-28,733,146634
KROGER-1078,2025-03-29,676,147310
KROGER-1078,2025-03-30,706,148016
KROGER-1078,2025-03-31,573,148589
KROGER-1078,2025-04-01,653,149242
KROGER-1078,2025-04-02,611,149853
KROGER-1078,2025-04-03,631,150484
KROGER-1078,2025-04-04,628,151112
KROGER-1078,2025-04-05,762,151874
KROGER-1078,2025-04-06,654,152528
KROGER-1078,2025-04-07,629,153157
KROGER-1078,2025-04-08,738,153895
KROGER-1078,2025-04-09,639,154534
KROGER-1078,2025-04-10,625,155159
KROGER-1078,2025-04-11,715,155874
KROGER-1078,2025-04-12,691,156565
KROGER-1078,2025-04-13,695,157260
KROGER-1078,2025-04-14,673,157933
KROGER-1078,2025-04-15,728,158661
KROGER-1078,2025-04-16,603,159264
KROGER-1078,2025-04-17,718,159982
KROGER-1078,2025-04-18,579,160561
KROGER-1078,2025-04-19,645,161206
KROGER-1078,2025-04-20,641,161847
KROGER-1078,2025-04-21,650,162497
KROGER-1078,2025-04-22,618,163115
KROGER-1078,2025-04-23,724,163839
KROGER-1078,2025-04-24,685,164524
KROGER-1078,2025-04-25,657,165181
KROGER-1078,2025-04-26,642,165823
KROGER-1078,2025-04-27,768,166591
KROGER-1078,2025-04-28,663,167254
KROGER-1078,2025-04-29,644,167898
KROGER-1078,2025-04-30,650,168548
KROGER-1078,2025-05-01,646,169194
KROGER-1078,2025-05-02,702,169896
KROGER-1078,2025-05-03,753,170649
KROGER-1078,2025-05-04,639,171288
KROGER-1078,2025-05-05,623,171911
KROGER-1078,2025-05-06,626,172537
KROGER-1078,2025-05-07,674,173211
KROGER-1078,2025-05-08,710,173921
KROGER-1078,2025-05-09,585,174506
KROGER-1078,2025-05-10,633,175139
KROGER-1078,2025-05-11,671,175810
KROGER-1078,2025-05-12,686,176496
KROGER-1078,2025-05-13,608,177104
KROGER-1078,2025-05-14,637,177741
KROGER-1078,2025-05-15,620,178361
KROGER-1078,2025-05-16,697,179058
KROGER-1078,2025-05-17,684,179742
KROGER-1078,2025-05-18,650,180392
KROGER-1078,2025-05-19,596,180988
KROGER-1078,2025-05-20,637,181625
KROGER-1078,2025-05-21,644,182269
KROGER-1078,2025-05-22,702,182971
KROGER-1078,2025-05-23,711,183682
KROGER-1078,2025-05-24,625,184307
KROGER-1078,2025-05-25,745,185052
KROGER-1078,2025-05-26,695,185747
KROGER-1078,2025-05-27,630,186377
KROGER-1078,2025-05-28,697,187074
KROGER-1078,2025-05-29,616,187690
KROGER-1078,2025-05-30,679,188369
KROGER-1078,2025-05-31,824,189193
KROGER-1078,2025-06-01,703,189896
KROGER-1078,2025-06-02,640,190536
KROGER-1078,2025-06-03,588,191124
KROGER-1078,2025-06-04,662,191786
KROGER-1078,2025-06-05,710,192496
KROGER-1078,2025-06-06,620,193116
KROGER-1078,2025-06-07,720,193836
KROGER-1078,2025-06-08,676,194512
KROGER-1078,2025-06-09,637,195149
KROGER-1078,2025-06-10,683,195832
KROGER-1078,2025-06-11,558,196390
KROGER-1078,2025-06-12,647,197037
KROGER-1078,2025-06-13,709,197746
KROGER-1078,2025-06-14,680,198426
KROGER-1078,2025-06-15,691,199117
KROGER-1078,2025-06-16,651,199768
KROGER-1078,2025-06-17,758,200526
KROGER-1078,2025-06-18,678,201204
KROGER-1078,2025-06-19,590,201794
KROGER-1078,2025-06-20,612,202406
KROGER-1078,2025-06-21,696,203102
KROGER-1078,2025-06-22,760,203862
KROGER-1078,2025-06-23,692,204554
KROGER-1078,2025-06-24,710,205264
KROGER-1078,2025-06-25,598,205862
KROGER-1078,2025-06-26,691,206553
KROGER-1078,2025-06-27,619,207172
KROGER-1078,2025-06-28,684,207856
KROGER-1078,2025-06-29,737,208593
KROGER-1078,2025-06-30,628,209221
KROGER-1078,2025-07-01,582,209803
KROGER-1078,2025-07-02,638,210441
KROGER-1078,2025-07-03,664,211105
KROGER-1078,2025-07-04,693,211798
KROGER-1078,2025-07-05,641,212439
KROGER-1078,2025-07-06,660,213099
KROGER-1078,2025-07-07,669,213768
KROGER-1078,2025-07-08,686,214454
KROGER-1078,2025-07-09,668,215122
KROGER-1078,2025-07-10,650,215772
KROGER-1078,2025-07-11,619,216391
KROGER-1078,2025-07-12,739,217130
KROGER-1078,2025-07-13,757,217887
KROGER-1078,2025-07-14,627,218514
KROGER-1078,2025-07-15,633,219147
KROGER-1078,2025-07-16,693,219840
KROGER-1078,2025-07-17,666,220506
KROGER-1078,2025-07-18,688,221194
KROGER-1078,2025-07-19,705,221899
KROGER-1078,2025-07-20,711,222610
KROGER-1078,2025-07-21,636,223246
KROGER-1078,2025-07-22,552,223798
KROGER-1078,2025-07-23,668,224466
KROGER-1078,2025-07-24,519,224985
KROGER-1078,2025-07-25,571,225556
KROGER-1078,2025-07-26,724,226280
KROGER-1078,2025-07-27,715,226995
KROGER-1078,2025-07-28,630,227625
KROGER-1078,2025-07-29,583,228208
KROGER-1078,2025-07-30,695,228903
KROGER-1078,2025-07-31,574,229477
KROGER-1078,2025-08-01,677,230154
KROGER-1078,2025-08-02,667,230821
KROGER-1078,2025-08-03,718,231539
KROGER-1078,2025-08-04,631,232170
KROGER-1078,2025-08-05,734,232904
KROGER-1078,2025-08-06,560,233464
KROGER-1078,2025-08-07,688,234152
KROGER-1078,2025-08-08,639,234791
KROGER-1078,2025-08-09,651,235442
KROGER-1078,2025-08-10,760,236202
KROGER-1078,2025-08-11,604,236806
KROGER-1078,2025-08-12,670,237476
KROGER-1078,2025-08-13,664,238140
KROGER-1078,2025-08-14,593,238733
KROGER-1078,2025-08-15,701,239434
KROGER-1078,2025-08-16,802,240236
KROGER-1078,2025-08-17,780,241016
KROGER-1078,2025-08-18,678,241694
KROGER-1078,2025-08-19,645,242339
KROGER-1078,2025-08-20,700,243039
KROGER-1078,2025-08-21,708,243747
KROGER-1078,2025-08-22,662,244409
KROGER-1078,2025-08-23,558,244967
KROGER-1078,2025-08-24,604,245571
KROGER-1078,2025-08-25,682,246253
KROGER-1078,2025-08-26,675,246928
KROGER-1078,2025-08-27,633,247561
KROGER-1078,2025-08-28,672,248233
KROGER-1078,2025-08-29,580,248813
KROGER-1078,2025-08-30,681,249494
KROGER-1078,2025-08-31,672,250166
KROGER-1079,2024-09-01,205,205
KROGER-1079,2024-09-02,234,439
KROGER-1079,2024-09-03,204,643
KROGER-1079,2024-09-04,248,891
KROGER-1079,2024-09-05,238,1129
KROGER-1079,2024-09-06,220,1349
KROGER-1079,2024-09-07,224,1573
KROGER-1079,2024-09-08,217,1790
KROGER-1079,2024-09-09,223,2013
KROGER-1079,2024-09-10,247,2260
KROGER-1079,2024-09-11,226,2486
KROGER-1079,2024-09-12,229,2715
KROGER-1079,2024-09-13,212,2927
KROGER-1079,2024-09-14,234,3161
KROGER-1079,2024-09-15,239,3400
KROGER-1079,2024-09-16,234,3634
KROGER-1079,2024-09-17,229,3863
KROGER-1079,2024-09-18,241,4104
KROGER-1079,2024-09-19,244,4348
KROGER-1079,2024-09-20,261,4609
KROGER-1079,2024-09-21,248,4857
KROGER-1079,2024-09-22,252,5109
KROGER-1079,2024-09-23,222,5331
KROGER-1079,2024-09-24,261,5592
KROGER-1079,2024-09-25,223,5815
KROGER-1079,2024-09-26,243,6058
KROGER-1079,2024-09-27,223,6281
KROGER-1079,2024-09-28,241,6522
KROGER-1079,2024-09-29,244,6766
KROGER-1079,2024-09-30,196,6962
KROGER-1079,2024-10-01,236,7198
KROGER-1079,2024-10-02,231,7429
KROGER-1079,2024-10-03,220,7649
KROGER-1079,2024-10-04,213,7862
KROGER-1079,2024-10-05,231,8093
KROGER-1079,2024-10-06,223,8316
KROGER-1079,2024-10-07,223,8539
KROGER-1079,2024-10-08,220,8759
KROGER-1079,2024-10-09,226,8985
KROGER-1079,2024-10-10,246,9231
KROGER-1079,2024-10-11,215,9446
KROGER-1079,2024-10-12,232,9678
KROGER-1079,2024-10-13,246,9924
KROGER-1079,2024-10-14,214,10138
KROGER-1079,2024-10-15,246,10384
KROGER-1079,2024-10-16,214,10598
KROGER-1079,2024-10-17,235,10833
KROGER-1079,2024-10-18,252,11085
KROGER-1079,2024-10-19,225,11310
KROGER-1079,2024-10-20,228,11538
KROGER-1079,2024-10-21,224,11762
KROGER-1079,2024-10-22,233,11995
KROGER-1079,2024-10-23,230,12225
KROGER-1079,2024-10-24,232,12457
KROGER-1079,2024-10-25,242,12699
KROGER-1079,2024-10-26,240,12939
KROGER-1079,2024-10-27,215,13154
KROGER-1079,2024-10-28,256,13410
KROGER-1079,2024-10-29,240,13650
KROGER-1079,2024-10-30,208,13858
KROGER-1079,2024-10-31,229,14087
KROGER-1079,2024-11-01,296,14383
KROGER-1079,2024-11-02,271,14654
KROGER-1079,2024-11-03,314,14968
KROGER-1079,2024-11-04,257,15225
KROGER-1079,2024-11-05,288,15513
KROGER-1079,2024-11-06,221,15734
KROGER-1079,2024-11-07,300,16034
KROGER-1079,2024-11-08,237,16271
KROGER-1079,2024-11-09,321,16592
KROGER-1079,2024-11-10,265,16857
KROGER-1079,2024-11-11,321,17178
KROGER-1079,2024-11-12,281,17459
KROGER-1079,2024-11-13,301,17760
KROGER-1079,2024-11-14,275,18035
KROGER-1079,2024-11-15,245,18280
KROGER-1079,2024-11-16,271,18551
KROGER-1079,2024-11-17,304,18855
KROGER-1079,2024-11-18,343,19198
KROGER-1079,2024-11-19,311,19509
KROGER-1079,2024-11-20,281,19790
KROGER-1079,2024-11-21,300,20090
KROGER-1079,2024-11-22,284,20374
KROGER-1079,2024-11-23,287,20661
KROGER-1079,2024-11-24,294,20955
KROGER-1079,2024-11-25,266,21221
KROGER-1079,2024-11-26,280,21501
KROGER-1079,2024-11-27,287,21788
KROGER-1079,2024-11-28,277,22065
KROGER-1079,2024-11-29,268,22333
KROGER-1079,2024-11-30,280,22613
KROGER-1079,2024-12-01,286,22899
KROGER-1079,2024-12-02,281,23180
KROGER-1079,2024-12-03,268,23448
KROGER-1079,2024-12-04,290,23738
KROGER-1079,2024-12-05,242,23980
KROGER-1079,2024-12-06,283,24263
KROGER-1079,2024-12-07,315,24578
KROGER-1079,2024-12-08,334,24912
KROGER-1079,2024-12-09,277,25189
KROGER-1079,2024-12-10,293,25482
KROGER-1079,2024-12-11,283,25765
KROGER-1079,2024-12-12,301,26066
KROGER-1079,2024-12-13,273,26339
KROGER-1079,2024-12-14,304,26643
KROGER-1079,2024-12-15,242,26885
KROGER-1079,2024-12-16,301,27186
KROGER-1079,2024-12-17,281,27467
KROGER-1079,2024-12-18,263,27730
KROGER-1079,2024-12-19,285,28015
KROGER-1079,2024-12-20,310,28325
KROGER-1079,2024-12-21,270,28595
KROGER-1079,2024-12-22,271,28866
KROGER-1079,2024-12-23,242,29108
KROGER-1079,2024-12-24,259,29367
KROGER-1079,2024-12-25,257,29624
KROGER-1079,2024-12-26,274,29898
KROGER-1079,2024-12-27,280,30178
KROGER-1079,2024-12-28,260,30438
KROGER-1079,2024-12-29,300,30738
KROGER-1079,2024-12-30,284,31022
KROGER-1079,2024-12-31,284,31306
KROGER-1079,2025-01-01,216,31522
KROGER-1079,2025-01-02,268,31790
KROGER-1079,2025-01-03,244,32034
KROGER-1079,2025-01-04,218,32252
KROGER-1079,2025-01-05,213,32465
KROGER-1079,2025-01-06,217,32682
KROGER-1079,2025-01-07,234,32916
KROGER-1079,2025-01-08,259,33175
KROGER-1079,2025-01-09,220,33395
KROGER-1079,2025-01-10,203,33598
KROGER-1079,2025-01-11,249,33847
KROGER-1079,2025-01-12,235,34082
KROGER-1079,2025-01-13,234,34316
KROGER-1079,2025-01-14,229,34545
KROGER-1079,2025-01-15,227,34772
KROGER-1079,2025-01-16,251,35023
KROGER-1079,2025-01-17,243,35266
KROGER-1079,2025-01-18,248,35514
KROGER-1079,2025-01-19,202,35716
KROGER-1079,2025-01-20,227,35943
KROGER-1079,2025-01-21,248,36191
KROGER-1079,2025-01-22,214,36405
KROGER-1079,2025-01-23,228,36633
KROGER-1079,2025-01-24,231,36864
KROGER-1079,2025-01-25,248,37112
KROGER-1079,2025-01-26,236,37348
KROGER-1079,2025-01-27,240,37588
KROGER-1079,2025-01-28,239,37827
KROGER-1079,2025-01-29,215,38042
KROGER-1079,2025-01-30,217,38259
KROGER-1079,2025-01-31,235,38494
KROGER-1079,2025-02-01,272,38766
KROGER-1079,2025-02-02,263,39029
KROGER-1079,2025-02-03,222,39251
KROGER-1079,2025-02-04,217,39468
KROGER-1079,2025-02-05,225,39693
KROGER-1079,2025-02-06,261,39954
KROGER-1079,2025-02-07,232,40186
KROGER-1079,2025-02-08,247,40433
KROGER-1079,2025-02-09,228,40661
KROGER-1079,2025-02-10,233,40894
KROGER-1079,2025-02-11,204,41098
KROGER-1079,2025-02-12,206,41304
KROGER-1079,2025-02-13,234,41538
KROGER-1079,2025-02-14,236,41774
KROGER-1079,2025-02-15,236,42010
KROGER-1079,2025-02-16,250,42260
KROGER-1079,2025-02-17,208,42468
KROGER-1079,2025-02-18,226,42694
KROGER-1079,2025-02-19,220,42914
KROGER-1079,2025-02-20,231,43145
KROGER-1079,2025-02-21,226,43371
KROGER-1079,2025-02-22,288,43659
KROGER-1079,2025-02-23,225,43884
KROGER-1079,2025-02-24,232,44116
KROGER-1079,2025-02-25,284,44400
KROGER-1079,2025-02-26,244,44644
KROGER-1079,2025-02-27,231,44875
KROGER-1079,2025-02-28,247,45122
KROGER-1079,2025-03-01,256,45378
KROGER-1079,2025-03-02,222,45600
KROGER-1079,2025-03-03,203,45803
KROGER-1079,2025-03-04,234,46037
KROGER-1079,2025-03-05,223,46260
KROGER-1079,2025-03-06,274,46534
KROGER-1079,2025-03-07,253,46787
KROGER-1079,2025-03-08,266,47053
KROGER-1079,2025-03-09,197,47250
KROGER-1079,2025-03-10,221,47471
KROGER-1079,2025-03-11,232,47703
KROGER-1079,2025-03-12,218,47921
KROGER-1079,2025-03-13,221,48142
KROGER-1079,2025-03-14,227,48369
KROGER-1079,2025-03-15,246,48615
KROGER-1079,2025-03-16,297,48912
KROGER-1079,2025-03-17,220,49132
KROGER-1079,2025-03-18,248,49380
KROGER-1079,2025-03-19,259,49639
KROGER-1079,2025-03-20,214,49853
KROGER-1079,2025-03-21,270,50123
KROGER-1079,2025-03-22,248,50371
KROGER-1079,2025-03-23,195,50566
KROGER-1079,2025-03-24,255,50821
KROGER-1079,2025-03-25,202,51023
KROGER-1079,2025-03-26,259,51282
KROGER-1079,2025-03-27,250,51532
KROGER-1079,2025-03-28,213,51745
KROGER-1079,2025-03-29,236,51981
KROGER-1079,2025-03-30,257,52238
KROGER-1079,2025-03-31,222,52460
KROGER-1079,2025-04-01,265,52725
KROGER-1079,2025-04-02,249,52974
KROGER-1079,2025-04-03,204,53178
KROGER-1079,2025-04-04,229,53407
KROGER-1079,2025-04-05,254,53661
KROGER-1079,2025-04-06,229,53890
KROGER-1079,2025-04-07,252,54142
KROGER-1079,2025-04-08,244,54386
KROGER-1079,2025-04-09,246,54632
KROGER-1079,2025-04-10,226,54858
KROGER-1079,2025-04-11,213,55071
KROGER-1079,2025-04-12,268,55339
KROGER-1079,2025-04-13,278,55617
KROGER-1079,2025-04-14,251,55868
KROGER-1079,2025-04-15,249,56117
KROGER-1079,2025-04-16,233,56350
KROGER-1079,2025-04-17,219,56569
KROGER-1079,2025-04-18,246,56815
KROGER-1079,2025-04-19,232,57047
KROGER-1079,2025-04-20,263,57310
KROGER-1079,2025-04-21,237,57547
KROGER-1079,2025-04-22,205,57752
KROGER-1079,2025-04-23,233,57985
KROGER-1079,2025-04-24,209,58194
KROGER-1079,2025-04-25,206,58400
KROGER-1079,2025-04-26,200,58600
KROGER-1079,2025-04-27,217,58817
KROGER-1079,2025-04-28,210,59027
KROGER-1079,2025-04-29,256,59283
KROGER-1079,2025-04-30,243,59526
KROGER-1079,2025-05-01,269,59795
KROGER-1079,2025-05-02,229,60024
KROGER-1079,2025-05-03,218,60242
KROGER-1079,2025-05-04,244,60486
KROGER-1079,2025-05-05,224,60710
KROGER-1079,2025-05-06,240,60950
KROGER-1079,2025-05-07,206,61156
KROGER-1079,2025-05-08,233,61389
KROGER-1079,2025-05-09,257,61646
KROGER-1079,2025-05-10,270,61916
KROGER-1079,2025-05-11,267,62183
KROGER-1079,2025-05-12,242,62425
KROGER-1079,2025-05-13,250,62675
KROGER-1079,2025-05-14,231,62906
KROGER-1079,2025-05-15,240,63146
KROGER-1079,2025-05-16,230,63376
KROGER-1079,2025-05-17,233,63609
KROGER-1079,2025-05-18,249,63858
KROGER-1079,2025-05-19,264,64122
KROGER-1079,2025-05-20,237,64359
KROGER-1079,2025-05-21,241,64600
KROGER-1079,2025-05-22,247,64847
KROGER-1079,2025-05-23,238,65085
KROGER-1079,2025-05-24,239,65324
KROGER-1079,2025-05-25,259,65583
KROGER-1079,2025-05-26,219,65802
KROGER-1079,2025-05-27,254,66056
KROGER-1079,2025-05-28,256,66312
KROGER-1079,2025-05-29,231,66543
KROGER-1079,2025-05-30,220,66763
KROGER-1079,2025-05-31,285,67048
KROGER-1079,2025-06-01,230,67278
KROGER-1079,2025-06-02,227,67505
KROGER-1079,2025-06-03,195,67700
KROGER-1079,2025-06-04,258,67958
KROGER-1079,2025-06-05,205,68163
KROGER-1079,2025-06-06,241,68404
KROGER-1079,2025-06-07,250,68654
KROGER-1079,2025-06-08,242,68896
KROGER-1079,2025-06-09,222,69118
KROGER-1079,2025-06-10,240,69358
KROGER-1079,2025-06-11,265,69623
KROGER-1079,2025-06-12,227,69850
KROGER-1079,2025-06-13,201,70051
KROGER-1079,2025-06-14,208,70259
KROGER-1079,2025-06-15,240,70499
KROGER-1079,2025-06-16,224,70723
KROGER-1079,2025-06-17,229,70952
KROGER-1079,2025-06-18,237,71189
KROGER-1079,2025-06-19,223,71412
KROGER-1079,2025-06-20,284,71696
KROGER-1079,2025-06-21,251,71947
KROGER-1079,2025-06-22,261,72208
KROGER-1079,2025-06-23,229,72437
KROGER-1079,2025-06-24,229,72666
KROGER-1079,2025-06-25,221,72887
KROGER-1079,2025-06-26,234,73121
KROGER-1079,2025-06-27,204,73325
KROGER-1079,2025-06-28,212,73537
KROGER-1079,2025-06-29,232,73769
KROGER-1079,2025-06-30,215,73984
KROGER-1079,2025-07-01,221,74205
KROGER-1079,2025-07-02,226,74431
KROGER-1079,2025-07-03,227,74658
KROGER-1079,2025-07-04,247,74905
KROGER-1079,2025-07-05,259,75164
KROGER-1079,2025-07-06,243,75407
KROGER-1079,2025-07-07,269,75676
KROGER-1079,2025-07-08,223,75899
KROGER-1079,2025-07-09,248,76147
KROGER-1079,2025-07-10,242,76389
KROGER-1079,2025-07-11,228,76617
KROGER-1079,2025-07-12,241,76858
KROGER-1079,2025-07-13,235,77093
KROGER-1079,2025-07-14,246,77339
KROGER-1079,2025-07-15,255,77594
KROGER-1079,2025-07-16,233,77827
KROGER-1079,2025-07-17,197,78024
KROGER-1079,2025-07-18,242,78266
KROGER-1079,2025-07-19,240,78506
KROGER-1079,2025-07-20,223,78729
KROGER-1079,2025-07-21,234,78963
KROGER-1079,2025-07-22,226,79189
KROGER-1079,2025-07-23,212,79401
KROGER-1079,2025-07-24,228,79629
KROGER-1079,2025-07-25,258,79887
KROGER-1079,2025-07-26,247,80134
KROGER-1079,2025-07-27,244,80378
KROGER-1079,2025-07-28,240,80618
KROGER-1079,2025-07-29,237,80855
KROGER-1079,2025-07-30,227,81082
KROGER-1079,2025-07-31,236,81318
KROGER-1079,2025-08-01,234,81552
KROGER-1079,2025-08-02,202,81754
KROGER-1079,2025-08-03,254,82008
KROGER-1079,2025-08-04,233,82241
KROGER-1079,2025-08-05,242,82483
KROGER-1079,2025-08-06,232,82715
KROGER-1079,2025-08-07,226,82941
KROGER-1079,2025-08-08,214,83155
KROGER-1079,2025-08-09,247,83402
KROGER-1079,2025-08-10,247,83649
KROGER-1079,2025-08-11,257,83906
KROGER-1079,2025-08-12,223,84129
KROGER-1079,2025-08-13,252,84381
KROGER-1079,2025-08-14,247,84628
KROGER-1079,2025-08-15,218,84846
KROGER-1079,2025-08-16,217,85063
KROGER-1079,2025-08-17,264,85327
KROGER-1079,2025-08-18,241,85568
KROGER-1079,2025-08-19,247,85815
KROGER-1079,2025-08-20,235,86050
KROGER-1079,2025-08-21,213,86263
KROGER-1079,2025-08-22,236,86499
KROGER-1079,2025-08-23,257,86756
KROGER-1079,2025-08-24,200,86956
KROGER-1079,2025-08-25,241,87197
KROGER-1079,2025-08-26,248,87445
KROGER-1079,2025-08-27,249,87694
KROGER-1079,2025-08-28,241,87935
KROGER-1079,2025-08-29,224,88159
KROGER-1079,2025-08-30,243,88402
KROGER-1079,2025-08-31,215,88617
KROGER-1080,2024-09-01,640,640
KROGER-1080,2024-09-02,598,1238
KROGER-1080,2024-09-03,548,1786
KROGER-1080,2024-09-04,589,2375
KROGER-1080,2024-09-05,591,2966
KROGER-1080,2024-09-06,513,3479
KROGER-1080,2024-09-07,687,4166
KROGER-1080,2024-09-08,551,4717
KROGER-1080,2024-09-09,467,5184
KROGER-1080,2024-09-10,581,5765
KROGER-1080,2024-09-11,578,6343
KROGER-1080,2024-09-12,545,6888
KROGER-1080,2024-09-13,572,7460
KROGER-1080,2024-09-14,554,8014
KROGER-1080,2024-09-15,510,8524
KROGER-1080,2024-09-16,607,9131
KROGER-1080,2024-09-17,576,9707
KROGER-1080,2024-09-18,546,10253
KROGER-1080,2024-09-19,641,10894
KROGER-1080,2024-09-20,549,11443
KROGER-1080,2024-09-21,619,12062
KROGER-1080,2024-09-22,544,12606
KROGER-1080,2024-09-23,463,13069
KROGER-1080,2024-09-24,590,13659
KROGER-1080,2024-09-25,589,14248
KROGER-1080,2024-09-26,649,14897
KROGER-1080,2024-09-27,512,15409
KROGER-1080,2024-09-28,511,15920
KROGER-1080,2024-09-29,562,16482
KROGER-1080,2024-09-30,588,17070
KROGER-1080,2024-10-01,464,17534
KROGER-1080,2024-10-02,566,18100
KROGER-1080,2024-10-03,542,18642
KROGER-1080,2024-10-04,545,19187
KROGER-1080,2024-10-05,549,19736
KROGER-1080,2024-10-06,643,20379
KROGER-1080,2024-10-07,491,20870
KROGER-1080,2024-10-08,605,21475
KROGER-1080,2024-10-09,584,22059
KROGER-1080,2024-10-10,541,22600
KROGER-1080,2024-10-11,632,23232
KROGER-1080,2024-10-12,501,23733
KROGER-1080,2024-10-13,638,24371
KROGER-1080,2024-10-14,513,24884
KROGER-1080,2024-10-15,542,25426
KROGER-1080,2024-10-16,577,26003
KROGER-1080,2024-10-17,610,26613
KROGER-1080,2024-10-18,520,27133
KROGER-1080,2024-10-19,618,27751
KROGER-1080,2024-10-20,570,28321
KROGER-1080,2024-10-21,524,28845
KROGER-1080,2024-10-22,489,29334
KROGER-1080,2024-10-23,546,29880
KROGER-1080,2024-10-24,505,30385
KROGER-1080,2024-10-25,508,30893
KROGER-1080,2024-10-26,568,31461
KROGER-1080,2024-10-27,580,32041
KROGER-1080,2024-10-28,538,32579
KROGER-1080,2024-10-29,566,33145
KROGER-1080,2024-10-30,639,33784
KROGER-1080,2024-10-31,532,34316
KROGER-1080,2024-11-01,627,34943
KROGER-1080,2024-11-02,656,35599
KROGER-1080,2024-11-03,551,36150
KROGER-1080,2024-11-04,641,36791
KROGER-1080,2024-11-05,772,37563
KROGER-1080,2024-11-06,679,38242
KROGER-1080,2024-11-07,653,38895
KROGER-1080,2024-11-08,704,39599
KROGER-1080,2024-11-09,685,40284
KROGER-1080,2024-11-10,779,41063
KROGER-1080,2024-11-11,668,41731
KROGER-1080,2024-11-12,751,42482
KROGER-1080,2024-11-13,689,43171
KROGER-1080,2024-11-14,704,43875
KROGER-1080,2024-11-15,667,44542
KROGER-1080,2024-11-16,764,45306
KROGER-1080,2024-11-17,805,46111
KROGER-1080,2024-11-18,704,46815
KROGER-1080,2024-11-19,665,47480
KROGER-1080,2024-11-20,728,48208
KROGER-1080,2024-11-21,650,48858
KROGER-1080,2024-11-22,752,49610
KROGER-1080,2024-11-23,680,50290
KROGER-1080,2024-11-24,705,50995
KROGER-1080,2024-11-25,722,51717
KROGER-1080,2024-11-26,565,52282
KROGER-1080,2024-11-27,692,52974
KROGER-1080,2024-11-28,684,53658
KROGER-1080,2024-11-29,650,54308
KROGER-1080,2024-11-30,691,54999
KROGER-1080,2024-12-01,661,55660
KROGER-1080,2024-12-02,623,56283
KROGER-1080,2024-12-03,653,56936
KROGER-1080,2024-12-04,621,57557
KROGER-1080,2024-12-05,703,58260
KROGER-1080,2024-12-06,636,58896
KROGER-1080,2024-12-07,754,59650
KROGER-1080,2024-12-08,655,60305
KROGER-1080,2024-12-09,606,60911
KROGER-1080,2024-12-10,663,61574
KROGER-1080,2024-12-11,613,62187
KROGER-1080,2024-12-12,668,62855
KROGER-1080,2024-12-13,633,63488
KROGER-1080,2024-12-14,637,64125
KROGER-1080,2024-12-15,638,64763
KROGER-1080,2024-12-16,739,65502
KROGER-1080,2024-12-17,713,66215
KROGER-1080,2024-12-18,604,66819
KROGER-1080,2024-12-19,632,67451
KROGER-1080,2024-12-20,756,68207
KROGER-1080,2024-12-21,707,68914
KROGER-1080,2024-12-22,690,69604
KROGER-1080,2024-12-23,681,70285
KROGER-1080,2024-12-24,689,70974
KROGER-1080,2024-12-25,675,71649
KROGER-1080,2024-12-26,632,72281
KROGER-1080,2024-12-27,568,72849
KROGER-1080,2024-12-28,708,73557
KROGER-1080,2024-12-29,604,74161
KROGER-1080,2024-12-30,649,74810
KROGER-1080,2024-12-31,640,75450
KROGER-1080,2025-01-01,530,75980
KROGER-1080,2025-01-02,582,76562
KROGER-1080,2025-01-03,553,77115
KROGER-1080,2025-01-04,613,77728
KROGER-1080,2025-01-05,506,78234
KROGER-1080,2025-01-06,597,78831
KROGER-1080,2025-01-07,604,79435
KROGER-1080,2025-01-08,560,79995
KROGER-1080,2025-01-09,650,80645
KROGER-1080,2025-01-10,593,81238
KROGER-1080,2025-01-11,589,81827
KROGER-1080,2025-01-12,659,82486
KROGER-1080,2025-01-13,566,83052
KROGER-1080,2025-01-14,521,83573
KROGER-1080,2025-01-15,599,84172
KROGER-1080,2025-01-16,631,84803
KROGER-1080,2025-01-17,494,85297
KROGER-1080,2025-01-18,569,85866
KROGER-1080,2025-01-19,567,86433
KROGER-1080,2025-01-20,505,86938
KROGER-1080,2025-01-21,550,87488
KROGER-1080,2025-01-22,527,88015
KROGER-1080,2025-01-23,582,88597
KROGER-1080,2025-01-24,585,89182
KROGER-1080,2025-01-25,597,89779
KROGER-1080,2025-01-26,601,90380
KROGER-1080,2025-01-27,630,91010
KROGER-1080,2025-01-28,653,91663
KROGER-1080,2025-01-29,590,92253
KROGER-1080,2025-01-30,540,92793
KROGER-1080,2025-01-31,575,93368
KROGER-1080,2025-02-01,592,93960
KROGER-1080,2025-02-02,623,94583
KROGER-1080,2025-02-03,523,95106
KROGER-1080,2025-02-04,596,95702
KROGER-1080,2025-02-05,566,96268
KROGER-1080,2025-02-06,559,96827
KROGER-1080,2025-02-07,561,97388
KROGER-1080,2025-02-08,655,98043
KROGER-1080,2025-02-09,720,98763
KROGER-1080,2025-02-10,568,99331
KROGER-1080,2025-02-11,530,99861
KROGER-1080,2025-02-12,562,100423
KROGER-1080,2025-02-13,577,101000
KROGER-1080,2025-02-14,570,101570
KROGER-1080,2025-02-15,599,102169
KROGER-1080,2025-02-16,582,102751
KROGER-1080,2025-02-17,623,103374
KROGER-1080,2025-02-18,550,103924
KROGER-1080,2025-02-19,599,104523
KROGER-1080,2025-02-20,495,105018
KROGER-1080,2025-02-21,537,105555
KROGER-1080,2025-02-22,605,106160
KROGER-1080,2025-02-23,589,106749
KROGER-1080,2025-02-24,617,107366
KROGER-1080,2025-02-25,575,107941
KROGER-1080,2025-02-26,622,108563
KROGER-1080,2025-02-27,585,109148
KROGER-1080,2025-02-28,526,109674
KROGER-1080,2025-03-01,582,110256
KROGER-1080,2025-03-02,585,110841
KROGER-1080,2025-03-03,620,111461
KROGER-1080,2025-03-04,551,112012
KROGER-1080,2025-03-05,556,112568
KROGER-1080,2025-03-06,545,113113
KROGER-1080,2025-03-07,568,113681
KROGER-1080,2025-03-08,622,114303
KROGER-1080,2025-03-09,624,114927
KROGER-1080,2025-03-10,549,115476
KROGER-1080,2025-03-11,472,115948
KROGER-1080,2025-03-12,575,116523
KROGER-1080,2025-03-13,567,117090
KROGER-1080,2025-03-14,569,117659
KROGER-1080,2025-03-15,591,118250
KROGER-1080,2025-03-16,605,118855
KROGER-1080,2025-03-17,472,119327
KROGER-1080,2025-03-18,569,119896
KROGER-1080,2025-03-19,518,120414
KROGER-1080,2025-03-20,616,121030
KROGER-1080,2025-03-21,568,121598
KROGER-1080,2025-03-22,557,122155
KROGER-1080,2025-03-23,535,122690
KROGER-1080,2025-03-24,524,123214
KROGER-1080,2025-03-25,534,123748
KROGER-1080,2025-03-26,564,124312
KROGER-1080,2025-03-27,509,124821
KROGER-1080,2025-03-28,574,125395
KROGER-1080,2025-03-29,638,126033
KROGER-1080,2025-03-30,643,126676
KROGER-1080,2025-03-31,545,127221
KROGER-1080,2025-04-01,561,127782
KROGER-1080,2025-04-02,533,128315
KROGER-1080,2025-04-03,508,128823
KROGER-1080,2025-04-04,538,129361
KROGER-1080,2025-04-05,505,129866
KROGER-1080,2025-04-06,497,130363
KROGER-1080,2025-04-07,576,130939
KROGER-1080,2025-04-08,574,131513
KROGER-1080,2025-04-09,618,132131
KROGER-1080,2025-04-10,627,132758
KROGER-1080,2025-04-11,571,133329
KROGER-1080,2025-04-12,546,133875
KROGER-1080,2025-04-13,546,134421
KROGER-1080,2025-04-14,516,134937
KROGER-1080,2025-04-15,574,135511
KROGER-1080,2025-04-16,529,136040
KROGER-1080,2025-04-17,499,136539
KROGER-1080,2025-04-18,582,137121
KROGER-1080,2025-04-19,631,137752
KROGER-1080,2025-04-20,555,138307
KROGER-1080,2025-04-21,561,138868
KROGER-1080,2025-04-22,628,139496
KROGER-1080,2025-04-23,605,140101
KROGER-1080,2025-04-24,521,140622
KROGER-1080,2025-04-25,633,141255
KROGER-1080,2025-04-26,625,141880
KROGER-1080,2025-04-27,668,142548
KROGER-1080,2025-04-28,554,143102
KROGER-1080,2025-04-29,524,143626
KROGER-1080,2025-04-30,561,144187
KROGER-1080,2025-05-01,499,144686
KROGER-1080,2025-05-02,600,145286
KROGER-1080,2025-05-03,565,145851
KROGER-1080,2025-05-04,609,146460
KROGER-1080,2025-05-05,660,147120
KROGER-1080,2025-05-06,541,147661
KROGER-1080,2025-05-07,563,148224
KROGER-1080,2025-05-08,542,148766
KROGER-1080,2025-05-09,556,149322
KROGER-1080,2025-05-10,580,149902
KROGER-1080,2025-05-11,638,150540
KROGER-1080,2025-05-12,603,151143
KROGER-1080,2025-05-13,552,151695
KROGER-1080,2025-05-14,568,152263
KROGER-1080,2025-05-15,548,152811
KROGER-1080,2025-05-16,626,153437
KROGER-1080,2025-05-17,470,153907
KROGER-1080,2025-05-18,554,154461
KROGER-1080,2025-05-19,582,155043
KROGER-1080,2025-05-20,601,155644
KROGER-1080,2025-05-21,620,156264
KROGER-1080,2025-05-22,563,156827
KROGER-1080,2025-05-23,536,157363
KROGER-1080,2025-05-24,589,157952
KROGER-1080,2025-05-25,637,158589
KROGER-1080,2025-05-26,535,159124
KROGER-1080,2025-05-27,560,159684
KROGER-1080,2025-05-28,549,160233
KROGER-1080,2025-05-29,619,160852
KROGER-1080,2025-05-30,510,161362
KROGER-1080,2025-05-31,471,161833
KROGER-1080,2025-06-01,585,162418
KROGER-1080,2025-06-02,591,163009
KROGER-1080,2025-06-03,540,163549
KROGER-1080,2025-06-04,480,164029
KROGER-1080,2025-06-05,592,164621
KROGER-1080,2025-06-06,543,165164
KROGER-1080,2025-06-07,601,165765
KROGER-1080,2025-06-08,577,166342
KROGER-1080,2025-06-09,463,166805
KROGER-1080,2025-06-10,577,167382
KROGER-1080,2025-06-11,588,167970
KROGER-1080,2025-06-12,554,168524
KROGER-1080,2025-06-13,512,169036
KROGER-1080,2025-06-14,678,169714
KROGER-1080,2025-06-15,609,170323
KROGER-1080,2025-06-16,501,170824
KROGER-1080,2025-06-17,666,171490
KROGER-1080,2025-06-18,535,172025
KROGER-1080,2025-06-19,623,172648
KROGER-1080,2025-06-20,592,173240
KROGER-1080,2025-06-21,608,173848
KROGER-1080,2025-06-22,657,174505
KROGER-1080,2025-06-23,480,174985
KROGER-1080,2025-06-24,588,175573
KROGER-1080,2025-06-25,547,176120
KROGER-1080,2025-06-26,671,176791
KROGER-1080,2025-06-27,476,177267
KROGER-1080,2025-06-28,606,177873
KROGER-1080,2025-06-29,609,178482
KROGER-1080,2025-06-30,536,179018
KROGER-1080,2025-07-01,551,179569
KROGER-1080,2025-07-02,542,180111
KROGER-1080,2025-07-03,519,180630
KROGER-1080,2025-07-04,521,181151
KROGER-1080,2025-07-05,583,181734
KROGER-1080,2025-07-06,623,182357
KROGER-1080,2025-07-07,533,182890
KROGER-1080,2025-07-08,457,183347
KROGER-1080,2025-07-09,558,183905
KROGER-1080,2025-07-10,575,184480
KROGER-1080,2025-07-11,552,185032
KROGER-1080,2025-07-12,593,185625
KROGER-1080,2025-07-13,634,186259
KROGER-1080,2025-07-14,560,186819
KROGER-1080,2025-07-15,599,187418
KROGER-1080,2025-07-16,577,187995
KROGER-1080,2025-07-17,520,188515
KROGER-1080,2025-07-18,613,189128
KROGER-1080,2025-07-19,527,189655
KROGER-1080,2025-07-20,492,190147
KROGER-1080,2025-07-21,567,190714
KROGER-1080,2025-07-22,590,191304
KROGER-1080,2025-07-23,587,191891
KROGER-1080,2025-07-24,508,192399
KROGER-1080,2025-07-25,569,192968
KROGER-1080,2025-07-26,512,193480
KROGER-1080,2025-07-27,607,194087
KROGER-1080,2025-07-28,567,194654
KROGER-1080,2025-07-29,587,195241
KROGER-1080,2025-07-30,598,195839
KROGER-1080,2025-07-31,587,196426
KROGER-1080,2025-08-01,503,196929
KROGER-1080,2025-08-02,567,197496
KROGER-1080,2025-08-03,537,198033
KROGER-1080,2025-08-04,448,198481
KROGER-1080,2025-08-05,596,199077
KROGER-1080,2025-08-06,591,199668
KROGER-1080,2025-08-07,521,200189
KROGER-1080,2025-08-08,527,200716
KROGER-1080,2025-08-09,589,201305
KROGER-1080,2025-08-10,565,201870
KROGER-1080,2025-08-11,612,202482
KROGER-1080,2025-08-12,545,203027
KROGER-1080,2025-08-13,525,203552
KROGER-1080,2025-08-14,582,204134
KROGER-1080,2025-08-15,522,204656
KROGER-1080,2025-08-16,624,205280
KROGER-1080,2025-08-17,588,205868
KROGER-1080,2025-08-18,604,206472
KROGER-1080,2025-08-19,608,207080
KROGER-1080,2025-08-20,504,207584
KROGER-1080,2025-08-21,566,208150
KROGER-1080,2025-08-22,561,208711
KROGER-1080,2025-08-23,585,209296
KROGER-1080,2025-08-24,646,209942
KROGER-1080,2025-08-25,562,210504
KROGER-1080,2025-08-26,500,211004
KROGER-1080,2025-08-27,542,211546
KROGER-1080,2025-08-28,531,212077
KROGER-1080,2025-08-29,544,212621
KROGER-1080,2025-08-30,590,213211
KROGER-1080,2025-08-31,558,213769
KROGER-1081,2024-09-01,446,446
KROGER-1081,2024-09-02,454,900
KROGER-1081,2024-09-03,410,1310
KROGER-1081,2024-09-04,430,1740
KROGER-1081,2024-09-05,372,2112
KROGER-1081,2024-09-06,432,2544
KROGER-1081,2024-09-07,471,3015
KROGER-1081,2024-09-08,466,3481
KROGER-1081,2024-09-09,386,3867
KROGER-1081,2024-09-10,445,4312
KROGER-1081,2024-09-11,462,4774
KROGER-1081,2024-09-12,386,5160
KROGER-1081,2024-09-13,427,5587
KROGER-1081,2024-09-14,405,5992
KROGER-1081,2024-09-15,379,6371
KROGER-1081,2024-09-16,398,6769
KROGER-1081,2024-09-17,386,7155
KROGER-1081,2024-09-18,400,7555
KROGER-1081,2024-09-19,321,7876
KROGER-1081,2024-09-20,417,8293
KROGER-1081,2024-09-21,417,8710
KROGER-1081,2024-09-22,450,9160
KROGER-1081,2024-09-23,390,9550
KROGER-1081,2024-09-24,461,10011
KROGER-1081,2024-09-25,390,10401
KROGER-1081,2024-09-26,408,10809
KROGER-1081,2024-09-27,373,11182
KROGER-1081,2024-09-28,428,11610
KROGER-1081,2024-09-29,434,12044
KROGER-1081,2024-09-30,386,12430
KROGER-1081,2024-10-01,429,12859
KROGER-1081,2024-10-02,386,13245
KROGER-1081,2024-10-03,441,13686
KROGER-1081,2024-10-04,360,14046
KROGER-1081,2024-10-05,423,14469
KROGER-1081,2024-10-06,514,14983
KROGER-1081,2024-10-07,327,15310
KROGER-1081,2024-10-08,435,15745
KROGER-1081,2024-10-09,415,16160
KROGER-1081,2024-10-10,395,16555
KROGER-1081,2024-10-11,440,16995
KROGER-1081,2024-10-12,439,17434
KROGER-1081,2024-10-13,415,17849
KROGER-1081,2024-10-14,381,18230
KROGER-1081,2024-10-15,391,18621
KROGER-1081,2024-10-16,397,19018
KROGER-1081,2024-10-17,399,19417
KROGER-1081,2024-10-18,379,19796
KROGER-1081,2024-10-19,430,20226
KROGER-1081,2024-10-20,403,20629
KROGER-1081,2024-10-21,409,21038
KROGER-1081,2024-10-22,467,21505
KROGER-1081,2024-10-23,432,21937
KROGER-1081,2024-10-24,403,22340
KROGER-1081,2024-10-25,366,22706
KROGER-1081,2024-10-26,430,23136
KROGER-1081,2024-10-27,486,23622
KROGER-1081,2024-10-28,372,23994
KROGER-1081,2024-10-29,333,24327
KROGER-1081,2024-10-30,415,24742
KROGER-1081,2024-10-31,454,25196
KROGER-1081,2024-11-01,533,25729
KROGER-1081,2024-11-02,577,26306
KROGER-1081,2024-11-03,457,26763
KROGER-1081,2024-11-04,470,27233
KROGER-1081,2024-11-05,500,27733
KROGER-1081,2024-11-06,396,28129
KROGER-1081,2024-11-07,484,28613
KROGER-1081,2024-11-08,465,29078
KROGER-1081,2024-11-09,500,29578
KROGER-1081,2024-11-10,521,30099
KROGER-1081,2024-11-11,472,30571
KROGER-1081,2024-11-12,443,31014
KROGER-1081,2024-11-13,513,31527
KROGER-1081,2024-11-14,443,31970
KROGER-1081,2024-11-15,481,32451
KROGER-1081,2024-11-16,476,32927
KROGER-1081,2024-11-17,538,33465
KROGER-1081,2024-11-18,424,33889
KROGER-1081,2024-11-19,482,34371
KROGER-1081,2024-11-20,498,34869
KROGER-1081,2024-11-21,496,35365
KROGER-1081,2024-11-22,527,35892
KROGER-1081,2024-11-23,544,36436
KROGER-1081,2024-11-24,528,36964
KROGER-1081,2024-11-25,408,37372
KROGER-1081,2024-11-26,508,37880
KROGER-1081,2024-11-27,533,38413
KROGER-1081,2024-11-28,455,38868
KROGER-1081,2024-11-29,531,39399
KROGER-1081,2024-11-30,547,39946
KROGER-1081,2024-12-01,481,40427
KROGER-1081,2024-12-02,465,40892
KROGER-1081,2024-12-03,448,41340
KROGER-1081,2024-12-04,527,41867
KROGER-1081,2024-12-05,459,42326
KROGER-1081,2024-12-06,460,42786
KROGER-1081,2024-12-07,500,43286
KROGER-1081,2024-12-08,464,43750
KROGER-1081,2024-12-09,505,44255
KROGER-1081,2024-12-10,474,44729
KROGER-1081,2024-12-11,528,45257
KROGER-1081,2024-12-12,519,45776
KROGER-1081,2024-12-13,549,46325
KROGER-1081,2024-12-14,446,46771
KROGER-1081,2024-12-15,458,47229
KROGER-1081,2024-12-16,486,47715
KROGER-1081,2024-12-17,490,48205
KROGER-1081,2024-12-18,474,48679
KROGER-1081,2024-12-19,549,49228
KROGER-1081,2024-12-20,470,49698
KROGER-1081,2024-12-21,529,50227
KROGER-1081,2024-12-22,524,50751
KROGER-1081,2024-12-23,462,51213
KROGER-1081,2024-12-24,504,51717
KROGER-1081,2024-12-25,485,52202
KROGER-1081,2024-12-26,534,52736
KROGER-1081,2024-12-27,531,53267
KROGER-1081,2024-12-28,407,53674
KROGER-1081,2024-12-29,447,54121
KROGER-1081,2024-12-30,480,54601
KROGER-1081,2024-12-31,519,55120
KROGER-1081,2025-01-01,409,55529
KROGER-1081,2025-01-02,418,55947
KROGER-1081,2025-01-03,495,56442
KROGER-1081,2025-01-04,404,56846
KROGER-1081,2025-01-05,440,57286
KROGER-1081,2025-01-06,410,57696
KROGER-1081,2025-01-07,432,58128
KROGER-1081,2025-01-08,435,58563
KROGER-1081,2025-01-09,423,58986
KROGER-1081,2025-01-10,450,59436
KROGER-1081,2025-01-11,470,59906
KROGER-1081,2025-01-12,439,60345
KROGER-1081,2025-01-13,401,60746
KROGER-1081,2025-01-14,414,61160
KROGER-1081,2025-01-15,351,61511
KROGER-1081,2025-01-16,388,61899
KROGER-1081,2025-01-17,373,62272
KROGER-1081,2025-01-18,455,62727
KROGER-1081,2025-01-19,471,63198
KROGER-1081,2025-01-20,426,63624
KROGER-1081,2025-01-21,400,64024
KROGER-1081,2025-01-22,381,64405
KROGER-1081,2025-01-23,433,64838
KROGER-1081,2025-01-24,438,65276
KROGER-1081,2025-01-25,422,65698
KROGER-1081,2025-01-26,427,66125
KROGER-1081,2025-01-27,393,66518
KROGER-1081,2025-01-28,418,66936
KROGER-1081,2025-01-29,392,67328
KROGER-1081,2025-01-30,402,67730
KROGER-1081,2025-01-31,367,68097
KROGER-1081,2025-02-01,434,68531
KROGER-1081,2025-02-02,484,69015
KROGER-1081,2025-02-03,416,69431
KROGER-1081,2025-02-04,438,69869
KROGER-1081,2025-02-05,429,70298
KROGER-1081,2025-02-06,401,70699
KROGER-1081,2025-02-07,404,71103
KROGER-1081,2025-02-08,406,71509
KROGER-1081,2025-02-09,458,71967
KROGER-1081,2025-02-10,420,72387
KROGER-1081,2025-02-11,437,72824
KROGER-1081,2025-02-12,408,73232
KROGER-1081,2025-02-13,347,73579
KROGER-1081,2025-02-14,381,73960
KROGER-1081,2025-02-15,459,74419
KROGER-1081,2025-02-16,418,74837
KROGER-1081,2025-02-17,439,75276
KROGER-1081,2025-02-18,450,75726
KROGER-1081,2025-02-19,435,76161
KROGER-1081,2025-02-20,433,76594
KROGER-1081,2025-02-21,317,76911
KROGER-1081,2025-02-22,417,77328
KROGER-1081,2025-02-23,425,77753
KROGER-1081,2025-02-24,434,78187
KROGER-1081,2025-02-25,408,78595
KROGER-1081,2025-02-26,356,78951
KROGER-1081,2025-02-27,357,79308
KROGER-1081,2025-02-28,389,79697
KROGER-1081,2025-03-01,516,80213
KROGER-1081,2025-03-02,434,80647
KROGER-1081,2025-03-03,421,81068
KROGER-1081,2025-03-04,357,81425
KROGER-1081,2025-03-05,440,81865
KROGER-1081,2025-03-06,394,82259
KROGER-1081,2025-03-07,453,82712
KROGER-1081,2025-03-08,383,83095
KROGER-1081,2025-03-09,422,83517
KROGER-1081,2025-03-10,388,83905
KROGER-1081,2025-03-11,425,84330
KROGER-1081,2025-03-12,436,84766
KROGER-1081,2025-03-13,384,85150
KROGER-1081,2025-03-14,431,85581
KROGER-1081,2025-03-15,473,86054
KROGER-1081,2025-03-16,458,86512
KROGER-1081,2025-03-17,386,86898
KROGER-1081,2025-03-18,391,87289
KROGER-1081,2025-03-19,398,87687
KROGER-1081,2025-03-20,435,88122
KROGER-1081,2025-03-21,418,88540
KROGER-1081,2025-03-22,382,88922
KROGER-1081,2025-03-23,424,89346
KROGER-1081,2025-03-24,458,89804
KROGER-1081,2025-03-25,437,90241
KROGER-1081,2025-03-26,385,90626
KROGER-1081,2025-03-27,355,90981
KROGER-1081,2025-03-28,388,91369
KROGER-1081,2025-03-29,425,91794
KROGER-1081,2025-03-30,411,92205
KROGER-1081,2025-03-31,373,92578
KROGER-1081,2025-04-01,424,93002
KROGER-1081,2025-04-02,327,93329
KROGER-1081,2025-04-03,441,93770
KROGER-1081,2025-04-04,429,94199
KROGER-1081,2025-04-05,439,94638
KROGER-1081,2025-04-06,445,95083
KROGER-1081,2025-04-07,395,95478
KROGER-1081,2025-04-08,404,95882
KROGER-1081,2025-04-09,452,96334
KROGER-1081,2025-04-10,400,96734
KROGER-1081,2025-04-11,417,97151
KROGER-1081,2025-04-12,443,97594
KROGER-1081,2025-04-13,428,98022
KROGER-1081,2025-04-14,398,98420
KROGER-1081,2025-04-15,348,98768
KROGER-1081,2025-04-16,431,99199
KROGER-1081,2025-04-17,439,99638
KROGER-1081,2025-04-18,407,100045
KROGER-1081,2025-04-19,467,100512
KROGER-1081,2025-04-20,438,100950
KROGER-1081,2025-04-21,341,101291
KROGER-1081,2025-04-22,370,101661
KROGER-1081,2025-04-23,389,102050
KROGER-1081,2025-04-24,385,102435
KROGER-1081,2025-04-25,407,102842
KROGER-1081,2025-04-26,394,103236
KROGER-1081,2025-04-27,483,103719
KROGER-1081,2025-04-28,335,104054
KROGER-1081,2025-04-29,402,104456
KROGER-1081,2025-04-30,380,104836
KROGER-1081,2025-05-01,362,105198
KROGER-1081,2025-05-02,424,105622
KROGER-1081,2025-05-03,390,106012
KROGER-1081,2025-05-04,426,106438
KROGER-1081,2025-05-05,374,106812
KROGER-1081,2025-05-06,343,107155
KROGER-1081,2025-05-07,397,107552
KROGER-1081,2025-05-08,414,107966
KROGER-1081,2025-05-09,385,108351
KROGER-1081,2025-05-10,470,108821
KROGER-1081,2025-05-11,435,109256
KROGER-1081,2025-05-12,428,109684
KROGER-1081,2025-05-13,383,110067
KROGER-1081,2025-05-14,384,110451
KROGER-1081,2025-05-15,394,110845
KROGER-1081,2025-05-16,393,111238
KROGER-1081,2025-05-17,409,111647
KROGER-1081,2025-05-18,387,112034
KROGER-1081,2025-05-19,430,112464
KROGER-1081,2025-05-20,357,112821
KROGER-1081,2025-05-21,425,113246
KROGER-1081,2025-05-22,431,113677
KROGER-1081,2025-05-23,395,114072
KROGER-1081,2025-05-24,511,114583
KROGER-1081,2025-05-25,425,115008
KROGER-1081,2025-05-26,395,115403
KROGER-1081,2025-05-27,397,115800
KROGER-1081,2025-05-28,440,116240
KROGER-1081,2025-05-29,396,116636
KROGER-1081,2025-05-30,425,117061
KROGER-1081,2025-05-31,379,117440
KROGER-1081,2025-06-01,430,117870
KROGER-1081,2025-06-02,437,118307
KROGER-1081,2025-06-03,403,118710
KROGER-1081,2025-06-04,380,119090
KROGER-1081,2025-06-05,395,119485
KROGER-1081,2025-06-06,358,119843
KROGER-1081,2025-06-07,456,120299
KROGER-1081,2025-06-08,466,120765
KROGER-1081,2025-06-09,400,121165
KROGER-1081,2025-06-10,454,121619
KROGER-1081,2025-06-11,429,122048
KROGER-1081,2025-06-12,405,122453
KROGER-1081,2025-06-13,448,122901
KROGER-1081,2025-06-14,449,123350
KROGER-1081,2025-06-15,465,123815
KROGER-1081,2025-06-16,450,124265
KROGER-1081,2025-06-17,397,124662
KROGER-1081,2025-06-18,427,125089
KROGER-1081,2025-06-19,342,125431
KROGER-1081,2025-06-20,367,125798
KROGER-1081,2025-06-21,442,126240
KROGER-1081,2025-06-22,437,126677
KROGER-1081,2025-06-23,374,127051
KROGER-1081,2025-06-24,392,127443
KROGER-1081,2025-06-25,416,127859
KROGER-1081,2025-06-26,404,128263
KROGER-1081,2025-06-27,397,128660
KROGER-1081,2025-06-28,377,129037
KROGER-1081,2025-06-29,437,129474
KROGER-1081,2025-06-30,398,129872
KROGER-1081,2025-07-01,475,130347
KROGER-1081,2025-07-02,450,130797
KROGER-1081,2025-07-03,409,131206
KROGER-1081,2025-07-04,342,131548
KROGER-1081,2025-07-05,507,132055
KROGER-1081,2025-07-06,453,132508
KROGER-1081,2025-07-07,387,132895
KROGER-1081,2025-07-08,433,133328
KROGER-1081,2025-07-09,430,133758
KROGER-1081,2025-07-10,383,134141
KROGER-1081,2025-07-11,374,134515
KROGER-1081,2025-07-12,450,134965
KROGER-1081,2025-07-13,461,135426
KROGER-1081,2025-07-14,415,135841
KROGER-1081,2025-07-15,413,136254
KROGER-1081,2025-07-16,448,136702
KROGER-1081,2025-07-17,400,137102
KROGER-1081,2025-07-18,311,137413
KROGER-1081,2025-07-19,443,137856
KROGER-1081,2025-07-20,464,138320
KROGER-1081,2025-07-21,420,138740
KROGER-1081,2025-07-22,363,139103
KROGER-1081,2025-07-23,384,139487
KROGER-1081,2025-07-24,400,139887
KROGER-1081,2025-07-25,362,140249
KROGER-1081,2025-07-26,405,140654
KROGER-1081,2025-07-27,472,141126
KROGER-1081,2025-07-28,372,141498
KROGER-1081,2025-07-29,395,141893
KROGER-1081,2025-07-30,428,142321
KROGER-1081,2025-07-31,352,142673
KROGER-1081,2025-08-01,449,143122
KROGER-1081,2025-08-02,404,143526
KROGER-1081,2025-08-03,389,143915
KROGER-1081,2025-08-04,450,144365
KROGER-1081,2025-08-05,433,144798
KROGER-1081,2025-08-06,371,145169
KROGER-1081,2025-08-07,392,145561
KROGER-1081,2025-08-08,414,145975
KROGER-1081,2025-08-09,414,146389
KROGER-1081,2025-08-10,469,146858
KROGER-1081,2025-08-11,433,147291
KROGER-1081,2025-08-12,307,147598
KROGER-1081,2025-08-13,378,147976
KROGER-1081,2025-08-14,387,148363
KROGER-1081,2025-08-15,389,148752
KROGER-1081,2025-08-16,440,149192
KROGER-1081,2025-08-17,463,149655
KROGER-1081,2025-08-18,384,150039
KROGER-1081,2025-08-19,368,150407
KROGER-1081,2025-08-20,394,150801
KROGER-1081,2025-08-21,334,151135
KROGER-1081,2025-08-22,427,151562
KROGER-1081,2025-08-23,421,151983
KROGER-1081,2025-08-24,411,152394
KROGER-1081,2025-08-25,412,152806
KROGER-1081,2025-08-26,375,153181
KROGER-1081,2025-08-27,393,153574
KROGER-1081,2025-08-28,383,153957
KROGER-1081,2025-08-29,343,154300
KROGER-1081,2025-08-30,425,154725
KROGER-1081,2025-08-31,510,155235
KROGER-1082,2024-09-01,705,705
KROGER-1082,2024-09-02,629,1334
KROGER-1082,2024-09-03,673,2007
KROGER-1082,2024-09-04,611,2618
KROGER-1082,2024-09-05,638,3256
KROGER-1082,2024-09-06,647,3903
KROGER-1082,2024-09-07,673,4576
KROGER-1082,2024-09-08,687,5263
KROGER-1082,2024-09-09,707,5970
KROGER-1082,2024-09-10,648,6618
KROGER-1082,2024-09-11,654,7272
KROGER-1082,2024-09-12,567,7839
KROGER-1082,2024-09-13,599,8438
KROGER-1082,2024-09-14,708,9146
KROGER-1082,2024-09-15,768,9914
KROGER-1082,2024-09-16,660,10574
KROGER-1082,2024-09-17,666,11240
KROGER-1082,2024-09-18,594,11834
KROGER-1082,2024-09-19,626,12460
KROGER-1082,2024-09-20,683,13143
KROGER-1082,2024-09-21,772,13915
KROGER-1082,2024-09-22,715,14630
KROGER-1082,2024-09-23,663,15293
KROGER-1082,2024-09-24,684,15977
KROGER-1082,2024-09-25,616,16593
KROGER-1082,2024-09-26,620,17213
KROGER-1082,2024-09-27,658,17871
KROGER-1082,2024-09-28,639,18510
KROGER-1082,2024-09-29,743,19253
KROGER-1082,2024-09-30,721,19974
KROGER-1082,2024-10-01,656,20630
KROGER-1082,2024-10-02,711,21341
KROGER-1082,2024-10-03,750,22091
KROGER-1082,2024-10-04,692,22783
KROGER-1082,2024-10-05,754,23537
KROGER-1082,2024-10-06,699,24236
KROGER-1082,2024-10-07,719,24955
KROGER-1082,2024-10-08,664,25619
KROGER-1082,2024-10-09,633,26252
KROGER-1082,2024-10-10,707,26959
KROGER-1082,2024-10-11,682,27641
KROGER-1082,2024-10-12,748,28389
KROGER-1082,2024-10-13,662,29051
KROGER-1082,2024-10-14,687,29738
KROGER-1082,2024-10-15,721,30459
KROGER-1082,2024-10-16,646,31105
KROGER-1082,2024-10-17,713,31818
KROGER-1082,2024-10-18,755,32573
KROGER-1082,2024-10-19,671,33244
KROGER-1082,2024-10-20,719,33963
KROGER-1082,2024-10-21,764,34727
KROGER-1082,2024-10-22,593,35320
KROGER-1082,2024-10-23,692,36012
KROGER-1082,2024-10-24,707,36719
KROGER-1082,2024-10-25,671,37390
KROGER-1082,2024-10-26,830,38220
KROGER-1082,2024-10-27,731,38951
KROGER-1082,2024-10-28,742,39693
KROGER-1082,2024-10-29,715,40408
KROGER-1082,2024-10-30,750,41158
KROGER-1082,2024-10-31,680,41838
KROGER-1082,2024-11-01,720,42558
KROGER-1082,2024-11-02,882,43440
KROGER-1082,2024-11-03,731,44171
KROGER-1082,2024-11-04,783,44954
KROGER-1082,2024-11-05,774,45728
KROGER-1082,2024-11-06,779,46507
KROGER-1082,2024-11-07,886,47393
KROGER-1082,2024-11-08,803,48196
KROGER-1082,2024-11-09,984,49180
KROGER-1082,2024-11-10,840,50020
KROGER-1082,2024-11-11,667,50687
KROGER-1082,2024-11-12,766,51453
KROGER-1082,2024-11-13,859,52312
KROGER-1082,2024-11-14,718,53030
KROGER-1082,2024-11-15,781,53811
KROGER-1082,2024-11-16,900,54711
KROGER-1082,2024-11-17,823,55534
KROGER-1082,2024-11-18,769,56303
KROGER-1082,2024-11-19,885,57188
KROGER-1082,2024-11-20,790,57978
KROGER-1082,2024-11-21,737,58715
KROGER-1082,2024-11-22,858,59573
KROGER-1082,2024-11-23,921,60494
KROGER-1082,2024-11-24,857,61351
KROGER-1082,2024-11-25,767,62118
KROGER-1082,2024-11-26,747,62865
KROGER-1082,2024-11-27,769,63634
KROGER-1082,2024-11-28,723,64357
KROGER-1082,2024-11-29,773,65130
KROGER-1082,2024-11-30,882,66012
KROGER-1082,2024-12-01,894,66906
KROGER-1082,2024-12-02,806,67712
KROGER-1082,2024-12-03,829,68541
KROGER-1082,2024-12-04,789,69330
KROGER-1082,2024-12-05,757,70087
KROGER-1082,2024-12-06,782,70869
KROGER-1082,2024-12-07,921,71790
KROGER-1082,2024-12-08,691,72481
KROGER-1082,2024-12-09,731,73212
KROGER-1082,2024-12-10,774,73986
KROGER-1082,2024-12-11,733,74719
KROGER-1082,2024-12-12,833,75552
KROGER-1082,2024-12-13,706,76258
KROGER-1082,2024-12-14,926,77184
KROGER-1082,2024-12-15,977,78161
KROGER-1082,2024-12-16,820,78981
KROGER-1082,2024-12-17,765,79746
KROGER-1082,2024-12-18,864,80610
KROGER-1082,2024-12-19,786,81396
KROGER-1082,2024-12-20,749,82145
KROGER-1082,2024-12-21,848,82993
KROGER-1082,2024-12-22,738,83731
KROGER-1082,2024-12-23,757,84488
KROGER-1082,2024-12-24,755,85243
KROGER-1082,2024-12-25,798,86041
KROGER-1082,2024-12-26,702,86743
KROGER-1082,2024-12-27,745,87488
KROGER-1082,2024-12-28,810,88298
KROGER-1082,2024-12-29,877,89175
KROGER-1082,2024-12-30,805,89980
KROGER-1082,2024-12-31,910,90890
KROGER-1082,2025-01-01,622,91512
KROGER-1082,2025-01-02,718,92230
KROGER-1082,2025-01-03,718,92948
KROGER-1082,2025-01-04,714,93662
KROGER-1082,2025-01-05,712,94374
KROGER-1082,2025-01-06,684,95058
KROGER-1082,2025-01-07,620,95678
KROGER-1082,2025-01-08,722,96400
KROGER-1082,2025-01-09,674,97074
KROGER-1082,2025-01-10,606,97680
KROGER-1082,2025-01-11,771,98451
KROGER-1082,2025-01-12,698,99149
KROGER-1082,2025-01-13,673,99822
KROGER-1082,2025-01-14,536,100358
KROGER-1082,2025-01-15,666,101024
KROGER-1082,2025-01-16,738,101762
KROGER-1082,2025-01-17,637,102399
KROGER-1082,2025-01-18,631,103030
KROGER-1082,2025-01-19,729,103759
KROGER-1082,2025-01-20,577,104336
KROGER-1082,2025-01-21,702,105038
KROGER-1082,2025-01-22,659,105697
KROGER-1082,2025-01-23,675,106372
KROGER-1082,2025-01-24,797,107169
KROGER-1082,2025-01-25,718,107887
KROGER-1082,2025-01-26,628,108515
KROGER-1082,2025-01-27,676,109191
KROGER-1082,2025-01-28,710,109901
KROGER-1082,2025-01-29,562,110463
KROGER-1082,2025-01-30,670,111133
KROGER-1082,2025-01-31,577,111710
KROGER-1082,2025-02-01,705,112415
KROGER-1082,2025-02-02,791,113206
KROGER-1082,2025-02-03,647,113853
KROGER-1082,2025-02-04,674,114527
KROGER-1082,2025-02-05,685,115212
KROGER-1082,2025-02-06,689,115901
KROGER-1082,2025-02-07,678,116579
KROGER-1082,2025-02-08,591,117170
KROGER-1082,2025-02-09,714,117884
KROGER-1082,2025-02-10,636,118520
KROGER-1082,2025-02-11,609,119129
KROGER-1082,2025-02-12,681,119810
KROGER-1082,2025-02-13,678,120488
KROGER-1082,2025-02-14,575,121063
KROGER-1082,2025-02-15,681,121744
KROGER-1082,2025-02-16,779,122523
KROGER-1082,2025-02-17,603,123126
KROGER-1082,2025-02-18,679,123805
KROGER-1082,2025-02-19,606,124411
KROGER-1082,2025-02-20,758,125169
KROGER-1082,2025-02-21,708,125877
KROGER-1082,2025-02-22,657,126534
KROGER-1082,2025-02-23,716,127250
KROGER-1082,2025-02-24,597,127847
KROGER-1082,2025-02-25,573,128420
KROGER-1082,2025-02-26,665,129085
KROGER-1082,2025-02-27,630,129715
KROGER-1082,2025-02-28,681,130396
KROGER-1082,2025-03-01,609,131005
KROGER-1082,2025-03-02,672,131677
KROGER-1082,2025-03-03,752,132429
KROGER-1082,2025-03-04,747,133176
KROGER-1082,2025-03-05,760,133936
KROGER-1082,2025-03-06,791,134727
KROGER-1082,2025-03-07,649,135376
KROGER-1082,2025-03-08,547,135923
KROGER-1082,2025-03-09,766,136689
KROGER-1082,2025-03-10,610,137299
KROGER-1082,2025-03-11,781,138080
KROGER-1082,2025-03-12,675,138755
KROGER-1082,2025-03-13,758,139513
KROGER-1082,2025-03-14,662,140175
KROGER-1082,2025-03-15,665,140840
KROGER-1082,2025-03-16,745,141585
KROGER-1082,2025-03-17,696,142281
KROGER-1082,2025-03-18,609,142890
KROGER-1082,2025-03-19,668,143558
KROGER-1082,2025-03-20,639,144197
KROGER-1082,2025-03-21,681,144878
KROGER-1082,2025-03-22,702,145580
KROGER-1082,2025-03-23,711,146291
KROGER-1082,2025-03-24,671,146962
KROGER-1082,2025-03-25,651,147613
KROGER-1082,2025-03-26,690,148303
KROGER-1082,2025-03-27,630,148933
KROGER-1082,2025-03-28,759,149692
KROGER-1082,2025-03-29,703,150395
KROGER-1082,2025-03-30,751,151146
KROGER-1082,2025-03-31,642,151788
KROGER-1082,2025-04-01,647,152435
KROGER-1082,2025-04-02,720,153155
KROGER-1082,2025-04-03,711,153866
KROGER-1082,2025-04-04,664,154530
KROGER-1082,2025-04-05,603,155133
KROGER-1082,2025-04-06,674,155807
KROGER-1082,2025-04-07,665,156472
KROGER-1082,2025-04-08,634,157106
KROGER-1082,2025-04-09,602,157708
KROGER-1082,2025-04-10,716,158424
KROGER-1082,2025-04-11,661,159085
KROGER-1082,2025-04-12,806,159891
KROGER-1082,2025-04-13,694,160585
KROGER-1082,2025-04-14,680,161265
KROGER-1082,2025-04-15,639,161904
KROGER-1082,2025-04-16,751,162655
KROGER-1082,2025-04-17,654,163309
KROGER-1082,2025-04-18,659,163968
KROGER-1082,2025-04-19,650,164618
KROGER-1082,2025-04-20,725,165343
KROGER-1082,2025-04-21,653,165996
KROGER-1082,2025-04-22,618,166614
KROGER-1082,2025-04-23,668,167282
KROGER-1082,2025-04-24,709,167991
KROGER-1082,2025-04-25,759,168750
KROGER-1082,2025-04-26,717,169467
KROGER-1082,2025-04-27,673,170140
KROGER-1082,2025-04-28,695,170835
KROGER-1082,2025-04-29,663,171498
KROGER-1082,2025-04-30,673,172171
KROGER-1082,2025-05-01,670,172841
KROGER-1082,2025-05-02,695,173536
KROGER-1082,2025-05-03,737,174273
KROGER-1082,2025-05-04,701,174974
KROGER-1082,2025-05-05,859,175833
KROGER-1082,2025-05-06,720,176553
KROGER-1082,2025-05-07,559,177112
KROGER-1082,2025-05-08,652,177764
KROGER-1082,2025-05-09,649,178413
KROGER-1082,2025-05-10,647,179060
KROGER-1082,2025-05-11,681,179741
KROGER-1082,2025-05-12,742,180483
KROGER-1082,2025-05-13,629,181112
KROGER-1082,2025-05-14,703,181815
KROGER-1082,2025-05-15,711,182526
KROGER-1082,2025-05-16,612,183138
KROGER-1082,2025-05-17,656,183794
KROGER-1082,2025-05-18,764,184558
KROGER-1082,2025-05-19,621,185179
KROGER-1082,2025-05-20,667,185846
KROGER-1082,2025-05-21,780,186626
KROGER-1082,2025-05-22,723,187349
KROGER-1082,2025-05-23,675,188024
KROGER-1082,2025-05-24,751,188775
KROGER-1082,2025-05-25,701,189476
KROGER-1082,2025-05-26,725,190201
KROGER-1082,2025-05-27,560,190761
KROGER-1082,2025-05-28,663,191424
KROGER-1082,2025-05-29,558,191982
KROGER-1082,2025-05-30,679,192661
KROGER-1082,2025-05-31,690,193351
KROGER-1082,2025-06-01,780,194131
KROGER-1082,2025-06-02,708,194839
KROGER-1082,2025-06-03,642,195481
KROGER-1082,2025-06-04,648,196129
KROGER-1082,2025-06-05,691,196820
KROGER-1082,2025-06-06,640,197460
KROGER-1082,2025-06-07,702,198162
KROGER-1082,2025-06-08,778,198940
KROGER-1082,2025-06-09,626,199566
KROGER-1082,2025-06-10,646,200212
KROGER-1082,2025-06-11,654,200866
KROGER-1082,2025-06-12,840,201706
KROGER-1082,2025-06-13,703,202409
KROGER-1082,2025-06-14,768,203177
KROGER-1082,2025-06-15,747,203924
KROGER-1082,2025-06-16,715,204639
KROGER-1082,2025-06-17,696,205335
KROGER-1082,2025-06-18,690,206025
KROGER-1082,2025-06-19,592,206617
KROGER-1082,2025-06-20,689,207306
KROGER-1082,2025-06-21,698,208004
KROGER-1082,2025-06-22,735,208739
KROGER-1082,2025-06-23,666,209405
KROGER-1082,2025-06-24,711,210116
KROGER-1082,2025-06-25,721,210837
KROGER-1082,2025-06-26,514,211351
KROGER-1082,2025-06-27,647,211998
KROGER-1082,2025-06-28,599,212597
KROGER-1082,2025-06-29,717,213314
KROGER-1082,2025-06-30,654,213968
KROGER-1082,2025-07-01,743,214711
KROGER-1082,2025-07-02,681,215392
KROGER-1082,2025-07-03,644,216036
KROGER-1082,2025-07-04,721,216757
KROGER-1082,2025-07-05,686,217443
KROGER-1082,2025-07-06,676,218119
KROGER-1082,2025-07-07,691,218810
KROGER-1082,2025-07-08,757,219567
KROGER-1082,2025-07-09,716,220283
KROGER-1082,2025-07-10,701,220984
KROGER-1082,2025-07-11,818,221802
KROGER-1082,2025-07-12,663,222465
KROGER-1082,2025-07-13,661,223126
KROGER-1082,2025-07-14,678,223804
KROGER-1082,2025-07-15,752,224556
KROGER-1082,2025-07-16,620,225176
KROGER-1082,2025-07-17,764,225940
KROGER-1082,2025-07-18,593,226533
KROGER-1082,2025-07-19,697,227230
KROGER-1082,2025-07-20,714,227944
KROGER-1082,2025-07-21,623,228567
KROGER-1082,2025-07-22,637,229204
KROGER-1082,2025-07-23,713,229917
KROGER-1082,2025-07-24,748,230665
KROGER-1082,2025-07-25,557,231222
KROGER-1082,2025-07-26,714,231936
KROGER-1082,2025-07-27,697,232633
KROGER-1082,2025-07-28,676,233309
KROGER-1082,2025-07-29,653,233962
KROGER-1082,2025-07-30,601,234563
KROGER-1082,2025-07-31,753,235316
KROGER-1082,2025-08-01,732,236048
KROGER-1082,2025-08-02,698,236746
KROGER-1082,2025-08-03,676,237422
KROGER-1082,2025-08-04,638,238060
KROGER-1082,2025-08-05,531,238591
KROGER-1082,2025-08-06,689,239280
KROGER-1082,2025-08-07,712,239992
KROGER-1082,2025-08-08,678,240670
KROGER-1082,2025-08-09,699,241369
KROGER-1082,2025-08-10,711,242080
KROGER-1082,2025-08-11,624,242704
KROGER-1082,2025-08-12,643,243347
KROGER-1082,2025-08-13,661,244008
KROGER-1082,2025-08-14,708,244716
KROGER-1082,2025-08-15,744,245460
KROGER-1082,2025-08-16,691,246151
KROGER-1082,2025-08-17,645,246796
KROGER-1082,2025-08-18,672,247468
KROGER-1082,2025-08-19,778,248246
KROGER-1082,2025-08-20,619,248865
KROGER-1082,2025-08-21,718,249583
KROGER-1082,2025-08-22,742,250325
KROGER-1082,2025-08-23,683,251008
KROGER-1082,2025-08-24,664,251672
KROGER-1082,2025-08-25,701,252373
KROGER-1082,2025-08-26,689,253062
KROGER-1082,2025-08-27,708,253770
KROGER-1082,2025-08-28,782,254552
KROGER-1082,2025-08-29,679,255231
KROGER-1082,2025-08-30,637,255868
KROGER-1082,2025-08-31,708,256576
KROGER-1083,2024-09-01,292,292
KROGER-1083,2024-09-02,300,592
KROGER-1083,2024-09-03,268,860
KROGER-1083,2024-09-04,264,1124
KROGER-1083,2024-09-05,243,1367
KROGER-1083,2024-09-06,285,1652
KROGER-1083,2024-09-07,363,2015
KROGER-1083,2024-09-08,281,2296
KROGER-1083,2024-09-09,283,2579
KROGER-1083,2024-09-10,261,2840
KROGER-1083,2024-09-11,245,3085
KROGER-1083,2024-09-12,282,3367
KROGER-1083,2024-09-13,273,3640
KROGER-1083,2024-09-14,232,3872
KROGER-1083,2024-09-15,323,4195
KROGER-1083,2024-09-16,282,4477
KROGER-1083,2024-09-17,274,4751
KROGER-1083,2024-09-18,263,5014
KROGER-1083,2024-09-19,282,5296
KROGER-1083,2024-09-20,283,5579
KROGER-1083,2024-09-21,296,5875
KROGER-1083,2024-09-22,311,6186
KROGER-1083,2024-09-23,301,6487
KROGER-1083,2024-09-24,316,6803
KROGER-1083,2024-09-25,254,7057
KROGER-1083,2024-09-26,260,7317
KROGER-1083,2024-09-27,281,7598
KROGER-1083,2024-09-28,268,7866
KROGER-1083,2024-09-29,272,8138
KROGER-1083,2024-09-30,283,8421
KROGER-1083,2024-10-01,292,8713
KROGER-1083,2024-10-02,301,9014
KROGER-1083,2024-10-03,268,9282
KROGER-1083,2024-10-04,283,9565
KROGER-1083,2024-10-05,292,9857
KROGER-1083,2024-10-06,287,10144
KROGER-1083,2024-10-07,255,10399
KROGER-1083,2024-10-08,252,10651
KROGER-1083,2024-10-09,287,10938
KROGER-1083,2024-10-10,254,11192
KROGER-1083,2024-10-11,234,11426
KROGER-1083,2024-10-12,286,11712
KROGER-1083,2024-10-13,320,12032
KROGER-1083,2024-10-14,212,12244
KROGER-1083,2024-10-15,266,12510
KROGER-1083,2024-10-16,287,12797
KROGER-1083,2024-10-17,233,13030
KROGER-1083,2024-10-18,268,13298
KROGER-1083,2024-10-19,260,13558
KROGER-1083,2024-10-20,263,13821
KROGER-1083,2024-10-21,264,14085
KROGER-1083,2024-10-22,248,14333
KROGER-1083,2024-10-23,246,14579
KROGER-1083,2024-10-24,271,14850
KROGER-1083,2024-10-25,321,15171
KROGER-1083,2024-10-26,304,15475
KROGER-1083,2024-10-27,310,15785
KROGER-1083,2024-10-28,290,16075
KROGER-1083,2024-10-29,257,16332
KROGER-1083,2024-10-30,279,16611
KROGER-1083,2024-10-31,297,16908
KROGER-1083,2024-11-01,349,17257
KROGER-1083,2024-11-02,349,17606
KROGER-1083,2024-11-03,358,17964
KROGER-1083,2024-11-04,392,18356
KROGER-1083,2024-11-05,349,18705
KROGER-1083,2024-11-06,319,19024
KROGER-1083,2024-11-07,325,19349
KROGER-1083,2024-11-08,300,19649
KROGER-1083,2024-11-09,408,20057
KROGER-1083,2024-11-10,388,20445
KROGER-1083,2024-11-11,329,20774
KROGER-1083,2024-11-12,384,21158
KROGER-1083,2024-11-13,344,21502
KROGER-1083,2024-11-14,316,21818
KROGER-1083,2024-11-15,351,22169
KROGER-1083,2024-11-16,355,22524
KROGER-1083,2024-11-17,367,22891
KROGER-1083,2024-11-18,291,23182
KROGER-1083,2024-11-19,306,23488
KROGER-1083,2024-11-20,366,23854
KROGER-1083,2024-11-21,372,24226
KROGER-1083,2024-11-22,364,24590
KROGER-1083,2024-11-23,405,24995
KROGER-1083,2024-11-24,360,25355
KROGER-1083,2024-11-25,341,25696
KROGER-1083,2024-11-26,303,25999
KROGER-1083,2024-11-27,312,26311
KROGER-1083,2024-11-28,275,26586
KROGER-1083,2024-11-29,319,26905
KROGER-1083,2024-11-30,287,27192
KROGER-1083,2024-12-01,373,27565
KROGER-1083,2024-12-02,337,27902
KROGER-1083,2024-12-03,274,28176
KROGER-1083,2024-12-04,322,28498
KROGER-1083,2024-12-05,379,28877
KROGER-1083,2024-12-06,324,29201
KROGER-1083,2024-12-07,316,29517
KROGER-1083,2024-12-08,295,29812
KROGER-1083,2024-12-09,281,30093
KROGER-1083,2024-12-10,341,30434
KROGER-1083,2024-12-11,316,30750
KROGER-1083,2024-12-12,318,31068
KROGER-1083,2024-12-13,316,31384
KROGER-1083,2024-12-14,340,31724
KROGER-1083,2024-12-15,310,32034
KROGER-1083,2024-12-16,336,32370
KROGER-1083,2024-12-17,290,32660
KROGER-1083,2024-12-18,307,32967
KROGER-1083,2024-12-19,354,33321
KROGER-1083,2024-12-20,337,33658
KROGER-1083,2024-12-21,363,34021
KROGER-1083,2024-12-22,403,34424
KROGER-1083,2024-12-23,326,34750
KROGER-1083,2024-12-24,328,35078
KROGER-1083,2024-12-25,320,35398
KROGER-1083,2024-12-26,316,35714
KROGER-1083,2024-12-27,301,36015
KROGER-1083,2024-12-28,346,36361
KROGER-1083,2024-12-29,353,36714
KROGER-1083,2024-12-30,338,37052
KROGER-1083,2024-12-31,329,37381
KROGER-1083,2025-01-01,293,37674
KROGER-1083,2025-01-02,273,37947
KROGER-1083,2025-01-03,264,38211
KROGER-1083,2025-01-04,265,38476
KROGER-1083,2025-01-05,251,38727
KROGER-1083,2025-01-06,305,39032
KROGER-1083,2025-01-07,257,39289
KROGER-1083,2025-01-08,252,39541
KROGER-1083,2025-01-09,264,39805
KROGER-1083,2025-01-10,267,40072
KROGER-1083,2025-01-11,324,40396
KROGER-1083,2025-01-12,279,40675
KROGER-1083,2025-01-13,330,41005
KROGER-1083,2025-01-14,274,41279
KROGER-1083,2025-01-15,318,41597
KROGER-1083,2025-01-16,292,41889
KROGER-1083,2025-01-17,281,42170
KROGER-1083,2025-01-18,323,42493
KROGER-1083,2025-01-19,312,42805
KROGER-1083,2025-01-20,287,43092
KROGER-1083,2025-01-21,323,43415
KROGER-1083,2025-01-22,262,43677
KROGER-1083,2025-01-23,251,43928
KROGER-1083,2025-01-24,258,44186
KROGER-1083,2025-01-25,327,44513
KROGER-1083,2025-01-26,320,44833
KROGER-1083,2025-01-27,261,45094
KROGER-1083,2025-01-28,221,45315
KROGER-1083,2025-01-29,268,45583
KROGER-1083,2025-01-30,251,45834
KROGER-1083,2025-01-31,262,46096
KROGER-1083,2025-02-01,262,46358
KROGER-1083,2025-02-02,249,46607
KROGER-1083,2025-02-03,314,46921
KROGER-1083,2025-02-04,258,47179
KROGER-1083,2025-02-05,304,47483
KROGER-1083,2025-02-06,268,47751
KROGER-1083,2025-02-07,248,47999
KROGER-1083,2025-02-08,298,48297
KROGER-1083,2025-02-09,277,48574
KROGER-1083,2025-02-10,268,48842
KROGER-1083,2025-02-11,276,49118
KROGER-1083,2025-02-12,255,49373
KROGER-1083,2025-02-13,237,49610
KROGER-1083,2025-02-14,272,49882
KROGER-1083,2025-02-15,308,50190
KROGER-1083,2025-02-16,266,50456
KROGER-1083,2025-02-17,276,50732
KROGER-1083,2025-02-18,306,51038
KROGER-1083,2025-02-19,271,51309
KROGER-1083,2025-02-20,275,51584
KROGER-1083,2025-02-21,274,51858
KROGER-1083,2025-02-22,271,52129
KROGER-1083,2025-02-23,264,52393
KROGER-1083,2025-02-24,251,52644
KROGER-1083,2025-02-25,281,52925
KROGER-1083,2025-02-26,289,53214
KROGER-1083,2025-02-27,290,53504
KROGER-1083,2025-02-28,264,53768
KROGER-1083,2025-03-01,311,54079
KROGER-1083,2025-03-02,293,54372
KROGER-1083,2025-03-03,274,54646
KROGER-1083,2025-03-04,200,54846
KROGER-1083,2025-03-05,255,55101
KROGER-1083,2025-03-06,239,55340
KROGER-1083,2025-03-07,286,55626
KROGER-1083,2025-03-08,289,55915
KROGER-1083,2025-03-09,262,56177
KROGER-1083,2025-03-10,279,56456
KROGER-1083,2025-03-11,242,56698
KROGER-1083,2025-03-12,250,56948
KROGER-1083,2025-03-13,257,57205
KROGER-1083,2025-03-14,284,57489
KROGER-1083,2025-03-15,318,57807
KROGER-1083,2025-03-16,273,58080
KROGER-1083,2025-03-17,302,58382
KROGER-1083,2025-03-18,274,58656
KROGER-1083,2025-03-19,278,58934
KROGER-1083,2025-03-20,271,59205
KROGER-1083,2025-03-21,268,59473
KROGER-1083,2025-03-22,296,59769
KROGER-1083,2025-03-23,303,60072
KROGER-1083,2025-03-24,253,60325
KROGER-1083,2025-03-25,269,60594
KROGER-1083,2025-03-26,309,60903
KROGER-1083,2025-03-27,277,61180
KROGER-1083,2025-03-28,279,61459
KROGER-1083,2025-03-29,313,61772
KROGER-1083,2025-03-30,275,62047
KROGER-1083,2025-03-31,272,62319
KROGER-1083,2025-04-01,291,62610
KROGER-1083,2025-04-02,300,62910
KROGER-1083,2025-04-03,221,63131
KROGER-1083,2025-04-04,257,63388
KROGER-1083,2025-04-05,263,63651
KROGER-1083,2025-04-06,283,63934
KROGER-1083,2025-04-07,253,64187
KROGER-1083,2025-04-08,287,64474
KROGER-1083,2025-04-09,276,64750
KROGER-1083,2025-04-10,292,65042
KROGER-1083,2025-04-11,293,65335
KROGER-1083,2025-04-12,302,65637
KROGER-1083,2025-04-13,279,65916
KROGER-1083,2025-04-14,275,66191
KROGER-1083,2025-04-15,263,66454
KROGER-1083,2025-04-16,243,66697
KROGER-1083,2025-04-17,294,66991
KROGER-1083,2025-04-18,271,67262
KROGER-1083,2025-04-19,252,67514
KROGER-1083,2025-04-20,299,67813
KROGER-1083,2025-04-21,268,68081
KROGER-1083,2025-04-22,228,68309
KROGER-1083,2025-04-23,243,68552
KROGER-1083,2025-04-24,257,68809
KROGER-1083,2025-04-25,277,69086
KROGER-1083,2025-04-26,304,69390
KROGER-1083,2025-04-27,304,69694
KROGER-1083,2025-04-28,286,69980
KROGER-1083,2025-04-29,272,70252
KROGER-1083,2025-04-30,310,70562
KROGER-1083,2025-05-01,288,70850
KROGER-1083,2025-05-02,278,71128
KROGER-1083,2025-05-03,299,71427
KROGER-1083,2025-05-04,277,71704
KROGER-1083,2025-05-05,271,71975
KROGER-1083,2025-05-06,227,72202
KROGER-1083,2025-05-07,264,72466
KROGER-1083,2025-05-08,311,72777
KROGER-1083,2025-05-09,276,73053
KROGER-1083,2025-05-10,289,73342
KROGER-1083,2025-05-11,309,73651
KROGER-1083,2025-05-12,280,73931
KROGER-1083,2025-05-13,255,74186
KROGER-1083,2025-05-14,273,74459
KROGER-1083,2025-05-15,248,74707
KROGER-1083,2025-05-16,277,74984
KROGER-1083,2025-05-17,267,75251
KROGER-1083,2025-05-18,308,75559
KROGER-1083,2025-05-19,262,75821
KROGER-1083,2025-05-20,255,76076
KROGER-1083,2025-05-21,270,76346
KROGER-1083,2025-05-22,281,76627
KROGER-1083,2025-05-23,246,76873
KROGER-1083,2025-05-24,274,77147
KROGER-1083,2025-05-25,289,77436
KROGER-1083,2025-05-26,302,77738
KROGER-1083,2025-05-27,217,77955
KROGER-1083,2025-05-28,286,78241
KROGER-1083,2025-05-29,264,78505
KROGER-1083,2025-05-30,262,78767
KROGER-1083,2025-05-31,271,79038
KROGER-1083,2025-06-01,278,79316
KROGER-1083,2025-06-02,286,79602
KROGER-1083,2025-06-03,261,79863
KROGER-1083,2025-06-04,309,80172
KROGER-1083,2025-06-05,286,80458
KROGER-1083,2025-06-06,277,80735
KROGER-1083,2025-06-07,283,81018
KROGER-1083,2025-06-08,314,81332
KROGER-1083,2025-06-09,302,81634
KROGER-1083,2025-06-10,247,81881
KROGER-1083,2025-06-11,257,82138
KROGER-1083,2025-06-12,287,82425
KROGER-1083,2025-06-13,293,82718
KROGER-1083,2025-06-14,279,82997
KROGER-1083,2025-06-15,269,83266
KROGER-1083,2025-06-16,274,83540
KROGER-1083,2025-06-17,305,83845
KROGER-1083,2025-06-18,274,84119
KROGER-1083,2025-06-19,245,84364
KROGER-1083,2025-06-20,275,84639
KROGER-1083,2025-06-21,304,84943
KROGER-1083,2025-06-22,284,85227
KROGER-1083,2025-06-23,300,85527
KROGER-1083,2025-06-24,292,85819
KROGER-1083,2025-06-25,271,86090
KROGER-1083,2025-06-26,274,86364
KROGER-1083,2025-06-27,232,86596
KROGER-1083,2025-06-28,314,86910
KROGER-1083,2025-06-29,279,87189
KROGER-1083,2025-06-30,264,87453
KROGER-1083,2025-07-01,261,87714
KROGER-1083,2025-07-02,283,87997
KROGER-1083,2025-07-03,248,88245
KROGER-1083,2025-07-04,251,88496
KROGER-1083,2025-07-05,285,88781
KROGER-1083,2025-07-06,272,89053
KROGER-1083,2025-07-07,280,89333
KROGER-1083,2025-07-08,260,89593
KROGER-1083,2025-07-09,308,89901
KROGER-1083,2025-07-10,288,90189
KROGER-1083,2025-07-11,288,90477
KROGER-1083,2025-07-12,272,90749
KROGER-1083,2025-07-13,342,91091
KROGER-1083,2025-07-14,263,91354
KROGER-1083,2025-07-15,257,91611
KROGER-1083,2025-07-16,288,91899
KROGER-1083,2025-07-17,277,92176
KROGER-1083,2025-07-18,255,92431
KROGER-1083,2025-07-19,337,92768
KROGER-1083,2025-07-20,309,93077
KROGER-1083,2025-07-21,273,93350
KROGER-1083,2025-07-22,325,93675
KROGER-1083,2025-07-23,290,93965
KROGER-1083,2025-07-24,272,94237
KROGER-1083,2025-07-25,323,94560
KROGER-1083,2025-07-26,301,94861
KROGER-1083,2025-07-27,300,95161
KROGER-1083,2025-07-28,264,95425
KROGER-1083,2025-07-29,274,95699
KROGER-1083,2025-07-30,264,95963
KROGER-1083,2025-07-31,304,96267
KROGER-1083,2025-08-01,237,96504
KROGER-1083,2025-08-02,318,96822
KROGER-1083,2025-08-03,266,97088
KROGER-1083,2025-08-04,271,97359
KROGER-1083,2025-08-05,266,97625
KROGER-1083,2025-08-06,261,97886
KROGER-1083,2025-08-07,288,98174
KROGER-1083,2025-08-08,273,98447
KROGER-1083,2025-08-09,271,98718
KROGER-1083,2025-08-10,290,99008
KROGER-1083,2025-08-11,257,99265
KROGER-1083,2025-08-12,261,99526
KROGER-1083,2025-08-13,240,99766
KROGER-1083,2025-08-14,263,100029
KROGER-1083,2025-08-15,283,100312
KROGER-1083,2025-08-16,287,100599
KROGER-1083,2025-08-17,328,100927
KROGER-1083,2025-08-18,330,101257
KROGER-1083,2025-08-19,263,101520
KROGER-1083,2025-08-20,254,101774
KROGER-1083,2025-08-21,297,102071
KROGER-1083,2025-08-22,280,102351
KROGER-1083,2025-08-23,312,102663
KROGER-1083,2025-08-24,295,102958
KROGER-1083,2025-08-25,268,103226
KROGER-1083,2025-08-26,269,103495
KROGER-1083,2025-08-27,282,103777
KROGER-1083,2025-08-28,268,104045
KROGER-1083,2025-08-29,299,104344
KROGER-1083,2025-08-30,256,104600
KROGER-1083,2025-08-31,314,104914
KROGER-1084,2024-09-01,213,213
KROGER-1084,2024-09-02,242,455
KROGER-1084,2024-09-03,233,688
KROGER-1084,2024-09-04,210,898
KROGER-1084,2024-09-05,200,1098
KROGER-1084,2024-09-06,218,1316
KROGER-1084,2024-09-07,252,1568
KROGER-1084,2024-09-08,239,1807
KROGER-1084,2024-09-09,219,2026
KROGER-1084,2024-09-10,265,2291
KROGER-1084,2024-09-11,216,2507
KROGER-1084,2024-09-12,252,2759
KROGER-1084,2024-09-13,222,2981
KROGER-1084,2024-09-14,229,3210
KROGER-1084,2024-09-15,239,3449
KROGER-1084,2024-09-16,251,3700
KROGER-1084,2024-09-17,213,3913
KROGER-1084,2024-09-18,245,4158
KROGER-1084,2024-09-19,221,4379
KROGER-1084,2024-09-20,224,4603
KROGER-1084,2024-09-21,259,4862
KROGER-1084,2024-09-22,295,5157
KROGER-1084,2024-09-23,222,5379
KROGER-1084,2024-09-24,253,5632
KROGER-1084,2024-09-25,233,5865
KROGER-1084,2024-09-26,230,6095
KROGER-1084,2024-09-27,260,6355
KROGER-1084,2024-09-28,234,6589
KROGER-1084,2024-09-29,228,6817
KROGER-1084,2024-09-30,248,7065
KROGER-1084,2024-10-01,270,7335
KROGER-1084,2024-10-02,254,7589
KROGER-1084,2024-10-03,212,7801
KROGER-1084,2024-10-04,227,8028
KROGER-1084,2024-10-05,271,8299
KROGER-1084,2024-10-06,283,8582
KROGER-1084,2024-10-07,244,8826
KROGER-1084,2024-10-08,228,9054
KROGER-1084,2024-10-09,271,9325
KROGER-1084,2024-10-10,238,9563
KROGER-1084,2024-10-11,228,9791
KROGER-1084,2024-10-12,236,10027
KROGER-1084,2024-10-13,227,10254
KROGER-1084,2024-10-14,294,10548
KROGER-1084,2024-10-15,266,10814
KROGER-1084,2024-10-16,227,11041
KROGER-1084,2024-10-17,272,11313
KROGER-1084,2024-10-18,249,11562
KROGER-1084,2024-10-19,261,11823
KROGER-1084,2024-10-20,237,12060
KROGER-1084,2024-10-21,229,12289
KROGER-1084,2024-10-22,238,12527
KROGER-1084,2024-10-23,202,12729
KROGER-1084,2024-10-24,230,12959
KROGER-1084,2024-10-25,239,13198
KROGER-1084,2024-10-26,278,13476
KROGER-1084,2024-10-27,239,13715
KROGER-1084,2024-10-28,255,13970
KROGER-1084,2024-10-29,200,14170
KROGER-1084,2024-10-30,262,14432
KROGER-1084,2024-10-31,222,14654
KROGER-1084,2024-11-01,290,14944
KROGER-1084,2024-11-02,311,15255
KROGER-1084,2024-11-03,307,15562
KROGER-1084,2024-11-04,285,15847
KROGER-1084,2024-11-05,259,16106
KROGER-1084,2024-11-06,267,16373
KROGER-1084,2024-11-07,310,16683
KROGER-1084,2024-11-08,273,16956
KROGER-1084,2024-11-09,299,17255
KROGER-1084,2024-11-10,266,17521
KROGER-1084,2024-11-11,307,17828
KROGER-1084,2024-11-12,257,18085
KROGER-1084,2024-11-13,308,18393
KROGER-1084,2024-11-14,263,18656
KROGER-1084,2024-11-15,311,18967
KROGER-1084,2024-11-16,302,19269
KROGER-1084,2024-11-17,288,19557
KROGER-1084,2024-11-18,324,19881
KROGER-1084,2024-11-19,286,20167
KROGER-1084,2024-11-20,279,20446
KROGER-1084,2024-11-21,308,20754
KROGER-1084,2024-11-22,253,21007
KROGER-1084,2024-11-23,240,21247
KROGER-1084,2024-11-24,330,21577
KROGER-1084,2024-11-25,268,21845
KROGER-1084,2024-11-26,307,22152
KROGER-1084,2024-11-27,288,22440
KROGER-1084,2024-11-28,260,22700
KROGER-1084,2024-11-29,301,23001
KROGER-1084,2024-11-30,292,23293
KROGER-1084,2024-12-01,276,23569
KROGER-1084,2024-12-02,263,23832
KROGER-1084,2024-12-03,247,24079
KROGER-1084,2024-12-04,296,24375
KROGER-1084,2024-12-05,266,24641
KROGER-1084,2024-12-06,286,24927
KROGER-1084,2024-12-07,297,25224
KROGER-1084,2024-12-08,279,25503
KROGER-1084,2024-12-09,252,25755
KROGER-1084,2024-12-10,345,26100
KROGER-1084,2024-12-11,286,26386
KROGER-1084,2024-12-12,329,26715
KROGER-1084,2024-12-13,314,27029
KROGER-1084,2024-12-14,294,27323
KROGER-1084,2024-12-15,306,27629
KROGER-1084,2024-12-16,291,27920
KROGER-1084,2024-12-17,330,28250
KROGER-1084,2024-12-18,306,28556
KROGER-1084,2024-12-19,269,28825
KROGER-1084,2024-12-20,295,29120
KROGER-1084,2024-12-21,321,29441
KROGER-1084,2024-12-22,273,29714
KROGER-1084,2024-12-23,299,30013
KROGER-1084,2024-12-24,318,30331
KROGER-1084,2024-12-25,267,30598
KROGER-1084,2024-12-26,271,30869
KROGER-1084,2024-12-27,314,31183
KROGER-1084,2024-12-28,293,31476
KROGER-1084,2024-12-29,278,31754
KROGER-1084,2024-12-30,307,32061
KROGER-1084,2024-12-31,300,32361
KROGER-1084,2025-01-01,241,32602
KROGER-1084,2025-01-02,261,32863
KROGER-1084,2025-01-03,262,33125
KROGER-1084,2025-01-04,250,33375
KROGER-1084,2025-01-05,291,33666
KROGER-1084,2025-01-06,270,33936
KROGER-1084,2025-01-07,201,34137
KROGER-1084,2025-01-08,219,34356
KROGER-1084,2025-01-09,196,34552
KROGER-1084,2025-01-10,233,34785
KROGER-1084,2025-01-11,227,35012
KROGER-1084,2025-01-12,235,35247
KROGER-1084,2025-01-13,260,35507
KROGER-1084,2025-01-14,206,35713
KROGER-1084,2025-01-15,242,35955
KROGER-1084,2025-01-16,242,36197
KROGER-1084,2025-01-17,238,36435
KROGER-1084,2025-01-18,254,36689
KROGER-1084,2025-01-19,206,36895
KROGER-1084,2025-01-20,224,37119
KROGER-1084,2025-01-21,269,37388
KROGER-1084,2025-01-22,216,37604
KROGER-1084,2025-01-23,271,37875
KROGER-1084,2025-01-24,212,38087
KROGER-1084,2025-01-25,220,38307
KROGER-1084,2025-01-26,232,38539
KROGER-1084,2025-01-27,261,38800
KROGER-1084,2025-01-28,229,39029
KROGER-1084,2025-01-29,246,39275
KROGER-1084,2025-01-30,241,39516
KROGER-1084,2025-01-31,238,39754
KROGER-1084,2025-02-01,277,40031
KROGER-1084,2025-02-02,267,40298
KROGER-1084,2025-02-03,217,40515
KROGER-1084,2025-02-04,234,40749
KROGER-1084,2025-02-05,273,41022
KROGER-1084,2025-02-06,245,41267
KROGER-1084,2025-02-07,210,41477
KROGER-1084,2025-02-08,222,41699
KROGER-1084,2025-02-09,269,41968
KROGER-1084,2025-02-10,253,42221
KROGER-1084,2025-02-11,222,42443
KROGER-1084,2025-02-12,254,42697
KROGER-1084,2025-02-13,270,42967
KROGER-1084,2025-02-14,267,43234
KROGER-1084,2025-02-15,284,43518
KROGER-1084,2025-02-16,262,43780
KROGER-1084,2025-02-17,236,44016
KROGER-1084,2025-02-18,232,44248
KROGER-1084,2025-02-19,239,44487
KROGER-1084,2025-02-20,222,44709
KROGER-1084,2025-02-21,232,44941
KROGER-1084,2025-02-22,277,45218
KROGER-1084,2025-02-23,219,45437
KROGER-1084,2025-02-24,210,45647
KROGER-1084,2025-02-25,255,45902
KROGER-1084,2025-02-26,233,46135
KROGER-1084,2025-02-27,202,46337
KROGER-1084,2025-02-28,238,46575
KROGER-1084,2025-03-01,247,46822
KROGER-1084,2025-03-02,243,47065
KROGER-1084,2025-03-03,252,47317
KROGER-1084,2025-03-04,214,47531
KROGER-1084,2025-03-05,239,47770
KROGER-1084,2025-03-06,235,48005
KROGER-1084,2025-03-07,240,48245
KROGER-1084,2025-03-08,216,48461
KROGER-1084,2025-03-09,241,48702
KROGER-1084,2025-03-10,240,48942
KROGER-1084,2025-03-11,250,49192
KROGER-1084,2025-03-12,275,49467
KROGER-1084,2025-03-13,255,49722
KROGER-1084,2025-03-14,248,49970
KROGER-1084,2025-03-15,277,50247
KROGER-1084,2025-03-16,245,50492
KROGER-1084,2025-03-17,269,50761
KROGER-1084,2025-03-18,261,51022
KROGER-1084,2025-03-19,231,51253
KROGER-1084,2025-03-20,276,51529
KROGER-1084,2025-03-21,248,51777
KROGER-1084,2025-03-22,295,52072
KROGER-1084,2025-03-23,257,52329
KROGER-1084,2025-03-24,228,52557
KROGER-1084,2025-03-25,225,52782
KROGER-1084,2025-03-26,232,53014
KROGER-1084,2025-03-27,228,53242
KROGER-1084,2025-03-28,264,53506
KROGER-1084,2025-03-29,251,53757
KROGER-1084,2025-03-30,219,53976
KROGER-1084,2025-03-31,243,54219
KROGER-1084,2025-04-01,242,54461
KROGER-1084,2025-04-02,230,54691
KROGER-1084,2025-04-03,244,54935
KROGER-1084,2025-04-04,238,55173
KROGER-1084,2025-04-05,264,55437
KROGER-1084,2025-04-06,263,55700
KROGER-1084,2025-04-07,246,55946
KROGER-1084,2025-04-08,214,56160
KROGER-1084,2025-04-09,280,56440
KROGER-1084,2025-04-10,209,56649
KROGER-1084,2025-04-11,237,56886
KROGER-1084,2025-04-12,229,57115
KROGER-1084,2025-04-13,259,57374
KROGER-1084,2025-04-14,242,57616
KROGER-1084,2025-04-15,236,57852
KROGER-1084,2025-04-16,268,58120
KROGER-1084,2025-04-17,260,58380
KROGER-1084,2025-04-18,233,58613
KROGER-1084,2025-04-19,267,58880
KROGER-1084,2025-04-20,283,59163
KROGER-1084,2025-04-21,260,59423
KROGER-1084,2025-04-22,237,59660
KROGER-1084,2025-04-23,209,59869
KROGER-1084,2025-04-24,245,60114
KROGER-1084,2025-04-25,252,60366
KROGER-1084,2025-04-26,236,60602
KROGER-1084,2025-04-27,252,60854
KROGER-1084,2025-04-28,238,61092
KROGER-1084,2025-04-29,266,61358
KROGER-1084,2025-04-30,275,61633
KROGER-1084,2025-05-01,262,61895
KROGER-1084,2025-05-02,238,62133
KROGER-1084,2025-05-03,274,62407
KROGER-1084,2025-05-04,264,62671
KROGER-1084,2025-05-05,238,62909
KROGER-1084,2025-05-06,279,63188
KROGER-1084,2025-05-07,225,63413
KROGER-1084,2025-05-08,251,63664
KROGER-1084,2025-05-09,255,63919
KROGER-1084,2025-05-10,245,64164
KROGER-1084,2025-05-11,262,64426
KROGER-1084,2025-05-12,257,64683
KROGER-1084,2025-05-13,244,64927
KROGER-1084,2025-05-14,248,65175
KROGER-1084,2025-05-15,241,65416
KROGER-1084,2025-05-16,255,65671
KROGER-1084,2025-05-17,247,65918
KROGER-1084,2025-05-18,245,66163
KROGER-1084,2025-05-19,240,66403
KROGER-1084,2025-05-20,262,66665
KROGER-1084,2025-05-21,206,66871
KROGER-1084,2025-05-22,222,67093
KROGER-1084,2025-05-23,283,67376
KROGER-1084,2025-05-24,257,67633
KROGER-1084,2025-05-25,243,67876
KROGER-1084,2025-05-26,254,68130
KROGER-1084,2025-05-27,224,68354
KROGER-1084,2025-05-28,199,68553
KROGER-1084,2025-05-29,246,68799
KROGER-1084,2025-05-30,225,69024
KROGER-1084,2025-05-31,253,69277
KROGER-1084,2025-06-01,258,69535
KROGER-1084,2025-06-02,242,69777
KROGER-1084,2025-06-03,206,69983
KROGER-1084,2025-06-04,240,70223
KROGER-1084,2025-06-05,248,70471
KROGER-1084,2025-06-06,212,70683
KROGER-1084,2025-06-07,221,70904
KROGER-1084,2025-06-08,230,71134
KROGER-1084,2025-06-09,254,71388
KROGER-1084,2025-06-10,201,71589
KROGER-1084,2025-06-11,255,71844
KROGER-1084,2025-06-12,247,72091
KROGER-1084,2025-06-13,234,72325
KROGER-1084,2025-06-14,221,72546
KROGER-1084,2025-06-15,235,72781
KROGER-1084,2025-06-16,254,73035
KROGER-1084,2025-06-17,263,73298
KROGER-1084,2025-06-18,219,73517
KROGER-1084,2025-06-19,261,73778
KROGER-1084,2025-06-20,252,74030
KROGER-1084,2025-06-21,251,74281
KROGER-1084,2025-06-22,236,74517
KROGER-1084,2025-06-23,228,74745
KROGER-1084,2025-06-24,274,75019
KROGER-1084,2025-06-25,243,75262
KROGER-1084,2025-06-26,265,75527
KROGER-1084,2025-06-27,244,75771
KROGER-1084,2025-06-28,242,76013
KROGER-1084,2025-06-29,263,76276
KROGER-1084,2025-06-30,281,76557
KROGER-1084,2025-07-01,227,76784
KROGER-1084,2025-07-02,257,77041
KROGER-1084,2025-07-03,243,77284
KROGER-1084,2025-07-04,211,77495
KROGER-1084,2025-07-05,222,77717
KROGER-1084,2025-07-06,242,77959
KROGER-1084,2025-07-07,246,78205
KROGER-1084,2025-07-08,256,78461
KROGER-1084,2025-07-09,209,78670
KROGER-1084,2025-07-10,252,78922
KROGER-1084,2025-07-11,237,79159
KROGER-1084,2025-07-12,251,79410
KROGER-1084,2025-07-13,263,79673
KROGER-1084,2025-07-14,273,79946
KROGER-1084,2025-07-15,245,80191
KROGER-1084,2025-07-16,213,80404
KROGER-1084,2025-07-17,236,80640
KROGER-1084,2025-07-18,256,80896
KROGER-1084,2025-07-19,269,81165
KROGER-1084,2025-07-20,265,81430
KROGER-1084,2025-07-21,229,81659
KROGER-1084,2025-07-22,213,81872
KROGER-1084,2025-07-23,251,82123
KROGER-1084,2025-07-24,216,82339
KROGER-1084,2025-07-25,253,82592
KROGER-1084,2025-07-26,265,82857
KROGER-1084,2025-07-27,242,83099
KROGER-1084,2025-07-28,237,83336
KROGER-1084,2025-07-29,243,83579
KROGER-1084,2025-07-30,227,83806
KROGER-1084,2025-07-31,213,84019
KROGER-1084,2025-08-01,238,84257
KROGER-1084,2025-08-02,253,84510
KROGER-1084,2025-08-03,279,84789
KROGER-1084,2025-08-04,224,85013
KROGER-1084,2025-08-05,260,85273
KROGER-1084,2025-08-06,217,85490
KROGER-1084,2025-08-07,213,85703
KROGER-1084,2025-08-08,233,85936
KROGER-1084,2025-08-09,232,86168
KROGER-1084,2025-08-10,224,86392
KROGER-1084,2025-08-11,277,86669
KROGER-1084,2025-08-12,231,86900
KROGER-1084,2025-08-13,284,87184
KROGER-1084,2025-08-14,220,87404
KROGER-1084,2025-08-15,206,87610
KROGER-1084,2025-08-16,277,87887
KROGER-1084,2025-08-17,237,88124
KROGER-1084,2025-08-18,242,88366
KROGER-1084,2025-08-19,213,88579
KROGER-1084,2025-08-20,238,88817
KROGER-1084,2025-08-21,213,89030
KROGER-1084,2025-08-22,238,89268
KROGER-1084,2025-08-23,242,89510
KROGER-1084,2025-08-24,256,89766
KROGER-1084,2025-08-25,251,90017
KROGER-1084,2025-08-26,244,90261
KROGER-1084,2025-08-27,248,90509
KROGER-1084,2025-08-28,237,90746
KROGER-1084,2025-08-29,231,90977
KROGER-1084,2025-08-30,261,91238
KROGER-1084,2025-08-31,249,91487
KROGER-1085,2024-09-01,287,287
KROGER-1085,2024-09-02,283,570
KROGER-1085,2024-09-03,252,822
KROGER-1085,2024-09-04,306,1128
KROGER-1085,2024-09-05,269,1397
KROGER-1085,2024-09-06,277,1674
KROGER-1085,2024-09-07,287,1961
KROGER-1085,2024-09-08,304,2265
KROGER-1085,2024-09-09,282,2547
KROGER-1085,2024-09-10,274,2821
KROGER-1085,2024-09-11,307,3128
KROGER-1085,2024-09-12,204,3332
KROGER-1085,2024-09-13,302,3634
KROGER-1085,2024-09-14,310,3944
KROGER-1085,2024-09-15,246,4190
KROGER-1085,2024-09-16,295,4485
KROGER-1085,2024-09-17,298,4783
KROGER-1085,2024-09-18,287,5070
KROGER-1085,2024-09-19,240,5310
KROGER-1085,2024-09-20,290,5600
KROGER-1085,2024-09-21,312,5912
KROGER-1085,2024-09-22,275,6187
KROGER-1085,2024-09-23,284,6471
KROGER-1085,2024-09-24,267,6738
KROGER-1085,2024-09-25,294,7032
KROGER-1085,2024-09-26,268,7300
KROGER-1085,2024-09-27,262,7562
KROGER-1085,2024-09-28,288,7850
KROGER-1085,2024-09-29,257,8107
KROGER-1085,2024-09-30,272,8379
KROGER-1085,2024-10-01,283,8662
KROGER-1085,2024-10-02,294,8956
KROGER-1085,2024-10-03,280,9236
KROGER-1085,2024-10-04,243,9479
KROGER-1085,2024-10-05,320,9799
KROGER-1085,2024-10-06,322,10121
KROGER-1085,2024-10-07,277,10398
KROGER-1085,2024-10-08,258,10656
KROGER-1085,2024-10-09,263,10919
KROGER-1085,2024-10-10,270,11189
KROGER-1085,2024-10-11,281,11470
KROGER-1085,2024-10-12,281,11751
KROGER-1085,2024-10-13,269,12020
KROGER-1085,2024-10-14,297,12317
KROGER-1085,2024-10-15,280,12597
KROGER-1085,2024-10-16,252,12849
KROGER-1085,2024-10-17,281,13130
KROGER-1085,2024-10-18,278,13408
KROGER-1085,2024-10-19,272,13680
KROGER-1085,2024-10-20,316,13996
KROGER-1085,2024-10-21,278,14274
KROGER-1085,2024-10-22,270,14544
KROGER-1085,2024-10-23,273,14817
KROGER-1085,2024-10-24,284,15101
KROGER-1085,2024-10-25,273,15374
KROGER-1085,2024-10-26,287,15661
KROGER-1085,2024-10-27,313,15974
KROGER-1085,2024-10-28,243,16217
KROGER-1085,2024-10-29,247,16464
KROGER-1085,2024-10-30,292,16756
KROGER-1085,2024-10-31,328,17084
KROGER-1085,2024-11-01,353,17437
KROGER-1085,2024-11-02,398,17835
KROGER-1085,2024-11-03,334,18169
KROGER-1085,2024-11-04,313,18482
KROGER-1085,2024-11-05,342,18824
KROGER-1085,2024-11-06,355,19179
KROGER-1085,2024-11-07,295,19474
KROGER-1085,2024-11-08,324,19798
KROGER-1085,2024-11-09,346,20144
KROGER-1085,2024-11-10,327,20471
KROGER-1085,2024-11-11,315,20786
KROGER-1085,2024-11-12,352,21138
KROGER-1085,2024-11-13,342,21480
KROGER-1085,2024-11-14,351,21831
KROGER-1085,2024-11-15,339,22170
KROGER-1085,2024-11-16,322,22492
KROGER-1085,2024-11-17,358,22850
KROGER-1085,2024-11-18,305,23155
KROGER-1085,2024-11-19,322,23477
KROGER-1085,2024-11-20,302,23779
KROGER-1085,2024-11-21,314,24093
KROGER-1085,2024-11-22,332,24425
KROGER-1085,2024-11-23,334,24759
KROGER-1085,2024-11-24,322,25081
KROGER-1085,2024-11-25,360,25441
KROGER-1085,2024-11-26,327,25768
KROGER-1085,2024-11-27,316,26084
KROGER-1085,2024-11-28,301,26385
KROGER-1085,2024-11-29,280,26665
KROGER-1085,2024-11-30,340,27005
KROGER-1085,2024-12-01,308,27313
KROGER-1085,2024-12-02,349,27662
KROGER-1085,2024-12-03,331,27993
KROGER-1085,2024-12-04,371,28364
KROGER-1085,2024-12-05,336,28700
KROGER-1085,2024-12-06,311,29011
KROGER-1085,2024-12-07,294,29305
KROGER-1085,2024-12-08,369,29674
KROGER-1085,2024-12-09,295,29969
KROGER-1085,2024-12-10,319,30288
KROGER-1085,2024-12-11,374,30662
KROGER-1085,2024-12-12,346,31008
KROGER-1085,2024-12-13,340,31348
KROGER-1085,2024-12-14,372,31720
KROGER-1085,2024-12-15,371,32091
KROGER-1085,2024-12-16,372,32463
KROGER-1085,2024-12-17,314,32777
KROGER-1085,2024-12-18,320,33097
KROGER-1085,2024-12-19,305,33402
KROGER-1085,2024-12-20,329,33731
KROGER-1085,2024-12-21,343,34074
KROGER-1085,2024-12-22,298,34372
KROGER-1085,2024-12-23,312,34684
KROGER-1085,2024-12-24,368,35052
KROGER-1085,2024-12-25,336,35388
KROGER-1085,2024-12-26,349,35737
KROGER-1085,2024-12-27,327,36064
KROGER-1085,2024-12-28,294,36358
KROGER-1085,2024-12-29,343,36701
KROGER-1085,2024-12-30,357,37058
KROGER-1085,2024-12-31,298,37356
KROGER-1085,2025-01-01,291,37647
KROGER-1085,2025-01-02,237,37884
KROGER-1085,2025-01-03,275,38159
KROGER-1085,2025-01-04,301,38460
KROGER-1085,2025-01-05,281,38741
KROGER-1085,2025-01-06,329,39070
KROGER-1085,2025-01-07,264,39334
KROGER-1085,2025-01-08,262,39596
KROGER-1085,2025-01-09,279,39875
KROGER-1085,2025-01-10,258,40133
KROGER-1085,2025-01-11,255,40388
KROGER-1085,2025-01-12,263,40651
KROGER-1085,2025-01-13,291,40942
KROGER-1085,2025-01-14,268,41210
KROGER-1085,2025-01-15,312,41522
KROGER-1085,2025-01-16,265,41787
KROGER-1085,2025-01-17,290,42077
KROGER-1085,2025-01-18,300,42377
KROGER-1085,2025-01-19,278,42655
KROGER-1085,2025-01-20,255,42910
KROGER-1085,2025-01-21,237,43147
KROGER-1085,2025-01-22,287,43434
KROGER-1085,2025-01-23,301,43735
KROGER-1085,2025-01-24,240,43975
KROGER-1085,2025-01-25,280,44255
KROGER-1085,2025-01-26,273,44528
KROGER-1085,2025-01-27,287,44815
KROGER-1085,2025-01-28,267,45082
KROGER-1085,2025-01-29,304,45386
KROGER-1085,2025-01-30,266,45652
KROGER-1085,2025-01-31,247,45899
KROGER-1085,2025-02-01,278,46177
KROGER-1085,2025-02-02,280,46457
KROGER-1085,2025-02-03,286,46743
KROGER-1085,2025-02-04,266,47009
KROGER-1085,2025-02-05,284,47293
KROGER-1085,2025-02-06,257,47550
KROGER-1085,2025-02-07,268,47818
KROGER-1085,2025-02-08,270,48088
KROGER-1085,2025-02-09,269,48357
KROGER-1085,2025-02-10,303,48660
KROGER-1085,2025-02-11,259,48919
KROGER-1085,2025-02-12,267,49186
KROGER-1085,2025-02-13,298,49484
KROGER-1085,2025-02-14,291,49775
KROGER-1085,2025-02-15,326,50101
KROGER-1085,2025-02-16,300,50401
KROGER-1085,2025-02-17,261,50662
KROGER-1085,2025-02-18,320,50982
KROGER-1085,2025-02-19,288,51270
KROGER-1085,2025-02-20,271,51541
KROGER-1085,2025-02-21,276,51817
KROGER-1085,2025-02-22,293,52110
KROGER-1085,2025-02-23,283,52393
KROGER-1085,2025-02-24,244,52637
KROGER-1085,2025-02-25,311,52948
KROGER-1085,2025-02-26,274,53222
KROGER-1085,2025-02-27,279,53501
KROGER-1085,2025-02-28,320,53821
KROGER-1085,2025-03-01,273,54094
KROGER-1085,2025-03-02,304,54398
KROGER-1085,2025-03-03,257,54655
KROGER-1085,2025-03-04,282,54937
KROGER-1085,2025-03-05,279,55216
KROGER-1085,2025-03-06,292,55508
KROGER-1085,2025-03-07,301,55809
KROGER-1085,2025-03-08,275,56084
KROGER-1085,2025-03-09,321,56405
KROGER-1085,2025-03-10,307,56712
KROGER-1085,2025-03-11,269,56981
KROGER-1085,2025-03-12,275,57256
KROGER-1085,2025-03-13,264,57520
KROGER-1085,2025-03-14,268,57788
KROGER-1085,2025-03-15,261,58049
KROGER-1085,2025-03-16,306,58355
KROGER-1085,2025-03-17,230,58585
KROGER-1085,2025-03-18,259,58844
KROGER-1085,2025-03-19,274,59118
KROGER-1085,2025-03-20,303,59421
KROGER-1085,2025-03-21,263,59684
KROGER-1085,2025-03-22,298,59982
KROGER-1085,2025-03-23,287,60269
KROGER-1085,2025-03-24,296,60565
KROGER-1085,2025-03-25,283,60848
KROGER-1085,2025-03-26,293,61141
KROGER-1085,2025-03-27,263,61404
KROGER-1085,2025-03-28,252,61656
KROGER-1085,2025-03-29,297,61953
KROGER-1085,2025-03-30,277,62230
KROGER-1085,2025-03-31,275,62505
KROGER-1085,2025-04-01,282,62787
KROGER-1085,2025-04-02,302,63089
KROGER-1085,2025-04-03,292,63381
KROGER-1085,2025-04-04,260,63641
KROGER-1085,2025-04-05,262,63903
KROGER-1085,2025-04-06,328,64231
KROGER-1085,2025-04-07,240,64471
KROGER-1085,2025-04-08,265,64736
KROGER-1085,2025-04-09,289,65025
KROGER-1085,2025-04-10,311,65336
KROGER-1085,2025-04-11,271,65607
KROGER-1085,2025-04-12,289,65896
KROGER-1085,2025-04-13,268,66164
KROGER-1085,2025-04-14,277,66441
KROGER-1085,2025-04-15,249,66690
KROGER-1085,2025-04-16,258,66948
KROGER-1085,2025-04-17,292,67240
KROGER-1085,2025-04-18,265,67505
KROGER-1085,2025-04-19,310,67815
KROGER-1085,2025-04-20,285,68100
KROGER-1085,2025-04-21,245,68345
KROGER-1085,2025-04-22,300,68645
KROGER-1085,2025-04-23,246,68891
KROGER-1085,2025-04-24,261,69152
KROGER-1085,2025-04-25,270,69422
KROGER-1085,2025-04-26,312,69734
KROGER-1085,2025-04-27,276,70010
KROGER-1085,2025-04-28,254,70264
KROGER-1085,2025-04-29,278,70542
KROGER-1085,2025-04-30,270,70812
KROGER-1085,2025-05-01,264,71076
KROGER-1085,2025-05-02,279,71355
KROGER-1085,2025-05-03,261,71616
KROGER-1085,2025-05-04,249,71865
KROGER-1085,2025-05-05,322,72187
KROGER-1085,2025-05-06,277,72464
KROGER-1085,2025-05-07,279,72743
KROGER-1085,2025-05-08,257,73000
KROGER-1085,2025-05-09,294,73294
KROGER-1085,2025-05-10,276,73570
KROGER-1085,2025-05-11,224,73794
KROGER-1085,2025-05-12,262,74056
KROGER-1085,2025-05-13,269,74325
KROGER-1085,2025-05-14,271,74596
KROGER-1085,2025-05-15,270,74866
KROGER-1085,2025-05-16,261,75127
KROGER-1085,2025-05-17,271,75398
KROGER-1085,2025-05-18,282,75680
KROGER-1085,2025-05-19,238,75918
KROGER-1085,2025-05-20,232,76150
KROGER-1085,2025-05-21,277,76427
KROGER-1085,2025-05-22,277,76704
KROGER-1085,2025-05-23,294,76998
KROGER-1085,2025-05-24,283,77281
KROGER-1085,2025-05-25,261,77542
KROGER-1085,2025-05-26,232,77774
KROGER-1085,2025-05-27,255,78029
KROGER-1085,2025-05-28,284,78313
KROGER-1085,2025-05-29,306,78619
KROGER-1085,2025-05-30,276,78895
KROGER-1085,2025-05-31,260,79155
KROGER-1085,2025-06-01,268,79423
KROGER-1085,2025-06-02,256,79679
KROGER-1085,2025-06-03,266,79945
KROGER-1085,2025-06-04,299,80244
KROGER-1085,2025-06-05,301,80545
KROGER-1085,2025-06-06,271,80816
KROGER-1085,2025-06-07,293,81109
KROGER-1085,2025-06-08,270,81379
KROGER-1085,2025-06-09,237,81616
KROGER-1085,2025-06-10,314,81930
KROGER-1085,2025-06-11,224,82154
KROGER-1085,2025-06-12,234,82388
KROGER-1085,2025-06-13,314,82702
KROGER-1085,2025-06-14,289,82991
KROGER-1085,2025-06-15,262,83253
KROGER-1085,2025-06-16,290,83543
KROGER-1085,2025-06-17,292,83835
KROGER-1085,2025-06-18,245,84080
KROGER-1085,2025-06-19,263,84343
KROGER-1085,2025-06-20,294,84637
KROGER-1085,2025-06-21,270,84907
KROGER-1085,2025-06-22,295,85202
KROGER-1085,2025-06-23,306,85508
KROGER-1085,2025-06-24,222,85730
KROGER-1085,2025-06-25,267,85997
KROGER-1085,2025-06-26,280,86277
KROGER-1085,2025-06-27,235,86512
KROGER-1085,2025-06-28,276,86788
KROGER-1085,2025-06-29,313,87101
KROGER-1085,2025-06-30,259,87360
KROGER-1085,2025-07-01,242,87602
KROGER-1085,2025-07-02,300,87902
KROGER-1085,2025-07-03,284,88186
KROGER-1085,2025-07-04,273,88459
KROGER-1085,2025-07-05,286,88745
KROGER-1085,2025-07-06,312,89057
KROGER-1085,2025-07-07,281,89338
KROGER-1085,2025-07-08,289,89627
KROGER-1085,2025-07-09,259,89886
KROGER-1085,2025-07-10,232,90118
KROGER-1085,2025-07-11,288,90406
KROGER-1085,2025-07-12,314,90720
KROGER-1085,2025-07-13,283,91003
KROGER-1085,2025-07-14,294,91297
KROGER-1085,2025-07-15,267,91564
KROGER-1085,2025-07-16,273,91837
KROGER-1085,2025-07-17,313,92150
KROGER-1085,2025-07-18,268,92418
KROGER-1085,2025-07-19,280,92698
KROGER-1085,2025-07-20,245,92943
KROGER-1085,2025-07-21,290,93233
KROGER-1085,2025-07-22,259,93492
KROGER-1085,2025-07-23,278,93770
KROGER-1085,2025-07-24,268,94038
KROGER-1085,2025-07-25,265,94303
KROGER-1085,2025-07-26,286,94589
KROGER-1085,2025-07-27,288,94877
KROGER-1085,2025-07-28,301,95178
KROGER-1085,2025-07-29,308,95486
KROGER-1085,2025-07-30,289,95775
KROGER-1085,2025-07-31,303,96078
KROGER-1085,2025-08-01,294,96372
KROGER-1085,2025-08-02,300,96672
KROGER-1085,2025-08-03,322,96994
KROGER-1085,2025-08-04,246,97240
KROGER-1085,2025-08-05,260,97500
KROGER-1085,2025-08-06,257,97757
KROGER-1085,2025-08-07,268,98025
KROGER-1085,2025-08-08,290,98315
KROGER-1085,2025-08-09,263,98578
KROGER-1085,2025-08-10,300,98878
KROGER-1085,2025-08-11,262,99140
KROGER-1085,2025-08-12,267,99407
KROGER-1085,2025-08-13,279,99686
KROGER-1085,2025-08-14,312,99998
KROGER-1085,2025-08-15,259,100257
KROGER-1085,2025-08-16,287,100544
KROGER-1085,2025-08-17,264,100808
KROGER-1085,2025-08-18,259,101067
KROGER-1085,2025-08-19,251,101318
KROGER-1085,2025-08-20,280,101598
KROGER-1085,2025-08-21,284,101882
KROGER-1085,2025-08-22,290,102172
KROGER-1085,2025-08-23,271,102443
KROGER-1085,2025-08-24,300,102743
KROGER-1085,2025-08-25,277,103020
KROGER-1085,2025-08-26,273,103293
KROGER-1085,2025-08-27,247,103540
KROGER-1085,2025-08-28,278,103818
KROGER-1085,2025-08-29,279,104097
KROGER-1085,2025-08-30,291,104388
KROGER-1085,2025-08-31,298,104686
KROGER-1086,2024-09-01,1100,1100
KROGER-1086,2024-09-02,906,2006
KROGER-1086,2024-09-03,976,2982
KROGER-1086,2024-09-04,1034,4016
KROGER-1086,2024-09-05,971,4987
KROGER-1086,2024-09-06,1069,6056
KROGER-1086,2024-09-07,1050,7106
KROGER-1086,2024-09-08,879,7985
KROGER-1086,2024-09-09,1059,9044
KROGER-1086,2024-09-10,983,10027
KROGER-1086,2024-09-11,852,10879
KROGER-1086,2024-09-12,973,11852
KROGER-1086,2024-09-13,892,12744
KROGER-1086,2024-09-14,1105,13849
KROGER-1086,2024-09-15,1039,14888
KROGER-1086,2024-09-16,919,15807
KROGER-1086,2024-09-17,1057,16864
KROGER-1086,2024-09-18,1029,17893
KROGER-1086,2024-09-19,974,18867
KROGER-1086,2024-09-20,894,19761
KROGER-1086,2024-09-21,972,20733
KROGER-1086,2024-09-22,971,21704
KROGER-1086,2024-09-23,1052,22756
KROGER-1086,2024-09-24,859,23615
KROGER-1086,2024-09-25,989,24604
KROGER-1086,2024-09-26,973,25577
KROGER-1086,2024-09-27,1075,26652
KROGER-1086,2024-09-28,1062,27714
KROGER-1086,2024-09-29,1087,28801
KROGER-1086,2024-09-30,951,29752
KROGER-1086,2024-10-01,895,30647
KROGER-1086,2024-10-02,967,31614
KROGER-1086,2024-10-03,1055,32669
KROGER-1086,2024-10-04,1054,33723
KROGER-1086,2024-10-05,1007,34730
KROGER-1086,2024-10-06,971,35701
KROGER-1086,2024-10-07,909,36610
KROGER-1086,2024-10-08,982,37592
KROGER-1086,2024-10-09,1004,38596
KROGER-1086,2024-10-10,1110,39706
KROGER-1086,2024-10-11,1003,40709
KROGER-1086,2024-10-12,1094,41803
KROGER-1086,2024-10-13,977,42780
KROGER-1086,2024-10-14,996,43776
KROGER-1086,2024-10-15,1004,44780
KROGER-1086,2024-10-16,982,45762
KROGER-1086,2024-10-17,991,46753
KROGER-1086,2024-10-18,1003,47756
KROGER-1086,2024-10-19,1083,48839
KROGER-1086,2024-10-20,1140,49979
KROGER-1086,2024-10-21,813,50792
KROGER-1086,2024-10-22,1081,51873
KROGER-1086,2024-10-23,857,52730
KROGER-1086,2024-10-24,1017,53747
KROGER-1086,2024-10-25,1180,54927
KROGER-1086,2024-10-26,1039,55966
KROGER-1086,2024-10-27,1057,57023
KROGER-1086,2024-10-28,968,57991
KROGER-1086,2024-10-29,1046,59037
KROGER-1086,2024-10-30,1022,60059
KROGER-1086,2024-10-31,939,60998
KROGER-1086,2024-11-01,1181,62179
KROGER-1086,2024-11-02,1139,63318
KROGER-1086,2024-11-03,1239,64557
KROGER-1086,2024-11-04,1151,65708
KROGER-1086,2024-11-05,1204,66912
KROGER-1086,2024-11-06,1124,68036
KROGER-1086,2024-11-07,1171,69207
KROGER-1086,2024-11-08,1192,70399
KROGER-1086,2024-11-09,1259,71658
KROGER-1086,2024-11-10,1279,72937
KROGER-1086,2024-11-11,1175,74112
KROGER-1086,2024-11-12,1116,75228
KROGER-1086,2024-11-13,1199,76427
KROGER-1086,2024-11-14,1174,77601
KROGER-1086,2024-11-15,1289,78890
KROGER-1086,2024-11-16,1366,80256
KROGER-1086,2024-11-17,1114,81370
KROGER-1086,2024-11-18,1250,82620
KROGER-1086,2024-11-19,1269,83889
KROGER-1086,2024-11-20,1063,84952
KROGER-1086,2024-11-21,1247,86199
KROGER-1086,2024-11-22,1277,87476
KROGER-1086,2024-11-23,1156,88632
KROGER-1086,2024-11-24,1227,89859
KROGER-1086,2024-11-25,1209,91068
KROGER-1086,2024-11-26,1246,92314
KROGER-1086,2024-11-27,1097,93411
KROGER-1086,2024-11-28,1302,94713
KROGER-1086,2024-11-29,998,95711
KROGER-1086,2024-11-30,1384,97095
KROGER-1086,2024-12-01,1306,98401
KROGER-1086,2024-12-02,1132,99533
KROGER-1086,2024-12-03,1274,100807
KROGER-1086,2024-12-04,1092,101899
KROGER-1086,2024-12-05,1202,103101
KROGER-1086,2024-12-06,1214,104315
KROGER-1086,2024-12-07,1275,105590
KROGER-1086,2024-12-08,1167,106757
KROGER-1086,2024-12-09,1144,107901
KROGER-1086,2024-12-10,1204,109105
KROGER-1086,2024-12-11,1122,110227
KROGER-1086,2024-12-12,1217,111444
KROGER-1086,2024-12-13,1133,112577
KROGER-1086,2024-12-14,1351,113928
KROGER-1086,2024-12-15,1408,115336
KROGER-1086,2024-12-16,1163,116499
KROGER-1086,2024-12-17,1279,117778
KROGER-1086,2024-12-18,1171,118949
KROGER-1086,2024-12-19,1102,120051
KROGER-1086,2024-12-20,1151,121202
KROGER-1086,2024-12-21,1260,122462
KROGER-1086,2024-12-22,1072,123534
KROGER-1086,2024-12-23,1251,124785
KROGER-1086,2024-12-24,1200,125985
KROGER-1086,2024-12-25,1287,127272
KROGER-1086,2024-12-26,1249,128521
KROGER-1086,2024-12-27,1203,129724
KROGER-1086,2024-12-28,1215,130939
KROGER-1086,2024-12-29,1404,132343
KROGER-1086,2024-12-30,1398,133741
KROGER-1086,2024-12-31,1159,134900
KROGER-1086,2025-01-01,1076,135976
KROGER-1086,2025-01-02,937,136913
KROGER-1086,2025-01-03,946,137859
KROGER-1086,2025-01-04,1010,138869
KROGER-1086,2025-01-05,1100,139969
KROGER-1086,2025-01-06,907,140876
KROGER-1086,2025-01-07,1116,141992
KROGER-1086,2025-01-08,1067,143059
KROGER-1086,2025-01-09,1045,144104
KROGER-1086,2025-01-10,969,145073
KROGER-1086,2025-01-11,1112,146185
KROGER-1086,2025-01-12,799,146984
KROGER-1086,2025-01-13,1028,148012
KROGER-1086,2025-01-14,1006,149018
KROGER-1086,2025-01-15,843,149861
KROGER-1086,2025-01-16,1025,150886
KROGER-1086,2025-01-17,1040,151926
KROGER-1086,2025-01-18,888,152814
KROGER-1086,2025-01-19,943,153757
KROGER-1086,2025-01-20,1157,154914
KROGER-1086,2025-01-21,978,155892
KROGER-1086,2025-01-22,1070,156962
KROGER-1086,2025-01-23,1082,158044
KROGER-1086,2025-01-24,1024,159068
KROGER-1086,2025-01-25,1127,160195
KROGER-1086,2025-01-26,866,161061
KROGER-1086,2025-01-27,974,162035
KROGER-1086,2025-01-28,748,162783
KROGER-1086,2025-01-29,854,163637
KROGER-1086,2025-01-30,949,164586
KROGER-1086,2025-01-31,940,165526
KROGER-1086,2025-02-01,1046,166572
KROGER-1086,2025-02-02,1041,167613
KROGER-1086,2025-02-03,1003,168616
KROGER-1086,2025-02-04,1007,169623
KROGER-1086,2025-02-05,1019,170642
KROGER-1086,2025-02-06,917,171559
KROGER-1086,2025-02-07,935,172494
KROGER-1086,2025-02-08,1039,173533
KROGER-1086,2025-02-09,1041,174574
KROGER-1086,2025-02-10,907,175481
KROGER-1086,2025-02-11,1079,176560
KROGER-1086,2025-02-12,1050,177610
KROGER-1086,2025-02-13,924,178534
KROGER-1086,2025-02-14,976,179510
KROGER-1086,2025-02-15,1210,180720
KROGER-1086,2025-02-16,1056,181776
KROGER-1086,2025-02-17,1024,182800
KROGER-1086,2025-02-18,944,183744
KROGER-1086,2025-02-19,968,184712
KROGER-1086,2025-02-20,1113,185825
KROGER-1086,2025-02-21,1002,186827
KROGER-1086,2025-02-22,1037,187864
KROGER-1086,2025-02-23,1043,188907
KROGER-1086,2025-02-24,1195,190102
KROGER-1086,2025-02-25,996,191098
KROGER-1086,2025-02-26,927,192025
KROGER-1086,2025-02-27,941,192966
KROGER-1086,2025-02-28,1055,194021
KROGER-1086,2025-03-01,923,194944
KROGER-1086,2025-03-02,1080,196024
KROGER-1086,2025-03-03,935,196959
KROGER-1086,2025-03-04,845,197804
KROGER-1086,2025-03-05,915,198719
KROGER-1086,2025-03-06,995,199714
KROGER-1086,2025-03-07,1104,200818
KROGER-1086,2025-03-08,1119,201937
KROGER-1086,2025-03-09,1018,202955
KROGER-1086,2025-03-10,1070,204025
KROGER-1086,2025-03-11,964,204989
KROGER-1086,2025-03-12,876,205865
KROGER-1086,2025-03-13,994,206859
KROGER-1086,2025-03-14,873,207732
KROGER-1086,2025-03-15,1108,208840
KROGER-1086,2025-03-16,1110,209950
KROGER-1086,2025-03-17,923,210873
KROGER-1086,2025-03-18,1004,211877
KROGER-1086,2025-03-19,1004,212881
KROGER-1086,2025-03-20,1062,213943
KROGER-1086,2025-03-21,894,214837
KROGER-1086,2025-03-22,1092,215929
KROGER-1086,2025-03-23,933,216862
KROGER-1086,2025-03-24,1055,217917
KROGER-1086,2025-03-25,1077,218994
KROGER-1086,2025-03-26,940,219934
KROGER-1086,2025-03-27,1090,221024
KROGER-1086,2025-03-28,868,221892
KROGER-1086,2025-03-29,1134,223026
KROGER-1086,2025-03-30,1162,224188
KROGER-1086,2025-03-31,1020,225208
KROGER-1086,2025-04-01,1033,226241
KROGER-1086,2025-04-02,1010,227251
KROGER-1086,2025-04-03,1021,228272
KROGER-1086,2025-04-04,976,229248
KROGER-1086,2025-04-05,1170,230418
KROGER-1086,2025-04-06,1092,231510
KROGER-1086,2025-04-07,1100,232610
KROGER-1086,2025-04-08,972,233582
KROGER-1086,2025-04-09,1072,234654
KROGER-1086,2025-04-10,968,235622
KROGER-1086,2025-04-11,967,236589
KROGER-1086,2025-04-12,940,237529
KROGER-1086,2025-04-13,1080,238609
KROGER-1086,2025-04-14,911,239520
KROGER-1086,2025-04-15,944,240464
KROGER-1086,2025-04-16,885,241349
KROGER-1086,2025-04-17,842,242191
KROGER-1086,2025-04-18,986,243177
KROGER-1086,2025-04-19,983,244160
KROGER-1086,2025-04-20,1070,245230
KROGER-1086,2025-04-21,989,246219
KROGER-1086,2025-04-22,1076,247295
KROGER-1086,2025-04-23,1146,248441
KROGER-1086,2025-04-24,1084,249525
KROGER-1086,2025-04-25,995,250520
KROGER-1086,2025-04-26,1099,251619
KROGER-1086,2025-04-27,1152,252771
KROGER-1086,2025-04-28,953,253724
KROGER-1086,2025-04-29,1064,254788
KROGER-1086,2025-04-30,1097,255885
KROGER-1086,2025-05-01,999,256884
KROGER-1086,2025-05-02,1030,257914
KROGER-1086,2025-05-03,1213,259127
KROGER-1086,2025-05-04,990,260117
KROGER-1086,2025-05-05,971,261088
KROGER-1086,2025-05-06,1037,262125
KROGER-1086,2025-05-07,922,263047
KROGER-1086,2025-05-08,987,264034
KROGER-1086,2025-05-09,896,264930
KROGER-1086,2025-05-10,885,265815
KROGER-1086,2025-05-11,1063,266878
KROGER-1086,2025-05-12,887,267765
KROGER-1086,2025-05-13,920,268685
KROGER-1086,2025-05-14,1074,269759
KROGER-1086,2025-05-15,1006,270765
KROGER-1086,2025-05-16,990,271755
KROGER-1086,2025-05-17,1011,272766
KROGER-1086,2025-05-18,1171,273937
KROGER-1086,2025-05-19,1171,275108
KROGER-1086,2025-05-20,1041,276149
KROGER-1086,2025-05-21,784,276933
KROGER-1086,2025-05-22,990,277923
KROGER-1086,2025-05-23,909,278832
KROGER-1086,2025-05-24,1005,279837
KROGER-1086,2025-05-25,1083,280920
KROGER-1086,2025-05-26,1001,281921
KROGER-1086,2025-05-27,884,282805
KROGER-1086,2025-05-28,938,283743
KROGER-1086,2025-05-29,1084,284827
KROGER-1086,2025-05-30,1119,285946
KROGER-1086,2025-05-31,1156,287102
KROGER-1086,2025-06-01,930,288032
KROGER-1086,2025-06-02,965,288997
KROGER-1086,2025-06-03,935,289932
KROGER-1086,2025-06-04,1046,290978
KROGER-1086,2025-06-05,969,291947
KROGER-1086,2025-06-06,912,292859
KROGER-1086,2025-06-07,1166,294025
KROGER-1086,2025-06-08,994,295019
KROGER-1086,2025-06-09,1073,296092
KROGER-1086,2025-06-10,944,297036
KROGER-1086,2025-06-11,1055,298091
KROGER-1086,2025-06-12,967,299058
KROGER-1086,2025-06-13,910,299968
KROGER-1086,2025-06-14,1139,301107
KROGER-1086,2025-06-15,983,302090
KROGER-1086,2025-06-16,1001,303091
KROGER-1086,2025-06-17,890,303981
KROGER-1086,2025-06-18,883,304864
KROGER-1086,2025-06-19,1115,305979
KROGER-1086,2025-06-20,1004,306983
KROGER-1086,2025-06-21,1034,308017
KROGER-1086,2025-06-22,1007,309024
KROGER-1086,2025-06-23,931,309955
KROGER-1086,2025-06-24,1039,310994
KROGER-1086,2025-06-25,1106,312100
KROGER-1086,2025-06-26,1058,313158
KROGER-1086,2025-06-27,1041,314199
KROGER-1086,2025-06-28,1016,315215
KROGER-1086,2025-06-29,1095,316310
KROGER-1086,2025-06-30,1148,317458
KROGER-1086,2025-07-01,972,318430
KROGER-1086,2025-07-02,1021,319451
KROGER-1086,2025-07-03,1101,320552
KROGER-1086,2025-07-04,1148,321700
KROGER-1086,2025-07-05,1054,322754
KROGER-1086,2025-07-06,1113,323867
KROGER-1086,2025-07-07,973,324840
KROGER-1086,2025-07-08,1019,325859
KROGER-1086,2025-07-09,973,326832
KROGER-1086,2025-07-10,1086,327918
KROGER-1086,2025-07-11,1126,329044
KROGER-1086,2025-07-12,942,329986
KROGER-1086,2025-07-13,1034,331020
KROGER-1086,2025-07-14,950,331970
KROGER-1086,2025-07-15,967,332937
KROGER-1086,2025-07-16,974,333911
KROGER-1086,2025-07-17,924,334835
KROGER-1086,2025-07-18,1015,335850
KROGER-1086,2025-07-19,945,336795
KROGER-1086,2025-07-20,1116,337911
KROGER-1086,2025-07-21,1016,338927
KROGER-1086,2025-07-22,908,339835
KROGER-1086,2025-07-23,904,340739
KROGER-1086,2025-07-24,1055,341794
KROGER-1086,2025-07-25,937,342731
KROGER-1086,2025-07-26,1172,343903
KROGER-1086,2025-07-27,865,344768
KROGER-1086,2025-07-28,909,345677
KROGER-1086,2025-07-29,962,346639
KROGER-1086,2025-07-30,990,347629
KROGER-1086,2025-07-31,1046,348675
KROGER-1086,2025-08-01,977,349652
KROGER-1086,2025-08-02,1016,350668
KROGER-1086,2025-08-03,986,351654
KROGER-1086,2025-08-04,930,352584
KROGER-1086,2025-08-05,936,353520
KROGER-1086,2025-08-06,987,354507
KROGER-1086,2025-08-07,846,355353
KROGER-1086,2025-08-08,1035,356388
KROGER-1086,2025-08-09,1048,357436
KROGER-1086,2025-08-10,1033,358469
KROGER-1086,2025-08-11,1083,359552
KROGER-1086,2025-08-12,1040,360592
KROGER-1086,2025-08-13,1003,361595
KROGER-1086,2025-08-14,1045,362640
KROGER-1086,2025-08-15,943,363583
KROGER-1086,2025-08-16,1092,364675
KROGER-1086,2025-08-17,1111,365786
KROGER-1086,2025-08-18,798,366584
KROGER-1086,2025-08-19,1133,367717
KROGER-1086,2025-08-20,1019,368736
KROGER-1086,2025-08-21,1041,369777
KROGER-1086,2025-08-22,1079,370856
KROGER-1086,2025-08-23,1031,371887
KROGER-1086,2025-08-24,1008,372895
KROGER-1086,2025-08-25,1017,373912
KROGER-1086,2025-08-26,1212,375124
KROGER-1086,2025-08-27,985,376109
KROGER-1086,2025-08-28,942,377051
KROGER-1086,2025-08-29,1099,378150
KROGER-1086,2025-08-30,868,379018
KROGER-1086,2025-08-31,1033,380051
KROGER-1087,2024-09-01,738,738
KROGER-1087,2024-09-02,778,1516
KROGER-1087,2024-09-03,748,2264
KROGER-1087,2024-09-04,675,2939
KROGER-1087,2024-09-05,779,3718
KROGER-1087,2024-09-06,692,4410
KROGER-1087,2024-09-07,774,5184
KROGER-1087,2024-09-08,751,5935
KROGER-1087,2024-09-09,789,6724
KROGER-1087,2024-09-10,713,7437
KROGER-1087,2024-09-11,557,7994
KROGER-1087,2024-09-12,674,8668
KROGER-1087,2024-09-13,744,9412
KROGER-1087,2024-09-14,736,10148
KROGER-1087,2024-09-15,852,11000
KROGER-1087,2024-09-16,680,11680
KROGER-1087,2024-09-17,774,12454
KROGER-1087,2024-09-18,788,13242
KROGER-1087,2024-09-19,751,13993
KROGER-1087,2024-09-20,765,14758
KROGER-1087,2024-09-21,769,15527
KROGER-1087,2024-09-22,794,16321
KROGER-1087,2024-09-23,711,17032
KROGER-1087,2024-09-24,754,17786
KROGER-1087,2024-09-25,723,18509
KROGER-1087,2024-09-26,723,19232
KROGER-1087,2024-09-27,701,19933
KROGER-1087,2024-09-28,764,20697
KROGER-1087,2024-09-29,871,21568
KROGER-1087,2024-09-30,726,22294
KROGER-1087,2024-10-01,796,23090
KROGER-1087,2024-10-02,771,23861
KROGER-1087,2024-10-03,755,24616
KROGER-1087,2024-10-04,757,25373
KROGER-1087,2024-10-05,779,26152
KROGER-1087,2024-10-06,741,26893
KROGER-1087,2024-10-07,842,27735
KROGER-1087,2024-10-08,803,28538
KROGER-1087,2024-10-09,743,29281
KROGER-1087,2024-10-10,744,30025
KROGER-1087,2024-10-11,774,30799
KROGER-1087,2024-10-12,711,31510
KROGER-1087,2024-10-13,729,32239
KROGER-1087,2024-10-14,629,32868
KROGER-1087,2024-10-15,728,33596
KROGER-1087,2024-10-16,811,34407
KROGER-1087,2024-10-17,724,35131
KROGER-1087,2024-10-18,870,36001
KROGER-1087,2024-10-19,750,36751
KROGER-1087,2024-10-20,788,37539
KROGER-1087,2024-10-21,724,38263
KROGER-1087,2024-10-22,608,38871
KROGER-1087,2024-10-23,724,39595
KROGER-1087,2024-10-24,690,40285
KROGER-1087,2024-10-25,754,41039
KROGER-1087,2024-10-26,857,41896
KROGER-1087,2024-10-27,755,42651
KROGER-1087,2024-10-28,762,43413
KROGER-1087,2024-10-29,728,44141
KROGER-1087,2024-10-30,793,44934
KROGER-1087,2024-10-31,875,45809
KROGER-1087,2024-11-01,994,46803
KROGER-1087,2024-11-02,887,47690
KROGER-1087,2024-11-03,1036,48726
KROGER-1087,2024-11-04,910,49636
KROGER-1087,2024-11-05,976,50612
KROGER-1087,2024-11-06,815,51427
KROGER-1087,2024-11-07,882,52309
KROGER-1087,2024-11-08,901,53210
KROGER-1087,2024-11-09,929,54139
KROGER-1087,2024-11-10,955,55094
KROGER-1087,2024-11-11,881,55975
KROGER-1087,2024-11-12,863,56838
KROGER-1087,2024-11-13,856,57694
KROGER-1087,2024-11-14,830,58524
KROGER-1087,2024-11-15,910,59434
KROGER-1087,2024-11-16,922,60356
KROGER-1087,2024-11-17,893,61249
KROGER-1087,2024-11-18,782,62031
KROGER-1087,2024-11-19,927,62958
KROGER-1087,2024-11-20,936,63894
KROGER-1087,2024-11-21,822,64716
KROGER-1087,2024-11-22,896,65612
KROGER-1087,2024-11-23,892,66504
KROGER-1087,2024-11-24,987,67491
KROGER-1087,2024-11-25,853,68344
KROGER-1087,2024-11-26,853,69197
KROGER-1087,2024-11-27,898,70095
KROGER-1087,2024-11-28,859,70954
KROGER-1087,2024-11-29,854,71808
KROGER-1087,2024-11-30,887,72695
KROGER-1087,2024-12-01,900,73595
KROGER-1087,2024-12-02,862,74457
KROGER-1087,2024-12-03,889,75346
KROGER-1087,2024-12-04,877,76223
KROGER-1087,2024-12-05,924,77147
KROGER-1087,2024-12-06,806,77953
KROGER-1087,2024-12-07,1089,79042
KROGER-1087,2024-12-08,935,79977
KROGER-1087,2024-12-09,958,80935
KROGER-1087,2024-12-10,923,81858
KROGER-1087,2024-12-11,897,82755
KROGER-1087,2024-12-12,921,83676
KROGER-1087,2024-12-13,913,84589
KROGER-1087,2024-12-14,920,85509
KROGER-1087,2024-12-15,1112,86621
KROGER-1087,2024-12-16,968,87589
KROGER-1087,2024-12-17,775,88364
KROGER-1087,2024-12-18,963,89327
KROGER-1087,2024-12-19,893,90220
KROGER-1087,2024-12-20,1005,91225
KROGER-1087,2024-12-21,909,92134
KROGER-1087,2024-12-22,758,92892
KROGER-1087,2024-12-23,863,93755
KROGER-1087,2024-12-24,775,94530
KROGER-1087,2024-12-25,840,95370
KROGER-1087,2024-12-26,848,96218
KROGER-1087,2024-12-27,915,97133
KROGER-1087,2024-12-28,952,98085
KROGER-1087,2024-12-29,981,99066
KROGER-1087,2024-12-30,928,99994
KROGER-1087,2024-12-31,1026,101020
KROGER-1087,2025-01-01,740,101760
KROGER-1087,2025-01-02,771,102531
KROGER-1087,2025-01-03,793,103324
KROGER-1087,2025-01-04,737,104061
KROGER-1087,2025-01-05,699,104760
KROGER-1087,2025-01-06,762,105522
KROGER-1087,2025-01-07,717,106239
KROGER-1087,2025-01-08,787,107026
KROGER-1087,2025-01-09,784,107810
KROGER-1087,2025-01-10,799,108609
KROGER-1087,2025-01-11,728,109337
KROGER-1087,2025-01-12,742,110079
KROGER-1087,2025-01-13,747,110826
KROGER-1087,2025-01-14,730,111556
KROGER-1087,2025-01-15,767,112323
KROGER-1087,2025-01-16,821,113144
KROGER-1087,2025-01-17,734,113878
KROGER-1087,2025-01-18,693,114571
KROGER-1087,2025-01-19,656,115227
KROGER-1087,2025-01-20,664,115891
KROGER-1087,2025-01-21,662,116553
KROGER-1087,2025-01-22,780,117333
KROGER-1087,2025-01-23,737,118070
KROGER-1087,2025-01-24,745,118815
KROGER-1087,2025-01-25,822,119637
KROGER-1087,2025-01-26,862,120499
KROGER-1087,2025-01-27,729,121228
KROGER-1087,2025-01-28,784,122012
KROGER-1087,2025-01-29,761,122773
KROGER-1087,2025-01-30,648,123421
KROGER-1087,2025-01-31,652,124073
KROGER-1087,2025-02-01,756,124829
KROGER-1087,2025-02-02,790,125619
KROGER-1087,2025-02-03,769,126388
KROGER-1087,2025-02-04,729,127117
KROGER-1087,2025-02-05,640,127757
KROGER-1087,2025-02-06,718,128475
KROGER-1087,2025-02-07,631,129106
KROGER-1087,2025-02-08,765,129871
KROGER-1087,2025-02-09,812,130683
KROGER-1087,2025-02-10,766,131449
KROGER-1087,2025-02-11,711,132160
KROGER-1087,2025-02-12,764,132924
KROGER-1087,2025-02-13,674,133598
KROGER-1087,2025-02-14,702,134300
KROGER-1087,2025-02-15,674,134974
KROGER-1087,2025-02-16,744,135718
KROGER-1087,2025-02-17,694,136412
KROGER-1087,2025-02-18,716,137128
KROGER-1087,2025-02-19,724,137852
KROGER-1087,2025-02-20,755,138607
KROGER-1087,2025-02-21,624,139231
KROGER-1087,2025-02-22,724,139955
KROGER-1087,2025-02-23,838,140793
KROGER-1087,2025-02-24,799,141592
KROGER-1087,2025-02-25,744,142336
KROGER-1087,2025-02-26,745,143081
KROGER-1087,2025-02-27,673,143754
KROGER-1087,2025-02-28,718,144472
KROGER-1087,2025-03-01,828,145300
KROGER-1087,2025-03-02,700,146000
KROGER-1087,2025-03-03,749,146749
KROGER-1087,2025-03-04,773,147522
KROGER-1087,2025-03-05,743,148265
KROGER-1087,2025-03-06,731,148996
KROGER-1087,2025-03-07,731,149727
KROGER-1087,2025-03-08,808,150535
KROGER-1087,2025-03-09,789,151324
KROGER-1087,2025-03-10,770,152094
KROGER-1087,2025-03-11,719,152813
KROGER-1087,2025-03-12,721,153534
KROGER-1087,2025-03-13,773,154307
KROGER-1087,2025-03-14,687,154994
KROGER-1087,2025-03-15,707,155701
KROGER-1087,2025-03-16,919,156620
KROGER-1087,2025-03-17,765,157385
KROGER-1087,2025-03-18,726,158111
KROGER-1087,2025-03-19,699,158810
KROGER-1087,2025-03-20,686,159496
KROGER-1087,2025-03-21,737,160233
KROGER-1087,2025-03-22,771,161004
KROGER-1087,2025-03-23,805,161809
KROGER-1087,2025-03-24,663,162472
KROGER-1087,2025-03-25,666,163138
KROGER-1087,2025-03-26,756,163894
KROGER-1087,2025-03-27,763,164657
KROGER-1087,2025-03-28,794,165451
KROGER-1087,2025-03-29,881,166332
KROGER-1087,2025-03-30,761,167093
KROGER-1087,2025-03-31,780,167873
KROGER-1087,2025-04-01,679,168552
KROGER-1087,2025-04-02,587,169139
KROGER-1087,2025-04-03,682,169821
KROGER-1087,2025-04-04,712,170533
KROGER-1087,2025-04-05,911,171444
KROGER-1087,2025-04-06,674,172118
KROGER-1087,2025-04-07,784,172902
KROGER-1087,2025-04-08,705,173607
KROGER-1087,2025-04-09,770,174377
KROGER-1087,2025-04-10,743,175120
KROGER-1087,2025-04-11,686,175806
KROGER-1087,2025-04-12,841,176647
KROGER-1087,2025-04-13,805,177452
KROGER-1087,2025-04-14,739,178191
KROGER-1087,2025-04-15,758,178949
KROGER-1087,2025-04-16,715,179664
KROGER-1087,2025-04-17,626,180290
KROGER-1087,2025-04-18,747,181037
KROGER-1087,2025-04-19,916,181953
KROGER-1087,2025-04-20,830,182783
KROGER-1087,2025-04-21,758,183541
KROGER-1087,2025-04-22,763,184304
KROGER-1087,2025-04-23,740,185044
KROGER-1087,2025-04-24,608,185652
KROGER-1087,2025-04-25,678,186330
KROGER-1087,2025-04-26,773,187103
KROGER-1087,2025-04-27,835,187938
KROGER-1087,2025-04-28,849,188787
KROGER-1087,2025-04-29,677,189464
KROGER-1087,2025-04-30,779,190243
KROGER-1087,2025-05-01,608,190851
KROGER-1087,2025-05-02,721,191572
KROGER-1087,2025-05-03,776,192348
KROGER-1087,2025-05-04,882,193230
KROGER-1087,2025-05-05,692,193922
KROGER-1087,2025-05-06,720,194642
KROGER-1087,2025-05-07,799,195441
KROGER-1087,2025-05-08,697,196138
KROGER-1087,2025-05-09,709,196847
KROGER-1087,2025-05-10,688,197535
KROGER-1087,2025-05-11,816,198351
KROGER-1087,2025-05-12,655,199006
KROGER-1087,2025-05-13,803,199809
KROGER-1087,2025-05-14,666,200475
KROGER-1087,2025-05-15,695,201170
KROGER-1087,2025-05-16,671,201841
KROGER-1087,2025-05-17,760,202601
KROGER-1087,2025-05-18,844,203445
KROGER-1087,2025-05-19,699,204144
KROGER-1087,2025-05-20,682,204826
KROGER-1087,2025-05-21,739,205565
KROGER-1087,2025-05-22,736,206301
KROGER-1087,2025-05-23,780,207081
KROGER-1087,2025-05-24,695,207776
KROGER-1087,2025-05-25,792,208568
KROGER-1087,2025-05-26,814,209382
KROGER-1087,2025-05-27,680,210062
KROGER-1087,2025-05-28,752,210814
KROGER-1087,2025-05-29,680,211494
KROGER-1087,2025-05-30,805,212299
KROGER-1087,2025-05-31,883,213182
KROGER-1087,2025-06-01,703,213885
KROGER-1087,2025-06-02,758,214643
KROGER-1087,2025-06-03,761,215404
KROGER-1087,2025-06-04,748,216152
KROGER-1087,2025-06-05,727,216879
KROGER-1087,2025-06-06,706,217585
KROGER-1087,2025-06-07,680,218265
KROGER-1087,2025-06-08,767,219032
KROGER-1087,2025-06-09,791,219823
KROGER-1087,2025-06-10,806,220629
KROGER-1087,2025-06-11,751,221380
KROGER-1087,2025-06-12,682,222062
KROGER-1087,2025-06-13,664,222726
KROGER-1087,2025-06-14,739,223465
KROGER-1087,2025-06-15,658,224123
KROGER-1087,2025-06-16,591,224714
KROGER-1087,2025-06-17,699,225413
KROGER-1087,2025-06-18,729,226142
KROGER-1087,2025-06-19,718,226860
KROGER-1087,2025-06-20,814,227674
KROGER-1087,2025-06-21,669,228343
KROGER-1087,2025-06-22,773,229116
KROGER-1087,2025-06-23,834,229950
KROGER-1087,2025-06-24,744,230694
KROGER-1087,2025-06-25,751,231445
KROGER-1087,2025-06-26,739,232184
KROGER-1087,2025-06-27,702,232886
KROGER-1087,2025-06-28,811,233697
KROGER-1087,2025-06-29,765,234462
KROGER-1087,2025-06-30,749,235211
KROGER-1087,2025-07-01,773,235984
KROGER-1087,2025-07-02,766,236750
KROGER-1087,2025-07-03,746,237496
KROGER-1087,2025-07-04,794,238290
KROGER-1087,2025-07-05,840,239130
KROGER-1087,2025-07-06,826,239956
KROGER-1087,2025-07-07,803,240759
KROGER-1087,2025-07-08,821,241580
KROGER-1087,2025-07-09,669,242249
KROGER-1087,2025-07-10,904,243153
KROGER-1087,2025-07-11,750,243903
KROGER-1087,2025-07-12,762,244665
KROGER-1087,2025-07-13,788,245453
KROGER-1087,2025-07-14,653,246106
KROGER-1087,2025-07-15,754,246860
KROGER-1087,2025-07-16,693,247553
KROGER-1087,2025-07-17,745,248298
KROGER-1087,2025-07-18,749,249047
KROGER-1087,2025-07-19,740,249787
KROGER-1087,2025-07-20,665,250452
KROGER-1087,2025-07-21,757,251209
KROGER-1087,2025-07-22,740,251949
KROGER-1087,2025-07-23,752,252701
KROGER-1087,2025-07-24,715,253416
KROGER-1087,2025-07-25,701,254117
KROGER-1087,2025-07-26,764,254881
KROGER-1087,2025-07-27,786,255667
KROGER-1087,2025-07-28,780,256447
KROGER-1087,2025-07-29,692,257139
KROGER-1087,2025-07-30,787,257926
KROGER-1087,2025-07-31,779,258705
KROGER-1087,2025-08-01,771,259476
KROGER-1087,2025-08-02,891,260367
KROGER-1087,2025-08-03,668,261035
KROGER-1087,2025-08-04,856,261891
KROGER-1087,2025-08-05,702,262593
KROGER-1087,2025-08-06,755,263348
KROGER-1087,2025-08-07,743,264091
KROGER-1087,2025-08-08,661,264752
KROGER-1087,2025-08-09,810,265562
KROGER-1087,2025-08-10,831,266393
KROGER-1087,2025-08-11,765,267158
KROGER-1087,2025-08-12,653,267811
KROGER-1087,2025-08-13,667,268478
KROGER-1087,2025-08-14,699,269177
KROGER-1087,2025-08-15,816,269993
KROGER-1087,2025-08-16,783,270776
KROGER-1087,2025-08-17,653,271429
KROGER-1087,2025-08-18,863,272292
KROGER-1087,2025-08-19,829,273121
KROGER-1087,2025-08-20,676,273797
KROGER-1087,2025-08-21,716,274513
KROGER-1087,2025-08-22,723,275236
KROGER-1087,2025-08-23,810,276046
KROGER-1087,2025-08-24,790,276836
KROGER-1087,2025-08-25,700,277536
KROGER-1087,2025-08-26,818,278354
KROGER-1087,2025-08-27,844,279198
KROGER-1087,2025-08-28,737,279935
KROGER-1087,2025-08-29,706,280641
KROGER-1087,2025-08-30,877,281518
KROGER-1087,2025-08-31,641,282159
KROGER-1088,2024-09-01,264,264
KROGER-1088,2024-09-02,293,557
KROGER-1088,2024-09-03,302,859
KROGER-1088,2024-09-04,264,1123
KROGER-1088,2024-09-05,321,1444
KROGER-1088,2024-09-06,218,1662
KROGER-1088,2024-09-07,310,1972
KROGER-1088,2024-09-08,287,2259
KROGER-1088,2024-09-09,261,2520
KROGER-1088,2024-09-10,290,2810
KROGER-1088,2024-09-11,263,3073
KROGER-1088,2024-09-12,248,3321
KROGER-1088,2024-09-13,274,3595
KROGER-1088,2024-09-14,284,3879
KROGER-1088,2024-09-15,267,4146
KROGER-1088,2024-09-16,259,4405
KROGER-1088,2024-09-17,262,4667
KROGER-1088,2024-09-18,236,4903
KROGER-1088,2024-09-19,235,5138
KROGER-1088,2024-09-20,292,5430
KROGER-1088,2024-09-21,252,5682
KROGER-1088,2024-09-22,284,5966
KROGER-1088,2024-09-23,231,6197
KROGER-1088,2024-09-24,304,6501
KROGER-1088,2024-09-25,265,6766
KROGER-1088,2024-09-26,296,7062
KROGER-1088,2024-09-27,317,7379
KROGER-1088,2024-09-28,255,7634
KROGER-1088,2024-09-29,269,7903
KROGER-1088,2024-09-30,290,8193
KROGER-1088,2024-10-01,258,8451
KROGER-1088,2024-10-02,278,8729
KROGER-1088,2024-10-03,273,9002
KROGER-1088,2024-10-04,220,9222
KROGER-1088,2024-10-05,306,9528
KROGER-1088,2024-10-06,282,9810
KROGER-1088,2024-10-07,245,10055
KROGER-1088,2024-10-08,305,10360
KROGER-1088,2024-10-09,256,10616
KROGER-1088,2024-10-10,255,10871
KROGER-1088,2024-10-11,232,11103
KROGER-1088,2024-10-12,298,11401
KROGER-1088,2024-10-13,286,11687
KROGER-1088,2024-10-14,233,11920
KROGER-1088,2024-10-15,277,12197
KROGER-1088,2024-10-16,289,12486
KROGER-1088,2024-10-17,281,12767
KROGER-1088,2024-10-18,300,13067
KROGER-1088,2024-10-19,271,13338
KROGER-1088,2024-10-20,325,13663
KROGER-1088,2024-10-21,271,13934
KROGER-1088,2024-10-22,289,14223
KROGER-1088,2024-10-23,299,14522
KROGER-1088,2024-10-24,329,14851
KROGER-1088,2024-10-25,248,15099
KROGER-1088,2024-10-26,268,15367
KROGER-1088,2024-10-27,289,15656
KROGER-1088,2024-10-28,263,15919
KROGER-1088,2024-10-29,254,16173
KROGER-1088,2024-10-30,238,16411
KROGER-1088,2024-10-31,274,16685
KROGER-1088,2024-11-01,346,17031
KROGER-1088,2024-11-02,352,17383
KROGER-1088,2024-11-03,297,17680
KROGER-1088,2024-11-04,284,17964
KROGER-1088,2024-11-05,327,18291
KROGER-1088,2024-11-06,319,18610
KROGER-1088,2024-11-07,317,18927
KROGER-1088,2024-11-08,318,19245
KROGER-1088,2024-11-09,328,19573
KROGER-1088,2024-11-10,346,19919
KROGER-1088,2024-11-11,354,20273
KROGER-1088,2024-11-12,301,20574
KROGER-1088,2024-11-13,337,20911
KROGER-1088,2024-11-14,328,21239
KROGER-1088,2024-11-15,279,21518
KROGER-1088,2024-11-16,324,21842
KROGER-1088,2024-11-17,342,22184
KROGER-1088,2024-11-18,382,22566
KROGER-1088,2024-11-19,307,22873
KROGER-1088,2024-11-20,310,23183
KROGER-1088,2024-11-21,336,23519
KROGER-1088,2024-11-22,323,23842
KROGER-1088,2024-11-23,307,24149
KROGER-1088,2024-11-24,294,24443
KROGER-1088,2024-11-25,277,24720
KROGER-1088,2024-11-26,348,25068
KROGER-1088,2024-11-27,299,25367
KROGER-1088,2024-11-28,387,25754
KROGER-1088,2024-11-29,312,26066
KROGER-1088,2024-11-30,363,26429
KROGER-1088,2024-12-01,310,26739
KROGER-1088,2024-12-02,331,27070
KROGER-1088,2024-12-03,362,27432
KROGER-1088,2024-12-04,316,27748
KROGER-1088,2024-12-05,297,28045
KROGER-1088,2024-12-06,316,28361
KROGER-1088,2024-12-07,336,28697
KROGER-1088,2024-12-08,315,29012
KROGER-1088,2024-12-09,369,29381
KROGER-1088,2024-12-10,326,29707
KROGER-1088,2024-12-11,359,30066
KROGER-1088,2024-12-12,354,30420
KROGER-1088,2024-12-13,370,30790
KROGER-1088,2024-12-14,307,31097
KROGER-1088,2024-12-15,360,31457
KROGER-1088,2024-12-16,312,31769
KROGER-1088,2024-12-17,322,32091
KROGER-1088,2024-12-18,297,32388
KROGER-1088,2024-12-19,386,32774
KROGER-1088,2024-12-20,306,33080
KROGER-1088,2024-12-21,360,33440
KROGER-1088,2024-12-22,307,33747
KROGER-1088,2024-12-23,319,34066
KROGER-1088,2024-12-24,353,34419
KROGER-1088,2024-12-25,335,34754
KROGER-1088,2024-12-26,301,35055
KROGER-1088,2024-12-27,307,35362
KROGER-1088,2024-12-28,346,35708
KROGER-1088,2024-12-29,341,36049
KROGER-1088,2024-12-30,291,36340
KROGER-1088,2024-12-31,316,36656
KROGER-1088,2025-01-01,268,36924
KROGER-1088,2025-01-02,284,37208
KROGER-1088,2025-01-03,293,37501
KROGER-1088,2025-01-04,300,37801
KROGER-1088,2025-01-05,293,38094
KROGER-1088,2025-01-06,279,38373
KROGER-1088,2025-01-07,282,38655
KROGER-1088,2025-01-08,292,38947
KROGER-1088,2025-01-09,308,39255
KROGER-1088,2025-01-10,250,39505
KROGER-1088,2025-01-11,275,39780
KROGER-1088,2025-01-12,308,40088
KROGER-1088,2025-01-13,250,40338
KROGER-1088,2025-01-14,243,40581
KROGER-1088,2025-01-15,257,40838
KROGER-1088,2025-01-16,273,41111
KROGER-1088,2025-01-17,261,41372
KROGER-1088,2025-01-18,293,41665
KROGER-1088,2025-01-19,278,41943
KROGER-1088,2025-01-20,264,42207
KROGER-1088,2025-01-21,235,42442
KROGER-1088,2025-01-22,284,42726
KROGER-1088,2025-01-23,285,43011
KROGER-1088,2025-01-24,267,43278
KROGER-1088,2025-01-25,288,43566
KROGER-1088,2025-01-26,288,43854
KROGER-1088,2025-01-27,294,44148
KROGER-1088,2025-01-28,276,44424
KROGER-1088,2025-01-29,242,44666
KROGER-1088,2025-01-30,313,44979
KROGER-1088,2025-01-31,299,45278
KROGER-1088,2025-02-01,286,45564
KROGER-1088,2025-02-02,288,45852
KROGER-1088,2025-02-03,278,46130
KROGER-1088,2025-02-04,255,46385
KROGER-1088,2025-02-05,295,46680
KROGER-1088,2025-02-06,293,46973
KROGER-1088,2025-02-07,269,47242
KROGER-1088,2025-02-08,300,47542
KROGER-1088,2025-02-09,309,47851
KROGER-1088,2025-02-10,276,48127
KROGER-1088,2025-02-11,249,48376
KROGER-1088,2025-02-12,286,48662
KROGER-1088,2025-02-13,272,48934
KROGER-1088,2025-02-14,247,49181
KROGER-1088,2025-02-15,308,49489
KROGER-1088,2025-02-16,290,49779
KROGER-1088,2025-02-17,266,50045
KROGER-1088,2025-02-18,316,50361
KROGER-1088,2025-02-19,259,50620
KROGER-1088,2025-02-20,251,50871
KROGER-1088,2025-02-21,275,51146
KROGER-1088,2025-02-22,281,51427
KROGER-1088,2025-02-23,272,51699
KROGER-1088,2025-02-24,302,52001
KROGER-1088,2025-02-25,247,52248
KROGER-1088,2025-02-26,278,52526
KROGER-1088,2025-02-27,273,52799
KROGER-1088,2025-02-28,271,53070
KROGER-1088,2025-03-01,311,53381
KROGER-1088,2025-03-02,332,53713
KROGER-1088,2025-03-03,271,53984
KROGER-1088,2025-03-04,291,54275
KROGER-1088,2025-03-05,272,54547
KROGER-1088,2025-03-06,273,54820
KROGER-1088,2025-03-07,281,55101
KROGER-1088,2025-03-08,289,55390
KROGER-1088,2025-03-09,264,55654
KROGER-1088,2025-03-10,300,55954
KROGER-1088,2025-03-11,281,56235
KROGER-1088,2025-03-12,270,56505
KROGER-1088,2025-03-13,258,56763
KROGER-1088,2025-03-14,278,57041
KROGER-1088,2025-03-15,279,57320
KROGER-1088,2025-03-16,289,57609
KROGER-1088,2025-03-17,267,57876
KROGER-1088,2025-03-18,253,58129
KROGER-1088,2025-03-19,306,58435
KROGER-1088,2025-03-20,251,58686
KROGER-1088,2025-03-21,254,58940
KROGER-1088,2025-03-22,300,59240
KROGER-1088,2025-03-23,292,59532
KROGER-1088,2025-03-24,286,59818
KROGER-1088,2025-03-25,282,60100
KROGER-1088,2025-03-26,255,60355
KROGER-1088,2025-03-27,286,60641
KROGER-1088,2025-03-28,257,60898
KROGER-1088,2025-03-29,309,61207
KROGER-1088,2025-03-30,262,61469
KROGER-1088,2025-03-31,254,61723
KROGER-1088,2025-04-01,255,61978
KROGER-1088,2025-04-02,278,62256
KROGER-1088,2025-04-03,270,62526
KROGER-1088,2025-04-04,274,62800
KROGER-1088,2025-04-05,282,63082
KROGER-1088,2025-04-06,284,63366
KROGER-1088,2025-04-07,261,63627
KROGER-1088,2025-04-08,238,63865
KROGER-1088,2025-04-09,241,64106
KROGER-1088,2025-04-10,254,64360
KROGER-1088,2025-04-11,264,64624
KROGER-1088,2025-04-12,318,64942
KROGER-1088,2025-04-13,262,65204
KROGER-1088,2025-04-14,248,65452
KROGER-1088,2025-04-15,232,65684
KROGER-1088,2025-04-16,282,65966
KROGER-1088,2025-04-17,267,66233
KROGER-1088,2025-04-18,243,66476
KROGER-1088,2025-04-19,284,66760
KROGER-1088,2025-04-20,272,67032
KROGER-1088,2025-04-21,299,67331
KROGER-1088,2025-04-22,257,67588
KROGER-1088,2025-04-23,308,67896
KROGER-1088,2025-04-24,275,68171
KROGER-1088,2025-04-25,263,68434
KROGER-1088,2025-04-26,279,68713
KROGER-1088,2025-04-27,292,69005
KROGER-1088,2025-04-28,265,69270
KROGER-1088,2025-04-29,251,69521
KROGER-1088,2025-04-30,285,69806
KROGER-1088,2025-05-01,293,70099
KROGER-1088,2025-05-02,294,70393
KROGER-1088,2025-05-03,281,70674
KROGER-1088,2025-05-04,310,70984
KROGER-1088,2025-05-05,278,71262
KROGER-1088,2025-05-06,265,71527
KROGER-1088,2025-05-07,259,71786
KROGER-1088,2025-05-08,291,72077
KROGER-1088,2025-05-09,235,72312
KROGER-1088,2025-05-10,317,72629
KROGER-1088,2025-05-11,288,72917
KROGER-1088,2025-05-12,258,73175
KROGER-1088,2025-05-13,256,73431
KROGER-1088,2025-05-14,262,73693
KROGER-1088,2025-05-15,287,73980
KROGER-1088,2025-05-16,278,74258
KROGER-1088,2025-05-17,274,74532
KROGER-1088,2025-05-18,273,74805
KROGER-1088,2025-05-19,278,75083
KROGER-1088,2025-05-20,331,75414
KROGER-1088,2025-05-21,331,75745
KROGER-1088,2025-05-22,294,76039
KROGER-1088,2025-05-23,254,76293
KROGER-1088,2025-05-24,302,76595
KROGER-1088,2025-05-25,268,76863
KROGER-1088,2025-05-26,266,77129
KROGER-1088,2025-05-27,301,77430
KROGER-1088,2025-05-28,266,77696
KROGER-1088,2025-05-29,265,77961
KROGER-1088,2025-05-30,260,78221
KROGER-1088,2025-05-31,266,78487
KROGER-1088,2025-06-01,279,78766
KROGER-1088,2025-06-02,287,79053
KROGER-1088,2025-06-03,286,79339
KROGER-1088,2025-06-04,278,79617
KROGER-1088,2025-06-05,297,79914
KROGER-1088,2025-06-06,234,80148
KROGER-1088,2025-06-07,286,80434
KROGER-1088,2025-06-08,269,80703
KROGER-1088,2025-06-09,314,81017
KROGER-1088,2025-06-10,266,81283
KROGER-1088,2025-06-11,287,81570
KROGER-1088,2025-06-12,293,81863
KROGER-1088,2025-06-13,263,82126
KROGER-1088,2025-06-14,306,82432
KROGER-1088,2025-06-15,309,82741
KROGER-1088,2025-06-16,288,83029
KROGER-1088,2025-06-17,260,83289
KROGER-1088,2025-06-18,240,83529
KROGER-1088,2025-06-19,318,83847
KROGER-1088,2025-06-20,265,84112
KROGER-1088,2025-06-21,308,84420
KROGER-1088,2025-06-22,274,84694
KROGER-1088,2025-06-23,317,85011
KROGER-1088,2025-06-24,260,85271
KROGER-1088,2025-06-25,273,85544
KROGER-1088,2025-06-26,322,85866
KROGER-1088,2025-06-27,237,86103
KROGER-1088,2025-06-28,312,86415
KROGER-1088,2025-06-29,284,86699
KROGER-1088,2025-06-30,287,86986
KROGER-1088,2025-07-01,264,87250
KROGER-1088,2025-07-02,307,87557
KROGER-1088,2025-07-03,254,87811
KROGER-1088,2025-07-04,272,88083
KROGER-1088,2025-07-05,306,88389
KROGER-1088,2025-07-06,266,88655
KROGER-1088,2025-07-07,274,88929
KROGER-1088,2025-07-08,249,89178
KROGER-1088,2025-07-09,263,89441
KROGER-1088,2025-07-10,328,89769
KROGER-1088,2025-07-11,300,90069
KROGER-1088,2025-07-12,300,90369
KROGER-1088,2025-07-13,293,90662
KROGER-1088,2025-07-14,237,90899
KROGER-1088,2025-07-15,267,91166
KROGER-1088,2025-07-16,291,91457
KROGER-1088,2025-07-17,262,91719
KROGER-1088,2025-07-18,279,91998
KROGER-1088,2025-07-19,262,92260
KROGER-1088,2025-07-20,260,92520
KROGER-1088,2025-07-21,321,92841
KROGER-1088,2025-07-22,318,93159
KROGER-1088,2025-07-23,269,93428
KROGER-1088,2025-07-24,254,93682
KROGER-1088,2025-07-25,251,93933
KROGER-1088,2025-07-26,294,94227
KROGER-1088,2025-07-27,329,94556
KROGER-1088,2025-07-28,256,94812
KROGER-1088,2025-07-29,276,95088
KROGER-1088,2025-07-30,274,95362
KROGER-1088,2025-07-31,307,95669
KROGER-1088,2025-08-01,277,95946
KROGER-1088,2025-08-02,253,96199
KROGER-1088,2025-08-03,302,96501
KROGER-1088,2025-08-04,275,96776
KROGER-1088,2025-08-05,252,97028
KROGER-1088,2025-08-06,294,97322
KROGER-1088,2025-08-07,264,97586
KROGER-1088,2025-08-08,279,97865
KROGER-1088,2025-08-09,288,98153
KROGER-1088,2025-08-10,278,98431
KROGER-1088,2025-08-11,254,98685
KROGER-1088,2025-08-12,283,98968
KROGER-1088,2025-08-13,245,99213
KROGER-1088,2025-08-14,291,99504
KROGER-1088,2025-08-15,253,99757
KROGER-1088,2025-08-16,258,100015
KROGER-1088,2025-08-17,317,100332
KROGER-1088,2025-08-18,273,100605
KROGER-1088,2025-08-19,230,100835
KROGER-1088,2025-08-20,271,101106
KROGER-1088,2025-08-21,285,101391
KROGER-1088,2025-08-22,285,101676
KROGER-1088,2025-08-23,267,101943
KROGER-1088,2025-08-24,270,102213
KROGER-1088,2025-08-25,275,102488
KROGER-1088,2025-08-26,294,102782
KROGER-1088,2025-08-27,243,103025
KROGER-1088,2025-08-28,244,103269
KROGER-1088,2025-08-29,301,103570
KROGER-1088,2025-08-30,313,103883
KROGER-1088,2025-08-31,263,104146
KROGER-1089,2024-09-01,442,442
KROGER-1089,2024-09-02,507,949
KROGER-1089,2024-09-03,465,1414
KROGER-1089,2024-09-04,432,1846
KROGER-1089,2024-09-05,474,2320
KROGER-1089,2024-09-06,417,2737
KROGER-1089,2024-09-07,462,3199
KROGER-1089,2024-09-08,444,3643
KROGER-1089,2024-09-09,459,4102
KROGER-1089,2024-09-10,458,4560
KROGER-1089,2024-09-11,442,5002
KROGER-1089,2024-09-12,452,5454
KROGER-1089,2024-09-13,474,5928
KROGER-1089,2024-09-14,473,6401
KROGER-1089,2024-09-15,464,6865
KROGER-1089,2024-09-16,449,7314
KROGER-1089,2024-09-17,476,7790
KROGER-1089,2024-09-18,402,8192
KROGER-1089,2024-09-19,448,8640
KROGER-1089,2024-09-20,368,9008
KROGER-1089,2024-09-21,445,9453
KROGER-1089,2024-09-22,525,9978
KROGER-1089,2024-09-23,407,10385
KROGER-1089,2024-09-24,377,10762
KROGER-1089,2024-09-25,401,11163
KROGER-1089,2024-09-26,459,11622
KROGER-1089,2024-09-27,429,12051
KROGER-1089,2024-09-28,419,12470
KROGER-1089,2024-09-29,500,12970
KROGER-1089,2024-09-30,449,13419
KROGER-1089,2024-10-01,394,13813
KROGER-1089,2024-10-02,426,14239
KROGER-1089,2024-10-03,508,14747
KROGER-1089,2024-10-04,423,15170
KROGER-1089,2024-10-05,394,15564
KROGER-1089,2024-10-06,473,16037
KROGER-1089,2024-10-07,447,16484
KROGER-1089,2024-10-08,480,16964
KROGER-1089,2024-10-09,420,17384
KROGER-1089,2024-10-10,449,17833
KROGER-1089,2024-10-11,443,18276
KROGER-1089,2024-10-12,456,18732
KROGER-1089,2024-10-13,468,19200
KROGER-1089,2024-10-14,455,19655
KROGER-1089,2024-10-15,453,20108
KROGER-1089,2024-10-16,466,20574
KROGER-1089,2024-10-17,355,20929
KROGER-1089,2024-10-18,382,21311
KROGER-1089,2024-10-19,464,21775
KROGER-1089,2024-10-20,460,22235
KROGER-1089,2024-10-21,399,22634
KROGER-1089,2024-10-22,422,23056
KROGER-1089,2024-10-23,405,23461
KROGER-1089,2024-10-24,454,23915
KROGER-1089,2024-10-25,403,24318
KROGER-1089,2024-10-26,464,24782
KROGER-1089,2024-10-27,493,25275
KROGER-1089,2024-10-28,404,25679
KROGER-1089,2024-10-29,387,26066
KROGER-1089,2024-10-30,408,26474
KROGER-1089,2024-10-31,404,26878
KROGER-1089,2024-11-01,523,27401
KROGER-1089,2024-11-02,472,27873
KROGER-1089,2024-11-03,617,28490
KROGER-1089,2024-11-04,469,28959
KROGER-1089,2024-11-05,465,29424
KROGER-1089,2024-11-06,524,29948
KROGER-1089,2024-11-07,516,30464
KROGER-1089,2024-11-08,578,31042
KROGER-1089,2024-11-09,535,31577
KROGER-1089,2024-11-10,535,32112
KROGER-1089,2024-11-11,548,32660
KROGER-1089,2024-11-12,560,33220
KROGER-1089,2024-11-13,440,33660
KROGER-1089,2024-11-14,524,34184
KROGER-1089,2024-11-15,611,34795
KROGER-1089,2024-11-16,520,35315
KROGER-1089,2024-11-17,554,35869
KROGER-1089,2024-11-18,563,36432
KROGER-1089,2024-11-19,541,36973
KROGER-1089,2024-11-20,477,37450
KROGER-1089,2024-11-21,518,37968
KROGER-1089,2024-11-22,469,38437
KROGER-1089,2024-11-23,500,38937
KROGER-1089,2024-11-24,596,39533
KROGER-1089,2024-11-25,557,40090
KROGER-1089,2024-11-26,595,40685
KROGER-1089,2024-11-27,559,41244
KROGER-1089,2024-11-28,515,41759
KROGER-1089,2024-11-29,479,42238
KROGER-1089,2024-11-30,608,42846
KROGER-1089,2024-12-01,574,43420
KROGER-1089,2024-12-02,554,43974
KROGER-1089,2024-12-03,545,44519
KROGER-1089,2024-12-04,570,45089
KROGER-1089,2024-12-05,457,45546
KROGER-1089,2024-12-06,470,46016
KROGER-1089,2024-12-07,509,46525
KROGER-1089,2024-12-08,563,47088
KROGER-1089,2024-12-09,502,47590
KROGER-1089,2024-12-10,568,48158
KROGER-1089,2024-12-11,520,48678
KROGER-1089,2024-12-12,618,49296
KROGER-1089,2024-12-13,592,49888
KROGER-1089,2024-12-14,553,50441
KROGER-1089,2024-12-15,488,50929
KROGER-1089,2024-12-16,550,51479
KROGER-1089,2024-12-17,475,51954
KROGER-1089,2024-12-18,480,52434
KROGER-1089,2024-12-19,505,52939
KROGER-1089,2024-12-20,504,53443
KROGER-1089,2024-12-21,571,54014
KROGER-1089,2024-12-22,561,54575
KROGER-1089,2024-12-23,479,55054
KROGER-1089,2024-12-24,509,55563
KROGER-1089,2024-12-25,464,56027
KROGER-1089,2024-12-26,538,56565
KROGER-1089,2024-12-27,443,57008
KROGER-1089,2024-12-28,537,57545
KROGER-1089,2024-12-29,519,58064
KROGER-1089,2024-12-30,544,58608
KROGER-1089,2024-12-31,487,59095
KROGER-1089,2025-01-01,404,59499
KROGER-1089,2025-01-02,448,59947
KROGER-1089,2025-01-03,450,60397
KROGER-1089,2025-01-04,418,60815
KROGER-1089,2025-01-05,477,61292
KROGER-1089,2025-01-06,519,61811
KROGER-1089,2025-01-07,418,62229
KROGER-1089,2025-01-08,391,62620
KROGER-1089,2025-01-09,436,63056
KROGER-1089,2025-01-10,386,63442
KROGER-1089,2025-01-11,446,63888
KROGER-1089,2025-01-12,437,64325
KROGER-1089,2025-01-13,458,64783
KROGER-1089,2025-01-14,373,65156
KROGER-1089,2025-01-15,379,65535
KROGER-1089,2025-01-16,447,65982
KROGER-1089,2025-01-17,453,66435
KROGER-1089,2025-01-18,377,66812
KROGER-1089,2025-01-19,511,67323
KROGER-1089,2025-01-20,464,67787
KROGER-1089,2025-01-21,411,68198
KROGER-1089,2025-01-22,437,68635
KROGER-1089,2025-01-23,366,69001
KROGER-1089,2025-01-24,459,69460
KROGER-1089,2025-01-25,425,69885
KROGER-1089,2025-01-26,443,70328
KROGER-1089,2025-01-27,430,70758
KROGER-1089,2025-01-28,476,71234
KROGER-1089,2025-01-29,450,71684
KROGER-1089,2025-01-30,422,72106
KROGER-1089,2025-01-31,414,72520
KROGER-1089,2025-02-01,464,72984
KROGER-1089,2025-02-02,453,73437
KROGER-1089,2025-02-03,426,73863
KROGER-1089,2025-02-04,434,74297
KROGER-1089,2025-02-05,425,74722
KROGER-1089,2025-02-06,380,75102
KROGER-1089,2025-02-07,432,75534
KROGER-1089,2025-02-08,455,75989
KROGER-1089,2025-02-09,461,76450
KROGER-1089,2025-02-10,399,76849
KROGER-1089,2025-02-11,406,77255
KROGER-1089,2025-02-12,491,77746
KROGER-1089,2025-02-13,408,78154
KROGER-1089,2025-02-14,452,78606
KROGER-1089,2025-02-15,427,79033
KROGER-1089,2025-02-16,387,79420
KROGER-1089,2025-02-17,430,79850
KROGER-1089,2025-02-18,455,80305
KROGER-1089,2025-02-19,422,80727
KROGER-1089,2025-02-20,365,81092
KROGER-1089,2025-02-21,356,81448
KROGER-1089,2025-02-22,498,81946
KROGER-1089,2025-02-23,455,82401
KROGER-1089,2025-02-24,455,82856
KROGER-1089,2025-02-25,442,83298
KROGER-1089,2025-02-26,394,83692
KROGER-1089,2025-02-27,425,84117
KROGER-1089,2025-02-28,375,84492
KROGER-1089,2025-03-01,490,84982
KROGER-1089,2025-03-02,467,85449
KROGER-1089,2025-03-03,460,85909
KROGER-1089,2025-03-04,479,86388
KROGER-1089,2025-03-05,422,86810
KROGER-1089,2025-03-06,408,87218
KROGER-1089,2025-03-07,430,87648
KROGER-1089,2025-03-08,502,88150
KROGER-1089,2025-03-09,399,88549
KROGER-1089,2025-03-10,435,88984
KROGER-1089,2025-03-11,462,89446
KROGER-1089,2025-03-12,445,89891
KROGER-1089,2025-03-13,471,90362
KROGER-1089,2025-03-14,381,90743
KROGER-1089,2025-03-15,495,91238
KROGER-1089,2025-03-16,433,91671
KROGER-1089,2025-03-17,361,92032
KROGER-1089,2025-03-18,423,92455
KROGER-1089,2025-03-19,405,92860
KROGER-1089,2025-03-20,428,93288
KROGER-1089,2025-03-21,381,93669
KROGER-1089,2025-03-22,451,94120
KROGER-1089,2025-03-23,435,94555
KROGER-1089,2025-03-24,503,95058
KROGER-1089,2025-03-25,440,95498
KROGER-1089,2025-03-26,442,95940
KROGER-1089,2025-03-27,426,96366
KROGER-1089,2025-03-28,477,96843
KROGER-1089,2025-03-29,473,97316
KROGER-1089,2025-03-30,511,97827
KROGER-1089,2025-03-31,471,98298
KROGER-1089,2025-04-01,421,98719
KROGER-1089,2025-04-02,459,99178
KROGER-1089,2025-04-03,462,99640
KROGER-1089,2025-04-04,467,100107
KROGER-1089,2025-04-05,470,100577
KROGER-1089,2025-04-06,407,100984
KROGER-1089,2025-04-07,433,101417
KROGER-1089,2025-04-08,438,101855
KROGER-1089,2025-04-09,437,102292
KROGER-1089,2025-04-10,474,102766
KROGER-1089,2025-04-11,412,103178
KROGER-1089,2025-04-12,461,103639
KROGER-1089,2025-04-13,453,104092
KROGER-1089,2025-04-14,458,104550
KROGER-1089,2025-04-15,497,105047
KROGER-1089,2025-04-16,456,105503
KROGER-1089,2025-04-17,453,105956
KROGER-1089,2025-04-18,399,106355
KROGER-1089,2025-04-19,399,106754
KROGER-1089,2025-04-20,465,107219
KROGER-1089,2025-04-21,428,107647
KROGER-1089,2025-04-22,450,108097
KROGER-1089,2025-04-23,413,108510
KROGER-1089,2025-04-24,483,108993
KROGER-1089,2025-04-25,392,109385
KROGER-1089,2025-04-26,449,109834
KROGER-1089,2025-04-27,441,110275
KROGER-1089,2025-04-28,472,110747
KROGER-1089,2025-04-29,426,111173
KROGER-1089,2025-04-30,414,111587
KROGER-1089,2025-05-01,437,112024
KROGER-1089,2025-05-02,407,112431
KROGER-1089,2025-05-03,455,112886
KROGER-1089,2025-05-04,451,113337
KROGER-1089,2025-05-05,534,113871
KROGER-1089,2025-05-06,418,114289
KROGER-1089,2025-05-07,431,114720
KROGER-1089,2025-05-08,442,115162
KROGER-1089,2025-05-09,444,115606
KROGER-1089,2025-05-10,494,116100
KROGER-1089,2025-05-11,526,116626
KROGER-1089,2025-05-12,406,117032
KROGER-1089,2025-05-13,449,117481
KROGER-1089,2025-05-14,428,117909
KROGER-1089,2025-05-15,446,118355
KROGER-1089,2025-05-16,473,118828
KROGER-1089,2025-05-17,515,119343
KROGER-1089,2025-05-18,488,119831
KROGER-1089,2025-05-19,445,120276
KROGER-1089,2025-05-20,470,120746
KROGER-1089,2025-05-21,405,121151
KROGER-1089,2025-05-22,409,121560
KROGER-1089,2025-05-23,440,122000
KROGER-1089,2025-05-24,498,122498
KROGER-1089,2025-05-25,445,122943
KROGER-1089,2025-05-26,427,123370
KROGER-1089,2025-05-27,365,123735
KROGER-1089,2025-05-28,517,124252
KROGER-1089,2025-05-29,426,124678
KROGER-1089,2025-05-30,339,125017
KROGER-1089,2025-05-31,462,125479
KROGER-1089,2025-06-01,473,125952
KROGER-1089,2025-06-02,426,126378
KROGER-1089,2025-06-03,402,126780
KROGER-1089,2025-06-04,465,127245
KROGER-1089,2025-06-05,461,127706
KROGER-1089,2025-06-06,452,128158
KROGER-1089,2025-06-07,428,128586
KROGER-1089,2025-06-08,434,129020
KROGER-1089,2025-06-09,422,129442
KROGER-1089,2025-06-10,420,129862
KROGER-1089,2025-06-11,456,130318
KROGER-1089,2025-06-12,420,130738
KROGER-1089,2025-06-13,401,131139
KROGER-1089,2025-06-14,471,131610
KROGER-1089,2025-06-15,543,132153
KROGER-1089,2025-06-16,407,132560
KROGER-1089,2025-06-17,409,132969
KROGER-1089,2025-06-18,430,133399
KROGER-1089,2025-06-19,460,133859
KROGER-1089,2025-06-20,454,134313
KROGER-1089,2025-06-21,451,134764
KROGER-1089,2025-06-22,440,135204
KROGER-1089,2025-06-23,507,135711
KROGER-1089,2025-06-24,474,136185
KROGER-1089,2025-06-25,494,136679
KROGER-1089,2025-06-26,458,137137
KROGER-1089,2025-06-27,431,137568
KROGER-1089,2025-06-28,470,138038
KROGER-1089,2025-06-29,522,138560
KROGER-1089,2025-06-30,452,139012
KROGER-1089,2025-07-01,374,139386
KROGER-1089,2025-07-02,483,139869
KROGER-1089,2025-07-03,486,140355
KROGER-1089,2025-07-04,477,140832
KROGER-1089,2025-07-05,407,141239
KROGER-1089,2025-07-06,470,141709
KROGER-1089,2025-07-07,470,142179
KROGER-1089,2025-07-08,435,142614
KROGER-1089,2025-07-09,447,143061
KROGER-1089,2025-07-10,454,143515
KROGER-1089,2025-07-11,405,143920
KROGER-1089,2025-07-12,473,144393
KROGER-1089,2025-07-13,420,144813
KROGER-1089,2025-07-14,430,145243
KROGER-1089,2025-07-15,414,145657
KROGER-1089,2025-07-16,464,146121
KROGER-1089,2025-07-17,457,146578
KROGER-1089,2025-07-18,454,147032
KROGER-1089,2025-07-19,466,147498
KROGER-1089,2025-07-20,472,147970
KROGER-1089,2025-07-21,504,148474
KROGER-1089,2025-07-22,480,148954
KROGER-1089,2025-07-23,401,149355
KROGER-1089,2025-07-24,415,149770
KROGER-1089,2025-07-25,427,150197
KROGER-1089,2025-07-26,447,150644
KROGER-1089,2025-07-27,426,151070
KROGER-1089,2025-07-28,454,151524
KROGER-1089,2025-07-29,432,151956
KROGER-1089,2025-07-30,442,152398
KROGER-1089,2025-07-31,375,152773
KROGER-1089,2025-08-01,379,153152
KROGER-1089,2025-08-02,436,153588
KROGER-1089,2025-08-03,478,154066
KROGER-1089,2025-08-04,451,154517
KROGER-1089,2025-08-05,469,154986
KROGER-1089,2025-08-06,410,155396
KROGER-1089,2025-08-07,458,155854
KROGER-1089,2025-08-08,487,156341
KROGER-1089,2025-08-09,490,156831
KROGER-1089,2025-08-10,409,157240
KROGER-1089,2025-08-11,473,157713
KROGER-1089,2025-08-12,445,158158
KROGER-1089,2025-08-13,450,158608
KROGER-1089,2025-08-14,521,159129
KROGER-1089,2025-08-15,443,159572
KROGER-1089,2025-08-16,479,160051
KROGER-1089,2025-08-17,459,160510
KROGER-1089,2025-08-18,426,160936
KROGER-1089,2025-08-19,447,161383
KROGER-1089,2025-08-20,390,161773
KROGER-1089,2025-08-21,415,162188
KROGER-1089,2025-08-22,439,162627
KROGER-1089,2025-08-23,474,163101
KROGER-1089,2025-08-24,461,163562
KROGER-1089,2025-08-25,444,164006
KROGER-1089,2025-08-26,443,164449
KROGER-1089,2025-08-27,405,164854
KROGER-1089,2025-08-28,482,165336
KROGER-1089,2025-08-29,421,165757
KROGER-1089,2025-08-30,428,166185
KROGER-1089,2025-08-31,403,166588
KROGER-1090,2024-09-01,362,362
KROGER-1090,2024-09-02,340,702
KROGER-1090,2024-09-03,349,1051
KROGER-1090,2024-09-04,369,1420
KROGER-1090,2024-09-05,394,1814
KROGER-1090,2024-09-06,383,2197
KROGER-1090,2024-09-07,317,2514
KROGER-1090,2024-09-08,408,2922
KROGER-1090,2024-09-09,375,3297
KROGER-1090,2024-09-10,412,3709
KROGER-1090,2024-09-11,341,4050
KROGER-1090,2024-09-12,331,4381
KROGER-1090,2024-09-13,385,4766
KROGER-1090,2024-09-14,401,5167
KROGER-1090,2024-09-15,357,5524
KROGER-1090,2024-09-16,353,5877
KROGER-1090,2024-09-17,374,6251
KROGER-1090,2024-09-18,370,6621
KROGER-1090,2024-09-19,359,6980
KROGER-1090,2024-09-20,362,7342
KROGER-1090,2024-09-21,353,7695
KROGER-1090,2024-09-22,372,8067
KROGER-1090,2024-09-23,320,8387
KROGER-1090,2024-09-24,360,8747
KROGER-1090,2024-09-25,320,9067
KROGER-1090,2024-09-26,328,9395
KROGER-1090,2024-09-27,452,9847
KROGER-1090,2024-09-28,320,10167
KROGER-1090,2024-09-29,407,10574
KROGER-1090,2024-09-30,368,10942
KROGER-1090,2024-10-01,368,11310
KROGER-1090,2024-10-02,329,11639
KROGER-1090,2024-10-03,381,12020
KROGER-1090,2024-10-04,307,12327
KROGER-1090,2024-10-05,363,12690
KROGER-1090,2024-10-06,378,13068
KROGER-1090,2024-10-07,408,13476
KROGER-1090,2024-10-08,379,13855
KROGER-1090,2024-10-09,347,14202
KROGER-1090,2024-10-10,352,14554
KROGER-1090,2024-10-11,376,14930
KROGER-1090,2024-10-12,341,15271
KROGER-1090,2024-10-13,411,15682
KROGER-1090,2024-10-14,357,16039
KROGER-1090,2024-10-15,335,16374
KROGER-1090,2024-10-16,320,16694
KROGER-1090,2024-10-17,288,16982
KROGER-1090,2024-10-18,410,17392
KROGER-1090,2024-10-19,321,17713
KROGER-1090,2024-10-20,392,18105
KROGER-1090,2024-10-21,372,18477
KROGER-1090,2024-10-22,346,18823
KROGER-1090,2024-10-23,357,19180
KROGER-1090,2024-10-24,348,19528
KROGER-1090,2024-10-25,366,19894
KROGER-1090,2024-10-26,366,20260
KROGER-1090,2024-10-27,369,20629
KROGER-1090,2024-10-28,357,20986
KROGER-1090,2024-10-29,378,21364
KROGER-1090,2024-10-30,377,21741
KROGER-1090,2024-10-31,356,22097
KROGER-1090,2024-11-01,423,22520
KROGER-1090,2024-11-02,474,22994
KROGER-1090,2024-11-03,422,23416
KROGER-1090,2024-11-04,392,23808
KROGER-1090,2024-11-05,385,24193
KROGER-1090,2024-11-06,440,24633
KROGER-1090,2024-11-07,470,25103
KROGER-1090,2024-11-08,434,25537
KROGER-1090,2024-11-09,463,26000
KROGER-1090,2024-11-10,435,26435
KROGER-1090,2024-11-11,441,26876
KROGER-1090,2024-11-12,437,27313
KROGER-1090,2024-11-13,449,27762
KROGER-1090,2024-11-14,349,28111
KROGER-1090,2024-11-15,447,28558
KROGER-1090,2024-11-16,476,29034
KROGER-1090,2024-11-17,476,29510
KROGER-1090,2024-11-18,428,29938
KROGER-1090,2024-11-19,493,30431
KROGER-1090,2024-11-20,464,30895
KROGER-1090,2024-11-21,482,31377
KROGER-1090,2024-11-22,448,31825
KROGER-1090,2024-11-23,454,32279
KROGER-1090,2024-11-24,475,32754
KROGER-1090,2024-11-25,410,33164
KROGER-1090,2024-11-26,461,33625
KROGER-1090,2024-11-27,416,34041
KROGER-1090,2024-11-28,412,34453
KROGER-1090,2024-11-29,386,34839
KROGER-1090,2024-11-30,490,35329
KROGER-1090,2024-12-01,527,35856
KROGER-1090,2024-12-02,479,36335
KROGER-1090,2024-12-03,463,36798
KROGER-1090,2024-12-04,464,37262
KROGER-1090,2024-12-05,463,37725
KROGER-1090,2024-12-06,428,38153
KROGER-1090,2024-12-07,440,38593
KROGER-1090,2024-12-08,418,39011
KROGER-1090,2024-12-09,496,39507
KROGER-1090,2024-12-10,425,39932
KROGER-1090,2024-12-11,437,40369
KROGER-1090,2024-12-12,393,40762
KROGER-1090,2024-12-13,405,41167
KROGER-1090,2024-12-14,418,41585
KROGER-1090,2024-12-15,440,42025
KROGER-1090,2024-12-16,454,42479
KROGER-1090,2024-12-17,448,42927
KROGER-1090,2024-12-18,453,43380
KROGER-1090,2024-12-19,431,43811
KROGER-1090,2024-12-20,458,44269
KROGER-1090,2024-12-21,448,44717
KROGER-1090,2024-12-22,470,45187
KROGER-1090,2024-12-23,418,45605
KROGER-1090,2024-12-24,470,46075
KROGER-1090,2024-12-25,401,46476
KROGER-1090,2024-12-26,471,46947
KROGER-1090,2024-12-27,444,47391
KROGER-1090,2024-12-28,509,47900
KROGER-1090,2024-12-29,430,48330
KROGER-1090,2024-12-30,424,48754
KROGER-1090,2024-12-31,423,49177
KROGER-1090,2025-01-01,335,49512
KROGER-1090,2025-01-02,417,49929
KROGER-1090,2025-01-03,339,50268
KROGER-1090,2025-01-04,350,50618
KROGER-1090,2025-01-05,422,51040
KROGER-1090,2025-01-06,382,51422
KROGER-1090,2025-01-07,354,51776
KROGER-1090,2025-01-08,306,52082
KROGER-1090,2025-01-09,409,52491
KROGER-1090,2025-01-10,416,52907
KROGER-1090,2025-01-11,396,53303
KROGER-1090,2025-01-12,394,53697
KROGER-1090,2025-01-13,366,54063
KROGER-1090,2025-01-14,347,54410
KROGER-1090,2025-01-15,395,54805
KROGER-1090,2025-01-16,349,55154
KROGER-1090,2025-01-17,376,55530
KROGER-1090,2025-01-18,384,55914
KROGER-1090,2025-01-19,377,56291
KROGER-1090,2025-01-20,335,56626
KROGER-1090,2025-01-21,325,56951
KROGER-1090,2025-01-22,374,57325
KROGER-1090,2025-01-23,347,57672
KROGER-1090,2025-01-24,364,58036
KROGER-1090,2025-01-25,384,58420
KROGER-1090,2025-01-26,387,58807
KROGER-1090,2025-01-27,356,59163
KROGER-1090,2025-01-28,379,59542
KROGER-1090,2025-01-29,357,59899
KROGER-1090,2025-01-30,353,60252
KROGER-1090,2025-01-31,381,60633
KROGER-1090,2025-02-01,379,61012
KROGER-1090,2025-02-02,385,61397
KROGER-1090,2025-02-03,387,61784
KROGER-1090,2025-02-04,372,62156
KROGER-1090,2025-02-05,387,62543
KROGER-1090,2025-02-06,314,62857
KROGER-1090,2025-02-07,436,63293
KROGER-1090,2025-02-08,400,63693
KROGER-1090,2025-02-09,396,64089
KROGER-1090,2025-02-10,356,64445
KROGER-1090,2025-02-11,317,64762
KROGER-1090,2025-02-12,381,65143
KROGER-1090,2025-02-13,392,65535
KROGER-1090,2025-02-14,311,65846
KROGER-1090,2025-02-15,405,66251
KROGER-1090,2025-02-16,425,66676
KROGER-1090,2025-02-17,403,67079
KROGER-1090,2025-02-18,375,67454
KROGER-1090,2025-02-19,358,67812
KROGER-1090,2025-02-20,387,68199
KROGER-1090,2025-02-21,372,68571
KROGER-1090,2025-02-22,389,68960
KROGER-1090,2025-02-23,362,69322
KROGER-1090,2025-02-24,313,69635
KROGER-1090,2025-02-25,385,70020
KROGER-1090,2025-02-26,350,70370
KROGER-1090,2025-02-27,332,70702
KROGER-1090,2025-02-28,328,71030
KROGER-1090,2025-03-01,372,71402
KROGER-1090,2025-03-02,341,71743
KROGER-1090,2025-03-03,391,72134
KROGER-1090,2025-03-04,375,72509
KROGER-1090,2025-03-05,392,72901
KROGER-1090,2025-03-06,330,73231
KROGER-1090,2025-03-07,320,73551
KROGER-1090,2025-03-08,431,73982
KROGER-1090,2025-03-09,354,74336
KROGER-1090,2025-03-10,363,74699
KROGER-1090,2025-03-11,338,75037
KROGER-1090,2025-03-12,336,75373
KROGER-1090,2025-03-13,377,75750
KROGER-1090,2025-03-14,356,76106
KROGER-1090,2025-03-15,418,76524
KROGER-1090,2025-03-16,324,76848
KROGER-1090,2025-03-17,359,77207
KROGER-1090,2025-03-18,345,77552
KROGER-1090,2025-03-19,353,77905
KROGER-1090,2025-03-20,355,78260
KROGER-1090,2025-03-21,378,78638
KROGER-1090,2025-03-22,372,79010
KROGER-1090,2025-03-23,373,79383
KROGER-1090,2025-03-24,410,79793
KROGER-1090,2025-03-25,325,80118
KROGER-1090,2025-03-26,329,80447
KROGER-1090,2025-03-27,413,80860
KROGER-1090,2025-03-28,409,81269
KROGER-1090,2025-03-29,324,81593
KROGER-1090,2025-03-30,443,82036
KROGER-1090,2025-03-31,377,82413
KROGER-1090,2025-04-01,339,82752
KROGER-1090,2025-04-02,360,83112
KROGER-1090,2025-04-03,347,83459
KROGER-1090,2025-04-04,360,83819
KROGER-1090,2025-04-05,365,84184
KROGER-1090,2025-04-06,342,84526
KROGER-1090,2025-04-07,322,84848
KROGER-1090,2025-04-08,366,85214
KROGER-1090,2025-04-09,337,85551
KROGER-1090,2025-04-10,319,85870
KROGER-1090,2025-04-11,375,86245
KROGER-1090,2025-04-12,394,86639
KROGER-1090,2025-04-13,394,87033
KROGER-1090,2025-04-14,362,87395
KROGER-1090,2025-04-15,335,87730
KROGER-1090,2025-04-16,395,88125
KROGER-1090,2025-04-17,385,88510
KROGER-1090,2025-04-18,424,88934
KROGER-1090,2025-04-19,416,89350
KROGER-1090,2025-04-20,387,89737
KROGER-1090,2025-04-21,411,90148
KROGER-1090,2025-04-22,362,90510
KROGER-1090,2025-04-23,362,90872
KROGER-1090,2025-04-24,358,91230
KROGER-1090,2025-04-25,345,91575
KROGER-1090,2025-04-26,445,92020
KROGER-1090,2025-04-27,353,92373
KROGER-1090,2025-04-28,312,92685
KROGER-1090,2025-04-29,346,93031
KROGER-1090,2025-04-30,370,93401
KROGER-1090,2025-05-01,344,93745
KROGER-1090,2025-05-02,350,94095
KROGER-1090,2025-05-03,320,94415
KROGER-1090,2025-05-04,340,94755
KROGER-1090,2025-05-05,322,95077
KROGER-1090,2025-05-06,384,95461
KROGER-1090,2025-05-07,319,95780
KROGER-1090,2025-05-08,341,96121
KROGER-1090,2025-05-09,354,96475
KROGER-1090,2025-05-10,345,96820
KROGER-1090,2025-05-11,386,97206
KROGER-1090,2025-05-12,373,97579
KROGER-1090,2025-05-13,402,97981
KROGER-1090,2025-05-14,360,98341
KROGER-1090,2025-05-15,299,98640
KROGER-1090,2025-05-16,343,98983
KROGER-1090,2025-05-17,369,99352
KROGER-1090,2025-05-18,417,99769
KROGER-1090,2025-05-19,353,100122
KROGER-1090,2025-05-20,372,100494
KROGER-1090,2025-05-21,351,100845
KROGER-1090,2025-05-22,375,101220
KROGER-1090,2025-05-23,342,101562
KROGER-1090,2025-05-24,327,101889
KROGER-1090,2025-05-25,298,102187
KROGER-1090,2025-05-26,374,102561
KROGER-1090,2025-05-27,369,102930
KROGER-1090,2025-05-28,371,103301
KROGER-1090,2025-05-29,363,103664
KROGER-1090,2025-05-30,303,103967
KROGER-1090,2025-05-31,358,104325
KROGER-1090,2025-06-01,375,104700
KROGER-1090,2025-06-02,339,105039
KROGER-1090,2025-06-03,376,105415
KROGER-1090,2025-06-04,355,105770
KROGER-1090,2025-06-05,379,106149
KROGER-1090,2025-06-06,393,106542
KROGER-1090,2025-06-07,391,106933
KROGER-1090,2025-06-08,383,107316
KROGER-1090,2025-06-09,322,107638
KROGER-1090,2025-06-10,362,108000
KROGER-1090,2025-06-11,314,108314
KROGER-1090,2025-06-12,325,108639
KROGER-1090,2025-06-13,368,109007
KROGER-1090,2025-06-14,340,109347
KROGER-1090,2025-06-15,447,109794
KROGER-1090,2025-06-16,386,110180
KROGER-1090,2025-06-17,361,110541
KROGER-1090,2025-06-18,279,110820
KROGER-1090,2025-06-19,305,111125
KROGER-1090,2025-06-20,426,111551
KROGER-1090,2025-06-21,361,111912
KROGER-1090,2025-06-22,414,112326
KROGER-1090,2025-06-23,345,112671
KROGER-1090,2025-06-24,331,113002
KROGER-1090,2025-06-25,329,113331
KROGER-1090,2025-06-26,316,113647
KROGER-1090,2025-06-27,376,114023
KROGER-1090,2025-06-28,389,114412
KROGER-1090,2025-06-29,361,114773
KROGER-1090,2025-06-30,300,115073
KROGER-1090,2025-07-01,353,115426
KROGER-1090,2025-07-02,376,115802
KROGER-1090,2025-07-03,424,116226
KROGER-1090,2025-07-04,389,116615
KROGER-1090,2025-07-05,384,116999
KROGER-1090,2025-07-06,352,117351
KROGER-1090,2025-07-07,396,117747
KROGER-1090,2025-07-08,363,118110
KROGER-1090,2025-07-09,364,118474
KROGER-1090,2025-07-10,394,118868
KROGER-1090,2025-07-11,353,119221
KROGER-1090,2025-07-12,405,119626
KROGER-1090,2025-07-13,342,119968
KROGER-1090,2025-07-14,339,120307
KROGER-1090,2025-07-15,373,120680
KROGER-1090,2025-07-16,358,121038
KROGER-1090,2025-07-17,352,121390
KROGER-1090,2025-07-18,326,121716
KROGER-1090,2025-07-19,407,122123
KROGER-1090,2025-07-20,328,122451
KROGER-1090,2025-07-21,385,122836
KROGER-1090,2025-07-22,361,123197
KROGER-1090,2025-07-23,362,123559
KROGER-1090,2025-07-24,358,123917
KROGER-1090,2025-07-25,335,124252
KROGER-1090,2025-07-26,377,124629
KROGER-1090,2025-07-27,389,125018
KROGER-1090,2025-07-28,372,125390
KROGER-1090,2025-07-29,357,125747
KROGER-1090,2025-07-30,357,126104
KROGER-1090,2025-07-31,356,126460
KROGER-1090,2025-08-01,352,126812
KROGER-1090,2025-08-02,324,127136
KROGER-1090,2025-08-03,362,127498
KROGER-1090,2025-08-04,330,127828
KROGER-1090,2025-08-05,355,128183
KROGER-1090,2025-08-06,333,128516
KROGER-1090,2025-08-07,370,128886
KROGER-1090,2025-08-08,394,129280
KROGER-1090,2025-08-09,368,129648
KROGER-1090,2025-08-10,386,130034
KROGER-1090,2025-08-11,346,130380
KROGER-1090,2025-08-12,357,130737
KROGER-1090,2025-08-13,399,131136
KROGER-1090,2025-08-14,315,131451
KROGER-1090,2025-08-15,340,131791
KROGER-1090,2025-08-16,381,132172
KROGER-1090,2025-08-17,373,132545
KROGER-1090,2025-08-18,349,132894
KROGER-1090,2025-08-19,326,133220
KROGER-1090,2025-08-20,372,133592
KROGER-1090,2025-08-21,357,133949
KROGER-1090,2025-08-22,378,134327
KROGER-1090,2025-08-23,409,134736
KROGER-1090,2025-08-24,377,135113
KROGER-1090,2025-08-25,398,135511
KROGER-1090,2025-08-26,390,135901
KROGER-1090,2025-08-27,347,136248
KROGER-1090,2025-08-28,402,136650
KROGER-1090,2025-08-29,379,137029
KROGER-1090,2025-08-30,417,137446
KROGER-1090,2025-08-31,322,137768
KROGER-1091,2024-09-01,1128,1128
KROGER-1091,2024-09-02,1045,2173
KROGER-1091,2024-09-03,953,3126
KROGER-1091,2024-09-04,897,4023
KROGER-1091,2024-09-05,1007,5030
KROGER-1091,2024-09-06,1024,6054
KROGER-1091,2024-09-07,1020,7074
KROGER-1091,2024-09-08,1006,8080
KROGER-1091,2024-09-09,975,9055
KROGER-1091,2024-09-10,965,10020
KROGER-1091,2024-09-11,1096,11116
KROGER-1091,2024-09-12,954,12070
KROGER-1091,2024-09-13,885,12955
KROGER-1091,2024-09-14,1138,14093
KROGER-1091,2024-09-15,1149,15242
KROGER-1091,2024-09-16,1010,16252
KROGER-1091,2024-09-17,928,17180
KROGER-1091,2024-09-18,861,18041
KROGER-1091,2024-09-19,1022,19063
KROGER-1091,2024-09-20,1061,20124
KROGER-1091,2024-09-21,1001,21125
KROGER-1091,2024-09-22,1139,22264
KROGER-1091,2024-09-23,903,23167
KROGER-1091,2024-09-24,1025,24192
KROGER-1091,2024-09-25,854,25046
KROGER-1091,2024-09-26,942,25988
KROGER-1091,2024-09-27,877,26865
KROGER-1091,2024-09-28,1119,27984
KROGER-1091,2024-09-29,1100,29084
KROGER-1091,2024-09-30,1219,30303
KROGER-1091,2024-10-01,1035,31338
KROGER-1091,2024-10-02,985,32323
KROGER-1091,2024-10-03,935,33258
KROGER-1091,2024-10-04,1100,34358
KROGER-1091,2024-10-05,1297,35655
KROGER-1091,2024-10-06,1157,36812
KROGER-1091,2024-10-07,1037,37849
KROGER-1091,2024-10-08,1025,38874
KROGER-1091,2024-10-09,886,39760
KROGER-1091,2024-10-10,1091,40851
KROGER-1091,2024-10-11,961,41812
KROGER-1091,2024-10-12,968,42780
KROGER-1091,2024-10-13,1055,43835
KROGER-1091,2024-10-14,956,44791
KROGER-1091,2024-10-15,944,45735
KROGER-1091,2024-10-16,980,46715
KROGER-1091,2024-10-17,865,47580
KROGER-1091,2024-10-18,998,48578
KROGER-1091,2024-10-19,1091,49669
KROGER-1091,2024-10-20,986,50655
KROGER-1091,2024-10-21,1130,51785
KROGER-1091,2024-10-22,973,52758
KROGER-1091,2024-10-23,932,53690
KROGER-1091,2024-10-24,1086,54776
KROGER-1091,2024-10-25,1025,55801
KROGER-1091,2024-10-26,1186,56987
KROGER-1091,2024-10-27,1208,58195
KROGER-1091,2024-10-28,907,59102
KROGER-1091,2024-10-29,1201,60303
KROGER-1091,2024-10-30,828,61131
KROGER-1091,2024-10-31,916,62047
KROGER-1091,2024-11-01,1093,63140
KROGER-1091,2024-11-02,1423,64563
KROGER-1091,2024-11-03,1338,65901
KROGER-1091,2024-11-04,1251,67152
KROGER-1091,2024-11-05,988,68140
KROGER-1091,2024-11-06,1221,69361
KROGER-1091,2024-11-07,1462,70823
KROGER-1091,2024-11-08,1274,72097
KROGER-1091,2024-11-09,1251,73348
KROGER-1091,2024-11-10,1396,74744
KROGER-1091,2024-11-11,1238,75982
KROGER-1091,2024-11-12,1175,77157
KROGER-1091,2024-11-13,1157,78314
KROGER-1091,2024-11-14,1277,79591
KROGER-1091,2024-11-15,1196,80787
KROGER-1091,2024-11-16,1302,82089
KROGER-1091,2024-11-17,1046,83135
KROGER-1091,2024-11-18,1213,84348
KROGER-1091,2024-11-19,1120,85468
KROGER-1091,2024-11-20,1325,86793
KROGER-1091,2024-11-21,1120,87913
KROGER-1091,2024-11-22,1149,89062
KROGER-1091,2024-11-23,1146,90208
KROGER-1091,2024-11-24,1370,91578
KROGER-1091,2024-11-25,1274,92852
KROGER-1091,2024-11-26,1116,93968
KROGER-1091,2024-11-27,1133,95101
KROGER-1091,2024-11-28,1301,96402
KROGER-1091,2024-11-29,1424,97826
KROGER-1091,2024-11-30,1331,99157
KROGER-1091,2024-12-01,1403,100560
KROGER-1091,2024-12-02,1198,101758
KROGER-1091,2024-12-03,1120,102878
KROGER-1091,2024-12-04,1207,104085
KROGER-1091,2024-12-05,1330,105415
KROGER-1091,2024-12-06,1168,106583
KROGER-1091,2024-12-07,1249,107832
KROGER-1091,2024-12-08,1514,109346
KROGER-1091,2024-12-09,1396,110742
KROGER-1091,2024-12-10,1238,111980
KROGER-1091,2024-12-11,1339,113319
KROGER-1091,2024-12-12,1107,114426
KROGER-1091,2024-12-13,1289,115715
KROGER-1091,2024-12-14,1296,117011
KROGER-1091,2024-12-15,1328,118339
KROGER-1091,2024-12-16,1092,119431
KROGER-1091,2024-12-17,1072,120503
KROGER-1091,2024-12-18,1169,121672
KROGER-1091,2024-12-19,1090,122762
KROGER-1091,2024-12-20,1131,123893
KROGER-1091,2024-12-21,1551,125444
KROGER-1091,2024-12-22,1411,126855
KROGER-1091,2024-12-23,1258,128113
KROGER-1091,2024-12-24,1268,129381
KROGER-1091,2024-12-25,1264,130645
KROGER-1091,2024-12-26,1205,131850
KROGER-1091,2024-12-27,1255,133105
KROGER-1091,2024-12-28,1382,134487
KROGER-1091,2024-12-29,1261,135748
KROGER-1091,2024-12-30,1365,137113
KROGER-1091,2024-12-31,1200,138313
KROGER-1091,2025-01-01,939,139252
KROGER-1091,2025-01-02,1041,140293
KROGER-1091,2025-01-03,1004,141297
KROGER-1091,2025-01-04,1049,142346
KROGER-1091,2025-01-05,1146,143492
KROGER-1091,2025-01-06,990,144482
KROGER-1091,2025-01-07,943,145425
KROGER-1091,2025-01-08,988,146413
KROGER-1091,2025-01-09,959,147372
KROGER-1091,2025-01-10,958,148330
KROGER-1091,2025-01-11,1154,149484
KROGER-1091,2025-01-12,983,150467
KROGER-1091,2025-01-13,1029,151496
KROGER-1091,2025-01-14,992,152488
KROGER-1091,2025-01-15,1011,153499
KROGER-1091,2025-01-16,853,154352
KROGER-1091,2025-01-17,1072,155424
KROGER-1091,2025-01-18,1047,156471
KROGER-1091,2025-01-19,1154,157625
KROGER-1091,2025-01-20,1052,158677
KROGER-1091,2025-01-21,1024,159701
KROGER-1091,2025-01-22,1020,160721
KROGER-1091,2025-01-23,1202,161923
KROGER-1091,2025-01-24,954,162877
KROGER-1091,2025-01-25,1096,163973
KROGER-1091,2025-01-26,1091,165064
KROGER-1091,2025-01-27,888,165952
KROGER-1091,2025-01-28,1015,166967
KROGER-1091,2025-01-29,892,167859
KROGER-1091,2025-01-30,1014,168873
KROGER-1091,2025-01-31,887,169760
KROGER-1091,2025-02-01,1103,170863
KROGER-1091,2025-02-02,963,171826
KROGER-1091,2025-02-03,1019,172845
KROGER-1091,2025-02-04,887,173732
KROGER-1091,2025-02-05,1058,174790
KROGER-1091,2025-02-06,1013,175803
KROGER-1091,2025-02-07,1005,176808
KROGER-1091,2025-02-08,1083,177891
KROGER-1091,2025-02-09,1115,179006
KROGER-1091,2025-02-10,949,179955
KROGER-1091,2025-02-11,1018,180973
KROGER-1091,2025-02-12,982,181955
KROGER-1091,2025-02-13,1126,183081
KROGER-1091,2025-02-14,986,184067
KROGER-1091,2025-02-15,1002,185069
KROGER-1091,2025-02-16,942,186011
KROGER-1091,2025-02-17,998,187009
KROGER-1091,2025-02-18,963,187972
KROGER-1091,2025-02-19,1049,189021
KROGER-1091,2025-02-20,1038,190059
KROGER-1091,2025-02-21,1063,191122
KROGER-1091,2025-02-22,963,192085
KROGER-1091,2025-02-23,836,192921
KROGER-1091,2025-02-24,1020,193941
KROGER-1091,2025-02-25,1087,195028
KROGER-1091,2025-02-26,987,196015
KROGER-1091,2025-02-27,1165,197180
KROGER-1091,2025-02-28,1010,198190
KROGER-1091,2025-03-01,1008,199198
KROGER-1091,2025-03-02,1106,200304
KROGER-1091,2025-03-03,1132,201436
KROGER-1091,2025-03-04,1016,202452
KROGER-1091,2025-03-05,1081,203533
KROGER-1091,2025-03-06,985,204518
KROGER-1091,2025-03-07,987,205505
KROGER-1091,2025-03-08,1166,206671
KROGER-1091,2025-03-09,919,207590
KROGER-1091,2025-03-10,934,208524
KROGER-1091,2025-03-11,1067,209591
KROGER-1091,2025-03-12,992,210583
KROGER-1091,2025-03-13,1044,211627
KROGER-1091,2025-03-14,1063,212690
KROGER-1091,2025-03-15,958,213648
KROGER-1091,2025-03-16,957,214605
KROGER-1091,2025-03-17,1114,215719
KROGER-1091,2025-03-18,988,216707
KROGER-1091,2025-03-19,964,217671
KROGER-1091,2025-03-20,1050,218721
KROGER-1091,2025-03-21,1100,219821
KROGER-1091,2025-03-22,1137,220958
KROGER-1091,2025-03-23,1110,222068
KROGER-1091,2025-03-24,1114,223182
KROGER-1091,2025-03-25,1061,224243
KROGER-1091,2025-03-26,974,225217
KROGER-1091,2025-03-27,853,226070
KROGER-1091,2025-03-28,1057,227127
KROGER-1091,2025-03-29,1075,228202
KROGER-1091,2025-03-30,1106,229308
KROGER-1091,2025-03-31,1034,230342
KROGER-1091,2025-04-01,1097,231439
KROGER-1091,2025-04-02,1013,232452
KROGER-1091,2025-04-03,1102,233554
KROGER-1091,2025-04-04,956,234510
KROGER-1091,2025-04-05,1009,235519
KROGER-1091,2025-04-06,1189,236708
KROGER-1091,2025-04-07,1130,237838
KROGER-1091,2025-04-08,1066,238904
KROGER-1091,2025-04-09,947,239851
KROGER-1091,2025-04-10,940,240791
KROGER-1091,2025-04-11,1128,241919
KROGER-1091,2025-04-12,1180,243099
KROGER-1091,2025-04-13,1065,244164
KROGER-1091,2025-04-14,1211,245375
KROGER-1091,2025-04-15,1057,246432
KROGER-1091,2025-04-16,929,247361
KROGER-1091,2025-04-17,997,248358
KROGER-1091,2025-04-18,1020,249378
KROGER-1091,2025-04-19,1078,250456
KROGER-1091,2025-04-20,1178,251634
KROGER-1091,2025-04-21,942,252576
KROGER-1091,2025-04-22,911,253487
KROGER-1091,2025-04-23,1069,254556
KROGER-1091,2025-04-24,978,255534
KROGER-1091,2025-04-25,1217,256751
KROGER-1091,2025-04-26,1151,257902
KROGER-1091,2025-04-27,1026,258928
KROGER-1091,2025-04-28,1119,260047
KROGER-1091,2025-04-29,1079,261126
KROGER-1091,2025-04-30,1071,262197
KROGER-1091,2025-05-01,1010,263207
KROGER-1091,2025-05-02,1054,264261
KROGER-1091,2025-05-03,890,265151
KROGER-1091,2025-05-04,1183,266334
KROGER-1091,2025-05-05,739,267073
KROGER-1091,2025-05-06,984,268057
KROGER-1091,2025-05-07,889,268946
KROGER-1091,2025-05-08,979,269925
KROGER-1091,2025-05-09,1014,270939
KROGER-1091,2025-05-10,968,271907
KROGER-1091,2025-05-11,833,272740
KROGER-1091,2025-05-12,1036,273776
KROGER-1091,2025-05-13,1190,274966
KROGER-1091,2025-05-14,991,275957
KROGER-1091,2025-05-15,1098,277055
KROGER-1091,2025-05-16,1142,278197
KROGER-1091,2025-05-17,908,279105
KROGER-1091,2025-05-18,1031,280136
KROGER-1091,2025-05-19,915,281051
KROGER-1091,2025-05-20,954,282005
KROGER-1091,2025-05-21,1158,283163
KROGER-1091,2025-05-22,1038,284201
KROGER-1091,2025-05-23,1084,285285
KROGER-1091,2025-05-24,1067,286352
KROGER-1091,2025-05-25,967,287319
KROGER-1091,2025-05-26,1075,288394
KROGER-1091,2025-05-27,1122,289516
KROGER-1091,2025-05-28,1045,290561
KROGER-1091,2025-05-29,1060,291621
KROGER-1091,2025-05-30,919,292540
KROGER-1091,2025-05-31,1131,293671
KROGER-1091,2025-06-01,1186,294857
KROGER-1091,2025-06-02,1053,295910
KROGER-1091,2025-06-03,873,296783
KROGER-1091,2025-06-04,1153,297936
KROGER-1091,2025-06-05,942,298878
KROGER-1091,2025-06-06,1051,299929
KROGER-1091,2025-06-07,1152,301081
KROGER-1091,2025-06-08,1163,302244
KROGER-1091,2025-06-09,873,303117
KROGER-1091,2025-06-10,1029,304146
KROGER-1091,2025-06-11,1024,305170
KROGER-1091,2025-06-12,1137,306307
KROGER-1091,2025-06-13,1057,307364
KROGER-1091,2025-06-14,1195,308559
KROGER-1091,2025-06-15,1117,309676
KROGER-1091,2025-06-16,1014,310690
KROGER-1091,2025-06-17,1035,311725
KROGER-1091,2025-06-18,1144,312869
KROGER-1091,2025-06-19,914,313783
KROGER-1091,2025-06-20,1094,314877
KROGER-1091,2025-06-21,1017,315894
KROGER-1091,2025-06-22,998,316892
KROGER-1091,2025-06-23,1103,317995
KROGER-1091,2025-06-24,948,318943
KROGER-1091,2025-06-25,1050,319993
KROGER-1091,2025-06-26,980,320973
KROGER-1091,2025-06-27,827,321800
KROGER-1091,2025-06-28,1112,322912
KROGER-1091,2025-06-29,1081,323993
KROGER-1091,2025-06-30,864,324857
KROGER-1091,2025-07-01,963,325820
KROGER-1091,2025-07-02,872,326692
KROGER-1091,2025-07-03,1079,327771
KROGER-1091,2025-07-04,1133,328904
KROGER-1091,2025-07-05,1143,330047
KROGER-1091,2025-07-06,1155,331202
KROGER-1091,2025-07-07,977,332179
KROGER-1091,2025-07-08,1064,333243
KROGER-1091,2025-07-09,1019,334262
KROGER-1091,2025-07-10,1035,335297
KROGER-1091,2025-07-11,1098,336395
KROGER-1091,2025-07-12,1171,337566
KROGER-1091,2025-07-13,1037,338603
KROGER-1091,2025-07-14,905,339508
KROGER-1091,2025-07-15,1004,340512
KROGER-1091,2025-07-16,1002,341514
KROGER-1091,2025-07-17,1043,342557
KROGER-1091,2025-07-18,1088,343645
KROGER-1091,2025-07-19,907,344552
KROGER-1091,2025-07-20,1013,345565
KROGER-1091,2025-07-21,941,346506
KROGER-1091,2025-07-22,1122,347628
KROGER-1091,2025-07-23,1003,348631
KROGER-1091,2025-07-24,978,349609
KROGER-1091,2025-07-25,1064,350673
KROGER-1091,2025-07-26,1020,351693
KROGER-1091,2025-07-27,1069,352762
KROGER-1091,2025-07-28,1168,353930
KROGER-1091,2025-07-29,1165,355095
KROGER-1091,2025-07-30,986,356081
KROGER-1091,2025-07-31,1005,357086
KROGER-1091,2025-08-01,969,358055
KROGER-1091,2025-08-02,906,358961
KROGER-1091,2025-08-03,1159,360120
KROGER-1091,2025-08-04,1217,361337
KROGER-1091,2025-08-05,983,362320
KROGER-1091,2025-08-06,953,363273
KROGER-1091,2025-08-07,997,364270
KROGER-1091,2025-08-08,1027,365297
KROGER-1091,2025-08-09,973,366270
KROGER-1091,2025-08-10,1031,367301
KROGER-1091,2025-08-11,1102,368403
KROGER-1091,2025-08-12,1030,369433
KROGER-1091,2025-08-13,1123,370556
KROGER-1091,2025-08-14,1049,371605
KROGER-1091,2025-08-15,931,372536
KROGER-1091,2025-08-16,1021,373557
KROGER-1091,2025-08-17,1092,374649
KROGER-1091,2025-08-18,928,375577
KROGER-1091,2025-08-19,917,376494
KROGER-1091,2025-08-20,922,377416
KROGER-1091,2025-08-21,1062,378478
KROGER-1091,2025-08-22,990,379468
KROGER-1091,2025-08-23,1172,380640
KROGER-1091,2025-08-24,994,381634
KROGER-1091,2025-08-25,819,382453
KROGER-1091,2025-08-26,1009,383462
KROGER-1091,2025-08-27,1154,384616
KROGER-1091,2025-08-28,1022,385638
KROGER-1091,2025-08-29,908,386546
KROGER-1091,2025-08-30,931,387477
KROGER-1091,2025-08-31,1173,388650
KROGER-1092,2024-09-01,434,434
KROGER-1092,2024-09-02,497,931
KROGER-1092,2024-09-03,465,1396
KROGER-1092,2024-09-04,415,1811
KROGER-1092,2024-09-05,483,2294
KROGER-1092,2024-09-06,409,2703
KROGER-1092,2024-09-07,410,3113
KROGER-1092,2024-09-08,432,3545
KROGER-1092,2024-09-09,469,4014
KROGER-1092,2024-09-10,482,4496
KROGER-1092,2024-09-11,428,4924
KROGER-1092,2024-09-12,376,5300
KROGER-1092,2024-09-13,387,5687
KROGER-1092,2024-09-14,424,6111
KROGER-1092,2024-09-15,416,6527
KROGER-1092,2024-09-16,451,6978
KROGER-1092,2024-09-17,511,7489
KROGER-1092,2024-09-18,470,7959
KROGER-1092,2024-09-19,402,8361
KROGER-1092,2024-09-20,417,8778
KROGER-1092,2024-09-21,446,9224
KROGER-1092,2024-09-22,479,9703
KROGER-1092,2024-09-23,498,10201
KROGER-1092,2024-09-24,425,10626
KROGER-1092,2024-09-25,496,11122
KROGER-1092,2024-09-26,516,11638
KROGER-1092,2024-09-27,430,12068
KROGER-1092,2024-09-28,450,12518
KROGER-1092,2024-09-29,451,12969
KROGER-1092,2024-09-30,444,13413
KROGER-1092,2024-10-01,429,13842
KROGER-1092,2024-10-02,473,14315
KROGER-1092,2024-10-03,387,14702
KROGER-1092,2024-10-04,423,15125
KROGER-1092,2024-10-05,476,15601
KROGER-1092,2024-10-06,496,16097
KROGER-1092,2024-10-07,520,16617
KROGER-1092,2024-10-08,396,17013
KROGER-1092,2024-10-09,419,17432
KROGER-1092,2024-10-10,362,17794
KROGER-1092,2024-10-11,403,18197
KROGER-1092,2024-10-12,398,18595
KROGER-1092,2024-10-13,445,19040
KROGER-1092,2024-10-14,434,19474
KROGER-1092,2024-10-15,459,19933
KROGER-1092,2024-10-16,431,20364
KROGER-1092,2024-10-17,459,20823
KROGER-1092,2024-10-18,446,21269
KROGER-1092,2024-10-19,426,21695
KROGER-1092,2024-10-20,401,22096
KROGER-1092,2024-10-21,463,22559
KROGER-1092,2024-10-22,500,23059
KROGER-1092,2024-10-23,532,23591
KROGER-1092,2024-10-24,475,24066
KROGER-1092,2024-10-25,494,24560
KROGER-1092,2024-10-26,481,25041
KROGER-1092,2024-10-27,475,25516
KROGER-1092,2024-10-28,446,25962
KROGER-1092,2024-10-29,438,26400
KROGER-1092,2024-10-30,463,26863
KROGER-1092,2024-10-31,424,27287
KROGER-1092,2024-11-01,524,27811
KROGER-1092,2024-11-02,504,28315
KROGER-1092,2024-11-03,578,28893
KROGER-1092,2024-11-04,490,29383
KROGER-1092,2024-11-05,532,29915
KROGER-1092,2024-11-06,552,30467
KROGER-1092,2024-11-07,555,31022
KROGER-1092,2024-11-08,563,31585
KROGER-1092,2024-11-09,547,32132
KROGER-1092,2024-11-10,579,32711
KROGER-1092,2024-11-11,510,33221
KROGER-1092,2024-11-12,447,33668
KROGER-1092,2024-11-13,553,34221
KROGER-1092,2024-11-14,543,34764
KROGER-1092,2024-11-15,573,35337
KROGER-1092,2024-11-16,556,35893
KROGER-1092,2024-11-17,485,36378
KROGER-1092,2024-11-18,527,36905
KROGER-1092,2024-11-19,568,37473
KROGER-1092,2024-11-20,551,38024
KROGER-1092,2024-11-21,524,38548
KROGER-1092,2024-11-22,460,39008
KROGER-1092,2024-11-23,511,39519
KROGER-1092,2024-11-24,578,40097
KROGER-1092,2024-11-25,460,40557
KROGER-1092,2024-11-26,517,41074
KROGER-1092,2024-11-27,532,41606
KROGER-1092,2024-11-28,579,42185
KROGER-1092,2024-11-29,557,42742
KROGER-1092,2024-11-30,600,43342
KROGER-1092,2024-12-01,570,43912
KROGER-1092,2024-12-02,495,44407
KROGER-1092,2024-12-03,504,44911
KROGER-1092,2024-12-04,491,45402
KROGER-1092,2024-12-05,556,45958
KROGER-1092,2024-12-06,501,46459
KROGER-1092,2024-12-07,539,46998
KROGER-1092,2024-12-08,558,47556
KROGER-1092,2024-12-09,600,48156
KROGER-1092,2024-12-10,558,48714
KROGER-1092,2024-12-11,498,49212
KROGER-1092,2024-12-12,537,49749
KROGER-1092,2024-12-13,601,50350
KROGER-1092,2024-12-14,584,50934
KROGER-1092,2024-12-15,486,51420
KROGER-1092,2024-12-16,492,51912
KROGER-1092,2024-12-17,488,52400
KROGER-1092,2024-12-18,592,52992
KROGER-1092,2024-12-19,584,53576
KROGER-1092,2024-12-20,504,54080
KROGER-1092,2024-12-21,528,54608
KROGER-1092,2024-12-22,559,55167
KROGER-1092,2024-12-23,534,55701
KROGER-1092,2024-12-24,490,56191
KROGER-1092,2024-12-25,520,56711
KROGER-1092,2024-12-26,469,57180
KROGER-1092,2024-12-27,584,57764
KROGER-1092,2024-12-28,478,58242
KROGER-1092,2024-12-29,478,58720
KROGER-1092,2024-12-30,549,59269
KROGER-1092,2024-12-31,478,59747
KROGER-1092,2025-01-01,424,60171
KROGER-1092,2025-01-02,444,60615
KROGER-1092,2025-01-03,466,61081
KROGER-1092,2025-01-04,456,61537
KROGER-1092,2025-01-05,530,62067
KROGER-1092,2025-01-06,442,62509
KROGER-1092,2025-01-07,484,62993
KROGER-1092,2025-01-08,452,63445
KROGER-1092,2025-01-09,517,63962
KROGER-1092,2025-01-10,479,64441
KROGER-1092,2025-01-11,466,64907
KROGER-1092,2025-01-12,487,65394
KROGER-1092,2025-01-13,433,65827
KROGER-1092,2025-01-14,432,66259
KROGER-1092,2025-01-15,396,66655
KROGER-1092,2025-01-16,413,67068
KROGER-1092,2025-01-17,515,67583
KROGER-1092,2025-01-18,419,68002
KROGER-1092,2025-01-19,440,68442
KROGER-1092,2025-01-20,439,68881
KROGER-1092,2025-01-21,440,69321
KROGER-1092,2025-01-22,456,69777
KROGER-1092,2025-01-23,425,70202
KROGER-1092,2025-01-24,458,70660
KROGER-1092,2025-01-25,507,71167
KROGER-1092,2025-01-26,511,71678
KROGER-1092,2025-01-27,432,72110
KROGER-1092,2025-01-28,464,72574
KROGER-1092,2025-01-29,401,72975
KROGER-1092,2025-01-30,416,73391
KROGER-1092,2025-01-31,400,73791
KROGER-1092,2025-02-01,462,74253
KROGER-1092,2025-02-02,432,74685
KROGER-1092,2025-02-03,388,75073
KROGER-1092,2025-02-04,428,75501
KROGER-1092,2025-02-05,381,75882
KROGER-1092,2025-02-06,489,76371
KROGER-1092,2025-02-07,422,76793
KROGER-1092,2025-02-08,501,77294
KROGER-1092,2025-02-09,446,77740
KROGER-1092,2025-02-10,400,78140
KROGER-1092,2025-02-11,484,78624
KROGER-1092,2025-02-12,445,79069
KROGER-1092,2025-02-13,509,79578
KROGER-1092,2025-02-14,425,80003
KROGER-1092,2025-02-15,448,80451
KROGER-1092,2025-02-16,501,80952
KROGER-1092,2025-02-17,478,81430
KROGER-1092,2025-02-18,447,81877
KROGER-1092,2025-02-19,560,82437
KROGER-1092,2025-02-20,432,82869
KROGER-1092,2025-02-21,397,83266
KROGER-1092,2025-02-22,427,83693
KROGER-1092,2025-02-23,454,84147
KROGER-1092,2025-02-24,496,84643
KROGER-1092,2025-02-25,435,85078
KROGER-1092,2025-02-26,497,85575
KROGER-1092,2025-02-27,457,86032
KROGER-1092,2025-02-28,480,86512
KROGER-1092,2025-03-01,478,86990
KROGER-1092,2025-03-02,478,87468
KROGER-1092,2025-03-03,469,87937
KROGER-1092,2025-03-04,422,88359
KROGER-1092,2025-03-05,422,88781
KROGER-1092,2025-03-06,454,89235
KROGER-1092,2025-03-07,511,89746
KROGER-1092,2025-03-08,407,90153
KROGER-1092,2025-03-09,389,90542
KROGER-1092,2025-03-10,433,90975
KROGER-1092,2025-03-11,478,91453
KROGER-1092,2025-03-12,444,91897
KROGER-1092,2025-03-13,401,92298
KROGER-1092,2025-03-14,445,92743
KROGER-1092,2025-03-15,400,93143
KROGER-1092,2025-03-16,487,93630
KROGER-1092,2025-03-17,431,94061
KROGER-1092,2025-03-18,439,94500
KROGER-1092,2025-03-19,457,94957
KROGER-1092,2025-03-20,449,95406
KROGER-1092,2025-03-21,423,95829
KROGER-1092,2025-03-22,502,96331
KROGER-1092,2025-03-23,494,96825
KROGER-1092,2025-03-24,379,97204
KROGER-1092,2025-03-25,434,97638
KROGER-1092,2025-03-26,404,98042
KROGER-1092,2025-03-27,397,98439
KROGER-1092,2025-03-28,461,98900
KROGER-1092,2025-03-29,448,99348
KROGER-1092,2025-03-30,459,99807
KROGER-1092,2025-03-31,418,100225
KROGER-1092,2025-04-01,455,100680
KROGER-1092,2025-04-02,466,101146
KROGER-1092,2025-04-03,519,101665
KROGER-1092,2025-04-04,436,102101
KROGER-1092,2025-04-05,410,102511
KROGER-1092,2025-04-06,445,102956
KROGER-1092,2025-04-07,472,103428
KROGER-1092,2025-04-08,415,103843
KROGER-1092,2025-04-09,389,104232
KROGER-1092,2025-04-10,415,104647
KROGER-1092,2025-04-11,423,105070
KROGER-1092,2025-04-12,424,105494
KROGER-1092,2025-04-13,472,105966
KROGER-1092,2025-04-14,439,106405
KROGER-1092,2025-04-15,470,106875
KROGER-1092,2025-04-16,426,107301
KROGER-1092,2025-04-17,462,107763
KROGER-1092,2025-04-18,425,108188
KROGER-1092,2025-04-19,422,108610
KROGER-1092,2025-04-20,444,109054
KROGER-1092,2025-04-21,385,109439
KROGER-1092,2025-04-22,505,109944
KROGER-1092,2025-04-23,447,110391
KROGER-1092,2025-04-24,414,110805
KROGER-1092,2025-04-25,429,111234
KROGER-1092,2025-04-26,373,111607
KROGER-1092,2025-04-27,517,112124
KROGER-1092,2025-04-28,489,112613
KROGER-1092,2025-04-29,446,113059
KROGER-1092,2025-04-30,453,113512
KROGER-1092,2025-05-01,397,113909
KROGER-1092,2025-05-02,400,114309
KROGER-1092,2025-05-03,401,114710
KROGER-1092,2025-05-04,458,115168
KROGER-1092,2025-05-05,479,115647
KROGER-1092,2025-05-06,428,116075
KROGER-1092,2025-05-07,454,116529
KROGER-1092,2025-05-08,477,117006
KROGER-1092,2025-05-09,384,117390
KROGER-1092,2025-05-10,533,117923
KROGER-1092,2025-05-11,507,118430
KROGER-1092,2025-05-12,460,118890
KROGER-1092,2025-05-13,475,119365
KROGER-1092,2025-05-14,476,119841
KROGER-1092,2025-05-15,452,120293
KROGER-1092,2025-05-16,492,120785
KROGER-1092,2025-05-17,447,121232
KROGER-1092,2025-05-18,481,121713
KROGER-1092,2025-05-19,489,122202
KROGER-1092,2025-05-20,347,122549
KROGER-1092,2025-05-21,457,123006
KROGER-1092,2025-05-22,468,123474
KROGER-1092,2025-05-23,381,123855
KROGER-1092,2025-05-24,475,124330
KROGER-1092,2025-05-25,435,124765
KROGER-1092,2025-05-26,456,125221
KROGER-1092,2025-05-27,439,125660
KROGER-1092,2025-05-28,408,126068
KROGER-1092,2025-05-29,481,126549
KROGER-1092,2025-05-30,427,126976
KROGER-1092,2025-05-31,474,127450
KROGER-1092,2025-06-01,513,127963
KROGER-1092,2025-06-02,409,128372
KROGER-1092,2025-06-03,442,128814
KROGER-1092,2025-06-04,424,129238
KROGER-1092,2025-06-05,432,129670
KROGER-1092,2025-06-06,518,130188
KROGER-1092,2025-06-07,481,130669
KROGER-1092,2025-06-08,476,131145
KROGER-1092,2025-06-09,460,131605
KROGER-1092,2025-06-10,457,132062
KROGER-1092,2025-06-11,377,132439
KROGER-1092,2025-06-12,523,132962
KROGER-1092,2025-06-13,390,133352
KROGER-1092,2025-06-14,528,133880
KROGER-1092,2025-06-15,487,134367
KROGER-1092,2025-06-16,448,134815
KROGER-1092,2025-06-17,431,135246
KROGER-1092,2025-06-18,534,135780
KROGER-1092,2025-06-19,463,136243
KROGER-1092,2025-06-20,443,136686
KROGER-1092,2025-06-21,444,137130
KROGER-1092,2025-06-22,440,137570
KROGER-1092,2025-06-23,444,138014
KROGER-1092,2025-06-24,409,138423
KROGER-1092,2025-06-25,466,138889
KROGER-1092,2025-06-26,419,139308
KROGER-1092,2025-06-27,478,139786
KROGER-1092,2025-06-28,501,140287
KROGER-1092,2025-06-29,462,140749
KROGER-1092,2025-06-30,462,141211
KROGER-1092,2025-07-01,464,141675
KROGER-1092,2025-07-02,390,142065
KROGER-1092,2025-07-03,503,142568
KROGER-1092,2025-07-04,433,143001
KROGER-1092,2025-07-05,490,143491
KROGER-1092,2025-07-06,491,143982
KROGER-1092,2025-07-07,354,144336
KROGER-1092,2025-07-08,419,144755
KROGER-1092,2025-07-09,472,145227
KROGER-1092,2025-07-10,444,145671
KROGER-1092,2025-07-11,466,146137
KROGER-1092,2025-07-12,467,146604
KROGER-1092,2025-07-13,510,147114
KROGER-1092,2025-07-14,446,147560
KROGER-1092,2025-07-15,492,148052
KROGER-1092,2025-07-16,407,148459
KROGER-1092,2025-07-17,437,148896
KROGER-1092,2025-07-18,421,149317
KROGER-1092,2025-07-19,479,149796
KROGER-1092,2025-07-20,454,150250
KROGER-1092,2025-07-21,434,150684
KROGER-1092,2025-07-22,417,151101
KROGER-1092,2025-07-23,426,151527
KROGER-1092,2025-07-24,442,151969
KROGER-1092,2025-07-25,370,152339
KROGER-1092,2025-07-26,379,152718
KROGER-1092,2025-07-27,466,153184
KROGER-1092,2025-07-28,344,153528
KROGER-1092,2025-07-29,435,153963
KROGER-1092,2025-07-30,429,154392
KROGER-1092,2025-07-31,461,154853
KROGER-1092,2025-08-01,418,155271
KROGER-1092,2025-08-02,522,155793
KROGER-1092,2025-08-03,496,156289
KROGER-1092,2025-08-04,388,156677
KROGER-1092,2025-08-05,432,157109
KROGER-1092,2025-08-06,496,157605
KROGER-1092,2025-08-07,417,158022
KROGER-1092,2025-08-08,440,158462
KROGER-1092,2025-08-09,516,158978
KROGER-1092,2025-08-10,444,159422
KROGER-1092,2025-08-11,482,159904
KROGER-1092,2025-08-12,410,160314
KROGER-1092,2025-08-13,340,160654
KROGER-1092,2025-08-14,485,161139
KROGER-1092,2025-08-15,457,161596
KROGER-1092,2025-08-16,483,162079
KROGER-1092,2025-08-17,423,162502
KROGER-1092,2025-08-18,406,162908
KROGER-1092,2025-08-19,483,163391
KROGER-1092,2025-08-20,451,163842
KROGER-1092,2025-08-21,438,164280
KROGER-1092,2025-08-22,450,164730
KROGER-1092,2025-08-23,520,165250
KROGER-1092,2025-08-24,491,165741
KROGER-1092,2025-08-25,425,166166
KROGER-1092,2025-08-26,392,166558
KROGER-1092,2025-08-27,463,167021
KROGER-1092,2025-08-28,409,167430
KROGER-1092,2025-08-29,400,167830
KROGER-1092,2025-08-30,513,168343
KROGER-1092,2025-08-31,496,168839
KROGER-1093,2024-09-01,577,577
KROGER-1093,2024-09-02,480,1057
KROGER-1093,2024-09-03,609,1666
KROGER-1093,2024-09-04,577,2243
KROGER-1093,2024-09-05,520,2763
KROGER-1093,2024-09-06,511,3274
KROGER-1093,2024-09-07,563,3837
KROGER-1093,2024-09-08,538,4375
KROGER-1093,2024-09-09,627,5002
KROGER-1093,2024-09-10,517,5519
KROGER-1093,2024-09-11,487,6006
KROGER-1093,2024-09-12,601,6607
KROGER-1093,2024-09-13,509,7116
KROGER-1093,2024-09-14,595,7711
KROGER-1093,2024-09-15,590,8301
KROGER-1093,2024-09-16,531,8832
KROGER-1093,2024-09-17,491,9323
KROGER-1093,2024-09-18,531,9854
KROGER-1093,2024-09-19,483,10337
KROGER-1093,2024-09-20,532,10869
KROGER-1093,2024-09-21,594,11463
KROGER-1093,2024-09-22,637,12100
KROGER-1093,2024-09-23,487,12587
KROGER-1093,2024-09-24,522,13109
KROGER-1093,2024-09-25,511,13620
KROGER-1093,2024-09-26,545,14165
KROGER-1093,2024-09-27,468,14633
KROGER-1093,2024-09-28,518,15151
KROGER-1093,2024-09-29,484,15635
KROGER-1093,2024-09-30,472,16107
KROGER-1093,2024-10-01,505,16612
KROGER-1093,2024-10-02,604,17216
KROGER-1093,2024-10-03,548,17764
KROGER-1093,2024-10-04,536,18300
KROGER-1093,2024-10-05,620,18920
KROGER-1093,2024-10-06,577,19497
KROGER-1093,2024-10-07,553,20050
KROGER-1093,2024-10-08,513,20563
KROGER-1093,2024-10-09,506,21069
KROGER-1093,2024-10-10,477,21546
KROGER-1093,2024-10-11,507,22053
KROGER-1093,2024-10-12,547,22600
KROGER-1093,2024-10-13,575,23175
KROGER-1093,2024-10-14,531,23706
KROGER-1093,2024-10-15,517,24223
KROGER-1093,2024-10-16,494,24717
KROGER-1093,2024-10-17,550,25267
KROGER-1093,2024-10-18,512,25779
KROGER-1093,2024-10-19,576,26355
KROGER-1093,2024-10-20,474,26829
KROGER-1093,2024-10-21,547,27376
KROGER-1093,2024-10-22,565,27941
KROGER-1093,2024-10-23,559,28500
KROGER-1093,2024-10-24,525,29025
KROGER-1093,2024-10-25,572,29597
KROGER-1093,2024-10-26,503,30100
KROGER-1093,2024-10-27,556,30656
KROGER-1093,2024-10-28,525,31181
KROGER-1093,2024-10-29,577,31758
KROGER-1093,2024-10-30,447,32205
KROGER-1093,2024-10-31,488,32693
KROGER-1093,2024-11-01,729,33422
KROGER-1093,2024-11-02,541,33963
KROGER-1093,2024-11-03,716,34679
KROGER-1093,2024-11-04,604,35283
KROGER-1093,2024-11-05,653,35936
KROGER-1093,2024-11-06,712,36648
KROGER-1093,2024-11-07,655,37303
KROGER-1093,2024-11-08,713,38016
KROGER-1093,2024-11-09,645,38661
KROGER-1093,2024-11-10,652,39313
KROGER-1093,2024-11-11,680,39993
KROGER-1093,2024-11-12,617,40610
KROGER-1093,2024-11-13,670,41280
KROGER-1093,2024-11-14,700,41980
KROGER-1093,2024-11-15,684,42664
KROGER-1093,2024-11-16,587,43251
KROGER-1093,2024-11-17,653,43904
KROGER-1093,2024-11-18,654,44558
KROGER-1093,2024-11-19,627,45185
KROGER-1093,2024-11-20,644,45829
KROGER-1093,2024-11-21,655,46484
KROGER-1093,2024-11-22,613,47097
KROGER-1093,2024-11-23,661,47758
KROGER-1093,2024-11-24,608,48366
KROGER-1093,2024-11-25,615,48981
KROGER-1093,2024-11-26,562,49543
KROGER-1093,2024-11-27,646,50189
KROGER-1093,2024-11-28,630,50819
KROGER-1093,2024-11-29,593,51412
KROGER-1093,2024-11-30,768,52180
KROGER-1093,2024-12-01,659,52839
KROGER-1093,2024-12-02,654,53493
KROGER-1093,2024-12-03,607,54100
KROGER-1093,2024-12-04,619,54719
KROGER-1093,2024-12-05,656,55375
KROGER-1093,2024-12-06,623,55998
KROGER-1093,2024-12-07,672,56670
KROGER-1093,2024-12-08,715,57385
KROGER-1093,2024-12-09,613,57998
KROGER-1093,2024-12-10,571,58569
KROGER-1093,2024-12-11,562,59131
KROGER-1093,2024-12-12,713,59844
KROGER-1093,2024-12-13,687,60531
KROGER-1093,2024-12-14,707,61238
KROGER-1093,2024-12-15,648,61886
KROGER-1093,2024-12-16,571,62457
KROGER-1093,2024-12-17,625,63082
KROGER-1093,2024-12-18,635,63717
KROGER-1093,2024-12-19,582,64299
KROGER-1093,2024-12-20,564,64863
KROGER-1093,2024-12-21,579,65442
KROGER-1093,2024-12-22,707,66149
KROGER-1093,2024-12-23,578,66727
KROGER-1093,2024-12-24,656,67383
KROGER-1093,2024-12-25,619,68002
KROGER-1093,2024-12-26,670,68672
KROGER-1093,2024-12-27,657,69329
KROGER-1093,2024-12-28,659,69988
KROGER-1093,2024-12-29,679,70667
KROGER-1093,2024-12-30,634,71301
KROGER-1093,2024-12-31,608,71909
KROGER-1093,2025-01-01,575,72484
KROGER-1093,2025-01-02,515,72999
KROGER-1093,2025-01-03,529,73528
KROGER-1093,2025-01-04,496,74024
KROGER-1093,2025-01-05,572,74596
KROGER-1093,2025-01-06,507,75103
KROGER-1093,2025-01-07,513,75616
KROGER-1093,2025-01-08,497,76113
KROGER-1093,2025-01-09,528,76641
KROGER-1093,2025-01-10,447,77088
KROGER-1093,2025-01-11,590,77678
KROGER-1093,2025-01-12,558,78236
KROGER-1093,2025-01-13,513,78749
KROGER-1093,2025-01-14,467,79216
KROGER-1093,2025-01-15,552,79768
KROGER-1093,2025-01-16,506,80274
KROGER-1093,2025-01-17,589,80863
KROGER-1093,2025-01-18,581,81444
KROGER-1093,2025-01-19,628,82072
KROGER-1093,2025-01-20,539,82611
KROGER-1093,2025-01-21,579,83190
KROGER-1093,2025-01-22,553,83743
KROGER-1093,2025-01-23,514,84257
KROGER-1093,2025-01-24,541,84798
KROGER-1093,2025-01-25,522,85320
KROGER-1093,2025-01-26,652,85972
KROGER-1093,2025-01-27,529,86501
KROGER-1093,2025-01-28,534,87035
KROGER-1093,2025-01-29,550,87585
KROGER-1093,2025-01-30,487,88072
KROGER-1093,2025-01-31,589,88661
KROGER-1093,2025-02-01,514,89175
KROGER-1093,2025-02-02,504,89679
KROGER-1093,2025-02-03,526,90205
KROGER-1093,2025-02-04,478,90683
KROGER-1093,2025-02-05,600,91283
KROGER-1093,2025-02-06,523,91806
KROGER-1093,2025-02-07,396,92202
KROGER-1093,2025-02-08,569,92771
KROGER-1093,2025-02-09,585,93356
KROGER-1093,2025-02-10,515,93871
KROGER-1093,2025-02-11,475,94346
KROGER-1093,2025-02-12,529,94875
KROGER-1093,2025-02-13,512,95387
KROGER-1093,2025-02-14,491,95878
KROGER-1093,2025-02-15,512,96390
KROGER-1093,2025-02-16,567,96957
KROGER-1093,2025-02-17,572,97529
KROGER-1093,2025-02-18,553,98082
KROGER-1093,2025-02-19,459,98541
KROGER-1093,2025-02-20,559,99100
KROGER-1093,2025-02-21,566,99666
KROGER-1093,2025-02-22,622,100288
KROGER-1093,2025-02-23,517,100805
KROGER-1093,2025-02-24,531,101336
KROGER-1093,2025-02-25,557,101893
KROGER-1093,2025-02-26,511,102404
KROGER-1093,2025-02-27,557,102961
KROGER-1093,2025-02-28,532,103493
KROGER-1093,2025-03-01,522,104015
KROGER-1093,2025-03-02,526,104541
KROGER-1093,2025-03-03,586,105127
KROGER-1093,2025-03-04,490,105617
KROGER-1093,2025-03-05,483,106100
KROGER-1093,2025-03-06,548,106648
KROGER-1093,2025-03-07,532,107180
KROGER-1093,2025-03-08,501,107681
KROGER-1093,2025-03-09,536,108217
KROGER-1093,2025-03-10,498,108715
KROGER-1093,2025-03-11,506,109221
KROGER-1093,2025-03-12,641,109862
KROGER-1093,2025-03-13,520,110382
KROGER-1093,2025-03-14,495,110877
KROGER-1093,2025-03-15,650,111527
KROGER-1093,2025-03-16,600,112127
KROGER-1093,2025-03-17,564,112691
KROGER-1093,2025-03-18,497,113188
KROGER-1093,2025-03-19,584,113772
KROGER-1093,2025-03-20,568,114340
KROGER-1093,2025-03-21,539,114879
KROGER-1093,2025-03-22,483,115362
KROGER-1093,2025-03-23,559,115921
KROGER-1093,2025-03-24,607,116528
KROGER-1093,2025-03-25,542,117070
KROGER-1093,2025-03-26,517,117587
KROGER-1093,2025-03-27,523,118110
KROGER-1093,2025-03-28,526,118636
KROGER-1093,2025-03-29,524,119160
KROGER-1093,2025-03-30,558,119718
KROGER-1093,2025-03-31,595,120313
KROGER-1093,2025-04-01,590,120903
KROGER-1093,2025-04-02,501,121404
KROGER-1093,2025-04-03,587,121991
KROGER-1093,2025-04-04,566,122557
KROGER-1093,2025-04-05,588,123145
KROGER-1093,2025-04-06,579,123724
KROGER-1093,2025-04-07,493,124217
KROGER-1093,2025-04-08,516,124733
KROGER-1093,2025-04-09,569,125302
KROGER-1093,2025-04-10,482,125784
KROGER-1093,2025-04-11,489,126273
KROGER-1093,2025-04-12,573,126846
KROGER-1093,2025-04-13,524,127370
KROGER-1093,2025-04-14,568,127938
KROGER-1093,2025-04-15,501,128439
KROGER-1093,2025-04-16,543,128982
KROGER-1093,2025-04-17,547,129529
KROGER-1093,2025-04-18,512,130041
KROGER-1093,2025-04-19,549,130590
KROGER-1093,2025-04-20,529,131119
KROGER-1093,2025-04-21,532,131651
KROGER-1093,2025-04-22,492,132143
KROGER-1093,2025-04-23,523,132666
KROGER-1093,2025-04-24,565,133231
KROGER-1093,2025-04-25,485,133716
KROGER-1093,2025-04-26,538,134254
KROGER-1093,2025-04-27,583,134837
KROGER-1093,2025-04-28,444,135281
KROGER-1093,2025-04-29,612,135893
KROGER-1093,2025-04-30,578,136471
KROGER-1093,2025-05-01,467,136938
KROGER-1093,2025-05-02,443,137381
KROGER-1093,2025-05-03,561,137942
KROGER-1093,2025-05-04,509,138451
KROGER-1093,2025-05-05,574,139025
KROGER-1093,2025-05-06,550,139575
KROGER-1093,2025-05-07,538,140113
KROGER-1093,2025-05-08,509,140622
KROGER-1093,2025-05-09,601,141223
KROGER-1093,2025-05-10,593,141816
KROGER-1093,2025-05-11,587,142403
KROGER-1093,2025-05-12,584,142987
KROGER-1093,2025-05-13,490,143477
KROGER-1093,2025-05-14,588,144065
KROGER-1093,2025-05-15,522,144587
KROGER-1093,2025-05-16,547,145134
KROGER-1093,2025-05-17,553,145687
KROGER-1093,2025-05-18,476,146163
KROGER-1093,2025-05-19,574,146737
KROGER-1093,2025-05-20,455,147192
KROGER-1093,2025-05-21,492,147684
KROGER-1093,2025-05-22,514,148198
KROGER-1093,2025-05-23,450,148648
KROGER-1093,2025-05-24,510,149158
KROGER-1093,2025-05-25,571,149729
KROGER-1093,2025-05-26,518,150247
KROGER-1093,2025-05-27,522,150769
KROGER-1093,2025-05-28,494,151263
KROGER-1093,2025-05-29,535,151798
KROGER-1093,2025-05-30,519,152317
KROGER-1093,2025-05-31,486,152803
KROGER-1093,2025-06-01,551,153354
KROGER-1093,2025-06-02,480,153834
KROGER-1093,2025-06-03,571,154405
KROGER-1093,2025-06-04,516,154921
KROGER-1093,2025-06-05,641,155562
KROGER-1093,2025-06-06,574,156136
KROGER-1093,2025-06-07,554,156690
KROGER-1093,2025-06-08,586,157276
KROGER-1093,2025-06-09,444,157720
KROGER-1093,2025-06-10,574,158294
KROGER-1093,2025-06-11,498,158792
KROGER-1093,2025-06-12,537,159329
KROGER-1093,2025-06-13,502,159831
KROGER-1093,2025-06-14,532,160363
KROGER-1093,2025-06-15,552,160915
KROGER-1093,2025-06-16,536,161451
KROGER-1093,2025-06-17,532,161983
KROGER-1093,2025-06-18,533,162516
KROGER-1093,2025-06-19,464,162980
KROGER-1093,2025-06-20,633,163613
KROGER-1093,2025-06-21,570,164183
KROGER-1093,2025-06-22,579,164762
KROGER-1093,2025-06-23,519,165281
KROGER-1093,2025-06-24,496,165777
KROGER-1093,2025-06-25,539,166316
KROGER-1093,2025-06-26,545,166861
KROGER-1093,2025-06-27,589,167450
KROGER-1093,2025-06-28,653,168103
KROGER-1093,2025-06-29,626,168729
KROGER-1093,2025-06-30,458,169187
KROGER-1093,2025-07-01,513,169700
KROGER-1093,2025-07-02,547,170247
KROGER-1093,2025-07-03,516,170763
KROGER-1093,2025-07-04,531,171294
KROGER-1093,2025-07-05,464,171758
KROGER-1093,2025-07-06,601,172359
KROGER-1093,2025-07-07,453,172812
KROGER-1093,2025-07-08,466,173278
KROGER-1093,2025-07-09,490,173768
KROGER-1093,2025-07-10,529,174297
KROGER-1093,2025-07-11,464,174761
KROGER-1093,2025-07-12,512,175273
KROGER-1093,2025-07-13,611,175884
KROGER-1093,2025-07-14,528,176412
KROGER-1093,2025-07-15,552,176964
KROGER-1093,2025-07-16,480,177444
KROGER-1093,2025-07-17,531,177975
KROGER-1093,2025-07-18,527,178502
KROGER-1093,2025-07-19,524,179026
KROGER-1093,2025-07-20,557,179583
KROGER-1093,2025-07-21,452,180035
KROGER-1093,2025-07-22,552,180587
KROGER-1093,2025-07-23,516,181103
KROGER-1093,2025-07-24,522,181625
KROGER-1093,2025-07-25,569,182194
KROGER-1093,2025-07-26,579,182773
KROGER-1093,2025-07-27,545,183318
KROGER-1093,2025-07-28,485,183803
KROGER-1093,2025-07-29,590,184393
KROGER-1093,2025-07-30,476,184869
KROGER-1093,2025-07-31,560,185429
KROGER-1093,2025-08-01,465,185894
KROGER-1093,2025-08-02,601,186495
KROGER-1093,2025-08-03,605,187100
KROGER-1093,2025-08-04,451,187551
KROGER-1093,2025-08-05,552,188103
KROGER-1093,2025-08-06,549,188652
KROGER-1093,2025-08-07,563,189215
KROGER-1093,2025-08-08,549,189764
KROGER-1093,2025-08-09,517,190281
KROGER-1093,2025-08-10,550,190831
KROGER-1093,2025-08-11,604,191435
KROGER-1093,2025-08-12,486,191921
KROGER-1093,2025-08-13,547,192468
KROGER-1093,2025-08-14,582,193050
KROGER-1093,2025-08-15,491,193541
KROGER-1093,2025-08-16,510,194051
KROGER-1093,2025-08-17,535,194586
KROGER-1093,2025-08-18,587,195173
KROGER-1093,2025-08-19,550,195723
KROGER-1093,2025-08-20,490,196213
KROGER-1093,2025-08-21,530,196743
KROGER-1093,2025-08-22,461,197204
KROGER-1093,2025-08-23,551,197755
KROGER-1093,2025-08-24,563,198318
KROGER-1093,2025-08-25,539,198857
KROGER-1093,2025-08-26,613,199470
KROGER-1093,2025-08-27,565,200035
KROGER-1093,2025-08-28,483,200518
KROGER-1093,2025-08-29,538,201056
KROGER-1093,2025-08-30,557,201613
KROGER-1093,2025-08-31,643,202256
KROGER-1094,2024-09-01,523,523
KROGER-1094,2024-09-02,521,1044
KROGER-1094,2024-09-03,527,1571
KROGER-1094,2024-09-04,472,2043
KROGER-1094,2024-09-05,453,2496
KROGER-1094,2024-09-06,507,3003
KROGER-1094,2024-09-07,571,3574
KROGER-1094,2024-09-08,485,4059
KROGER-1094,2024-09-09,512,4571
KROGER-1094,2024-09-10,488,5059
KROGER-1094,2024-09-11,436,5495
KROGER-1094,2024-09-12,526,6021
KROGER-1094,2024-09-13,533,6554
KROGER-1094,2024-09-14,571,7125
KROGER-1094,2024-09-15,576,7701
KROGER-1094,2024-09-16,512,8213
KROGER-1094,2024-09-17,533,8746
KROGER-1094,2024-09-18,524,9270
KROGER-1094,2024-09-19,410,9680
KROGER-1094,2024-09-20,454,10134
KROGER-1094,2024-09-21,510,10644
KROGER-1094,2024-09-22,544,11188
KROGER-1094,2024-09-23,527,11715
KROGER-1094,2024-09-24,543,12258
KROGER-1094,2024-09-25,544,12802
KROGER-1094,2024-09-26,524,13326
KROGER-1094,2024-09-27,536,13862
KROGER-1094,2024-09-28,608,14470
KROGER-1094,2024-09-29,560,15030
KROGER-1094,2024-09-30,515,15545
KROGER-1094,2024-10-01,535,16080
KROGER-1094,2024-10-02,550,16630
KROGER-1094,2024-10-03,580,17210
KROGER-1094,2024-10-04,471,17681
KROGER-1094,2024-10-05,471,18152
KROGER-1094,2024-10-06,551,18703
KROGER-1094,2024-10-07,456,19159
KROGER-1094,2024-10-08,506,19665
KROGER-1094,2024-10-09,591,20256
KROGER-1094,2024-10-10,516,20772
KROGER-1094,2024-10-11,517,21289
KROGER-1094,2024-10-12,525,21814
KROGER-1094,2024-10-13,607,22421
KROGER-1094,2024-10-14,534,22955
KROGER-1094,2024-10-15,497,23452
KROGER-1094,2024-10-16,577,24029
KROGER-1094,2024-10-17,524,24553
KROGER-1094,2024-10-18,499,25052
KROGER-1094,2024-10-19,451,25503
KROGER-1094,2024-10-20,548,26051
KROGER-1094,2024-10-21,497,26548
KROGER-1094,2024-10-22,503,27051
KROGER-1094,2024-10-23,501,27552
KROGER-1094,2024-10-24,440,27992
KROGER-1094,2024-10-25,622,28614
KROGER-1094,2024-10-26,512,29126
KROGER-1094,2024-10-27,571,29697
KROGER-1094,2024-10-28,507,30204
KROGER-1094,2024-10-29,403,30607
KROGER-1094,2024-10-30,510,31117
KROGER-1094,2024-10-31,521,31638
KROGER-1094,2024-11-01,592,32230
KROGER-1094,2024-11-02,726,32956
KROGER-1094,2024-11-03,744,33700
KROGER-1094,2024-11-04,634,34334
KROGER-1094,2024-11-05,640,34974
KROGER-1094,2024-11-06,562,35536
KROGER-1094,2024-11-07,562,36098
KROGER-1094,2024-11-08,587,36685
KROGER-1094,2024-11-09,755,37440
KROGER-1094,2024-11-10,622,38062
KROGER-1094,2024-11-11,685,38747
KROGER-1094,2024-11-12,584,39331
KROGER-1094,2024-11-13,572,39903
KROGER-1094,2024-11-14,595,40498
KROGER-1094,2024-11-15,593,41091
KROGER-1094,2024-11-16,613,41704
KROGER-1094,2024-11-17,732,42436
KROGER-1094,2024-11-18,617,43053
KROGER-1094,2024-11-19,610,43663
KROGER-1094,2024-11-20,621,44284
KROGER-1094,2024-11-21,665,44949
KROGER-1094,2024-11-22,621,45570
KROGER-1094,2024-11-23,666,46236
KROGER-1094,2024-11-24,703,46939
KROGER-1094,2024-11-25,566,47505
KROGER-1094,2024-11-26,578,48083
KROGER-1094,2024-11-27,625,48708
KROGER-1094,2024-11-28,584,49292
KROGER-1094,2024-11-29,608,49900
KROGER-1094,2024-11-30,593,50493
KROGER-1094,2024-12-01,605,51098
KROGER-1094,2024-12-02,674,51772
KROGER-1094,2024-12-03,601,52373
KROGER-1094,2024-12-04,597,52970
KROGER-1094,2024-12-05,578,53548
KROGER-1094,2024-12-06,576,54124
KROGER-1094,2024-12-07,596,54720
KROGER-1094,2024-12-08,583,55303
KROGER-1094,2024-12-09,585,55888
KROGER-1094,2024-12-10,614,56502
KROGER-1094,2024-12-11,651,57153
KROGER-1094,2024-12-12,615,57768
KROGER-1094,2024-12-13,569,58337
KROGER-1094,2024-12-14,622,58959
KROGER-1094,2024-12-15,619,59578
KROGER-1094,2024-12-16,587,60165
KROGER-1094,2024-12-17,601,60766
KROGER-1094,2024-12-18,664,61430
KROGER-1094,2024-12-19,653,62083
KROGER-1094,2024-12-20,699,62782
KROGER-1094,2024-12-21,604,63386
KROGER-1094,2024-12-22,592,63978
KROGER-1094,2024-12-23,601,64579
KROGER-1094,2024-12-24,677,65256
KROGER-1094,2024-12-25,515,65771
KROGER-1094,2024-12-26,625,66396
KROGER-1094,2024-12-27,603,66999
KROGER-1094,2024-12-28,683,67682
KROGER-1094,2024-12-29,672,68354
KROGER-1094,2024-12-30,650,69004
KROGER-1094,2024-12-31,644,69648
KROGER-1094,2025-01-01,632,70280
KROGER-1094,2025-01-02,590,70870
KROGER-1094,2025-01-03,550,71420
KROGER-1094,2025-01-04,521,71941
KROGER-1094,2025-01-05,526,72467
KROGER-1094,2025-01-06,564,73031
KROGER-1094,2025-01-07,565,73596
KROGER-1094,2025-01-08,481,74077
KROGER-1094,2025-01-09,433,74510
KROGER-1094,2025-01-10,440,74950
KROGER-1094,2025-01-11,593,75543
KROGER-1094,2025-01-12,601,76144
KROGER-1094,2025-01-13,517,76661
KROGER-1094,2025-01-14,529,77190
KROGER-1094,2025-01-15,590,77780
KROGER-1094,2025-01-16,599,78379
KROGER-1094,2025-01-17,544,78923
KROGER-1094,2025-01-18,541,79464
KROGER-1094,2025-01-19,523,79987
KROGER-1094,2025-01-20,504,80491
KROGER-1094,2025-01-21,484,80975
KROGER-1094,2025-01-22,543,81518
KROGER-1094,2025-01-23,511,82029
KROGER-1094,2025-01-24,482,82511
KROGER-1094,2025-01-25,591,83102
KROGER-1094,2025-01-26,566,83668
KROGER-1094,2025-01-27,527,84195
KROGER-1094,2025-01-28,509,84704
KROGER-1094,2025-01-29,535,85239
KROGER-1094,2025-01-30,502,85741
KROGER-1094,2025-01-31,631,86372
KROGER-1094,2025-02-01,641,87013
KROGER-1094,2025-02-02,506,87519
KROGER-1094,2025-02-03,505,88024
KROGER-1094,2025-02-04,479,88503
KROGER-1094,2025-02-05,439,88942
KROGER-1094,2025-02-06,587,89529
KROGER-1094,2025-02-07,510,90039
KROGER-1094,2025-02-08,494,90533
KROGER-1094,2025-02-09,467,91000
KROGER-1094,2025-02-10,525,91525
KROGER-1094,2025-02-11,531,92056
KROGER-1094,2025-02-12,533,92589
KROGER-1094,2025-02-13,560,93149
KROGER-1094,2025-02-14,553,93702
KROGER-1094,2025-02-15,486,94188
KROGER-1094,2025-02-16,495,94683
KROGER-1094,2025-02-17,556,95239
KROGER-1094,2025-02-18,491,95730
KROGER-1094,2025-02-19,455,96185
KROGER-1094,2025-02-20,459,96644
KROGER-1094,2025-02-21,555,97199
KROGER-1094,2025-02-22,582,97781
KROGER-1094,2025-02-23,547,98328
KROGER-1094,2025-02-24,477,98805
KROGER-1094,2025-02-25,513,99318
KROGER-1094,2025-02-26,510,99828
KROGER-1094,2025-02-27,498,100326
KROGER-1094,2025-02-28,544,100870
KROGER-1094,2025-03-01,521,101391
KROGER-1094,2025-03-02,565,101956
KROGER-1094,2025-03-03,530,102486
KROGER-1094,2025-03-04,457,102943
KROGER-1094,2025-03-05,598,103541
KROGER-1094,2025-03-06,540,104081
KROGER-1094,2025-03-07,450,104531
KROGER-1094,2025-03-08,480,105011
KROGER-1094,2025-03-09,611,105622
KROGER-1094,2025-03-10,524,106146
KROGER-1094,2025-03-11,539,106685
KROGER-1094,2025-03-12,532,107217
KROGER-1094,2025-03-13,561,107778
KROGER-1094,2025-03-14,563,108341
KROGER-1094,2025-03-15,504,108845
KROGER-1094,2025-03-16,564,109409
KROGER-1094,2025-03-17,458,109867
KROGER-1094,2025-03-18,471,110338
KROGER-1094,2025-03-19,504,110842
KROGER-1094,2025-03-20,446,111288
KROGER-1094,2025-03-21,484,111772
KROGER-1094,2025-03-22,448,112220
KROGER-1094,2025-03-23,541,112761
KROGER-1094,2025-03-24,584,113345
KROGER-1094,2025-03-25,517,113862
KROGER-1094,2025-03-26,518,114380
KROGER-1094,2025-03-27,501,114881
KROGER-1094,2025-03-28,556,115437
KROGER-1094,2025-03-29,540,115977
KROGER-1094,2025-03-30,494,116471
KROGER-1094,2025-03-31,523,116994
KROGER-1094,2025-04-01,580,117574
KROGER-1094,2025-04-02,457,118031
KROGER-1094,2025-04-03,477,118508
KROGER-1094,2025-04-04,512,119020
KROGER-1094,2025-04-05,527,119547
KROGER-1094,2025-04-06,560,120107
KROGER-1094,2025-04-07,475,120582
KROGER-1094,2025-04-08,494,121076
KROGER-1094,2025-04-09,518,121594
KROGER-1094,2025-04-10,520,122114
KROGER-1094,2025-04-11,624,122738
KROGER-1094,2025-04-12,576,123314
KROGER-1094,2025-04-13,475,123789
KROGER-1094,2025-04-14,474,124263
KROGER-1094,2025-04-15,460,124723
KROGER-1094,2025-04-16,583,125306
KROGER-1094,2025-04-17,472,125778
KROGER-1094,2025-04-18,540,126318
KROGER-1094,2025-04-19,563,126881
KROGER-1094,2025-04-20,478,127359
KROGER-1094,2025-04-21,499,127858
KROGER-1094,2025-04-22,505,128363
KROGER-1094,2025-04-23,451,128814
KROGER-1094,2025-04-24,590,129404
KROGER-1094,2025-04-25,523,129927
KROGER-1094,2025-04-26,611,130538
KROGER-1094,2025-04-27,638,131176
KROGER-1094,2025-04-28,523,131699
KROGER-1094,2025-04-29,532,132231
KROGER-1094,2025-04-30,484,132715
KROGER-1094,2025-05-01,571,133286
KROGER-1094,2025-05-02,514,133800
KROGER-1094,2025-05-03,524,134324
KROGER-1094,2025-05-04,509,134833
KROGER-1094,2025-05-05,519,135352
KROGER-1094,2025-05-06,542,135894
KROGER-1094,2025-05-07,525,136419
KROGER-1094,2025-05-08,535,136954
KROGER-1094,2025-05-09,507,137461
KROGER-1094,2025-05-10,564,138025
KROGER-1094,2025-05-11,563,138588
KROGER-1094,2025-05-12,566,139154
KROGER-1094,2025-05-13,549,139703
KROGER-1094,2025-05-14,522,140225
KROGER-1094,2025-05-15,533,140758
KROGER-1094,2025-05-16,469,141227
KROGER-1094,2025-05-17,597,141824
KROGER-1094,2025-05-18,531,142355
KROGER-1094,2025-05-19,511,142866
KROGER-1094,2025-05-20,496,143362
KROGER-1094,2025-05-21,479,143841
KROGER-1094,2025-05-22,482,144323
KROGER-1094,2025-05-23,472,144795
KROGER-1094,2025-05-24,532,145327
KROGER-1094,2025-05-25,578,145905
KROGER-1094,2025-05-26,515,146420
KROGER-1094,2025-05-27,544,146964
KROGER-1094,2025-05-28,536,147500
KROGER-1094,2025-05-29,498,147998
KROGER-1094,2025-05-30,567,148565
KROGER-1094,2025-05-31,585,149150
KROGER-1094,2025-06-01,578,149728
KROGER-1094,2025-06-02,533,150261
KROGER-1094,2025-06-03,502,150763
KROGER-1094,2025-06-04,502,151265
KROGER-1094,2025-06-05,515,151780
KROGER-1094,2025-06-06,573,152353
KROGER-1094,2025-06-07,590,152943
KROGER-1094,2025-06-08,479,153422
KROGER-1094,2025-06-09,527,153949
KROGER-1094,2025-06-10,413,154362
KROGER-1094,2025-06-11,498,154860
KROGER-1094,2025-06-12,488,155348
KROGER-1094,2025-06-13,539,155887
KROGER-1094,2025-06-14,495,156382
KROGER-1094,2025-06-15,476,156858
KROGER-1094,2025-06-16,495,157353
KROGER-1094,2025-06-17,516,157869
KROGER-1094,2025-06-18,444,158313
KROGER-1094,2025-06-19,563,158876
KROGER-1094,2025-06-20,508,159384
KROGER-1094,2025-06-21,543,159927
KROGER-1094,2025-06-22,590,160517
KROGER-1094,2025-06-23,486,161003
KROGER-1094,2025-06-24,577,161580
KROGER-1094,2025-06-25,516,162096
KROGER-1094,2025-06-26,549,162645
KROGER-1094,2025-06-27,534,163179
KROGER-1094,2025-06-28,572,163751
KROGER-1094,2025-06-29,545,164296
KROGER-1094,2025-06-30,497,164793
KROGER-1094,2025-07-01,596,165389
KROGER-1094,2025-07-02,515,165904
KROGER-1094,2025-07-03,471,166375
KROGER-1094,2025-07-04,577,166952
KROGER-1094,2025-07-05,528,167480
KROGER-1094,2025-07-06,467,167947
KROGER-1094,2025-07-07,482,168429
KROGER-1094,2025-07-08,435,168864
KROGER-1094,2025-07-09,484,169348
KROGER-1094,2025-07-10,589,169937
KROGER-1094,2025-07-11,535,170472
KROGER-1094,2025-07-12,542,171014
KROGER-1094,2025-07-13,517,171531
KROGER-1094,2025-07-14,510,172041
KROGER-1094,2025-07-15,562,172603
KROGER-1094,2025-07-16,441,173044
KROGER-1094,2025-07-17,638,173682
KROGER-1094,2025-07-18,480,174162
KROGER-1094,2025-07-19,531,174693
KROGER-1094,2025-07-20,535,175228
KROGER-1094,2025-07-21,508,175736
KROGER-1094,2025-07-22,488,176224
KROGER-1094,2025-07-23,552,176776
KROGER-1094,2025-07-24,563,177339
KROGER-1094,2025-07-25,556,177895
KROGER-1094,2025-07-26,546,178441
KROGER-1094,2025-07-27,516,178957
KROGER-1094,2025-07-28,508,179465
KROGER-1094,2025-07-29,513,179978
KROGER-1094,2025-07-30,476,180454
KROGER-1094,2025-07-31,523,180977
KROGER-1094,2025-08-01,590,181567
KROGER-1094,2025-08-02,535,182102
KROGER-1094,2025-08-03,564,182666
KROGER-1094,2025-08-04,489,183155
KROGER-1094,2025-08-05,553,183708
KROGER-1094,2025-08-06,489,184197
KROGER-1094,2025-08-07,499,184696
KROGER-1094,2025-08-08,537,185233
KROGER-1094,2025-08-09,499,185732
KROGER-1094,2025-08-10,561,186293
KROGER-1094,2025-08-11,560,186853
KROGER-1094,2025-08-12,523,187376
KROGER-1094,2025-08-13,552,187928
KROGER-1094,2025-08-14,463,188391
KROGER-1094,2025-08-15,535,188926
KROGER-1094,2025-08-16,522,189448
KROGER-1094,2025-08-17,559,190007
KROGER-1094,2025-08-18,581,190588
KROGER-1094,2025-08-19,393,190981
KROGER-1094,2025-08-20,490,191471
KROGER-1094,2025-08-21,421,191892
KROGER-1094,2025-08-22,465,192357
KROGER-1094,2025-08-23,612,192969
KROGER-1094,2025-08-24,458,193427
KROGER-1094,2025-08-25,566,193993
KROGER-1094,2025-08-26,565,194558
KROGER-1094,2025-08-27,534,195092
KROGER-1094,2025-08-28,522,195614
KROGER-1094,2025-08-29,448,196062
KROGER-1094,2025-08-30,563,196625
KROGER-1094,2025-08-31,523,197148
KROGER-1095,2024-09-01,205,205
KROGER-1095,2024-09-02,183,388
KROGER-1095,2024-09-03,156,544
KROGER-1095,2024-09-04,167,711
KROGER-1095,2024-09-05,156,867
KROGER-1095,2024-09-06,159,1026
KROGER-1095,2024-09-07,200,1226
KROGER-1095,2024-09-08,183,1409
KROGER-1095,2024-09-09,168,1577
KROGER-1095,2024-09-10,178,1755
KROGER-1095,2024-09-11,173,1928
KROGER-1095,2024-09-12,180,2108
KROGER-1095,2024-09-13,208,2316
KROGER-1095,2024-09-14,187,2503
KROGER-1095,2024-09-15,204,2707
KROGER-1095,2024-09-16,151,2858
KROGER-1095,2024-09-17,173,3031
KROGER-1095,2024-09-18,160,3191
KROGER-1095,2024-09-19,181,3372
KROGER-1095,2024-09-20,189,3561
KROGER-1095,2024-09-21,200,3761
KROGER-1095,2024-09-22,185,3946
KROGER-1095,2024-09-23,195,4141
KROGER-1095,2024-09-24,183,4324
KROGER-1095,2024-09-25,186,4510
KROGER-1095,2024-09-26,171,4681
KROGER-1095,2024-09-27,170,4851
KROGER-1095,2024-09-28,182,5033
KROGER-1095,2024-09-29,206,5239
KROGER-1095,2024-09-30,171,5410
KROGER-1095,2024-10-01,156,5566
KROGER-1095,2024-10-02,175,5741
KROGER-1095,2024-10-03,170,5911
KROGER-1095,2024-10-04,193,6104
KROGER-1095,2024-10-05,189,6293
KROGER-1095,2024-10-06,194,6487
KROGER-1095,2024-10-07,194,6681
KROGER-1095,2024-10-08,182,6863
KROGER-1095,2024-10-09,164,7027
KROGER-1095,2024-10-10,184,7211
KROGER-1095,2024-10-11,195,7406
KROGER-1095,2024-10-12,187,7593
KROGER-1095,2024-10-13,188,7781
KROGER-1095,2024-10-14,171,7952
KROGER-1095,2024-10-15,181,8133
KROGER-1095,2024-10-16,185,8318
KROGER-1095,2024-10-17,195,8513
KROGER-1095,2024-10-18,203,8716
KROGER-1095,2024-10-19,195,8911
KROGER-1095,2024-10-20,210,9121
KROGER-1095,2024-10-21,183,9304
KROGER-1095,2024-10-22,187,9491
KROGER-1095,2024-10-23,215,9706
KROGER-1095,2024-10-24,177,9883
KROGER-1095,2024-10-25,162,10045
KROGER-1095,2024-10-26,220,10265
KROGER-1095,2024-10-27,197,10462
KROGER-1095,2024-10-28,162,10624
KROGER-1095,2024-10-29,176,10800
KROGER-1095,2024-10-30,185,10985
KROGER-1095,2024-10-31,168,11153
KROGER-1095,2024-11-01,193,11346
KROGER-1095,2024-11-02,239,11585
KROGER-1095,2024-11-03,191,11776
KROGER-1095,2024-11-04,205,11981
KROGER-1095,2024-11-05,204,12185
KROGER-1095,2024-11-06,197,12382
KROGER-1095,2024-11-07,208,12590
KROGER-1095,2024-11-08,210,12800
KROGER-1095,2024-11-09,170,12970
KROGER-1095,2024-11-10,229,13199
KROGER-1095,2024-11-11,228,13427
KROGER-1095,2024-11-12,239,13666
KROGER-1095,2024-11-13,213,13879
KROGER-1095,2024-11-14,177,14056
KROGER-1095,2024-11-15,228,14284
KROGER-1095,2024-11-16,226,14510
KROGER-1095,2024-11-17,238,14748
KROGER-1095,2024-11-18,216,14964
KROGER-1095,2024-11-19,223,15187
KROGER-1095,2024-11-20,198,15385
KROGER-1095,2024-11-21,194,15579
KROGER-1095,2024-11-22,212,15791
KROGER-1095,2024-11-23,224,16015
KROGER-1095,2024-11-24,210,16225
KROGER-1095,2024-11-25,200,16425
KROGER-1095,2024-11-26,200,16625
KROGER-1095,2024-11-27,234,16859
KROGER-1095,2024-11-28,197,17056
KROGER-1095,2024-11-29,223,17279
KROGER-1095,2024-11-30,210,17489
KROGER-1095,2024-12-01,233,17722
KROGER-1095,2024-12-02,237,17959
KROGER-1095,2024-12-03,233,18192
KROGER-1095,2024-12-04,209,18401
KROGER-1095,2024-12-05,218,18619
KROGER-1095,2024-12-06,206,18825
KROGER-1095,2024-12-07,241,19066
KROGER-1095,2024-12-08,223,19289
KROGER-1095,2024-12-09,237,19526
KROGER-1095,2024-12-10,197,19723
KROGER-1095,2024-12-11,200,19923
KROGER-1095,2024-12-12,225,20148
KROGER-1095,2024-12-13,221,20369
KROGER-1095,2024-12-14,257,20626
KROGER-1095,2024-12-15,220,20846
KROGER-1095,2024-12-16,204,21050
KROGER-1095,2024-12-17,204,21254
KROGER-1095,2024-12-18,209,21463
KROGER-1095,2024-12-19,220,21683
KROGER-1095,2024-12-20,186,21869
KROGER-1095,2024-12-21,202,22071
KROGER-1095,2024-12-22,229,22300
KROGER-1095,2024-12-23,220,22520
KROGER-1095,2024-12-24,208,22728
KROGER-1095,2024-12-25,222,22950
KROGER-1095,2024-12-26,188,23138
KROGER-1095,2024-12-27,201,23339
KROGER-1095,2024-12-28,211,23550
KROGER-1095,2024-12-29,209,23759
KROGER-1095,2024-12-30,228,23987
KROGER-1095,2024-12-31,230,24217
KROGER-1095,2025-01-01,146,24363
KROGER-1095,2025-01-02,150,24513
KROGER-1095,2025-01-03,180,24693
KROGER-1095,2025-01-04,178,24871
KROGER-1095,2025-01-05,185,25056
KROGER-1095,2025-01-06,183,25239
KROGER-1095,2025-01-07,203,25442
KROGER-1095,2025-01-08,177,25619
KROGER-1095,2025-01-09,190,25809
KROGER-1095,2025-01-10,172,25981
KROGER-1095,2025-01-11,194,26175
KROGER-1095,2025-01-12,198,26373
KROGER-1095,2025-01-13,171,26544
KROGER-1095,2025-01-14,168,26712
KROGER-1095,2025-01-15,171,26883
KROGER-1095,2025-01-16,190,27073
KROGER-1095,2025-01-17,188,27261
KROGER-1095,2025-01-18,150,27411
KROGER-1095,2025-01-19,181,27592
KROGER-1095,2025-01-20,184,27776
KROGER-1095,2025-01-21,200,27976
KROGER-1095,2025-01-22,177,28153
KROGER-1095,2025-01-23,183,28336
KROGER-1095,2025-01-24,179,28515
KROGER-1095,2025-01-25,179,28694
KROGER-1095,2025-01-26,167,28861
KROGER-1095,2025-01-27,160,29021
KROGER-1095,2025-01-28,189,29210
KROGER-1095,2025-01-29,180,29390
KROGER-1095,2025-01-30,167,29557
KROGER-1095,2025-01-31,158,29715
KROGER-1095,2025-02-01,199,29914
KROGER-1095,2025-02-02,172,30086
KROGER-1095,2025-02-03,188,30274
KROGER-1095,2025-02-04,176,30450
KROGER-1095,2025-02-05,177,30627
KROGER-1095,2025-02-06,203,30830
KROGER-1095,2025-02-07,148,30978
KROGER-1095,2025-02-08,174,31152
KROGER-1095,2025-02-09,211,31363
KROGER-1095,2025-02-10,191,31554
KROGER-1095,2025-02-11,175,31729
KROGER-1095,2025-02-12,205,31934
KROGER-1095,2025-02-13,192,32126
KROGER-1095,2025-02-14,171,32297
KROGER-1095,2025-02-15,171,32468
KROGER-1095,2025-02-16,208,32676
KROGER-1095,2025-02-17,166,32842
KROGER-1095,2025-02-18,182,33024
KROGER-1095,2025-02-19,199,33223
KROGER-1095,2025-02-20,181,33404
KROGER-1095,2025-02-21,178,33582
KROGER-1095,2025-02-22,162,33744
KROGER-1095,2025-02-23,202,33946
KROGER-1095,2025-02-24,152,34098
KROGER-1095,2025-02-25,197,34295
KROGER-1095,2025-02-26,154,34449
KROGER-1095,2025-02-27,166,34615
KROGER-1095,2025-02-28,195,34810
KROGER-1095,2025-03-01,209,35019
KROGER-1095,2025-03-02,188,35207
KROGER-1095,2025-03-03,173,35380
KROGER-1095,2025-03-04,180,35560
KROGER-1095,2025-03-05,150,35710
KROGER-1095,2025-03-06,194,35904
KROGER-1095,2025-03-07,169,36073
KROGER-1095,2025-03-08,183,36256
KROGER-1095,2025-03-09,188,36444
KROGER-1095,2025-03-10,182,36626
KROGER-1095,2025-03-11,184,36810
KROGER-1095,2025-03-12,196,37006
KROGER-1095,2025-03-13,196,37202
KROGER-1095,2025-03-14,178,37380
KROGER-1095,2025-03-15,198,37578
KROGER-1095,2025-03-16,200,37778
KROGER-1095,2025-03-17,153,37931
KROGER-1095,2025-03-18,172,38103
KROGER-1095,2025-03-19,165,38268
KROGER-1095,2025-03-20,178,38446
KROGER-1095,2025-03-21,196,38642
KROGER-1095,2025-03-22,199,38841
KROGER-1095,2025-03-23,199,39040
KROGER-1095,2025-03-24,172,39212
KROGER-1095,2025-03-25,172,39384
KROGER-1095,2025-03-26,169,39553
KROGER-1095,2025-03-27,165,39718
KROGER-1095,2025-03-28,186,39904
KROGER-1095,2025-03-29,179,40083
KROGER-1095,2025-03-30,167,40250
KROGER-1095,2025-03-31,182,40432
KROGER-1095,2025-04-01,179,40611
KROGER-1095,2025-04-02,182,40793
KROGER-1095,2025-04-03,199,40992
KROGER-1095,2025-04-04,178,41170
KROGER-1095,2025-04-05,177,41347
KROGER-1095,2025-04-06,177,41524
KROGER-1095,2025-04-07,164,41688
KROGER-1095,2025-04-08,167,41855
KROGER-1095,2025-04-09,160,42015
KROGER-1095,2025-04-10,180,42195
KROGER-1095,2025-04-11,168,42363
KROGER-1095,2025-04-12,189,42552
KROGER-1095,2025-04-13,182,42734
KROGER-1095,2025-04-14,177,42911
KROGER-1095,2025-04-15,203,43114
KROGER-1095,2025-04-16,194,43308
KROGER-1095,2025-04-17,156,43464
KROGER-1095,2025-04-18,169,43633
KROGER-1095,2025-04-19,158,43791
KROGER-1095,2025-04-20,181,43972
KROGER-1095,2025-04-21,183,44155
KROGER-1095,2025-04-22,193,44348
KROGER-1095,2025-04-23,193,44541
KROGER-1095,2025-04-24,183,44724
KROGER-1095,2025-04-25,165,44889
KROGER-1095,2025-04-26,200,45089
KROGER-1095,2025-04-27,188,45277
KROGER-1095,2025-04-28,181,45458
KROGER-1095,2025-04-29,206,45664
KROGER-1095,2025-04-30,165,45829
KROGER-1095,2025-05-01,208,46037
KROGER-1095,2025-05-02,204,46241
KROGER-1095,2025-05-03,188,46429
KROGER-1095,2025-05-04,190,46619
KROGER-1095,2025-05-05,168,46787
KROGER-1095,2025-05-06,181,46968
KROGER-1095,2025-05-07,179,47147
KROGER-1095,2025-05-08,168,47315
KROGER-1095,2025-05-09,168,47483
KROGER-1095,2025-05-10,183,47666
KROGER-1095,2025-05-11,187,47853
KROGER-1095,2025-05-12,154,48007
KROGER-1095,2025-05-13,194,48201
KROGER-1095,2025-05-14,171,48372
KROGER-1095,2025-05-15,174,48546
KROGER-1095,2025-05-16,181,48727
KROGER-1095,2025-05-17,183,48910
KROGER-1095,2025-05-18,204,49114
KROGER-1095,2025-05-19,174,49288
KROGER-1095,2025-05-20,170,49458
KROGER-1095,2025-05-21,187,49645
KROGER-1095,2025-05-22,189,49834
KROGER-1095,2025-05-23,214,50048
KROGER-1095,2025-05-24,159,50207
KROGER-1095,2025-05-25,188,50395
KROGER-1095,2025-05-26,188,50583
KROGER-1095,2025-05-27,165,50748
KROGER-1095,2025-05-28,198,50946
KROGER-1095,2025-05-29,168,51114
KROGER-1095,2025-05-30,180,51294
KROGER-1095,2025-05-31,203,51497
KROGER-1095,2025-06-01,171,51668
KROGER-1095,2025-06-02,176,51844
KROGER-1095,2025-06-03,189,52033
KROGER-1095,2025-06-04,180,52213
KROGER-1095,2025-06-05,188,52401
KROGER-1095,2025-06-06,189,52590
KROGER-1095,2025-06-07,179,52769
KROGER-1095,2025-06-08,211,52980
KROGER-1095,2025-06-09,166,53146
KROGER-1095,2025-06-10,197,53343
KROGER-1095,2025-06-11,183,53526
KROGER-1095,2025-06-12,169,53695
KROGER-1095,2025-06-13,166,53861
KROGER-1095,2025-06-14,191,54052
KROGER-1095,2025-06-15,184,54236
KROGER-1095,2025-06-16,185,54421
KROGER-1095,2025-06-17,175,54596
KROGER-1095,2025-06-18,179,54775
KROGER-1095,2025-06-19,185,54960
KROGER-1095,2025-06-20,177,55137
KROGER-1095,2025-06-21,183,55320
KROGER-1095,2025-06-22,192,55512
KROGER-1095,2025-06-23,173,55685
KROGER-1095,2025-06-24,188,55873
KROGER-1095,2025-06-25,185,56058
KROGER-1095,2025-06-26,188,56246
KROGER-1095,2025-06-27,188,56434
KROGER-1095,2025-06-28,183,56617
KROGER-1095,2025-06-29,157,56774
KROGER-1095,2025-06-30,176,56950
KROGER-1095,2025-07-01,181,57131
KROGER-1095,2025-07-02,176,57307
KROGER-1095,2025-07-03,168,57475
KROGER-1095,2025-07-04,196,57671
KROGER-1095,2025-07-05,175,57846
KROGER-1095,2025-07-06,177,58023
KROGER-1095,2025-07-07,172,58195
KROGER-1095,2025-07-08,174,58369
KROGER-1095,2025-07-09,170,58539
KROGER-1095,2025-07-10,178,58717
KROGER-1095,2025-07-11,180,58897
KROGER-1095,2025-07-12,173,59070
KROGER-1095,2025-07-13,170,59240
KROGER-1095,2025-07-14,188,59428
KROGER-1095,2025-07-15,177,59605
KROGER-1095,2025-07-16,192,59797
KROGER-1095,2025-07-17,187,59984
KROGER-1095,2025-07-18,174,60158
KROGER-1095,2025-07-19,193,60351
KROGER-1095,2025-07-20,198,60549
KROGER-1095,2025-07-21,167,60716
KROGER-1095,2025-07-22,156,60872
KROGER-1095,2025-07-23,164,61036
KROGER-1095,2025-07-24,186,61222
KROGER-1095,2025-07-25,203,61425
KROGER-1095,2025-07-26,186,61611
KROGER-1095,2025-07-27,206,61817
KROGER-1095,2025-07-28,191,62008
KROGER-1095,2025-07-29,168,62176
KROGER-1095,2025-07-30,177,62353
KROGER-1095,2025-07-31,187,62540
KROGER-1095,2025-08-01,161,62701
KROGER-1095,2025-08-02,200,62901
KROGER-1095,2025-08-03,203,63104
KROGER-1095,2025-08-04,190,63294
KROGER-1095,2025-08-05,176,63470
KROGER-1095,2025-08-06,185,63655
KROGER-1095,2025-08-07,192,63847
KROGER-1095,2025-08-08,157,64004
KROGER-1095,2025-08-09,151,64155
KROGER-1095,2025-08-10,195,64350
KROGER-1095,2025-08-11,170,64520
KROGER-1095,2025-08-12,181,64701
KROGER-1095,2025-08-13,181,64882
KROGER-1095,2025-08-14,196,65078
KROGER-1095,2025-08-15,180,65258
KROGER-1095,2025-08-16,195,65453
KROGER-1095,2025-08-17,194,65647
KROGER-1095,2025-08-18,189,65836
KROGER-1095,2025-08-19,170,66006
KROGER-1095,2025-08-20,182,66188
KROGER-1095,2025-08-21,145,66333
KROGER-1095,2025-08-22,169,66502
KROGER-1095,2025-08-23,202,66704
KROGER-1095,2025-08-24,167,66871
KROGER-1095,2025-08-25,161,67032
KROGER-1095,2025-08-26,187,67219
KROGER-1095,2025-08-27,169,67388
KROGER-1095,2025-08-28,196,67584
KROGER-1095,2025-08-29,179,67763
KROGER-1095,2025-08-30,210,67973
KROGER-1095,2025-08-31,212,68185
KROGER-1096,2024-09-01,456,456
KROGER-1096,2024-09-02,378,834
KROGER-1096,2024-09-03,358,1192
KROGER-1096,2024-09-04,434,1626
KROGER-1096,2024-09-05,393,2019
KROGER-1096,2024-09-06,400,2419
KROGER-1096,2024-09-07,451,2870
KROGER-1096,2024-09-08,376,3246
KROGER-1096,2024-09-09,412,3658
KROGER-1096,2024-09-10,378,4036
KROGER-1096,2024-09-11,419,4455
KROGER-1096,2024-09-12,406,4861
KROGER-1096,2024-09-13,421,5282
KROGER-1096,2024-09-14,399,5681
KROGER-1096,2024-09-15,390,6071
KROGER-1096,2024-09-16,394,6465
KROGER-1096,2024-09-17,375,6840
KROGER-1096,2024-09-18,374,7214
KROGER-1096,2024-09-19,371,7585
KROGER-1096,2024-09-20,414,7999
KROGER-1096,2024-09-21,478,8477
KROGER-1096,2024-09-22,440,8917
KROGER-1096,2024-09-23,416,9333
KROGER-1096,2024-09-24,415,9748
KROGER-1096,2024-09-25,365,10113
KROGER-1096,2024-09-26,415,10528
KROGER-1096,2024-09-27,337,10865
KROGER-1096,2024-09-28,426,11291
KROGER-1096,2024-09-29,438,11729
KROGER-1096,2024-09-30,419,12148
KROGER-1096,2024-10-01,414,12562
KROGER-1096,2024-10-02,354,12916
KROGER-1096,2024-10-03,373,13289
KROGER-1096,2024-10-04,431,13720
KROGER-1096,2024-10-05,426,14146
KROGER-1096,2024-10-06,424,14570
KROGER-1096,2024-10-07,377,14947
KROGER-1096,2024-10-08,359,15306
KROGER-1096,2024-10-09,371,15677
KROGER-1096,2024-10-10,350,16027
KROGER-1096,2024-10-11,411,16438
KROGER-1096,2024-10-12,316,16754
KROGER-1096,2024-10-13,389,17143
KROGER-1096,2024-10-14,456,17599
KROGER-1096,2024-10-15,387,17986
KROGER-1096,2024-10-16,369,18355
KROGER-1096,2024-10-17,464,18819
KROGER-1096,2024-10-18,381,19200
KROGER-1096,2024-10-19,479,19679
KROGER-1096,2024-10-20,404,20083
KROGER-1096,2024-10-21,422,20505
KROGER-1096,2024-10-22,466,20971
KROGER-1096,2024-10-23,398,21369
KROGER-1096,2024-10-24,383,21752
KROGER-1096,2024-10-25,416,22168
KROGER-1096,2024-10-26,381,22549
KROGER-1096,2024-10-27,455,23004
KROGER-1096,2024-10-28,373,23377
KROGER-1096,2024-10-29,345,23722
KROGER-1096,2024-10-30,391,24113
KROGER-1096,2024-10-31,380,24493
KROGER-1096,2024-11-01,380,24873
KROGER-1096,2024-11-02,497,25370
KROGER-1096,2024-11-03,453,25823
KROGER-1096,2024-11-04,455,26278
KROGER-1096,2024-11-05,431,26709
KROGER-1096,2024-11-06,498,27207
KROGER-1096,2024-11-07,472,27679
KROGER-1096,2024-11-08,417,28096
KROGER-1096,2024-11-09,552,28648
KROGER-1096,2024-11-10,509,29157
KROGER-1096,2024-11-11,454,29611
KROGER-1096,2024-11-12,444,30055
KROGER-1096,2024-11-13,470,30525
KROGER-1096,2024-11-14,425,30950
KROGER-1096,2024-11-15,522,31472
KROGER-1096,2024-11-16,541,32013
KROGER-1096,2024-11-17,483,32496
KROGER-1096,2024-11-18,458,32954
KROGER-1096,2024-11-19,439,33393
KROGER-1096,2024-11-20,483,33876
KROGER-1096,2024-11-21,483,34359
KROGER-1096,2024-11-22,500,34859
KROGER-1096,2024-11-23,508,35367
KROGER-1096,2024-11-24,461,35828
KROGER-1096,2024-11-25,445,36273
KROGER-1096,2024-11-26,478,36751
KROGER-1096,2024-11-27,446,37197
KROGER-1096,2024-11-28,525,37722
KROGER-1096,2024-11-29,472,38194
KROGER-1096,2024-11-30,439,38633
KROGER-1096,2024-12-01,492,39125
KROGER-1096,2024-12-02,465,39590
KROGER-1096,2024-12-03,524,40114
KROGER-1096,2024-12-04,474,40588
KROGER-1096,2024-12-05,495,41083
KROGER-1096,2024-12-06,467,41550
KROGER-1096,2024-12-07,537,42087
KROGER-1096,2024-12-08,549,42636
KROGER-1096,2024-12-09,438,43074
KROGER-1096,2024-12-10,450,43524
KROGER-1096,2024-12-11,464,43988
KROGER-1096,2024-12-12,507,44495
KROGER-1096,2024-12-13,448,44943
KROGER-1096,2024-12-14,408,45351
KROGER-1096,2024-12-15,528,45879
KROGER-1096,2024-12-16,443,46322
KROGER-1096,2024-12-17,460,46782
KROGER-1096,2024-12-18,458,47240
KROGER-1096,2024-12-19,394,47634
KROGER-1096,2024-12-20,428,48062
KROGER-1096,2024-12-21,530,48592
KROGER-1096,2024-12-22,495,49087
KROGER-1096,2024-12-23,509,49596
KROGER-1096,2024-12-24,534,50130
KROGER-1096,2024-12-25,411,50541
KROGER-1096,2024-12-26,460,51001
KROGER-1096,2024-12-27,468,51469
KROGER-1096,2024-12-28,556,52025
KROGER-1096,2024-12-29,453,52478
KROGER-1096,2024-12-30,485,52963
KROGER-1096,2024-12-31,521,53484
KROGER-1096,2025-01-01,422,53906
KROGER-1096,2025-01-02,410,54316
KROGER-1096,2025-01-03,371,54687
KROGER-1096,2025-01-04,449,55136
KROGER-1096,2025-01-05,360,55496
KROGER-1096,2025-01-06,409,55905
KROGER-1096,2025-01-07,339,56244
KROGER-1096,2025-01-08,450,56694
KROGER-1096,2025-01-09,357,57051
KROGER-1096,2025-01-10,379,57430
KROGER-1096,2025-01-11,468,57898
KROGER-1096,2025-01-12,428,58326
KROGER-1096,2025-01-13,371,58697
KROGER-1096,2025-01-14,397,59094
KROGER-1096,2025-01-15,403,59497
KROGER-1096,2025-01-16,407,59904
KROGER-1096,2025-01-17,387,60291
KROGER-1096,2025-01-18,403,60694
KROGER-1096,2025-01-19,436,61130
KROGER-1096,2025-01-20,386,61516
KROGER-1096,2025-01-21,360,61876
KROGER-1096,2025-01-22,384,62260
KROGER-1096,2025-01-23,393,62653
KROGER-1096,2025-01-24,404,63057
KROGER-1096,2025-01-25,420,63477
KROGER-1096,2025-01-26,370,63847
KROGER-1096,2025-01-27,409,64256
KROGER-1096,2025-01-28,387,64643
KROGER-1096,2025-01-29,376,65019
KROGER-1096,2025-01-30,423,65442
KROGER-1096,2025-01-31,371,65813
KROGER-1096,2025-02-01,472,66285
KROGER-1096,2025-02-02,469,66754
KROGER-1096,2025-02-03,425,67179
KROGER-1096,2025-02-04,372,67551
KROGER-1096,2025-02-05,412,67963
KROGER-1096,2025-02-06,402,68365
KROGER-1096,2025-02-07,371,68736
KROGER-1096,2025-02-08,449,69185
KROGER-1096,2025-02-09,413,69598
KROGER-1096,2025-02-10,316,69914
KROGER-1096,2025-02-11,440,70354
KROGER-1096,2025-02-12,441,70795
KROGER-1096,2025-02-13,392,71187
KROGER-1096,2025-02-14,413,71600
KROGER-1096,2025-02-15,425,72025
KROGER-1096,2025-02-16,398,72423
KROGER-1096,2025-02-17,478,72901
KROGER-1096,2025-02-18,374,73275
KROGER-1096,2025-02-19,395,73670
KROGER-1096,2025-02-20,358,74028
KROGER-1096,2025-02-21,421,74449
KROGER-1096,2025-02-22,436,74885
KROGER-1096,2025-02-23,442,75327
KROGER-1096,2025-02-24,355,75682
KROGER-1096,2025-02-25,402,76084
KROGER-1096,2025-02-26,406,76490
KROGER-1096,2025-02-27,352,76842
KROGER-1096,2025-02-28,406,77248
KROGER-1096,2025-03-01,392,77640
KROGER-1096,2025-03-02,403,78043
KROGER-1096,2025-03-03,412,78455
KROGER-1096,2025-03-04,400,78855
KROGER-1096,2025-03-05,370,79225
KROGER-1096,2025-03-06,358,79583
KROGER-1096,2025-03-07,388,79971
KROGER-1096,2025-03-08,421,80392
KROGER-1096,2025-03-09,414,80806
KROGER-1096,2025-03-10,390,81196
KROGER-1096,2025-03-11,386,81582
KROGER-1096,2025-03-12,439,82021
KROGER-1096,2025-03-13,400,82421
KROGER-1096,2025-03-14,400,82821
KROGER-1096,2025-03-15,406,83227
KROGER-1096,2025-03-16,399,83626
KROGER-1096,2025-03-17,453,84079
KROGER-1096,2025-03-18,411,84490
KROGER-1096,2025-03-19,418,84908
KROGER-1096,2025-03-20,368,85276
KROGER-1096,2025-03-21,425,85701
KROGER-1096,2025-03-22,380,86081
KROGER-1096,2025-03-23,424,86505
KROGER-1096,2025-03-24,397,86902
KROGER-1096,2025-03-25,435,87337
KROGER-1096,2025-03-26,378,87715
KROGER-1096,2025-03-27,411,88126
KROGER-1096,2025-03-28,406,88532
KROGER-1096,2025-03-29,388,88920
KROGER-1096,2025-03-30,431,89351
KROGER-1096,2025-03-31,389,89740
KROGER-1096,2025-04-01,392,90132
KROGER-1096,2025-04-02,382,90514
KROGER-1096,2025-04-03,395,90909
KROGER-1096,2025-04-04,395,91304
KROGER-1096,2025-04-05,431,91735
KROGER-1096,2025-04-06,424,92159
KROGER-1096,2025-04-07,421,92580
KROGER-1096,2025-04-08,420,93000
KROGER-1096,2025-04-09,441,93441
KROGER-1096,2025-04-10,415,93856
KROGER-1096,2025-04-11,398,94254
KROGER-1096,2025-04-12,451,94705
KROGER-1096,2025-04-13,417,95122
KROGER-1096,2025-04-14,403,95525
KROGER-1096,2025-04-15,314,95839
KROGER-1096,2025-04-16,365,96204
KROGER-1096,2025-04-17,416,96620
KROGER-1096,2025-04-18,436,97056
KROGER-1096,2025-04-19,431,97487
KROGER-1096,2025-04-20,433,97920
KROGER-1096,2025-04-21,415,98335
KROGER-1096,2025-04-22,395,98730
KROGER-1096,2025-04-23,364,99094
KROGER-1096,2025-04-24,414,99508
KROGER-1096,2025-04-25,355,99863
KROGER-1096,2025-04-26,430,100293
KROGER-1096,2025-04-27,460,100753
KROGER-1096,2025-04-28,403,101156
KROGER-1096,2025-04-29,410,101566
KROGER-1096,2025-04-30,428,101994
KROGER-1096,2025-05-01,389,102383
KROGER-1096,2025-05-02,441,102824
KROGER-1096,2025-05-03,447,103271
KROGER-1096,2025-05-04,418,103689
KROGER-1096,2025-05-05,324,104013
KROGER-1096,2025-05-06,390,104403
KROGER-1096,2025-05-07,390,104793
KROGER-1096,2025-05-08,404,105197
KROGER-1096,2025-05-09,440,105637
KROGER-1096,2025-05-10,447,106084
KROGER-1096,2025-05-11,421,106505
KROGER-1096,2025-05-12,386,106891
KROGER-1096,2025-05-13,336,107227
KROGER-1096,2025-05-14,418,107645
KROGER-1096,2025-05-15,405,108050
KROGER-1096,2025-05-16,426,108476
KROGER-1096,2025-05-17,426,108902
KROGER-1096,2025-05-18,395,109297
KROGER-1096,2025-05-19,410,109707
KROGER-1096,2025-05-20,405,110112
KROGER-1096,2025-05-21,426,110538
KROGER-1096,2025-05-22,386,110924
KROGER-1096,2025-05-23,375,111299
KROGER-1096,2025-05-24,420,111719
KROGER-1096,2025-05-25,413,112132
KROGER-1096,2025-05-26,378,112510
KROGER-1096,2025-05-27,377,112887
KROGER-1096,2025-05-28,434,113321
KROGER-1096,2025-05-29,393,113714
KROGER-1096,2025-05-30,431,114145
KROGER-1096,2025-05-31,486,114631
KROGER-1096,2025-06-01,408,115039
KROGER-1096,2025-06-02,374,115413
KROGER-1096,2025-06-03,364,115777
KROGER-1096,2025-06-04,430,116207
KROGER-1096,2025-06-05,392,116599
KROGER-1096,2025-06-06,400,116999
KROGER-1096,2025-06-07,404,117403
KROGER-1096,2025-06-08,413,117816
KROGER-1096,2025-06-09,479,118295
KROGER-1096,2025-06-10,377,118672
KROGER-1096,2025-06-11,332,119004
KROGER-1096,2025-06-12,394,119398
KROGER-1096,2025-06-13,380,119778
KROGER-1096,2025-06-14,439,120217
KROGER-1096,2025-06-15,416,120633
KROGER-1096,2025-06-16,432,121065
KROGER-1096,2025-06-17,332,121397
KROGER-1096,2025-06-18,414,121811
KROGER-1096,2025-06-19,440,122251
KROGER-1096,2025-06-20,384,122635
KROGER-1096,2025-06-21,403,123038
KROGER-1096,2025-06-22,401,123439
KROGER-1096,2025-06-23,379,123818
KROGER-1096,2025-06-24,431,124249
KROGER-1096,2025-06-25,367,124616
KROGER-1096,2025-06-26,415,125031
KROGER-1096,2025-06-27,348,125379
KROGER-1096,2025-06-28,374,125753
KROGER-1096,2025-06-29,419,126172
KROGER-1096,2025-06-30,362,126534
KROGER-1096,2025-07-01,361,126895
KROGER-1096,2025-07-02,433,127328
KROGER-1096,2025-07-03,411,127739
KROGER-1096,2025-07-04,397,128136
KROGER-1096,2025-07-05,436,128572
KROGER-1096,2025-07-06,369,128941
KROGER-1096,2025-07-07,365,129306
KROGER-1096,2025-07-08,402,129708
KROGER-1096,2025-07-09,349,130057
KROGER-1096,2025-07-10,350,130407
KROGER-1096,2025-07-11,384,130791
KROGER-1096,2025-07-12,420,131211
KROGER-1096,2025-07-13,407,131618
KROGER-1096,2025-07-14,366,131984
KROGER-1096,2025-07-15,367,132351
KROGER-1096,2025-07-16,387,132738
KROGER-1096,2025-07-17,418,133156
KROGER-1096,2025-07-18,442,133598
KROGER-1096,2025-07-19,416,134014
KROGER-1096,2025-07-20,350,134364
KROGER-1096,2025-07-21,422,134786
KROGER-1096,2025-07-22,415,135201
KROGER-1096,2025-07-23,377,135578
KROGER-1096,2025-07-24,388,135966
KROGER-1096,2025-07-25,440,136406
KROGER-1096,2025-07-26,466,136872
KROGER-1096,2025-07-27,388,137260
KROGER-1096,2025-07-28,464,137724
KROGER-1096,2025-07-29,409,138133
KROGER-1096,2025-07-30,474,138607
KROGER-1096,2025-07-31,352,138959
KROGER-1096,2025-08-01,378,139337
KROGER-1096,2025-08-02,342,139679
KROGER-1096,2025-08-03,407,140086
KROGER-1096,2025-08-04,420,140506
KROGER-1096,2025-08-05,452,140958
KROGER-1096,2025-08-06,371,141329
KROGER-1096,2025-08-07,405,141734
KROGER-1096,2025-08-08,384,142118
KROGER-1096,2025-08-09,437,142555
KROGER-1096,2025-08-10,409,142964
KROGER-1096,2025-08-11,385,143349
KROGER-1096,2025-08-12,339,143688
KROGER-1096,2025-08-13,403,144091
KROGER-1096,2025-08-14,440,144531
KROGER-1096,2025-08-15,354,144885
KROGER-1096,2025-08-16,444,145329
KROGER-1096,2025-08-17,416,145745
KROGER-1096,2025-08-18,328,146073
KROGER-1096,2025-08-19,383,146456
KROGER-1096,2025-08-20,385,146841
KROGER-1096,2025-08-21,408,147249
KROGER-1096,2025-08-22,411,147660
KROGER-1096,2025-08-23,418,148078
KROGER-1096,2025-08-24,436,148514
KROGER-1096,2025-08-25,365,148879
KROGER-1096,2025-08-26,388,149267
KROGER-1096,2025-08-27,389,149656
KROGER-1096,2025-08-28,430,150086
KROGER-1096,2025-08-29,336,150422
KROGER-1096,2025-08-30,433,150855
KROGER-1096,2025-08-31,463,151318
KROGER-1097,2024-09-01,759,759
KROGER-1097,2024-09-02,906,1665
KROGER-1097,2024-09-03,688,2353
KROGER-1097,2024-09-04,708,3061
KROGER-1097,2024-09-05,684,3745
KROGER-1097,2024-09-06,703,4448
KROGER-1097,2024-09-07,789,5237
KROGER-1097,2024-09-08,729,5966
KROGER-1097,2024-09-09,669,6635
KROGER-1097,2024-09-10,624,7259
KROGER-1097,2024-09-11,707,7966
KROGER-1097,2024-09-12,715,8681
KROGER-1097,2024-09-13,698,9379
KROGER-1097,2024-09-14,885,10264
KROGER-1097,2024-09-15,790,11054
KROGER-1097,2024-09-16,685,11739
KROGER-1097,2024-09-17,756,12495
KROGER-1097,2024-09-18,763,13258
KROGER-1097,2024-09-19,715,13973
KROGER-1097,2024-09-20,692,14665
KROGER-1097,2024-09-21,693,15358
KROGER-1097,2024-09-22,834,16192
KROGER-1097,2024-09-23,706,16898
KROGER-1097,2024-09-24,705,17603
KROGER-1097,2024-09-25,779,18382
KROGER-1097,2024-09-26,718,19100
KROGER-1097,2024-09-27,857,19957
KROGER-1097,2024-09-28,720,20677
KROGER-1097,2024-09-29,729,21406
KROGER-1097,2024-09-30,675,22081
KROGER-1097,2024-10-01,668,22749
KROGER-1097,2024-10-02,739,23488
KROGER-1097,2024-10-03,756,24244
KROGER-1097,2024-10-04,694,24938
KROGER-1097,2024-10-05,754,25692
KROGER-1097,2024-10-06,764,26456
KROGER-1097,2024-10-07,790,27246
KROGER-1097,2024-10-08,681,27927
KROGER-1097,2024-10-09,726,28653
KROGER-1097,2024-10-10,740,29393
KROGER-1097,2024-10-11,739,30132
KROGER-1097,2024-10-12,756,30888
KROGER-1097,2024-10-13,813,31701
KROGER-1097,2024-10-14,676,32377
KROGER-1097,2024-10-15,706,33083
KROGER-1097,2024-10-16,682,33765
KROGER-1097,2024-10-17,678,34443
KROGER-1097,2024-10-18,722,35165
KROGER-1097,2024-10-19,811,35976
KROGER-1097,2024-10-20,704,36680
KROGER-1097,2024-10-21,768,37448
KROGER-1097,2024-10-22,697,38145
KROGER-1097,2024-10-23,661,38806
KROGER-1097,2024-10-24,678,39484
KROGER-1097,2024-10-25,770,40254
KROGER-1097,2024-10-26,689,40943
KROGER-1097,2024-10-27,872,41815
KROGER-1097,2024-10-28,724,42539
KROGER-1097,2024-10-29,618,43157
KROGER-1097,2024-10-30,656,43813
KROGER-1097,2024-10-31,763,44576
KROGER-1097,2024-11-01,759,45335
KROGER-1097,2024-11-02,950,46285
KROGER-1097,2024-11-03,817,47102
KROGER-1097,2024-11-04,884,47986
KROGER-1097,2024-11-05,949,48935
KROGER-1097,2024-11-06,885,49820
KROGER-1097,2024-11-07,917,50737
KROGER-1097,2024-11-08,909,51646
KROGER-1097,2024-11-09,819,52465
KROGER-1097,2024-11-10,814,53279
KROGER-1097,2024-11-11,738,54017
KROGER-1097,2024-11-12,880,54897
KROGER-1097,2024-11-13,852,55749
KROGER-1097,2024-11-14,790,56539
KROGER-1097,2024-11-15,882,57421
KROGER-1097,2024-11-16,1018,58439
KROGER-1097,2024-11-17,952,59391
KROGER-1097,2024-11-18,953,60344
KROGER-1097,2024-11-19,832,61176
KROGER-1097,2024-11-20,871,62047
KROGER-1097,2024-11-21,881,62928
KROGER-1097,2024-11-22,917,63845
KROGER-1097,2024-11-23,791,64636
KROGER-1097,2024-11-24,1010,65646
KROGER-1097,2024-11-25,875,66521
KROGER-1097,2024-11-26,949,67470
KROGER-1097,2024-11-27,931,68401
KROGER-1097,2024-11-28,712,69113
KROGER-1097,2024-11-29,882,69995
KROGER-1097,2024-11-30,937,70932
KROGER-1097,2024-12-01,886,71818
KROGER-1097,2024-12-02,859,72677
KROGER-1097,2024-12-03,798,73475
KROGER-1097,2024-12-04,848,74323
KROGER-1097,2024-12-05,836,75159
KROGER-1097,2024-12-06,823,75982
KROGER-1097,2024-12-07,875,76857
KROGER-1097,2024-12-08,731,77588
KROGER-1097,2024-12-09,823,78411
KROGER-1097,2024-12-10,796,79207
KROGER-1097,2024-12-11,802,80009
KROGER-1097,2024-12-12,764,80773
KROGER-1097,2024-12-13,843,81616
KROGER-1097,2024-12-14,838,82454
KROGER-1097,2024-12-15,837,83291
KROGER-1097,2024-12-16,867,84158
KROGER-1097,2024-12-17,971,85129
KROGER-1097,2024-12-18,868,85997
KROGER-1097,2024-12-19,933,86930
KROGER-1097,2024-12-20,852,87782
KROGER-1097,2024-12-21,1081,88863
KROGER-1097,2024-12-22,821,89684
KROGER-1097,2024-12-23,722,90406
KROGER-1097,2024-12-24,920,91326
KROGER-1097,2024-12-25,909,92235
KROGER-1097,2024-12-26,735,92970
KROGER-1097,2024-12-27,849,93819
KROGER-1097,2024-12-28,1031,94850
KROGER-1097,2024-12-29,966,95816
KROGER-1097,2024-12-30,753,96569
KROGER-1097,2024-12-31,719,97288
KROGER-1097,2025-01-01,808,98096
KROGER-1097,2025-01-02,667,98763
KROGER-1097,2025-01-03,771,99534
KROGER-1097,2025-01-04,794,100328
KROGER-1097,2025-01-05,750,101078
KROGER-1097,2025-01-06,673,101751
KROGER-1097,2025-01-07,801,102552
KROGER-1097,2025-01-08,587,103139
KROGER-1097,2025-01-09,778,103917
KROGER-1097,2025-01-10,697,104614
KROGER-1097,2025-01-11,706,105320
KROGER-1097,2025-01-12,744,106064
KROGER-1097,2025-01-13,780,106844
KROGER-1097,2025-01-14,644,107488
KROGER-1097,2025-01-15,735,108223
KROGER-1097,2025-01-16,750,108973
KROGER-1097,2025-01-17,704,109677
KROGER-1097,2025-01-18,685,110362
KROGER-1097,2025-01-19,702,111064
KROGER-1097,2025-01-20,818,111882
KROGER-1097,2025-01-21,770,112652
KROGER-1097,2025-01-22,750,113402
KROGER-1097,2025-01-23,838,114240
KROGER-1097,2025-01-24,670,114910
KROGER-1097,2025-01-25,750,115660
KROGER-1097,2025-01-26,754,116414
KROGER-1097,2025-01-27,786,117200
KROGER-1097,2025-01-28,622,117822
KROGER-1097,2025-01-29,720,118542
KROGER-1097,2025-01-30,716,119258
KROGER-1097,2025-01-31,763,120021
KROGER-1097,2025-02-01,725,120746
KROGER-1097,2025-02-02,824,121570
KROGER-1097,2025-02-03,739,122309
KROGER-1097,2025-02-04,671,122980
KROGER-1097,2025-02-05,749,123729
KROGER-1097,2025-02-06,709,124438
KROGER-1097,2025-02-07,744,125182
KROGER-1097,2025-02-08,680,125862
KROGER-1097,2025-02-09,735,126597
KROGER-1097,2025-02-10,774,127371
KROGER-1097,2025-02-11,796,128167
KROGER-1097,2025-02-12,741,128908
KROGER-1097,2025-02-13,702,129610
KROGER-1097,2025-02-14,684,130294
KROGER-1097,2025-02-15,709,131003
KROGER-1097,2025-02-16,709,131712
KROGER-1097,2025-02-17,667,132379
KROGER-1097,2025-02-18,711,133090
KROGER-1097,2025-02-19,682,133772
KROGER-1097,2025-02-20,747,134519
KROGER-1097,2025-02-21,736,135255
KROGER-1097,2025-02-22,817,136072
KROGER-1097,2025-02-23,785,136857
KROGER-1097,2025-02-24,764,137621
KROGER-1097,2025-02-25,669,138290
KROGER-1097,2025-02-26,744,139034
KROGER-1097,2025-02-27,730,139764
KROGER-1097,2025-02-28,602,140366
KROGER-1097,2025-03-01,748,141114
KROGER-1097,2025-03-02,691,141805
KROGER-1097,2025-03-03,628,142433
KROGER-1097,2025-03-04,698,143131
KROGER-1097,2025-03-05,679,143810
KROGER-1097,2025-03-06,672,144482
KROGER-1097,2025-03-07,633,145115
KROGER-1097,2025-03-08,858,145973
KROGER-1097,2025-03-09,676,146649
KROGER-1097,2025-03-10,696,147345
KROGER-1097,2025-03-11,755,148100
KROGER-1097,2025-03-12,772,148872
KROGER-1097,2025-03-13,653,149525
KROGER-1097,2025-03-14,703,150228
KROGER-1097,2025-03-15,785,151013
KROGER-1097,2025-03-16,769,151782
KROGER-1097,2025-03-17,737,152519
KROGER-1097,2025-03-18,647,153166
KROGER-1097,2025-03-19,668,153834
KROGER-1097,2025-03-20,707,154541
KROGER-1097,2025-03-21,698,155239
KROGER-1097,2025-03-22,761,156000
KROGER-1097,2025-03-23,688,156688
KROGER-1097,2025-03-24,772,157460
KROGER-1097,2025-03-25,647,158107
KROGER-1097,2025-03-26,729,158836
KROGER-1097,2025-03-27,669,159505
KROGER-1097,2025-03-28,700,160205
KROGER-1097,2025-03-29,663,160868
KROGER-1097,2025-03-30,741,161609
KROGER-1097,2025-03-31,754,162363
KROGER-1097,2025-04-01,788,163151
KROGER-1097,2025-04-02,710,163861
KROGER-1097,2025-04-03,646,164507
KROGER-1097,2025-04-04,762,165269
KROGER-1097,2025-04-05,772,166041
KROGER-1097,2025-04-06,741,166782
KROGER-1097,2025-04-07,685,167467
KROGER-1097,2025-04-08,709,168176
KROGER-1097,2025-04-09,717,168893
KROGER-1097,2025-04-10,762,169655
KROGER-1097,2025-04-11,667,170322
KROGER-1097,2025-04-12,711,171033
KROGER-1097,2025-04-13,737,171770
KROGER-1097,2025-04-14,638,172408
KROGER-1097,2025-04-15,755,173163
KROGER-1097,2025-04-16,749,173912
KROGER-1097,2025-04-17,733,174645
KROGER-1097,2025-04-18,854,175499
KROGER-1097,2025-04-19,792,176291
KROGER-1097,2025-04-20,832,177123
KROGER-1097,2025-04-21,719,177842
KROGER-1097,2025-04-22,684,178526
KROGER-1097,2025-04-23,633,179159
KROGER-1097,2025-04-24,733,179892
KROGER-1097,2025-04-25,747,180639
KROGER-1097,2025-04-26,807,181446
KROGER-1097,2025-04-27,721,182167
KROGER-1097,2025-04-28,754,182921
KROGER-1097,2025-04-29,641,183562
KROGER-1097,2025-04-30,721,184283
KROGER-1097,2025-05-01,747,185030
KROGER-1097,2025-05-02,753,185783
KROGER-1097,2025-05-03,801,186584
KROGER-1097,2025-05-04,784,187368
KROGER-1097,2025-05-05,722,188090
KROGER-1097,2025-05-06,787,188877
KROGER-1097,2025-05-07,713,189590
KROGER-1097,2025-05-08,715,190305
KROGER-1097,2025-05-09,806,191111
KROGER-1097,2025-05-10,583,191694
KROGER-1097,2025-05-11,786,192480
KROGER-1097,2025-05-12,751,193231
KROGER-1097,2025-05-13,692,193923
KROGER-1097,2025-05-14,717,194640
KROGER-1097,2025-05-15,715,195355
KROGER-1097,2025-05-16,703,196058
KROGER-1097,2025-05-17,748,196806
KROGER-1097,2025-05-18,774,197580
KROGER-1097,2025-05-19,682,198262
KROGER-1097,2025-05-20,715,198977
KROGER-1097,2025-05-21,638,199615
KROGER-1097,2025-05-22,680,200295
KROGER-1097,2025-05-23,653,200948
KROGER-1097,2025-05-24,761,201709
KROGER-1097,2025-05-25,689,202398
KROGER-1097,2025-05-26,636,203034
KROGER-1097,2025-05-27,636,203670
KROGER-1097,2025-05-28,656,204326
KROGER-1097,2025-05-29,775,205101
KROGER-1097,2025-05-30,804,205905
KROGER-1097,2025-05-31,731,206636
KROGER-1097,2025-06-01,662,207298
KROGER-1097,2025-06-02,698,207996
KROGER-1097,2025-06-03,795,208791
KROGER-1097,2025-06-04,729,209520
KROGER-1097,2025-06-05,632,210152
KROGER-1097,2025-06-06,820,210972
KROGER-1097,2025-06-07,730,211702
KROGER-1097,2025-06-08,719,212421
KROGER-1097,2025-06-09,783,213204
KROGER-1097,2025-06-10,731,213935
KROGER-1097,2025-06-11,789,214724
KROGER-1097,2025-06-12,708,215432
KROGER-1097,2025-06-13,711,216143
KROGER-1097,2025-06-14,723,216866
KROGER-1097,2025-06-15,761,217627
KROGER-1097,2025-06-16,713,218340
KROGER-1097,2025-06-17,675,219015
KROGER-1097,2025-06-18,619,219634
KROGER-1097,2025-06-19,743,220377
KROGER-1097,2025-06-20,734,221111
KROGER-1097,2025-06-21,736,221847
KROGER-1097,2025-06-22,808,222655
KROGER-1097,2025-06-23,724,223379
KROGER-1097,2025-06-24,741,224120
KROGER-1097,2025-06-25,744,224864
KROGER-1097,2025-06-26,716,225580
KROGER-1097,2025-06-27,717,226297
KROGER-1097,2025-06-28,689,226986
KROGER-1097,2025-06-29,728,227714
KROGER-1097,2025-06-30,719,228433
KROGER-1097,2025-07-01,795,229228
KROGER-1097,2025-07-02,691,229919
KROGER-1097,2025-07-03,776,230695
KROGER-1097,2025-07-04,711,231406
KROGER-1097,2025-07-05,826,232232
KROGER-1097,2025-07-06,792,233024
KROGER-1097,2025-07-07,751,233775
KROGER-1097,2025-07-08,772,234547
KROGER-1097,2025-07-09,763,235310
KROGER-1097,2025-07-10,777,236087
KROGER-1097,2025-07-11,838,236925
KROGER-1097,2025-07-12,849,237774
KROGER-1097,2025-07-13,779,238553
KROGER-1097,2025-07-14,690,239243
KROGER-1097,2025-07-15,737,239980
KROGER-1097,2025-07-16,605,240585
KROGER-1097,2025-07-17,763,241348
KROGER-1097,2025-07-18,655,242003
KROGER-1097,2025-07-19,819,242822
KROGER-1097,2025-07-20,871,243693
KROGER-1097,2025-07-21,632,244325
KROGER-1097,2025-07-22,713,245038
KROGER-1097,2025-07-23,655,245693
KROGER-1097,2025-07-24,617,246310
KROGER-1097,2025-07-25,710,247020
KROGER-1097,2025-07-26,790,247810
KROGER-1097,2025-07-27,797,248607
KROGER-1097,2025-07-28,724,249331
KROGER-1097,2025-07-29,620,249951
KROGER-1097,2025-07-30,723,250674
KROGER-1097,2025-07-31,630,251304
KROGER-1097,2025-08-01,634,251938
KROGER-1097,2025-08-02,691,252629
KROGER-1097,2025-08-03,815,253444
KROGER-1097,2025-08-04,747,254191
KROGER-1097,2025-08-05,734,254925
KROGER-1097,2025-08-06,666,255591
KROGER-1097,2025-08-07,693,256284
KROGER-1097,2025-08-08,637,256921
KROGER-1097,2025-08-09,833,257754
KROGER-1097,2025-08-10,884,258638
KROGER-1097,2025-08-11,748,259386
KROGER-1097,2025-08-12,758,260144
KROGER-1097,2025-08-13,707,260851
KROGER-1097,2025-08-14,623,261474
KROGER-1097,2025-08-15,667,262141
KROGER-1097,2025-08-16,723,262864
KROGER-1097,2025-08-17,728,263592
KROGER-1097,2025-08-18,680,264272
KROGER-1097,2025-08-19,718,264990
KROGER-1097,2025-08-20,667,265657
KROGER-1097,2025-08-21,840,266497
KROGER-1097,2025-08-22,637,267134
KROGER-1097,2025-08-23,805,267939
KROGER-1097,2025-08-24,736,268675
KROGER-1097,2025-08-25,742,269417
KROGER-1097,2025-08-26,745,270162
KROGER-1097,2025-08-27,725,270887
KROGER-1097,2025-08-28,651,271538
KROGER-1097,2025-08-29,697,272235
KROGER-1097,2025-08-30,762,272997
KROGER-1097,2025-08-31,758,273755
KROGER-1098,2024-09-01,607,607
KROGER-1098,2024-09-02,695,1302
KROGER-1098,2024-09-03,504,1806
KROGER-1098,2024-09-04,617,2423
KROGER-1098,2024-09-05,583,3006
KROGER-1098,2024-09-06,639,3645
KROGER-1098,2024-09-07,715,4360
KROGER-1098,2024-09-08,587,4947
KROGER-1098,2024-09-09,748,5695
KROGER-1098,2024-09-10,640,6335
KROGER-1098,2024-09-11,649,6984
KROGER-1098,2024-09-12,557,7541
KROGER-1098,2024-09-13,627,8168
KROGER-1098,2024-09-14,713,8881
KROGER-1098,2024-09-15,672,9553
KROGER-1098,2024-09-16,637,10190
KROGER-1098,2024-09-17,627,10817
KROGER-1098,2024-09-18,560,11377
KROGER-1098,2024-09-19,560,11937
KROGER-1098,2024-09-20,689,12626
KROGER-1098,2024-09-21,708,13334
KROGER-1098,2024-09-22,716,14050
KROGER-1098,2024-09-23,588,14638
KROGER-1098,2024-09-24,622,15260
KROGER-1098,2024-09-25,692,15952
KROGER-1098,2024-09-26,568,16520
KROGER-1098,2024-09-27,687,17207
KROGER-1098,2024-09-28,630,17837
KROGER-1098,2024-09-29,616,18453
KROGER-1098,2024-09-30,628,19081
KROGER-1098,2024-10-01,573,19654
KROGER-1098,2024-10-02,534,20188
KROGER-1098,2024-10-03,633,20821
KROGER-1098,2024-10-04,657,21478
KROGER-1098,2024-10-05,725,22203
KROGER-1098,2024-10-06,693,22896
KROGER-1098,2024-10-07,729,23625
KROGER-1098,2024-10-08,698,24323
KROGER-1098,2024-10-09,667,24990
KROGER-1098,2024-10-10,653,25643
KROGER-1098,2024-10-11,692,26335
KROGER-1098,2024-10-12,544,26879
KROGER-1098,2024-10-13,636,27515
KROGER-1098,2024-10-14,536,28051
KROGER-1098,2024-10-15,663,28714
KROGER-1098,2024-10-16,592,29306
KROGER-1098,2024-10-17,782,30088
KROGER-1098,2024-10-18,603,30691
KROGER-1098,2024-10-19,667,31358
KROGER-1098,2024-10-20,640,31998
KROGER-1098,2024-10-21,605,32603
KROGER-1098,2024-10-22,567,33170
KROGER-1098,2024-10-23,565,33735
KROGER-1098,2024-10-24,520,34255
KROGER-1098,2024-10-25,657,34912
KROGER-1098,2024-10-26,639,35551
KROGER-1098,2024-10-27,763,36314
KROGER-1098,2024-10-28,567,36881
KROGER-1098,2024-10-29,704,37585
KROGER-1098,2024-10-30,709,38294
KROGER-1098,2024-10-31,694,38988
KROGER-1098,2024-11-01,770,39758
KROGER-1098,2024-11-02,772,40530
KROGER-1098,2024-11-03,874,41404
KROGER-1098,2024-11-04,708,42112
KROGER-1098,2024-11-05,772,42884
KROGER-1098,2024-11-06,753,43637
KROGER-1098,2024-11-07,702,44339
KROGER-1098,2024-11-08,772,45111
KROGER-1098,2024-11-09,841,45952
KROGER-1098,2024-11-10,734,46686
KROGER-1098,2024-11-11,783,47469
KROGER-1098,2024-11-12,621,48090
KROGER-1098,2024-11-13,692,48782
KROGER-1098,2024-11-14,728,49510
KROGER-1098,2024-11-15,777,50287
KROGER-1098,2024-11-16,849,51136
KROGER-1098,2024-11-17,799,51935
KROGER-1098,2024-11-18,790,52725
KROGER-1098,2024-11-19,746,53471
KROGER-1098,2024-11-20,780,54251
KROGER-1098,2024-11-21,777,55028
KROGER-1098,2024-11-22,725,55753
KROGER-1098,2024-11-23,771,56524
KROGER-1098,2024-11-24,832,57356
KROGER-1098,2024-11-25,865,58221
KROGER-1098,2024-11-26,829,59050
KROGER-1098,2024-11-27,687,59737
KROGER-1098,2024-11-28,688,60425
KROGER-1098,2024-11-29,723,61148
KROGER-1098,2024-11-30,800,61948
KROGER-1098,2024-12-01,796,62744
KROGER-1098,2024-12-02,831,63575
KROGER-1098,2024-12-03,834,64409
KROGER-1098,2024-12-04,756,65165
KROGER-1098,2024-12-05,742,65907
KROGER-1098,2024-12-06,787,66694
KROGER-1098,2024-12-07,861,67555
KROGER-1098,2024-12-08,829,68384
KROGER-1098,2024-12-09,730,69114
KROGER-1098,2024-12-10,719,69833
KROGER-1098,2024-12-11,688,70521
KROGER-1098,2024-12-12,767,71288
KROGER-1098,2024-12-13,793,72081
KROGER-1098,2024-12-14,840,72921
KROGER-1098,2024-12-15,867,73788
KROGER-1098,2024-12-16,845,74633
KROGER-1098,2024-12-17,672,75305
KROGER-1098,2024-12-18,780,76085
KROGER-1098,2024-12-19,782,76867
KROGER-1098,2024-12-20,751,77618
KROGER-1098,2024-12-21,741,78359
KROGER-1098,2024-12-22,885,79244
KROGER-1098,2024-12-23,720,79964
KROGER-1098,2024-12-24,623,80587
KROGER-1098,2024-12-25,757,81344
KROGER-1098,2024-12-26,741,82085
KROGER-1098,2024-12-27,868,82953
KROGER-1098,2024-12-28,825,83778
KROGER-1098,2024-12-29,774,84552
KROGER-1098,2024-12-30,744,85296
KROGER-1098,2024-12-31,743,86039
KROGER-1098,2025-01-01,741,86780
KROGER-1098,2025-01-02,664,87444
KROGER-1098,2025-01-03,559,88003
KROGER-1098,2025-01-04,648,88651
KROGER-1098,2025-01-05,660,89311
KROGER-1098,2025-01-06,574,89885
KROGER-1098,2025-01-07,540,90425
KROGER-1098,2025-01-08,660,91085
KROGER-1098,2025-01-09,589,91674
KROGER-1098,2025-01-10,693,92367
KROGER-1098,2025-01-11,662,93029
KROGER-1098,2025-01-12,636,93665
KROGER-1098,2025-01-13,508,94173
KROGER-1098,2025-01-14,691,94864
KROGER-1098,2025-01-15,644,95508
KROGER-1098,2025-01-16,607,96115
KROGER-1098,2025-01-17,585,96700
KROGER-1098,2025-01-18,746,97446
KROGER-1098,2025-01-19,605,98051
KROGER-1098,2025-01-20,611,98662
KROGER-1098,2025-01-21,658,99320
KROGER-1098,2025-01-22,703,100023
KROGER-1098,2025-01-23,619,100642
KROGER-1098,2025-01-24,593,101235
KROGER-1098,2025-01-25,655,101890
KROGER-1098,2025-01-26,709,102599
KROGER-1098,2025-01-27,687,103286
KROGER-1098,2025-01-28,560,103846
KROGER-1098,2025-01-29,635,104481
KROGER-1098,2025-01-30,557,105038
KROGER-1098,2025-01-31,674,105712
KROGER-1098,2025-02-01,683,106395
KROGER-1098,2025-02-02,612,107007
KROGER-1098,2025-02-03,707,107714
KROGER-1098,2025-02-04,646,108360
KROGER-1098,2025-02-05,641,109001
KROGER-1098,2025-02-06,621,109622
KROGER-1098,2025-02-07,629,110251
KROGER-1098,2025-02-08,641,110892
KROGER-1098,2025-02-09,622,111514
KROGER-1098,2025-02-10,692,112206
KROGER-1098,2025-02-11,605,112811
KROGER-1098,2025-02-12,603,113414
KROGER-1098,2025-02-13,623,114037
KROGER-1098,2025-02-14,701,114738
KROGER-1098,2025-02-15,721,115459
KROGER-1098,2025-02-16,640,116099
KROGER-1098,2025-02-17,691,116790
KROGER-1098,2025-02-18,635,117425
KROGER-1098,2025-02-19,587,118012
KROGER-1098,2025-02-20,606,118618
KROGER-1098,2025-02-21,699,119317
KROGER-1098,2025-02-22,771,120088
KROGER-1098,2025-02-23,678,120766
KROGER-1098,2025-02-24,601,121367
KROGER-1098,2025-02-25,623,121990
KROGER-1098,2025-02-26,591,122581
KROGER-1098,2025-02-27,599,123180
KROGER-1098,2025-02-28,594,123774
KROGER-1098,2025-03-01,657,124431
KROGER-1098,2025-03-02,667,125098
KROGER-1098,2025-03-03,622,125720
KROGER-1098,2025-03-04,618,126338
KROGER-1098,2025-03-05,668,127006
KROGER-1098,2025-03-06,618,127624
KROGER-1098,2025-03-07,621,128245
KROGER-1098,2025-03-08,652,128897
KROGER-1098,2025-03-09,743,129640
KROGER-1098,2025-03-10,605,130245
KROGER-1098,2025-03-11,660,130905
KROGER-1098,2025-03-12,592,131497
KROGER-1098,2025-03-13,647,132144
KROGER-1098,2025-03-14,657,132801
KROGER-1098,2025-03-15,718,133519
KROGER-1098,2025-03-16,641,134160
KROGER-1098,2025-03-17,573,134733
KROGER-1098,2025-03-18,590,135323
KROGER-1098,2025-03-19,678,136001
KROGER-1098,2025-03-20,735,136736
KROGER-1098,2025-03-21,672,137408
KROGER-1098,2025-03-22,594,138002
KROGER-1098,2025-03-23,703,138705
KROGER-1098,2025-03-24,582,139287
KROGER-1098,2025-03-25,612,139899
KROGER-1098,2025-03-26,639,140538
KROGER-1098,2025-03-27,648,141186
KROGER-1098,2025-03-28,633,141819
KROGER-1098,2025-03-29,629,142448
KROGER-1098,2025-03-30,717,143165
KROGER-1098,2025-03-31,603,143768
KROGER-1098,2025-04-01,693,144461
KROGER-1098,2025-04-02,561,145022
KROGER-1098,2025-04-03,640,145662
KROGER-1098,2025-04-04,568,146230
KROGER-1098,2025-04-05,617,146847
KROGER-1098,2025-04-06,634,147481
KROGER-1098,2025-04-07,706,148187
KROGER-1098,2025-04-08,696,148883
KROGER-1098,2025-04-09,674,149557
KROGER-1098,2025-04-10,631,150188
KROGER-1098,2025-04-11,639,150827
KROGER-1098,2025-04-12,728,151555
KROGER-1098,2025-04-13,698,152253
KROGER-1098,2025-04-14,631,152884
KROGER-1098,2025-04-15,705,153589
KROGER-1098,2025-04-16,671,154260
KROGER-1098,2025-04-17,642,154902
KROGER-1098,2025-04-18,606,155508
KROGER-1098,2025-04-19,632,156140
KROGER-1098,2025-04-20,643,156783
KROGER-1098,2025-04-21,653,157436
KROGER-1098,2025-04-22,672,158108
KROGER-1098,2025-04-23,557,158665
KROGER-1098,2025-04-24,531,159196
KROGER-1098,2025-04-25,582,159778
KROGER-1098,2025-04-26,640,160418
KROGER-1098,2025-04-27,724,161142
KROGER-1098,2025-04-28,615,161757
KROGER-1098,2025-04-29,642,162399
KROGER-1098,2025-04-30,651,163050
KROGER-1098,2025-05-01,578,163628
KROGER-1098,2025-05-02,703,164331
KROGER-1098,2025-05-03,626,164957
KROGER-1098,2025-05-04,744,165701
KROGER-1098,2025-05-05,623,166324
KROGER-1098,2025-05-06,613,166937
KROGER-1098,2025-05-07,574,167511
KROGER-1098,2025-05-08,640,168151
KROGER-1098,2025-05-09,743,168894
KROGER-1098,2025-05-10,683,169577
KROGER-1098,2025-05-11,675,170252
KROGER-1098,2025-05-12,596,170848
KROGER-1098,2025-05-13,659,171507
KROGER-1098,2025-05-14,638,172145
KROGER-1098,2025-05-15,626,172771
KROGER-1098,2025-05-16,655,173426
KROGER-1098,2025-05-17,565,173991
KROGER-1098,2025-05-18,656,174647
KROGER-1098,2025-05-19,569,175216
KROGER-1098,2025-05-20,631,175847
KROGER-1098,2025-05-21,593,176440
KROGER-1098,2025-05-22,597,177037
KROGER-1098,2025-05-23,562,177599
KROGER-1098,2025-05-24,720,178319
KROGER-1098,2025-05-25,625,178944
KROGER-1098,2025-05-26,598,179542
KROGER-1098,2025-05-27,707,180249
KROGER-1098,2025-05-28,658,180907
KROGER-1098,2025-05-29,527,181434
KROGER-1098,2025-05-30,699,182133
KROGER-1098,2025-05-31,748,182881
KROGER-1098,2025-06-01,743,183624
KROGER-1098,2025-06-02,663,184287
KROGER-1098,2025-06-03,574,184861
KROGER-1098,2025-06-04,627,185488
KROGER-1098,2025-06-05,557,186045
KROGER-1098,2025-06-06,586,186631
KROGER-1098,2025-06-07,602,187233
KROGER-1098,2025-06-08,628,187861
KROGER-1098,2025-06-09,638,188499
KROGER-1098,2025-06-10,607,189106
KROGER-1098,2025-06-11,605,189711
KROGER-1098,2025-06-12,615,190326
KROGER-1098,2025-06-13,705,191031
KROGER-1098,2025-06-14,776,191807
KROGER-1098,2025-06-15,637,192444
KROGER-1098,2025-06-16,647,193091
KROGER-1098,2025-06-17,587,193678
KROGER-1098,2025-06-18,628,194306
KROGER-1098,2025-06-19,627,194933
KROGER-1098,2025-06-20,651,195584
KROGER-1098,2025-06-21,712,196296
KROGER-1098,2025-06-22,554,196850
KROGER-1098,2025-06-23,540,197390
KROGER-1098,2025-06-24,533,197923
KROGER-1098,2025-06-25,612,198535
KROGER-1098,2025-06-26,639,199174
KROGER-1098,2025-06-27,681,199855
KROGER-1098,2025-06-28,507,200362
KROGER-1098,2025-06-29,590,200952
KROGER-1098,2025-06-30,636,201588
KROGER-1098,2025-07-01,642,202230
KROGER-1098,2025-07-02,620,202850
KROGER-1098,2025-07-03,573,203423
KROGER-1098,2025-07-04,594,204017
KROGER-1098,2025-07-05,654,204671
KROGER-1098,2025-07-06,570,205241
KROGER-1098,2025-07-07,587,205828
KROGER-1098,2025-07-08,560,206388
KROGER-1098,2025-07-09,655,207043
KROGER-1098,2025-07-10,584,207627
KROGER-1098,2025-07-11,564,208191
KROGER-1098,2025-07-12,634,208825
KROGER-1098,2025-07-13,701,209526
KROGER-1098,2025-07-14,628,210154
KROGER-1098,2025-07-15,685,210839
KROGER-1098,2025-07-16,677,211516
KROGER-1098,2025-07-17,592,212108
KROGER-1098,2025-07-18,636,212744
KROGER-1098,2025-07-19,719,213463
KROGER-1098,2025-07-20,636,214099
KROGER-1098,2025-07-21,642,214741
KROGER-1098,2025-07-22,584,215325
KROGER-1098,2025-07-23,618,215943
KROGER-1098,2025-07-24,617,216560
KROGER-1098,2025-07-25,661,217221
KROGER-1098,2025-07-26,641,217862
KROGER-1098,2025-07-27,673,218535
KROGER-1098,2025-07-28,649,219184
KROGER-1098,2025-07-29,590,219774
KROGER-1098,2025-07-30,609,220383
KROGER-1098,2025-07-31,653,221036
KROGER-1098,2025-08-01,722,221758
KROGER-1098,2025-08-02,595,222353
KROGER-1098,2025-08-03,689,223042
KROGER-1098,2025-08-04,691,223733
KROGER-1098,2025-08-05,634,224367
KROGER-1098,2025-08-06,584,224951
KROGER-1098,2025-08-07,627,225578
KROGER-1098,2025-08-08,581,226159
KROGER-1098,2025-08-09,634,226793
KROGER-1098,2025-08-10,682,227475
KROGER-1098,2025-08-11,627,228102
KROGER-1098,2025-08-12,639,228741
KROGER-1098,2025-08-13,571,229312
KROGER-1098,2025-08-14,599,229911
KROGER-1098,2025-08-15,661,230572
KROGER-1098,2025-08-16,572,231144
KROGER-1098,2025-08-17,591,231735
KROGER-1098,2025-08-18,614,232349
KROGER-1098,2025-08-19,604,232953
KROGER-1098,2025-08-20,668,233621
KROGER-1098,2025-08-21,509,234130
KROGER-1098,2025-08-22,625,234755
KROGER-1098,2025-08-23,734,235489
KROGER-1098,2025-08-24,678,236167
KROGER-1098,2025-08-25,552,236719
KROGER-1098,2025-08-26,752,237471
KROGER-1098,2025-08-27,602,238073
KROGER-1098,2025-08-28,507,238580
KROGER-1098,2025-08-29,671,239251
KROGER-1098,2025-08-30,618,239869
KROGER-1098,2025-08-31,760,240629
KROGER-1099,2024-09-01,620,620
KROGER-1099,2024-09-02,654,1274
KROGER-1099,2024-09-03,511,1785
KROGER-1099,2024-09-04,616,2401
KROGER-1099,2024-09-05,522,2923
KROGER-1099,2024-09-06,574,3497
KROGER-1099,2024-09-07,594,4091
KROGER-1099,2024-09-08,652,4743
KROGER-1099,2024-09-09,595,5338
KROGER-1099,2024-09-10,538,5876
KROGER-1099,2024-09-11,607,6483
KROGER-1099,2024-09-12,554,7037
KROGER-1099,2024-09-13,589,7626
KROGER-1099,2024-09-14,600,8226
KROGER-1099,2024-09-15,576,8802
KROGER-1099,2024-09-16,499,9301
KROGER-1099,2024-09-17,568,9869
KROGER-1099,2024-09-18,528,10397
KROGER-1099,2024-09-19,503,10900
KROGER-1099,2024-09-20,596,11496
KROGER-1099,2024-09-21,557,12053
KROGER-1099,2024-09-22,502,12555
KROGER-1099,2024-09-23,559,13114
KROGER-1099,2024-09-24,552,13666
KROGER-1099,2024-09-25,556,14222
KROGER-1099,2024-09-26,556,14778
KROGER-1099,2024-09-27,513,15291
KROGER-1099,2024-09-28,568,15859
KROGER-1099,2024-09-29,635,16494
KROGER-1099,2024-09-30,597,17091
KROGER-1099,2024-10-01,543,17634
KROGER-1099,2024-10-02,585,18219
KROGER-1099,2024-10-03,563,18782
KROGER-1099,2024-10-04,544,19326
KROGER-1099,2024-10-05,645,19971
KROGER-1099,2024-10-06,544,20515
KROGER-1099,2024-10-07,572,21087
KROGER-1099,2024-10-08,484,21571
KROGER-1099,2024-10-09,575,22146
KROGER-1099,2024-10-10,529,22675
KROGER-1099,2024-10-11,541,23216
KROGER-1099,2024-10-12,573,23789
KROGER-1099,2024-10-13,482,24271
KROGER-1099,2024-10-14,486,24757
KROGER-1099,2024-10-15,596,25353
KROGER-1099,2024-10-16,563,25916
KROGER-1099,2024-10-17,624,26540
KROGER-1099,2024-10-18,497,27037
KROGER-1099,2024-10-19,626,27663
KROGER-1099,2024-10-20,608,28271
KROGER-1099,2024-10-21,611,28882
KROGER-1099,2024-10-22,554,29436
KROGER-1099,2024-10-23,564,30000
KROGER-1099,2024-10-24,519,30519
KROGER-1099,2024-10-25,546,31065
KROGER-1099,2024-10-26,563,31628
KROGER-1099,2024-10-27,524,32152
KROGER-1099,2024-10-28,565,32717
KROGER-1099,2024-10-29,601,33318
KROGER-1099,2024-10-30,611,33929
KROGER-1099,2024-10-31,522,34451
KROGER-1099,2024-11-01,668,35119
KROGER-1099,2024-11-02,696,35815
KROGER-1099,2024-11-03,787,36602
KROGER-1099,2024-11-04,766,37368
KROGER-1099,2024-11-05,600,37968
KROGER-1099,2024-11-06,696,38664
KROGER-1099,2024-11-07,699,39363
KROGER-1099,2024-11-08,659,40022
KROGER-1099,2024-11-09,633,40655
KROGER-1099,2024-11-10,743,41398
KROGER-1099,2024-11-11,735,42133
KROGER-1099,2024-11-12,641,42774
KROGER-1099,2024-11-13,734,43508
KROGER-1099,2024-11-14,670,44178
KROGER-1099,2024-11-15,747,44925
KROGER-1099,2024-11-16,784,45709
KROGER-1099,2024-11-17,702,46411
KROGER-1099,2024-11-18,693,47104
KROGER-1099,2024-11-19,633,47737
KROGER-1099,2024-11-20,583,48320
KROGER-1099,2024-11-21,684,49004
KROGER-1099,2024-11-22,592,49596
KROGER-1099,2024-11-23,822,50418
KROGER-1099,2024-11-24,768,51186
KROGER-1099,2024-11-25,662,51848
KROGER-1099,2024-11-26,813,52661
KROGER-1099,2024-11-27,636,53297
KROGER-1099,2024-11-28,649,53946
KROGER-1099,2024-11-29,649,54595
KROGER-1099,2024-11-30,700,55295
KROGER-1099,2024-12-01,686,55981
KROGER-1099,2024-12-02,695,56676
KROGER-1099,2024-12-03,617,57293
KROGER-1099,2024-12-04,677,57970
KROGER-1099,2024-12-05,641,58611
KROGER-1099,2024-12-06,674,59285
KROGER-1099,2024-12-07,643,59928
KROGER-1099,2024-12-08,655,60583
KROGER-1099,2024-12-09,784,61367
KROGER-1099,2024-12-10,621,61988
KROGER-1099,2024-12-11,698,62686
KROGER-1099,2024-12-12,641,63327
KROGER-1099,2024-12-13,616,63943
KROGER-1099,2024-12-14,707,64650
KROGER-1099,2024-12-15,655,65305
KROGER-1099,2024-12-16,698,66003
KROGER-1099,2024-12-17,664,66667
KROGER-1099,2024-12-18,742,67409
KROGER-1099,2024-12-19,600,68009
KROGER-1099,2024-12-20,685,68694
KROGER-1099,2024-12-21,725,69419
KROGER-1099,2024-12-22,648,70067
KROGER-1099,2024-12-23,635,70702
KROGER-1099,2024-12-24,594,71296
KROGER-1099,2024-12-25,587,71883
KROGER-1099,2024-12-26,664,72547
KROGER-1099,2024-12-27,714,73261
KROGER-1099,2024-12-28,696,73957
KROGER-1099,2024-12-29,699,74656
KROGER-1099,2024-12-30,601,75257
KROGER-1099,2024-12-31,557,75814
KROGER-1099,2025-01-01,574,76388
KROGER-1099,2025-01-02,529,76917
KROGER-1099,2025-01-03,478,77395
KROGER-1099,2025-01-04,561,77956
KROGER-1099,2025-01-05,598,78554
KROGER-1099,2025-01-06,576,79130
KROGER-1099,2025-01-07,567,79697
KROGER-1099,2025-01-08,527,80224
KROGER-1099,2025-01-09,585,80809
KROGER-1099,2025-01-10,558,81367
KROGER-1099,2025-01-11,545,81912
KROGER-1099,2025-01-12,534,82446
KROGER-1099,2025-01-13,567,83013
KROGER-1099,2025-01-14,597,83610
KROGER-1099,2025-01-15,585,84195
KROGER-1099,2025-01-16,566,84761
KROGER-1099,2025-01-17,587,85348
KROGER-1099,2025-01-18,698,86046
KROGER-1099,2025-01-19,600,86646
KROGER-1099,2025-01-20,565,87211
KROGER-1099,2025-01-21,583,87794
KROGER-1099,2025-01-22,592,88386
KROGER-1099,2025-01-23,499,88885
KROGER-1099,2025-01-24,566,89451
KROGER-1099,2025-01-25,634,90085
KROGER-1099,2025-01-26,668,90753
KROGER-1099,2025-01-27,559,91312
KROGER-1099,2025-01-28,538,91850
KROGER-1099,2025-01-29,566,92416
KROGER-1099,2025-01-30,530,92946
KROGER-1099,2025-01-31,629,93575
KROGER-1099,2025-02-01,609,94184
KROGER-1099,2025-02-02,584,94768
KROGER-1099,2025-02-03,608,95376
KROGER-1099,2025-02-04,507,95883
KROGER-1099,2025-02-05,466,96349
KROGER-1099,2025-02-06,577,96926
KROGER-1099,2025-02-07,606,97532
KROGER-1099,2025-02-08,580,98112
KROGER-1099,2025-02-09,554,98666
KROGER-1099,2025-02-10,516,99182
KROGER-1099,2025-02-11,503,99685
KROGER-1099,2025-02-12,588,100273
KROGER-1099,2025-02-13,595,100868
KROGER-1099,2025-02-14,599,101467
KROGER-1099,2025-02-15,587,102054
KROGER-1099,2025-02-16,532,102586
KROGER-1099,2025-02-17,526,103112
KROGER-1099,2025-02-18,585,103697
KROGER-1099,2025-02-19,512,104209
KROGER-1099,2025-02-20,554,104763
KROGER-1099,2025-02-21,513,105276
KROGER-1099,2025-02-22,554,105830
KROGER-1099,2025-02-23,532,106362
KROGER-1099,2025-02-24,559,106921
KROGER-1099,2025-02-25,493,107414
KROGER-1099,2025-02-26,524,107938
KROGER-1099,2025-02-27,596,108534
KROGER-1099,2025-02-28,605,109139
KROGER-1099,2025-03-01,618,109757
KROGER-1099,2025-03-02,653,110410
KROGER-1099,2025-03-03,499,110909
KROGER-1099,2025-03-04,554,111463
KROGER-1099,2025-03-05,562,112025
KROGER-1099,2025-03-06,646,112671
KROGER-1099,2025-03-07,548,113219
KROGER-1099,2025-03-08,624,113843
KROGER-1099,2025-03-09,666,114509
KROGER-1099,2025-03-10,564,115073
KROGER-1099,2025-03-11,537,115610
KROGER-1099,2025-03-12,541,116151
KROGER-1099,2025-03-13,482,116633
KROGER-1099,2025-03-14,538,117171
KROGER-1099,2025-03-15,520,117691
KROGER-1099,2025-03-16,623,118314
KROGER-1099,2025-03-17,489,118803
KROGER-1099,2025-03-18,576,119379
KROGER-1099,2025-03-19,609,119988
KROGER-1099,2025-03-20,591,120579
KROGER-1099,2025-03-21,537,121116
KROGER-1099,2025-03-22,622,121738
KROGER-1099,2025-03-23,587,122325
KROGER-1099,2025-03-24,538,122863
KROGER-1099,2025-03-25,542,123405
KROGER-1099,2025-03-26,578,123983
KROGER-1099,2025-03-27,489,124472
KROGER-1099,2025-03-28,536,125008
KROGER-1099,2025-03-29,604,125612
KROGER-1099,2025-03-30,562,126174
KROGER-1099,2025-03-31,501,126675
KROGER-1099,2025-04-01,519,127194
KROGER-1099,2025-04-02,566,127760
KROGER-1099,2025-04-03,580,128340
KROGER-1099,2025-04-04,607,128947
KROGER-1099,2025-04-05,623,129570
KROGER-1099,2025-04-06,622,130192
KROGER-1099,2025-04-07,473,130665
KROGER-1099,2025-04-08,592,131257
KROGER-1099,2025-04-09,535,131792
KROGER-1099,2025-04-10,494,132286
KROGER-1099,2025-04-11,583,132869
KROGER-1099,2025-04-12,595,133464
KROGER-1099,2025-04-13,628,134092
KROGER-1099,2025-04-14,535,134627
KROGER-1099,2025-04-15,558,135185
KROGER-1099,2025-04-16,478,135663
KROGER-1099,2025-04-17,646,136309
KROGER-1099,2025-04-18,499,136808
KROGER-1099,2025-04-19,548,137356
KROGER-1099,2025-04-20,538,137894
KROGER-1099,2025-04-21,568,138462
KROGER-1099,2025-04-22,521,138983
KROGER-1099,2025-04-23,607,139590
KROGER-1099,2025-04-24,573,140163
KROGER-1099,2025-04-25,492,140655
KROGER-1099,2025-04-26,623,141278
KROGER-1099,2025-04-27,629,141907
KROGER-1099,2025-04-28,526,142433
KROGER-1099,2025-04-29,507,142940
KROGER-1099,2025-04-30,576,143516
KROGER-1099,2025-05-01,588,144104
KROGER-1099,2025-05-02,514,144618
KROGER-1099,2025-05-03,630,145248
KROGER-1099,2025-05-04,559,145807
KROGER-1099,2025-05-05,611,146418
KROGER-1099,2025-05-06,488,146906
KROGER-1099,2025-05-07,526,147432
KROGER-1099,2025-05-08,549,147981
KROGER-1099,2025-05-09,514,148495
KROGER-1099,2025-05-10,585,149080
KROGER-1099,2025-05-11,570,149650
KROGER-1099,2025-05-12,549,150199
KROGER-1099,2025-05-13,540,150739
KROGER-1099,2025-05-14,501,151240
KROGER-1099,2025-05-15,557,151797
KROGER-1099,2025-05-16,553,152350
KROGER-1099,2025-05-17,539,152889
KROGER-1099,2025-05-18,645,153534
KROGER-1099,2025-05-19,573,154107
KROGER-1099,2025-05-20,591,154698
KROGER-1099,2025-05-21,522,155220
KROGER-1099,2025-05-22,455,155675
KROGER-1099,2025-05-23,636,156311
KROGER-1099,2025-05-24,594,156905
KROGER-1099,2025-05-25,603,157508
KROGER-1099,2025-05-26,573,158081
KROGER-1099,2025-05-27,576,158657
KROGER-1099,2025-05-28,511,159168
KROGER-1099,2025-05-29,512,159680
KROGER-1099,2025-05-30,513,160193
KROGER-1099,2025-05-31,612,160805
KROGER-1099,2025-06-01,529,161334
KROGER-1099,2025-06-02,490,161824
KROGER-1099,2025-06-03,530,162354
KROGER-1099,2025-06-04,546,162900
KROGER-1099,2025-06-05,556,163456
KROGER-1099,2025-06-06,537,163993
KROGER-1099,2025-06-07,609,164602
KROGER-1099,2025-06-08,641,165243
KROGER-1099,2025-06-09,561,165804
KROGER-1099,2025-06-10,610,166414
KROGER-1099,2025-06-11,583,166997
KROGER-1099,2025-06-12,516,167513
KROGER-1099,2025-06-13,521,168034
KROGER-1099,2025-06-14,544,168578
KROGER-1099,2025-06-15,577,169155
KROGER-1099,2025-06-16,546,169701
KROGER-1099,2025-06-17,585,170286
KROGER-1099,2025-06-18,551,170837
KROGER-1099,2025-06-19,570,171407
KROGER-1099,2025-06-20,506,171913
KROGER-1099,2025-06-21,598,172511
KROGER-1099,2025-06-22,564,173075
KROGER-1099,2025-06-23,534,173609
KROGER-1099,2025-06-24,530,174139
KROGER-1099,2025-06-25,626,174765
KROGER-1099,2025-06-26,506,175271
KROGER-1099,2025-06-27,589,175860
KROGER-1099,2025-06-28,584,176444
KROGER-1099,2025-06-29,523,176967
KROGER-1099,2025-06-30,545,177512
KROGER-1099,2025-07-01,454,177966
KROGER-1099,2025-07-02,635,178601
KROGER-1099,2025-07-03,542,179143
KROGER-1099,2025-07-04,608,179751
KROGER-1099,2025-07-05,650,180401
KROGER-1099,2025-07-06,560,180961
KROGER-1099,2025-07-07,560,181521
KROGER-1099,2025-07-08,567,182088
KROGER-1099,2025-07-09,643,182731
KROGER-1099,2025-07-10,550,183281
KROGER-1099,2025-07-11,556,183837
KROGER-1099,2025-07-12,521,184358
KROGER-1099,2025-07-13,544,184902
KROGER-1099,2025-07-14,536,185438
KROGER-1099,2025-07-15,617,186055
KROGER-1099,2025-07-16,643,186698
KROGER-1099,2025-07-17,581,187279
KROGER-1099,2025-07-18,574,187853
KROGER-1099,2025-07-19,619,188472
KROGER-1099,2025-07-20,554,189026
KROGER-1099,2025-07-21,621,189647
KROGER-1099,2025-07-22,494,190141
KROGER-1099,2025-07-23,538,190679
KROGER-1099,2025-07-24,588,191267
KROGER-1099,2025-07-25,537,191804
KROGER-1099,2025-07-26,702,192506
KROGER-1099,2025-07-27,618,193124
KROGER-1099,2025-07-28,602,193726
KROGER-1099,2025-07-29,524,194250
KROGER-1099,2025-07-30,602,194852
KROGER-1099,2025-07-31,595,195447
KROGER-1099,2025-08-01,628,196075
KROGER-1099,2025-08-02,483,196558
KROGER-1099,2025-08-03,550,197108
KROGER-1099,2025-08-04,573,197681
KROGER-1099,2025-08-05,575,198256
KROGER-1099,2025-08-06,556,198812
KROGER-1099,2025-08-07,490,199302
KROGER-1099,2025-08-08,567,199869
KROGER-1099,2025-08-09,601,200470
KROGER-1099,2025-08-10,586,201056
KROGER-1099,2025-08-11,557,201613
KROGER-1099,2025-08-12,601,202214
KROGER-1099,2025-08-13,552,202766
KROGER-1099,2025-08-14,503,203269
KROGER-1099,2025-08-15,621,203890
KROGER-1099,2025-08-16,650,204540
KROGER-1099,2025-08-17,585,205125
KROGER-1099,2025-08-18,598,205723
KROGER-1099,2025-08-19,490,206213
KROGER-1099,2025-08-20,552,206765
KROGER-1099,2025-08-21,482,207247
KROGER-1099,2025-08-22,609,207856
KROGER-1099,2025-08-23,516,208372
KROGER-1099,2025-08-24,567,208939
KROGER-1099,2025-08-25,568,209507
KROGER-1099,2025-08-26,595,210102
KROGER-1099,2025-08-27,582,210684
KROGER-1099,2025-08-28,610,211294
KROGER-1099,2025-08-29,594,211888
KROGER-1099,2025-08-30,648,212536
KROGER-1099,2025-08-31,504,213040
KROGER-1100,2024-09-01,312,312
KROGER-1100,2024-09-02,320,632
KROGER-1100,2024-09-03,348,980
KROGER-1100,2024-09-04,297,1277
KROGER-1100,2024-09-05,358,1635
KROGER-1100,2024-09-06,318,1953
KROGER-1100,2024-09-07,306,2259
KROGER-1100,2024-09-08,295,2554
KROGER-1100,2024-09-09,327,2881
KROGER-1100,2024-09-10,293,3174
KROGER-1100,2024-09-11,302,3476
KROGER-1100,2024-09-12,313,3789
KROGER-1100,2024-09-13,314,4103
KROGER-1100,2024-09-14,374,4477
KROGER-1100,2024-09-15,335,4812
KROGER-1100,2024-09-16,294,5106
KROGER-1100,2024-09-17,291,5397
KROGER-1100,2024-09-18,351,5748
KROGER-1100,2024-09-19,296,6044
KROGER-1100,2024-09-20,324,6368
KROGER-1100,2024-09-21,330,6698
KROGER-1100,2024-09-22,336,7034
KROGER-1100,2024-09-23,344,7378
KROGER-1100,2024-09-24,316,7694
KROGER-1100,2024-09-25,329,8023
KROGER-1100,2024-09-26,317,8340
KROGER-1100,2024-09-27,298,8638
KROGER-1100,2024-09-28,338,8976
KROGER-1100,2024-09-29,308,9284
KROGER-1100,2024-09-30,280,9564
KROGER-1100,2024-10-01,324,9888
KROGER-1100,2024-10-02,321,10209
KROGER-1100,2024-10-03,318,10527
KROGER-1100,2024-10-04,309,10836
KROGER-1100,2024-10-05,323,11159
KROGER-1100,2024-10-06,297,11456
KROGER-1100,2024-10-07,263,11719
KROGER-1100,2024-10-08,331,12050
KROGER-1100,2024-10-09,331,12381
KROGER-1100,2024-10-10,303,12684
KROGER-1100,2024-10-11,346,13030
KROGER-1100,2024-10-12,338,13368
KROGER-1100,2024-10-13,333,13701
KROGER-1100,2024-10-14,359,14060
KROGER-1100,2024-10-15,278,14338
KROGER-1100,2024-10-16,308,14646
KROGER-1100,2024-10-17,288,14934
KROGER-1100,2024-10-18,300,15234
KROGER-1100,2024-10-19,323,15557
KROGER-1100,2024-10-20,324,15881
KROGER-1100,2024-10-21,283,16164
KROGER-1100,2024-10-22,311,16475
KROGER-1100,2024-10-23,289,16764
KROGER-1100,2024-10-24,339,17103
KROGER-1100,2024-10-25,328,17431
KROGER-1100,2024-10-26,334,17765
KROGER-1100,2024-10-27,312,18077
KROGER-1100,2024-10-28,313,18390
KROGER-1100,2024-10-29,327,18717
KROGER-1100,2024-10-30,301,19018
KROGER-1100,2024-10-31,270,19288
KROGER-1100,2024-11-01,393,19681
KROGER-1100,2024-11-02,406,20087
KROGER-1100,2024-11-03,400,20487
KROGER-1100,2024-11-04,349,20836
KROGER-1100,2024-11-05,400,21236
KROGER-1100,2024-11-06,405,21641
KROGER-1100,2024-11-07,380,22021
KROGER-1100,2024-11-08,359,22380
KROGER-1100,2024-11-09,378,22758
KROGER-1100,2024-11-10,377,23135
KROGER-1100,2024-11-11,358,23493
KROGER-1100,2024-11-12,361,23854
KROGER-1100,2024-11-13,381,24235
KROGER-1100,2024-11-14,398,24633
KROGER-1100,2024-11-15,414,25047
KROGER-1100,2024-11-16,361,25408
KROGER-1100,2024-11-17,366,25774
KROGER-1100,2024-11-18,396,26170
KROGER-1100,2024-11-19,344,26514
KROGER-1100,2024-11-20,337,26851
KROGER-1100,2024-11-21,343,27194
KROGER-1100,2024-11-22,366,27560
KROGER-1100,2024-11-23,441,28001
KROGER-1100,2024-11-24,386,28387
KROGER-1100,2024-11-25,379,28766
KROGER-1100,2024-11-26,336,29102
KROGER-1100,2024-11-27,403,29505
KROGER-1100,2024-11-28,397,29902
KROGER-1100,2024-11-29,357,30259
KROGER-1100,2024-11-30,368,30627
KROGER-1100,2024-12-01,420,31047
KROGER-1100,2024-12-02,364,31411
KROGER-1100,2024-12-03,351,31762
KROGER-1100,2024-12-04,360,32122
KROGER-1100,2024-12-05,378,32500
KROGER-1100,2024-12-06,393,32893
KROGER-1100,2024-12-07,400,33293
KROGER-1100,2024-12-08,398,33691
KROGER-1100,2024-12-09,364,34055
KROGER-1100,2024-12-10,375,34430
KROGER-1100,2024-12-11,360,34790
KROGER-1100,2024-12-12,363,35153
KROGER-1100,2024-12-13,413,35566
KROGER-1100,2024-12-14,391,35957
KROGER-1100,2024-12-15,378,36335
KROGER-1100,2024-12-16,351,36686
KROGER-1100,2024-12-17,306,36992
KROGER-1100,2024-12-18,433,37425
KROGER-1100,2024-12-19,436,37861
KROGER-1100,2024-12-20,390,38251
KROGER-1100,2024-12-21,357,38608
KROGER-1100,2024-12-22,475,39083
KROGER-1100,2024-12-23,329,39412
KROGER-1100,2024-12-24,383,39795
KROGER-1100,2024-12-25,320,40115
KROGER-1100,2024-12-26,307,40422
KROGER-1100,2024-12-27,378,40800
KROGER-1100,2024-12-28,401,41201
KROGER-1100,2024-12-29,393,41594
KROGER-1100,2024-12-30,416,42010
KROGER-1100,2024-12-31,370,42380
KROGER-1100,2025-01-01,329,42709
KROGER-1100,2025-01-02,290,42999
KROGER-1100,2025-01-03,341,43340
KROGER-1100,2025-01-04,361,43701
KROGER-1100,2025-01-05,318,44019
KROGER-1100,2025-01-06,319,44338
KROGER-1100,2025-01-07,292,44630
KROGER-1100,2025-01-08,304,44934
KROGER-1100,2025-01-09,327,45261
KROGER-1100,2025-01-10,321,45582
KROGER-1100,2025-01-11,280,45862
KROGER-1100,2025-01-12,295,46157
KROGER-1100,2025-01-13,295,46452
KROGER-1100,2025-01-14,315,46767
KROGER-1100,2025-01-15,286,47053
KROGER-1100,2025-01-16,274,47327
KROGER-1100,2025-01-17,244,47571
KROGER-1100,2025-01-18,379,47950
KROGER-1100,2025-01-19,330,48280
KROGER-1100,2025-01-20,273,48553
KROGER-1100,2025-01-21,335,48888
KROGER-1100,2025-01-22,346,49234
KROGER-1100,2025-01-23,314,49548
KROGER-1100,2025-01-24,325,49873
KROGER-1100,2025-01-25,359,50232
KROGER-1100,2025-01-26,340,50572
KROGER-1100,2025-01-27,325,50897
KROGER-1100,2025-01-28,271,51168
KROGER-1100,2025-01-29,242,51410
KROGER-1100,2025-01-30,331,51741
KROGER-1100,2025-01-31,304,52045
KROGER-1100,2025-02-01,313,52358
KROGER-1100,2025-02-02,350,52708
KROGER-1100,2025-02-03,286,52994
KROGER-1100,2025-02-04,308,53302
KROGER-1100,2025-02-05,311,53613
KROGER-1100,2025-02-06,326,53939
KROGER-1100,2025-02-07,318,54257
KROGER-1100,2025-02-08,334,54591
KROGER-1100,2025-02-09,314,54905
KROGER-1100,2025-02-10,300,55205
KROGER-1100,2025-02-11,318,55523
KROGER-1100,2025-02-12,297,55820
KROGER-1100,2025-02-13,289,56109
KROGER-1100,2025-02-14,341,56450
KROGER-1100,2025-02-15,307,56757
KROGER-1100,2025-02-16,313,57070
KROGER-1100,2025-02-17,340,57410
KROGER-1100,2025-02-18,292,57702
KROGER-1100,2025-02-19,317,58019
KROGER-1100,2025-02-20,319,58338
KROGER-1100,2025-02-21,307,58645
KROGER-1100,2025-02-22,315,58960
KROGER-1100,2025-02-23,295,59255
KROGER-1100,2025-02-24,325,59580
KROGER-1100,2025-02-25,337,59917
KROGER-1100,2025-02-26,334,60251
KROGER-1100,2025-02-27,318,60569
KROGER-1100,2025-02-28,260,60829
KROGER-1100,2025-03-01,345,61174
KROGER-1100,2025-03-02,322,61496
KROGER-1100,2025-03-03,295,61791
KROGER-1100,2025-03-04,326,62117
KROGER-1100,2025-03-05,315,62432
KROGER-1100,2025-03-06,334,62766
KROGER-1100,2025-03-07,318,63084
KROGER-1100,2025-03-08,318,63402
KROGER-1100,2025-03-09,316,63718
KROGER-1100,2025-03-10,324,64042
KROGER-1100,2025-03-11,276,64318
KROGER-1100,2025-03-12,297,64615
KROGER-1100,2025-03-13,255,64870
KROGER-1100,2025-03-14,320,65190
KROGER-1100,2025-03-15,341,65531
KROGER-1100,2025-03-16,305,65836
KROGER-1100,2025-03-17,282,66118
KROGER-1100,2025-03-18,333,66451
KROGER-1100,2025-03-19,292,66743
KROGER-1100,2025-03-20,325,67068
KROGER-1100,2025-03-21,309,67377
KROGER-1100,2025-03-22,311,67688
KROGER-1100,2025-03-23,340,68028
KROGER-1100,2025-03-24,310,68338
KROGER-1100,2025-03-25,346,68684
KROGER-1100,2025-03-26,291,68975
KROGER-1100,2025-03-27,276,69251
KROGER-1100,2025-03-28,309,69560
KROGER-1100,2025-03-29,337,69897
KROGER-1100,2025-03-30,320,70217
KROGER-1100,2025-03-31,354,70571
KROGER-1100,2025-04-01,339,70910
KROGER-1100,2025-04-02,296,71206
KROGER-1100,2025-04-03,311,71517
KROGER-1100,2025-04-04,264,71781
KROGER-1100,2025-04-05,352,72133
KROGER-1100,2025-04-06,307,72440
KROGER-1100,2025-04-07,314,72754
KROGER-1100,2025-04-08,303,73057
KROGER-1100,2025-04-09,272,73329
KROGER-1100,2025-04-10,330,73659
KROGER-1100,2025-04-11,283,73942
KROGER-1100,2025-04-12,311,74253
KROGER-1100,2025-04-13,347,74600
KROGER-1100,2025-04-14,285,74885
KROGER-1100,2025-04-15,346,75231
KROGER-1100,2025-04-16,285,75516
KROGER-1100,2025-04-17,280,75796
KROGER-1100,2025-04-18,310,76106
KROGER-1100,2025-04-19,367,76473
KROGER-1100,2025-04-20,325,76798
KROGER-1100,2025-04-21,334,77132
KROGER-1100,2025-04-22,276,77408
KROGER-1100,2025-04-23,300,77708
KROGER-1100,2025-04-24,302,78010
KROGER-1100,2025-04-25,278,78288
KROGER-1100,2025-04-26,283,78571
KROGER-1100,2025-04-27,318,78889
KROGER-1100,2025-04-28,348,79237
KROGER-1100,2025-04-29,315,79552
KROGER-1100,2025-04-30,292,79844
KROGER-1100,2025-05-01,259,80103
KROGER-1100,2025-05-02,300,80403
KROGER-1100,2025-05-03,313,80716
KROGER-1100,2025-05-04,335,81051
KROGER-1100,2025-05-05,303,81354
KROGER-1100,2025-05-06,325,81679
KROGER-1100,2025-05-07,328,82007
KROGER-1100,2025-05-08,307,82314
KROGER-1100,2025-05-09,308,82622
KROGER-1100,2025-05-10,326,82948
KROGER-1100,2025-05-11,279,83227
KROGER-1100,2025-05-12,327,83554
KROGER-1100,2025-05-13,351,83905
KROGER-1100,2025-05-14,311,84216
KROGER-1100,2025-05-15,290,84506
KROGER-1100,2025-05-16,309,84815
KROGER-1100,2025-05-17,313,85128
KROGER-1100,2025-05-18,325,85453
KROGER-1100,2025-05-19,301,85754
KROGER-1100,2025-05-20,256,86010
KROGER-1100,2025-05-21,312,86322
KROGER-1100,2025-05-22,364,86686
KROGER-1100,2025-05-23,276,86962
KROGER-1100,2025-05-24,353,87315
KROGER-1100,2025-05-25,335,87650
KROGER-1100,2025-05-26,286,87936
KROGER-1100,2025-05-27,276,88212
KROGER-1100,2025-05-28,316,88528
KROGER-1100,2025-05-29,318,88846
KROGER-1100,2025-05-30,272,89118
KROGER-1100,2025-05-31,349,89467
KROGER-1100,2025-06-01,312,89779
KROGER-1100,2025-06-02,321,90100
KROGER-1100,2025-06-03,327,90427
KROGER-1100,2025-06-04,331,90758
KROGER-1100,2025-06-05,285,91043
KROGER-1100,2025-06-06,359,91402
KROGER-1100,2025-06-07,301,91703
KROGER-1100,2025-06-08,348,92051
KROGER-1100,2025-06-09,297,92348
KROGER-1100,2025-06-10,310,92658
KROGER-1100,2025-06-11,306,92964
KROGER-1100,2025-06-12,321,93285
KROGER-1100,2025-06-13,335,93620
KROGER-1100,2025-06-14,309,93929
KROGER-1100,2025-06-15,302,94231
KROGER-1100,2025-06-16,258,94489
KROGER-1100,2025-06-17,314,94803
KROGER-1100,2025-06-18,305,95108
KROGER-1100,2025-06-19,312,95420
KROGER-1100,2025-06-20,307,95727
KROGER-1100,2025-06-21,344,96071
KROGER-1100,2025-06-22,312,96383
KROGER-1100,2025-06-23,318,96701
KROGER-1100,2025-06-24,308,97009
KROGER-1100,2025-06-25,285,97294
KROGER-1100,2025-06-26,292,97586
KROGER-1100,2025-06-27,332,97918
KROGER-1100,2025-06-28,346,98264
KROGER-1100,2025-06-29,344,98608
KROGER-1100,2025-06-30,305,98913
KROGER-1100,2025-07-01,254,99167
KROGER-1100,2025-07-02,268,99435
KROGER-1100,2025-07-03,303,99738
KROGER-1100,2025-07-04,272,100010
KROGER-1100,2025-07-05,354,100364
KROGER-1100,2025-07-06,304,100668
KROGER-1100,2025-07-07,302,100970
KROGER-1100,2025-07-08,352,101322
KROGER-1100,2025-07-09,335,101657
KROGER-1100,2025-07-10,318,101975
KROGER-1100,2025-07-11,315,102290
KROGER-1100,2025-07-12,305,102595
KROGER-1100,2025-07-13,344,102939
KROGER-1100,2025-07-14,314,103253
KROGER-1100,2025-07-15,306,103559
KROGER-1100,2025-07-16,325,103884
KROGER-1100,2025-07-17,326,104210
KROGER-1100,2025-07-18,285,104495
KROGER-1100,2025-07-19,349,104844
KROGER-1100,2025-07-20,322,105166
KROGER-1100,2025-07-21,311,105477
KROGER-1100,2025-07-22,277,105754
KROGER-1100,2025-07-23,277,106031
KROGER-1100,2025-07-24,273,106304
KROGER-1100,2025-07-25,369,106673
KROGER-1100,2025-07-26,384,107057
KROGER-1100,2025-07-27,280,107337
KROGER-1100,2025-07-28,272,107609
KROGER-1100,2025-07-29,297,107906
KROGER-1100,2025-07-30,337,108243
KROGER-1100,2025-07-31,325,108568
KROGER-1100,2025-08-01,363,108931
KROGER-1100,2025-08-02,317,109248
KROGER-1100,2025-08-03,307,109555
KROGER-1100,2025-08-04,311,109866
KROGER-1100,2025-08-05,305,110171
KROGER-1100,2025-08-06,309,110480
KROGER-1100,2025-08-07,312,110792
KROGER-1100,2025-08-08,362,111154
KROGER-1100,2025-08-09,328,111482
KROGER-1100,2025-08-10,297,111779
KROGER-1100,2025-08-11,302,112081
KROGER-1100,2025-08-12,327,112408
KROGER-1100,2025-08-13,324,112732
KROGER-1100,2025-08-14,323,113055
KROGER-1100,2025-08-15,267,113322
KROGER-1100,2025-08-16,284,113606
KROGER-1100,2025-08-17,321,113927
KROGER-1100,2025-08-18,320,114247
KROGER-1100,2025-08-19,289,114536
KROGER-1100,2025-08-20,346,114882
KROGER-1100,2025-08-21,323,115205
KROGER-1100,2025-08-22,296,115501
KROGER-1100,2025-08-23,397,115898
KROGER-1100,2025-08-24,313,116211
KROGER-1100,2025-08-25,300,116511
KROGER-1100,2025-08-26,299,116810
KROGER-1100,2025-08-27,310,117120
KROGER-1100,2025-08-28,283,117403
KROGER-1100,2025-08-29,327,117730
KROGER-1100,2025-08-30,347,118077
KROGER-1100,2025-08-31,342,118419
KROGER-1101,2024-09-01,515,515
KROGER-1101,2024-09-02,491,1006
KROGER-1101,2024-09-03,534,1540
KROGER-1101,2024-09-04,518,2058
KROGER-1101,2024-09-05,476,2534
KROGER-1101,2024-09-06,426,2960
KROGER-1101,2024-09-07,517,3477
KROGER-1101,2024-09-08,557,4034
KROGER-1101,2024-09-09,529,4563
KROGER-1101,2024-09-10,447,5010
KROGER-1101,2024-09-11,543,5553
KROGER-1101,2024-09-12,584,6137
KROGER-1101,2024-09-13,494,6631
KROGER-1101,2024-09-14,526,7157
KROGER-1101,2024-09-15,512,7669
KROGER-1101,2024-09-16,494,8163
KROGER-1101,2024-09-17,558,8721
KROGER-1101,2024-09-18,477,9198
KROGER-1101,2024-09-19,519,9717
KROGER-1101,2024-09-20,498,10215
KROGER-1101,2024-09-21,542,10757
KROGER-1101,2024-09-22,522,11279
KROGER-1101,2024-09-23,542,11821
KROGER-1101,2024-09-24,551,12372
KROGER-1101,2024-09-25,524,12896
KROGER-1101,2024-09-26,500,13396
KROGER-1101,2024-09-27,541,13937
KROGER-1101,2024-09-28,502,14439
KROGER-1101,2024-09-29,553,14992
KROGER-1101,2024-09-30,488,15480
KROGER-1101,2024-10-01,518,15998
KROGER-1101,2024-10-02,470,16468
KROGER-1101,2024-10-03,557,17025
KROGER-1101,2024-10-04,458,17483
KROGER-1101,2024-10-05,529,18012
KROGER-1101,2024-10-06,471,18483
KROGER-1101,2024-10-07,556,19039
KROGER-1101,2024-10-08,572,19611
KROGER-1101,2024-10-09,460,20071
KROGER-1101,2024-10-10,522,20593
KROGER-1101,2024-10-11,497,21090
KROGER-1101,2024-10-12,556,21646
KROGER-1101,2024-10-13,602,22248
KROGER-1101,2024-10-14,524,22772
KROGER-1101,2024-10-15,478,23250
KROGER-1101,2024-10-16,481,23731
KROGER-1101,2024-10-17,494,24225
KROGER-1101,2024-10-18,479,24704
KROGER-1101,2024-10-19,567,25271
KROGER-1101,2024-10-20,570,25841
KROGER-1101,2024-10-21,560,26401
KROGER-1101,2024-10-22,491,26892
KROGER-1101,2024-10-23,556,27448
KROGER-1101,2024-10-24,577,28025
KROGER-1101,2024-10-25,455,28480
KROGER-1101,2024-10-26,513,28993
KROGER-1101,2024-10-27,530,29523
KROGER-1101,2024-10-28,542,30065
KROGER-1101,2024-10-29,563,30628
KROGER-1101,2024-10-30,438,31066
KROGER-1101,2024-10-31,482,31548
KROGER-1101,2024-11-01,667,32215
KROGER-1101,2024-11-02,597,32812
KROGER-1101,2024-11-03,682,33494
KROGER-1101,2024-11-04,639,34133
KROGER-1101,2024-11-05,649,34782
KROGER-1101,2024-11-06,649,35431
KROGER-1101,2024-11-07,590,36021
KROGER-1101,2024-11-08,598,36619
KROGER-1101,2024-11-09,623,37242
KROGER-1101,2024-11-10,653,37895
KROGER-1101,2024-11-11,506,38401
KROGER-1101,2024-11-12,634,39035
KROGER-1101,2024-11-13,695,39730
KROGER-1101,2024-11-14,620,40350
KROGER-1101,2024-11-15,605,40955
KROGER-1101,2024-11-16,645,41600
KROGER-1101,2024-11-17,668,42268
KROGER-1101,2024-11-18,667,42935
KROGER-1101,2024-11-19,607,43542
KROGER-1101,2024-11-20,602,44144
KROGER-1101,2024-11-21,543,44687
KROGER-1101,2024-11-22,613,45300
KROGER-1101,2024-11-23,579,45879
KROGER-1101,2024-11-24,613,46492
KROGER-1101,2024-11-25,654,47146
KROGER-1101,2024-11-26,661,47807
KROGER-1101,2024-11-27,633,48440
KROGER-1101,2024-11-28,670,49110
KROGER-1101,2024-11-29,530,49640
KROGER-1101,2024-11-30,725,50365
KROGER-1101,2024-12-01,598,50963
KROGER-1101,2024-12-02,625,51588
KROGER-1101,2024-12-03,578,52166
KROGER-1101,2024-12-04,626,52792
KROGER-1101,2024-12-05,612,53404
KROGER-1101,2024-12-06,666,54070
KROGER-1101,2024-12-07,768,54838
KROGER-1101,2024-12-08,686,55524
KROGER-1101,2024-12-09,605,56129
KROGER-1101,2024-12-10,686,56815
KROGER-1101,2024-12-11,528,57343
KROGER-1101,2024-12-12,582,57925
KROGER-1101,2024-12-13,599,58524
KROGER-1101,2024-12-14,627,59151
KROGER-1101,2024-12-15,603,59754
KROGER-1101,2024-12-16,645,60399
KROGER-1101,2024-12-17,611,61010
KROGER-1101,2024-12-18,604,61614
KROGER-1101,2024-12-19,680,62294
KROGER-1101,2024-12-20,589,62883
KROGER-1101,2024-12-21,694,63577
KROGER-1101,2024-12-22,627,64204
KROGER-1101,2024-12-23,598,64802
KROGER-1101,2024-12-24,573,65375
KROGER-1101,2024-12-25,539,65914
KROGER-1101,2024-12-26,578,66492
KROGER-1101,2024-12-27,524,67016
KROGER-1101,2024-12-28,654,67670
KROGER-1101,2024-12-29,625,68295
KROGER-1101,2024-12-30,664,68959
KROGER-1101,2024-12-31,575,69534
KROGER-1101,2025-01-01,498,70032
KROGER-1101,2025-01-02,558,70590
KROGER-1101,2025-01-03,545,71135
KROGER-1101,2025-01-04,540,71675
KROGER-1101,2025-01-05,490,72165
KROGER-1101,2025-01-06,533,72698
KROGER-1101,2025-01-07,497,73195
KROGER-1101,2025-01-08,488,73683
KROGER-1101,2025-01-09,563,74246
KROGER-1101,2025-01-10,569,74815
KROGER-1101,2025-01-11,496,75311
KROGER-1101,2025-01-12,608,75919
KROGER-1101,2025-01-13,505,76424
KROGER-1101,2025-01-14,541,76965
KROGER-1101,2025-01-15,583,77548
KROGER-1101,2025-01-16,502,78050
KROGER-1101,2025-01-17,519,78569
KROGER-1101,2025-01-18,565,79134
KROGER-1101,2025-01-19,602,79736
KROGER-1101,2025-01-20,510,80246
KROGER-1101,2025-01-21,542,80788
KROGER-1101,2025-01-22,477,81265
KROGER-1101,2025-01-23,448,81713
KROGER-1101,2025-01-24,481,82194
KROGER-1101,2025-01-25,505,82699
KROGER-1101,2025-01-26,576,83275
KROGER-1101,2025-01-27,506,83781
KROGER-1101,2025-01-28,484,84265
KROGER-1101,2025-01-29,473,84738
KROGER-1101,2025-01-30,492,85230
KROGER-1101,2025-01-31,546,85776
KROGER-1101,2025-02-01,496,86272
KROGER-1101,2025-02-02,529,86801
KROGER-1101,2025-02-03,493,87294
KROGER-1101,2025-02-04,523,87817
KROGER-1101,2025-02-05,584,88401
KROGER-1101,2025-02-06,482,88883
KROGER-1101,2025-02-07,522,89405
KROGER-1101,2025-02-08,534,89939
KROGER-1101,2025-02-09,514,90453
KROGER-1101,2025-02-10,511,90964
KROGER-1101,2025-02-11,583,91547
KROGER-1101,2025-02-12,506,92053
KROGER-1101,2025-02-13,506,92559
KROGER-1101,2025-02-14,493,93052
KROGER-1101,2025-02-15,552,93604
KROGER-1101,2025-02-16,491,94095
KROGER-1101,2025-02-17,514,94609
KROGER-1101,2025-02-18,527,95136
KROGER-1101,2025-02-19,474,95610
KROGER-1101,2025-02-20,574,96184
KROGER-1101,2025-02-21,572,96756
KROGER-1101,2025-02-22,630,97386
KROGER-1101,2025-02-23,559,97945
KROGER-1101,2025-02-24,526,98471
KROGER-1101,2025-02-25,506,98977
KROGER-1101,2025-02-26,512,99489
KROGER-1101,2025-02-27,547,100036
KROGER-1101,2025-02-28,509,100545
KROGER-1101,2025-03-01,528,101073
KROGER-1101,2025-03-02,558,101631
KROGER-1101,2025-03-03,483,102114
KROGER-1101,2025-03-04,573,102687
KROGER-1101,2025-03-05,509,103196
KROGER-1101,2025-03-06,540,103736
KROGER-1101,2025-03-07,476,104212
KROGER-1101,2025-03-08,532,104744
KROGER-1101,2025-03-09,517,105261
KROGER-1101,2025-03-10,494,105755
KROGER-1101,2025-03-11,462,106217
KROGER-1101,2025-03-12,552,106769
KROGER-1101,2025-03-13,529,107298
KROGER-1101,2025-03-14,451,107749
KROGER-1101,2025-03-15,525,108274
KROGER-1101,2025-03-16,525,108799
KROGER-1101,2025-03-17,525,109324
KROGER-1101,2025-03-18,503,109827
KROGER-1101,2025-03-19,553,110380
KROGER-1101,2025-03-20,548,110928
KROGER-1101,2025-03-21,599,111527
KROGER-1101,2025-03-22,439,111966
KROGER-1101,2025-03-23,593,112559
KROGER-1101,2025-03-24,541,113100
KROGER-1101,2025-03-25,502,113602
KROGER-1101,2025-03-26,498,114100
KROGER-1101,2025-03-27,505,114605
KROGER-1101,2025-03-28,519,115124
KROGER-1101,2025-03-29,511,115635
KROGER-1101,2025-03-30,466,116101
KROGER-1101,2025-03-31,488,116589
KROGER-1101,2025-04-01,498,117087
KROGER-1101,2025-04-02,532,117619
KROGER-1101,2025-04-03,460,118079
KROGER-1101,2025-04-04,535,118614
KROGER-1101,2025-04-05,483,119097
KROGER-1101,2025-04-06,551,119648
KROGER-1101,2025-04-07,531,120179
KROGER-1101,2025-04-08,503,120682
KROGER-1101,2025-04-09,511,121193
KROGER-1101,2025-04-10,537,121730
KROGER-1101,2025-04-11,485,122215
KROGER-1101,2025-04-12,547,122762
KROGER-1101,2025-04-13,519,123281
KROGER-1101,2025-04-14,572,123853
KROGER-1101,2025-04-15,531,124384
KROGER-1101,2025-04-16,466,124850
KROGER-1101,2025-04-17,583,125433
KROGER-1101,2025-04-18,550,125983
KROGER-1101,2025-04-19,483,126466
KROGER-1101,2025-04-20,469,126935
KROGER-1101,2025-04-21,459,127394
KROGER-1101,2025-04-22,469,127863
KROGER-1101,2025-04-23,515,128378
KROGER-1101,2025-04-24,512,128890
KROGER-1101,2025-04-25,539,129429
KROGER-1101,2025-04-26,521,129950
KROGER-1101,2025-04-27,523,130473
KROGER-1101,2025-04-28,513,130986
KROGER-1101,2025-04-29,555,131541
KROGER-1101,2025-04-30,432,131973
KROGER-1101,2025-05-01,498,132471
KROGER-1101,2025-05-02,563,133034
KROGER-1101,2025-05-03,537,133571
KROGER-1101,2025-05-04,522,134093
KROGER-1101,2025-05-05,476,134569
KROGER-1101,2025-05-06,546,135115
KROGER-1101,2025-05-07,489,135604
KROGER-1101,2025-05-08,489,136093
KROGER-1101,2025-05-09,564,136657
KROGER-1101,2025-05-10,489,137146
KROGER-1101,2025-05-11,604,137750
KROGER-1101,2025-05-12,516,138266
KROGER-1101,2025-05-13,510,138776
KROGER-1101,2025-05-14,520,139296
KROGER-1101,2025-05-15,510,139806
KROGER-1101,2025-05-16,487,140293
KROGER-1101,2025-05-17,549,140842
KROGER-1101,2025-05-18,513,141355
KROGER-1101,2025-05-19,526,141881
KROGER-1101,2025-05-20,603,142484
KROGER-1101,2025-05-21,536,143020
KROGER-1101,2025-05-22,501,143521
KROGER-1101,2025-05-23,519,144040
KROGER-1101,2025-05-24,521,144561
KROGER-1101,2025-05-25,526,145087
KROGER-1101,2025-05-26,504,145591
KROGER-1101,2025-05-27,528,146119
KROGER-1101,2025-05-28,546,146665
KROGER-1101,2025-05-29,595,147260
KROGER-1101,2025-05-30,535,147795
KROGER-1101,2025-05-31,487,148282
KROGER-1101,2025-06-01,479,148761
KROGER-1101,2025-06-02,506,149267
KROGER-1101,2025-06-03,550,149817
KROGER-1101,2025-06-04,500,150317
KROGER-1101,2025-06-05,501,150818
KROGER-1101,2025-06-06,545,151363
KROGER-1101,2025-06-07,533,151896
KROGER-1101,2025-06-08,578,152474
KROGER-1101,2025-06-09,447,152921
KROGER-1101,2025-06-10,528,153449
KROGER-1101,2025-06-11,436,153885
KROGER-1101,2025-06-12,520,154405
KROGER-1101,2025-06-13,545,154950
KROGER-1101,2025-06-14,465,155415
KROGER-1101,2025-06-15,436,155851
KROGER-1101,2025-06-16,543,156394
KROGER-1101,2025-06-17,527,156921
KROGER-1101,2025-06-18,464,157385
KROGER-1101,2025-06-19,519,157904
KROGER-1101,2025-06-20,487,158391
KROGER-1101,2025-06-21,527,158918
KROGER-1101,2025-06-22,523,159441
KROGER-1101,2025-06-23,455,159896
KROGER-1101,2025-06-24,545,160441
KROGER-1101,2025-06-25,466,160907
KROGER-1101,2025-06-26,513,161420
KROGER-1101,2025-06-27,535,161955
KROGER-1101,2025-06-28,499,162454
KROGER-1101,2025-06-29,522,162976
KROGER-1101,2025-06-30,488,163464
KROGER-1101,2025-07-01,579,164043
KROGER-1101,2025-07-02,546,164589
KROGER-1101,2025-07-03,540,165129
KROGER-1101,2025-07-04,599,165728
KROGER-1101,2025-07-05,549,166277
KROGER-1101,2025-07-06,520,166797
KROGER-1101,2025-07-07,450,167247
KROGER-1101,2025-07-08,480,167727
KROGER-1101,2025-07-09,515,168242
KROGER-1101,2025-07-10,547,168789
KROGER-1101,2025-07-11,482,169271
KROGER-1101,2025-07-12,602,169873
KROGER-1101,2025-07-13,468,170341
KROGER-1101,2025-07-14,493,170834
KROGER-1101,2025-07-15,525,171359
KROGER-1101,2025-07-16,514,171873
KROGER-1101,2025-07-17,528,172401
KROGER-1101,2025-07-18,514,172915
KROGER-1101,2025-07-19,562,173477
KROGER-1101,2025-07-20,524,174001
KROGER-1101,2025-07-21,497,174498
KROGER-1101,2025-07-22,475,174973
KROGER-1101,2025-07-23,597,175570
KROGER-1101,2025-07-24,506,176076
KROGER-1101,2025-07-25,527,176603
KROGER-1101,2025-07-26,525,177128
KROGER-1101,2025-07-27,602,177730
KROGER-1101,2025-07-28,508,178238
KROGER-1101,2025-07-29,522,178760
KROGER-1101,2025-07-30,473,179233
KROGER-1101,2025-07-31,581,179814
KROGER-1101,2025-08-01,518,180332
KROGER-1101,2025-08-02,611,180943
KROGER-1101,2025-08-03,509,181452
KROGER-1101,2025-08-04,491,181943
KROGER-1101,2025-08-05,487,182430
KROGER-1101,2025-08-06,497,182927
KROGER-1101,2025-08-07,536,183463
KROGER-1101,2025-08-08,425,183888
KROGER-1101,2025-08-09,532,184420
KROGER-1101,2025-08-10,501,184921
KROGER-1101,2025-08-11,473,185394
KROGER-1101,2025-08-12,528,185922
KROGER-1101,2025-08-13,521,186443
KROGER-1101,2025-08-14,544,186987
KROGER-1101,2025-08-15,525,187512
KROGER-1101,2025-08-16,542,188054
KROGER-1101,2025-08-17,510,188564
KROGER-1101,2025-08-18,471,189035
KROGER-1101,2025-08-19,533,189568
KROGER-1101,2025-08-20,498,190066
KROGER-1101,2025-08-21,525,190591
KROGER-1101,2025-08-22,509,191100
KROGER-1101,2025-08-23,447,191547
KROGER-1101,2025-08-24,555,192102
KROGER-1101,2025-08-25,483,192585
KROGER-1101,2025-08-26,544,193129
KROGER-1101,2025-08-27,433,193562
KROGER-1101,2025-08-28,586,194148
KROGER-1101,2025-08-29,484,194632
KROGER-1101,2025-08-30,554,195186
KROGER-1101,2025-08-31,504,195690
KROGER-1102,2024-09-01,296,296
KROGER-1102,2024-09-02,311,607
KROGER-1102,2024-09-03,290,897
KROGER-1102,2024-09-04,292,1189
KROGER-1102,2024-09-05,315,1504
KROGER-1102,2024-09-06,300,1804
KROGER-1102,2024-09-07,321,2125
KROGER-1102,2024-09-08,294,2419
KROGER-1102,2024-09-09,311,2730
KROGER-1102,2024-09-10,298,3028
KROGER-1102,2024-09-11,305,3333
KROGER-1102,2024-09-12,304,3637
KROGER-1102,2024-09-13,322,3959
KROGER-1102,2024-09-14,322,4281
KROGER-1102,2024-09-15,281,4562
KROGER-1102,2024-09-16,281,4843
KROGER-1102,2024-09-17,300,5143
KROGER-1102,2024-09-18,305,5448
KROGER-1102,2024-09-19,264,5712
KROGER-1102,2024-09-20,272,5984
KROGER-1102,2024-09-21,337,6321
KROGER-1102,2024-09-22,359,6680
KROGER-1102,2024-09-23,256,6936
KROGER-1102,2024-09-24,301,7237
KROGER-1102,2024-09-25,296,7533
KROGER-1102,2024-09-26,319,7852
KROGER-1102,2024-09-27,307,8159
KROGER-1102,2024-09-28,331,8490
KROGER-1102,2024-09-29,253,8743
KROGER-1102,2024-09-30,295,9038
KROGER-1102,2024-10-01,274,9312
KROGER-1102,2024-10-02,274,9586
KROGER-1102,2024-10-03,266,9852
KROGER-1102,2024-10-04,301,10153
KROGER-1102,2024-10-05,318,10471
KROGER-1102,2024-10-06,326,10797
KROGER-1102,2024-10-07,286,11083
KROGER-1102,2024-10-08,328,11411
KROGER-1102,2024-10-09,273,11684
KROGER-1102,2024-10-10,261,11945
KROGER-1102,2024-10-11,300,12245
KROGER-1102,2024-10-12,293,12538
KROGER-1102,2024-10-13,323,12861
KROGER-1102,2024-10-14,280,13141
KROGER-1102,2024-10-15,281,13422
KROGER-1102,2024-10-16,280,13702
KROGER-1102,2024-10-17,278,13980
KROGER-1102,2024-10-18,295,14275
KROGER-1102,2024-10-19,316,14591
KROGER-1102,2024-10-20,292,14883
KROGER-1102,2024-10-21,267,15150
KROGER-1102,2024-10-22,307,15457
KROGER-1102,2024-10-23,304,15761
KROGER-1102,2024-10-24,312,16073
KROGER-1102,2024-10-25,270,16343
KROGER-1102,2024-10-26,289,16632
KROGER-1102,2024-10-27,330,16962
KROGER-1102,2024-10-28,316,17278
KROGER-1102,2024-10-29,285,17563
KROGER-1102,2024-10-30,273,17836
KROGER-1102,2024-10-31,279,18115
KROGER-1102,2024-11-01,327,18442
KROGER-1102,2024-11-02,396,18838
KROGER-1102,2024-11-03,393,19231
KROGER-1102,2024-11-04,357,19588
KROGER-1102,2024-11-05,335,19923
KROGER-1102,2024-11-06,329,20252
KROGER-1102,2024-11-07,337,20589
KROGER-1102,2024-11-08,329,20918
KROGER-1102,2024-11-09,379,21297
KROGER-1102,2024-11-10,395,21692
KROGER-1102,2024-11-11,377,22069
KROGER-1102,2024-11-12,329,22398
KROGER-1102,2024-11-13,337,22735
KROGER-1102,2024-11-14,339,23074
KROGER-1102,2024-11-15,383,23457
KROGER-1102,2024-11-16,332,23789
KROGER-1102,2024-11-17,372,24161
KROGER-1102,2024-11-18,329,24490
KROGER-1102,2024-11-19,349,24839
KROGER-1102,2024-11-20,374,25213
KROGER-1102,2024-11-21,345,25558
KROGER-1102,2024-11-22,333,25891
KROGER-1102,2024-11-23,394,26285
KROGER-1102,2024-11-24,376,26661
KROGER-1102,2024-11-25,368,27029
KROGER-1102,2024-11-26,362,27391
KROGER-1102,2024-11-27,320,27711
KROGER-1102,2024-11-28,391,28102
KROGER-1102,2024-11-29,349,28451
KROGER-1102,2024-11-30,397,28848
KROGER-1102,2024-12-01,362,29210
KROGER-1102,2024-12-02,370,29580
KROGER-1102,2024-12-03,383,29963
KROGER-1102,2024-12-04,379,30342
KROGER-1102,2024-12-05,357,30699
KROGER-1102,2024-12-06,345,31044
KROGER-1102,2024-12-07,330,31374
KROGER-1102,2024-12-08,335,31709
KROGER-1102,2024-12-09,386,32095
KROGER-1102,2024-12-10,331,32426
KROGER-1102,2024-12-11,377,32803
KROGER-1102,2024-12-12,380,33183
KROGER-1102,2024-12-13,367,33550
KROGER-1102,2024-12-14,384,33934
KROGER-1102,2024-12-15,337,34271
KROGER-1102,2024-12-16,316,34587
KROGER-1102,2024-12-17,336,34923
KROGER-1102,2024-12-18,401,35324
KROGER-1102,2024-12-19,393,35717
KROGER-1102,2024-12-20,355,36072
KROGER-1102,2024-12-21,411,36483
KROGER-1102,2024-12-22,344,36827
KROGER-1102,2024-12-23,344,37171
KROGER-1102,2024-12-24,399,37570
KROGER-1102,2024-12-25,414,37984
KROGER-1102,2024-12-26,376,38360
KROGER-1102,2024-12-27,309,38669
KROGER-1102,2024-12-28,412,39081
KROGER-1102,2024-12-29,364,39445
KROGER-1102,2024-12-30,375,39820
KROGER-1102,2024-12-31,357,40177
KROGER-1102,2025-01-01,319,40496
KROGER-1102,2025-01-02,296,40792
KROGER-1102,2025-01-03,360,41152
KROGER-1102,2025-01-04,334,41486
KROGER-1102,2025-01-05,279,41765
KROGER-1102,2025-01-06,255,42020
KROGER-1102,2025-01-07,256,42276
KROGER-1102,2025-01-08,309,42585
KROGER-1102,2025-01-09,318,42903
KROGER-1102,2025-01-10,233,43136
KROGER-1102,2025-01-11,340,43476
KROGER-1102,2025-01-12,319,43795
KROGER-1102,2025-01-13,333,44128
KROGER-1102,2025-01-14,272,44400
KROGER-1102,2025-01-15,302,44702
KROGER-1102,2025-01-16,302,45004
KROGER-1102,2025-01-17,277,45281
KROGER-1102,2025-01-18,278,45559
KROGER-1102,2025-01-19,333,45892
KROGER-1102,2025-01-20,301,46193
KROGER-1102,2025-01-21,304,46497
KROGER-1102,2025-01-22,327,46824
KROGER-1102,2025-01-23,294,47118
KROGER-1102,2025-01-24,303,47421
KROGER-1102,2025-01-25,319,47740
KROGER-1102,2025-01-26,319,48059
KROGER-1102,2025-01-27,262,48321
KROGER-1102,2025-01-28,295,48616
KROGER-1102,2025-01-29,323,48939
KROGER-1102,2025-01-30,292,49231
KROGER-1102,2025-01-31,284,49515
KROGER-1102,2025-02-01,334,49849
KROGER-1102,2025-02-02,310,50159
KROGER-1102,2025-02-03,280,50439
KROGER-1102,2025-02-04,275,50714
KROGER-1102,2025-02-05,294,51008
KROGER-1102,2025-02-06,279,51287
KROGER-1102,2025-02-07,316,51603
KROGER-1102,2025-02-08,291,51894
KROGER-1102,2025-02-09,317,52211
KROGER-1102,2025-02-10,305,52516
KROGER-1102,2025-02-11,310,52826
KROGER-1102,2025-02-12,332,53158
KROGER-1102,2025-02-13,263,53421
KROGER-1102,2025-02-14,310,53731
KROGER-1102,2025-02-15,325,54056
KROGER-1102,2025-02-16,283,54339
KROGER-1102,2025-02-17,301,54640
KROGER-1102,2025-02-18,285,54925
KROGER-1102,2025-02-19,328,55253
KROGER-1102,2025-02-20,282,55535
KROGER-1102,2025-02-21,290,55825
KROGER-1102,2025-02-22,300,56125
KROGER-1102,2025-02-23,289,56414
KROGER-1102,2025-02-24,258,56672
KROGER-1102,2025-02-25,275,56947
KROGER-1102,2025-02-26,299,57246
KROGER-1102,2025-02-27,302,57548
KROGER-1102,2025-02-28,314,57862
KROGER-1102,2025-03-01,336,58198
KROGER-1102,2025-03-02,320,58518
KROGER-1102,2025-03-03,314,58832
KROGER-1102,2025-03-04,308,59140
KROGER-1102,2025-03-05,269,59409
KROGER-1102,2025-03-06,304,59713
KROGER-1102,2025-03-07,295,60008
KROGER-1102,2025-03-08,296,60304
KROGER-1102,2025-03-09,310,60614
KROGER-1102,2025-03-10,304,60918
KROGER-1102,2025-03-11,290,61208
KROGER-1102,2025-03-12,319,61527
KROGER-1102,2025-03-13,303,61830
KROGER-1102,2025-03-14,316,62146
KROGER-1102,2025-03-15,341,62487
KROGER-1102,2025-03-16,300,62787
KROGER-1102,2025-03-17,285,63072
KROGER-1102,2025-03-18,322,63394
KROGER-1102,2025-03-19,277,63671
KROGER-1102,2025-03-20,293,63964
KROGER-1102,2025-03-21,284,64248
KROGER-1102,2025-03-22,285,64533
KROGER-1102,2025-03-23,322,64855
KROGER-1102,2025-03-24,289,65144
KROGER-1102,2025-03-25,273,65417
KROGER-1102,2025-03-26,317,65734
KROGER-1102,2025-03-27,264,65998
KROGER-1102,2025-03-28,292,66290
KROGER-1102,2025-03-29,332,66622
KROGER-1102,2025-03-30,333,66955
KROGER-1102,2025-03-31,305,67260
KROGER-1102,2025-04-01,274,67534
KROGER-1102,2025-04-02,299,67833
KROGER-1102,2025-04-03,304,68137
KROGER-1102,2025-04-04,285,68422
KROGER-1102,2025-04-05,319,68741
KROGER-1102,2025-04-06,273,69014
KROGER-1102,2025-04-07,254,69268
KROGER-1102,2025-04-08,280,69548
KROGER-1102,2025-04-09,312,69860
KROGER-1102,2025-04-10,315,70175
KROGER-1102,2025-04-11,265,70440
KROGER-1102,2025-04-12,346,70786
KROGER-1102,2025-04-13,312,71098
KROGER-1102,2025-04-14,259,71357
KROGER-1102,2025-04-15,302,71659
KROGER-1102,2025-04-16,325,71984
KROGER-1102,2025-04-17,284,72268
KROGER-1102,2025-04-18,318,72586
KROGER-1102,2025-04-19,346,72932
KROGER-1102,2025-04-20,311,73243
KROGER-1102,2025-04-21,278,73521
KROGER-1102,2025-04-22,323,73844
KROGER-1102,2025-04-23,323,74167
KROGER-1102,2025-04-24,265,74432
KROGER-1102,2025-04-25,293,74725
KROGER-1102,2025-04-26,328,75053
KROGER-1102,2025-04-27,329,75382
KROGER-1102,2025-04-28,288,75670
KROGER-1102,2025-04-29,272,75942
KROGER-1102,2025-04-30,332,76274
KROGER-1102,2025-05-01,297,76571
KROGER-1102,2025-05-02,291,76862
KROGER-1102,2025-05-03,295,77157
KROGER-1102,2025-05-04,305,77462
KROGER-1102,2025-05-05,258,77720
KROGER-1102,2025-05-06,319,78039
KROGER-1102,2025-05-07,289,78328
KROGER-1102,2025-05-08,245,78573
KROGER-1102,2025-05-09,272,78845
KROGER-1102,2025-05-10,334,79179
KROGER-1102,2025-05-11,306,79485
KROGER-1102,2025-05-12,276,79761
KROGER-1102,2025-05-13,298,80059
KROGER-1102,2025-05-14,288,80347
KROGER-1102,2025-05-15,298,80645
KROGER-1102,2025-05-16,303,80948
KROGER-1102,2025-05-17,290,81238
KROGER-1102,2025-05-18,296,81534
KROGER-1102,2025-05-19,278,81812
KROGER-1102,2025-05-20,278,82090
KROGER-1102,2025-05-21,280,82370
KROGER-1102,2025-05-22,288,82658
KROGER-1102,2025-05-23,281,82939
KROGER-1102,2025-05-24,314,83253
KROGER-1102,2025-05-25,302,83555
KROGER-1102,2025-05-26,278,83833
KROGER-1102,2025-05-27,250,84083
KROGER-1102,2025-05-28,274,84357
KROGER-1102,2025-05-29,287,84644
KROGER-1102,2025-05-30,318,84962
KROGER-1102,2025-05-31,308,85270
KROGER-1102,2025-06-01,272,85542
KROGER-1102,2025-06-02,297,85839
KROGER-1102,2025-06-03,284,86123
KROGER-1102,2025-06-04,309,86432
KROGER-1102,2025-06-05,261,86693
KROGER-1102,2025-06-06,324,87017
KROGER-1102,2025-06-07,321,87338
KROGER-1102,2025-06-08,305,87643
KROGER-1102,2025-06-09,259,87902
KROGER-1102,2025-06-10,261,88163
KROGER-1102,2025-06-11,311,88474
KROGER-1102,2025-06-12,314,88788
KROGER-1102,2025-06-13,320,89108
KROGER-1102,2025-06-14,351,89459
KROGER-1102,2025-06-15,329,89788
KROGER-1102,2025-06-16,305,90093
KROGER-1102,2025-06-17,352,90445
KROGER-1102,2025-06-18,282,90727
KROGER-1102,2025-06-19,293,91020
KROGER-1102,2025-06-20,259,91279
KROGER-1102,2025-06-21,325,91604
KROGER-1102,2025-06-22,305,91909
KROGER-1102,2025-06-23,280,92189
KROGER-1102,2025-06-24,281,92470
KROGER-1102,2025-06-25,276,92746
KROGER-1102,2025-06-26,291,93037
KROGER-1102,2025-06-27,261,93298
KROGER-1102,2025-06-28,276,93574
KROGER-1102,2025-06-29,282,93856
KROGER-1102,2025-06-30,280,94136
KROGER-1102,2025-07-01,284,94420
KROGER-1102,2025-07-02,247,94667
KROGER-1102,2025-07-03,283,94950
KROGER-1102,2025-07-04,275,95225
KROGER-1102,2025-07-05,329,95554
KROGER-1102,2025-07-06,288,95842
KROGER-1102,2025-07-07,319,96161
KROGER-1102,2025-07-08,336,96497
KROGER-1102,2025-07-09,323,96820
KROGER-1102,2025-07-10,272,97092
KROGER-1102,2025-07-11,307,97399
KROGER-1102,2025-07-12,286,97685
KROGER-1102,2025-07-13,289,97974
KROGER-1102,2025-07-14,277,98251
KROGER-1102,2025-07-15,298,98549
KROGER-1102,2025-07-16,274,98823
KROGER-1102,2025-07-17,296,99119
KROGER-1102,2025-07-18,325,99444
KROGER-1102,2025-07-19,283,99727
KROGER-1102,2025-07-20,270,99997
KROGER-1102,2025-07-21,280,100277
KROGER-1102,2025-07-22,329,100606
KROGER-1102,2025-07-23,311,100917
KROGER-1102,2025-07-24,275,101192
KROGER-1102,2025-07-25,270,101462
KROGER-1102,2025-07-26,318,101780
KROGER-1102,2025-07-27,312,102092
KROGER-1102,2025-07-28,310,102402
KROGER-1102,2025-07-29,268,102670
KROGER-1102,2025-07-30,293,102963
KROGER-1102,2025-07-31,316,103279
KROGER-1102,2025-08-01,322,103601
KROGER-1102,2025-08-02,279,103880
KROGER-1102,2025-08-03,308,104188
KROGER-1102,2025-08-04,288,104476
KROGER-1102,2025-08-05,275,104751
KROGER-1102,2025-08-06,278,105029
KROGER-1102,2025-08-07,309,105338
KROGER-1102,2025-08-08,277,105615
KROGER-1102,2025-08-09,307,105922
KROGER-1102,2025-08-10,322,106244
KROGER-1102,2025-08-11,337,106581
KROGER-1102,2025-08-12,302,106883
KROGER-1102,2025-08-13,312,107195
KROGER-1102,2025-08-14,301,107496
KROGER-1102,2025-08-15,290,107786
KROGER-1102,2025-08-16,304,108090
KROGER-1102,2025-08-17,307,108397
KROGER-1102,2025-08-18,245,108642
KROGER-1102,2025-08-19,287,108929
KROGER-1102,2025-08-20,305,109234
KROGER-1102,2025-08-21,278,109512
KROGER-1102,2025-08-22,329,109841
KROGER-1102,2025-08-23,313,110154
KROGER-1102,2025-08-24,307,110461
KROGER-1102,2025-08-25,315,110776
KROGER-1102,2025-08-26,308,111084
KROGER-1102,2025-08-27,322,111406
KROGER-1102,2025-08-28,327,111733
KROGER-1102,2025-08-29,330,112063
KROGER-1102,2025-08-30,321,112384
KROGER-1102,2025-08-31,284,112668
KROGER-1103,2024-09-01,433,433
KROGER-1103,2024-09-02,475,908
KROGER-1103,2024-09-03,429,1337
KROGER-1103,2024-09-04,406,1743
KROGER-1103,2024-09-05,402,2145
KROGER-1103,2024-09-06,384,2529
KROGER-1103,2024-09-07,474,3003
KROGER-1103,2024-09-08,425,3428
KROGER-1103,2024-09-09,387,3815
KROGER-1103,2024-09-10,391,4206
KROGER-1103,2024-09-11,332,4538
KROGER-1103,2024-09-12,444,4982
KROGER-1103,2024-09-13,412,5394
KROGER-1103,2024-09-14,398,5792
KROGER-1103,2024-09-15,490,6282
KROGER-1103,2024-09-16,422,6704
KROGER-1103,2024-09-17,345,7049
KROGER-1103,2024-09-18,445,7494
KROGER-1103,2024-09-19,386,7880
KROGER-1103,2024-09-20,440,8320
KROGER-1103,2024-09-21,459,8779
KROGER-1103,2024-09-22,446,9225
KROGER-1103,2024-09-23,378,9603
KROGER-1103,2024-09-24,379,9982
KROGER-1103,2024-09-25,419,10401
KROGER-1103,2024-09-26,389,10790
KROGER-1103,2024-09-27,461,11251
KROGER-1103,2024-09-28,438,11689
KROGER-1103,2024-09-29,406,12095
KROGER-1103,2024-09-30,454,12549
KROGER-1103,2024-10-01,356,12905
KROGER-1103,2024-10-02,416,13321
KROGER-1103,2024-10-03,439,13760
KROGER-1103,2024-10-04,386,14146
KROGER-1103,2024-10-05,426,14572
KROGER-1103,2024-10-06,418,14990
KROGER-1103,2024-10-07,382,15372
KROGER-1103,2024-10-08,423,15795
KROGER-1103,2024-10-09,449,16244
KROGER-1103,2024-10-10,488,16732
KROGER-1103,2024-10-11,446,17178
KROGER-1103,2024-10-12,432,17610
KROGER-1103,2024-10-13,481,18091
KROGER-1103,2024-10-14,382,18473
KROGER-1103,2024-10-15,402,18875
KROGER-1103,2024-10-16,452,19327
KROGER-1103,2024-10-17,398,19725
KROGER-1103,2024-10-18,422,20147
KROGER-1103,2024-10-19,417,20564
KROGER-1103,2024-10-20,434,20998
KROGER-1103,2024-10-21,418,21416
KROGER-1103,2024-10-22,436,21852
KROGER-1103,2024-10-23,426,22278
KROGER-1103,2024-10-24,444,22722
KROGER-1103,2024-10-25,434,23156
KROGER-1103,2024-10-26,434,23590
KROGER-1103,2024-10-27,420,24010
KROGER-1103,2024-10-28,390,24400
KROGER-1103,2024-10-29,328,24728
KROGER-1103,2024-10-30,416,25144
KROGER-1103,2024-10-31,382,25526
KROGER-1103,2024-11-01,469,25995
KROGER-1103,2024-11-02,517,26512
KROGER-1103,2024-11-03,508,27020
KROGER-1103,2024-11-04,527,27547
KROGER-1103,2024-11-05,498,28045
KROGER-1103,2024-11-06,570,28615
KROGER-1103,2024-11-07,593,29208
KROGER-1103,2024-11-08,492,29700
KROGER-1103,2024-11-09,494,30194
KROGER-1103,2024-11-10,455,30649
KROGER-1103,2024-11-11,578,31227
KROGER-1103,2024-11-12,475,31702
KROGER-1103,2024-11-13,483,32185
KROGER-1103,2024-11-14,476,32661
KROGER-1103,2024-11-15,491,33152
KROGER-1103,2024-11-16,509,33661
KROGER-1103,2024-11-17,565,34226
KROGER-1103,2024-11-18,394,34620
KROGER-1103,2024-11-19,497,35117
KROGER-1103,2024-11-20,533,35650
KROGER-1103,2024-11-21,477,36127
KROGER-1103,2024-11-22,528,36655
KROGER-1103,2024-11-23,534,37189
KROGER-1103,2024-11-24,499,37688
KROGER-1103,2024-11-25,431,38119
KROGER-1103,2024-11-26,521,38640
KROGER-1103,2024-11-27,517,39157
KROGER-1103,2024-11-28,475,39632
KROGER-1103,2024-11-29,535,40167
KROGER-1103,2024-11-30,509,40676
KROGER-1103,2024-12-01,574,41250
KROGER-1103,2024-12-02,517,41767
KROGER-1103,2024-12-03,564,42331
KROGER-1103,2024-12-04,519,42850
KROGER-1103,2024-12-05,506,43356
KROGER-1103,2024-12-06,428,43784
KROGER-1103,2024-12-07,532,44316
KROGER-1103,2024-12-08,520,44836
KROGER-1103,2024-12-09,570,45406
KROGER-1103,2024-12-10,513,45919
KROGER-1103,2024-12-11,536,46455
KROGER-1103,2024-12-12,561,47016
KROGER-1103,2024-12-13,559,47575
KROGER-1103,2024-12-14,526,48101
KROGER-1103,2024-12-15,620,48721
KROGER-1103,2024-12-16,484,49205
KROGER-1103,2024-12-17,558,49763
KROGER-1103,2024-12-18,474,50237
KROGER-1103,2024-12-19,539,50776
KROGER-1103,2024-12-20,466,51242
KROGER-1103,2024-12-21,556,51798
KROGER-1103,2024-12-22,493,52291
KROGER-1103,2024-12-23,463,52754
KROGER-1103,2024-12-24,465,53219
KROGER-1103,2024-12-25,525,53744
KROGER-1103,2024-12-26,524,54268
KROGER-1103,2024-12-27,524,54792
KROGER-1103,2024-12-28,539,55331
KROGER-1103,2024-12-29,509,55840
KROGER-1103,2024-12-30,475,56315
KROGER-1103,2024-12-31,463,56778
KROGER-1103,2025-01-01,383,57161
KROGER-1103,2025-01-02,461,57622
KROGER-1103,2025-01-03,385,58007
KROGER-1103,2025-01-04,408,58415
KROGER-1103,2025-01-05,406,58821
KROGER-1103,2025-01-06,376,59197
KROGER-1103,2025-01-07,431,59628
KROGER-1103,2025-01-08,402,60030
KROGER-1103,2025-01-09,415,60445
KROGER-1103,2025-01-10,416,60861
KROGER-1103,2025-01-11,452,61313
KROGER-1103,2025-01-12,445,61758
KROGER-1103,2025-01-13,460,62218
KROGER-1103,2025-01-14,398,62616
KROGER-1103,2025-01-15,400,63016
KROGER-1103,2025-01-16,417,63433
KROGER-1103,2025-01-17,418,63851
KROGER-1103,2025-01-18,389,64240
KROGER-1103,2025-01-19,386,64626
KROGER-1103,2025-01-20,416,65042
KROGER-1103,2025-01-21,467,65509
KROGER-1103,2025-01-22,470,65979
KROGER-1103,2025-01-23,383,66362
KROGER-1103,2025-01-24,406,66768
KROGER-1103,2025-01-25,447,67215
KROGER-1103,2025-01-26,452,67667
KROGER-1103,2025-01-27,388,68055
KROGER-1103,2025-01-28,478,68533
KROGER-1103,2025-01-29,401,68934
KROGER-1103,2025-01-30,433,69367
KROGER-1103,2025-01-31,409,69776
KROGER-1103,2025-02-01,430,70206
KROGER-1103,2025-02-02,468,70674
KROGER-1103,2025-02-03,453,71127
KROGER-1103,2025-02-04,443,71570
KROGER-1103,2025-02-05,391,71961
KROGER-1103,2025-02-06,375,72336
KROGER-1103,2025-02-07,510,72846
KROGER-1103,2025-02-08,452,73298
KROGER-1103,2025-02-09,410,73708
KROGER-1103,2025-02-10,452,74160
KROGER-1103,2025-02-11,390,74550
KROGER-1103,2025-02-12,487,75037
KROGER-1103,2025-02-13,407,75444
KROGER-1103,2025-02-14,449,75893
KROGER-1103,2025-02-15,440,76333
KROGER-1103,2025-02-16,387,76720
KROGER-1103,2025-02-17,387,77107
KROGER-1103,2025-02-18,394,77501
KROGER-1103,2025-02-19,397,77898
KROGER-1103,2025-02-20,427,78325
KROGER-1103,2025-02-21,338,78663
KROGER-1103,2025-02-22,448,79111
KROGER-1103,2025-02-23,372,79483
KROGER-1103,2025-02-24,432,79915
KROGER-1103,2025-02-25,393,80308
KROGER-1103,2025-02-26,425,80733
KROGER-1103,2025-02-27,375,81108
KROGER-1103,2025-02-28,399,81507
KROGER-1103,2025-03-01,369,81876
KROGER-1103,2025-03-02,397,82273
KROGER-1103,2025-03-03,467,82740
KROGER-1103,2025-03-04,468,83208
KROGER-1103,2025-03-05,378,83586
KROGER-1103,2025-03-06,409,83995
KROGER-1103,2025-03-07,436,84431
KROGER-1103,2025-03-08,444,84875
KROGER-1103,2025-03-09,421,85296
KROGER-1103,2025-03-10,368,85664
KROGER-1103,2025-03-11,450,86114
KROGER-1103,2025-03-12,403,86517
KROGER-1103,2025-03-13,365,86882
KROGER-1103,2025-03-14,419,87301
KROGER-1103,2025-03-15,429,87730
KROGER-1103,2025-03-16,423,88153
KROGER-1103,2025-03-17,425,88578
KROGER-1103,2025-03-18,413,88991
KROGER-1103,2025-03-19,458,89449
KROGER-1103,2025-03-20,390,89839
KROGER-1103,2025-03-21,394,90233
KROGER-1103,2025-03-22,469,90702
KROGER-1103,2025-03-23,530,91232
KROGER-1103,2025-03-24,499,91731
KROGER-1103,2025-03-25,445,92176
KROGER-1103,2025-03-26,409,92585
KROGER-1103,2025-03-27,402,92987
KROGER-1103,2025-03-28,407,93394
KROGER-1103,2025-03-29,380,93774
KROGER-1103,2025-03-30,465,94239
KROGER-1103,2025-03-31,465,94704
KROGER-1103,2025-04-01,416,95120
KROGER-1103,2025-04-02,491,95611
KROGER-1103,2025-04-03,512,96123
KROGER-1103,2025-04-04,450,96573
KROGER-1103,2025-04-05,418,96991
KROGER-1103,2025-04-06,411,97402
KROGER-1103,2025-04-07,446,97848
KROGER-1103,2025-04-08,456,98304
KROGER-1103,2025-04-09,398,98702
KROGER-1103,2025-04-10,381,99083
KROGER-1103,2025-04-11,363,99446
KROGER-1103,2025-04-12,404,99850
KROGER-1103,2025-04-13,427,100277
KROGER-1103,2025-04-14,457,100734
KROGER-1103,2025-04-15,401,101135
KROGER-1103,2025-04-16,317,101452
KROGER-1103,2025-04-17,398,101850
KROGER-1103,2025-04-18,409,102259
KROGER-1103,2025-04-19,429,102688
KROGER-1103,2025-04-20,350,103038
KROGER-1103,2025-04-21,409,103447
KROGER-1103,2025-04-22,465,103912
KROGER-1103,2025-04-23,405,104317
KROGER-1103,2025-04-24,398,104715
KROGER-1103,2025-04-25,394,105109
KROGER-1103,2025-04-26,447,105556
KROGER-1103,2025-04-27,388,105944
KROGER-1103,2025-04-28,382,106326
KROGER-1103,2025-04-29,458,106784
KROGER-1103,2025-04-30,443,107227
KROGER-1103,2025-05-01,402,107629
KROGER-1103,2025-05-02,437,108066
KROGER-1103,2025-05-03,409,108475
KROGER-1103,2025-05-04,408,108883
KROGER-1103,2025-05-05,388,109271
KROGER-1103,2025-05-06,367,109638
KROGER-1103,2025-05-07,417,110055
KROGER-1103,2025-05-08,487,110542
KROGER-1103,2025-05-09,353,110895
KROGER-1103,2025-05-10,501,111396
KROGER-1103,2025-05-11,345,111741
KROGER-1103,2025-05-12,437,112178
KROGER-1103,2025-05-13,358,112536
KROGER-1103,2025-05-14,438,112974
KROGER-1103,2025-05-15,393,113367
KROGER-1103,2025-05-16,444,113811
KROGER-1103,2025-05-17,413,114224
KROGER-1103,2025-05-18,459,114683
KROGER-1103,2025-05-19,413,115096
KROGER-1103,2025-05-20,461,115557
KROGER-1103,2025-05-21,414,115971
KROGER-1103,2025-05-22,427,116398
KROGER-1103,2025-05-23,422,116820
KROGER-1103,2025-05-24,472,117292
KROGER-1103,2025-05-25,474,117766
KROGER-1103,2025-05-26,422,118188
KROGER-1103,2025-05-27,362,118550
KROGER-1103,2025-05-28,387,118937
KROGER-1103,2025-05-29,447,119384
KROGER-1103,2025-05-30,368,119752
KROGER-1103,2025-05-31,415,120167
KROGER-1103,2025-06-01,420,120587
KROGER-1103,2025-06-02,412,120999
KROGER-1103,2025-06-03,407,121406
KROGER-1103,2025-06-04,421,121827
KROGER-1103,2025-06-05,384,122211
KROGER-1103,2025-06-06,391,122602
KROGER-1103,2025-06-07,504,123106
KROGER-1103,2025-06-08,491,123597
KROGER-1103,2025-06-09,437,124034
KROGER-1103,2025-06-10,441,124475
KROGER-1103,2025-06-11,429,124904
KROGER-1103,2025-06-12,418,125322
KROGER-1103,2025-06-13,390,125712
KROGER-1103,2025-06-14,492,126204
KROGER-1103,2025-06-15,507,126711
KROGER-1103,2025-06-16,401,127112
KROGER-1103,2025-06-17,457,127569
KROGER-1103,2025-06-18,405,127974
KROGER-1103,2025-06-19,393,128367
KROGER-1103,2025-06-20,405,128772
KROGER-1103,2025-06-21,427,129199
KROGER-1103,2025-06-22,461,129660
KROGER-1103,2025-06-23,404,130064
KROGER-1103,2025-06-24,448,130512
KROGER-1103,2025-06-25,394,130906
KROGER-1103,2025-06-26,417,131323
KROGER-1103,2025-06-27,381,131704
KROGER-1103,2025-06-28,394,132098
KROGER-1103,2025-06-29,453,132551
KROGER-1103,2025-06-30,423,132974
KROGER-1103,2025-07-01,403,133377
KROGER-1103,2025-07-02,388,133765
KROGER-1103,2025-07-03,380,134145
KROGER-1103,2025-07-04,431,134576
KROGER-1103,2025-07-05,416,134992
KROGER-1103,2025-07-06,498,135490
KROGER-1103,2025-07-07,425,135915
KROGER-1103,2025-07-08,437,136352
KROGER-1103,2025-07-09,467,136819
KROGER-1103,2025-07-10,391,137210
KROGER-1103,2025-07-11,434,137644
KROGER-1103,2025-07-12,458,138102
KROGER-1103,2025-07-13,422,138524
KROGER-1103,2025-07-14,368,138892
KROGER-1103,2025-07-15,347,139239
KROGER-1103,2025-07-16,389,139628
KROGER-1103,2025-07-17,457,140085
KROGER-1103,2025-07-18,393,140478
KROGER-1103,2025-07-19,474,140952
KROGER-1103,2025-07-20,413,141365
KROGER-1103,2025-07-21,421,141786
KROGER-1103,2025-07-22,437,142223
KROGER-1103,2025-07-23,454,142677
KROGER-1103,2025-07-24,404,143081
KROGER-1103,2025-07-25,398,143479
KROGER-1103,2025-07-26,370,143849
KROGER-1103,2025-07-27,425,144274
KROGER-1103,2025-07-28,531,144805
KROGER-1103,2025-07-29,412,145217
KROGER-1103,2025-07-30,371,145588
KROGER-1103,2025-07-31,414,146002
KROGER-1103,2025-08-01,444,146446
KROGER-1103,2025-08-02,419,146865
KROGER-1103,2025-08-03,402,147267
KROGER-1103,2025-08-04,505,147772
KROGER-1103,2025-08-05,433,148205
KROGER-1103,2025-08-06,472,148677
KROGER-1103,2025-08-07,407,149084
KROGER-1103,2025-08-08,480,149564
KROGER-1103,2025-08-09,473,150037
KROGER-1103,2025-08-10,459,150496
KROGER-1103,2025-08-11,379,150875
KROGER-1103,2025-08-12,396,151271
KROGER-1103,2025-08-13,435,151706
KROGER-1103,2025-08-14,409,152115
KROGER-1103,2025-08-15,433,152548
KROGER-1103,2025-08-16,424,152972
KROGER-1103,2025-08-17,456,153428
KROGER-1103,2025-08-18,398,153826
KROGER-1103,2025-08-19,435,154261
KROGER-1103,2025-08-20,386,154647
KROGER-1103,2025-08-21,409,155056
KROGER-1103,2025-08-22,413,155469
KROGER-1103,2025-08-23,409,155878
KROGER-1103,2025-08-24,419,156297
KROGER-1103,2025-08-25,430,156727
KROGER-1103,2025-08-26,444,157171
KROGER-1103,2025-08-27,429,157600
KROGER-1103,2025-08-28,437,158037
KROGER-1103,2025-08-29,423,158460
KROGER-1103,2025-08-30,417,158877
KROGER-1103,2025-08-31,380,159257
KROGER-1104,2024-09-01,582,582
KROGER-1104,2024-09-02,574,1156
KROGER-1104,2024-09-03,550,1706
KROGER-1104,2024-09-04,651,2357
KROGER-1104,2024-09-05,592,2949
KROGER-1104,2024-09-06,575,3524
KROGER-1104,2024-09-07,635,4159
KROGER-1104,2024-09-08,707,4866
KROGER-1104,2024-09-09,566,5432
KROGER-1104,2024-09-10,535,5967
KROGER-1104,2024-09-11,594,6561
KROGER-1104,2024-09-12,526,7087
KROGER-1104,2024-09-13,535,7622
KROGER-1104,2024-09-14,678,8300
KROGER-1104,2024-09-15,671,8971
KROGER-1104,2024-09-16,609,9580
KROGER-1104,2024-09-17,597,10177
KROGER-1104,2024-09-18,523,10700
KROGER-1104,2024-09-19,542,11242
KROGER-1104,2024-09-20,641,11883
KROGER-1104,2024-09-21,584,12467
KROGER-1104,2024-09-22,569,13036
KROGER-1104,2024-09-23,570,13606
KROGER-1104,2024-09-24,606,14212
KROGER-1104,2024-09-25,570,14782
KROGER-1104,2024-09-26,571,15353
KROGER-1104,2024-09-27,478,15831
KROGER-1104,2024-09-28,605,16436
KROGER-1104,2024-09-29,657,17093
KROGER-1104,2024-09-30,576,17669
KROGER-1104,2024-10-01,675,18344
KROGER-1104,2024-10-02,546,18890
KROGER-1104,2024-10-03,557,19447
KROGER-1104,2024-10-04,548,19995
KROGER-1104,2024-10-05,574,20569
KROGER-1104,2024-10-06,634,21203
KROGER-1104,2024-10-07,567,21770
KROGER-1104,2024-10-08,669,22439
KROGER-1104,2024-10-09,591,23030
KROGER-1104,2024-10-10,539,23569
KROGER-1104,2024-10-11,533,24102
KROGER-1104,2024-10-12,689,24791
KROGER-1104,2024-10-13,619,25410
KROGER-1104,2024-10-14,640,26050
KROGER-1104,2024-10-15,583,26633
KROGER-1104,2024-10-16,580,27213
KROGER-1104,2024-10-17,641,27854
KROGER-1104,2024-10-18,597,28451
KROGER-1104,2024-10-19,626,29077
KROGER-1104,2024-10-20,589,29666
KROGER-1104,2024-10-21,620,30286
KROGER-1104,2024-10-22,576,30862
KROGER-1104,2024-10-23,554,31416
KROGER-1104,2024-10-24,679,32095
KROGER-1104,2024-10-25,565,32660
KROGER-1104,2024-10-26,570,33230
KROGER-1104,2024-10-27,664,33894
KROGER-1104,2024-10-28,611,34505
KROGER-1104,2024-10-29,549,35054
KROGER-1104,2024-10-30,576,35630
KROGER-1104,2024-10-31,610,36240
KROGER-1104,2024-11-01,707,36947
KROGER-1104,2024-11-02,776,37723
KROGER-1104,2024-11-03,730,38453
KROGER-1104,2024-11-04,741,39194
KROGER-1104,2024-11-05,678,39872
KROGER-1104,2024-11-06,659,40531
KROGER-1104,2024-11-07,754,41285
KROGER-1104,2024-11-08,711,41996
KROGER-1104,2024-11-09,770,42766
KROGER-1104,2024-11-10,802,43568
KROGER-1104,2024-11-11,663,44231
KROGER-1104,2024-11-12,725,44956
KROGER-1104,2024-11-13,824,45780
KROGER-1104,2024-11-14,686,46466
KROGER-1104,2024-11-15,628,47094
KROGER-1104,2024-11-16,778,47872
KROGER-1104,2024-11-17,633,48505
KROGER-1104,2024-11-18,634,49139
KROGER-1104,2024-11-19,696,49835
KROGER-1104,2024-11-20,694,50529
KROGER-1104,2024-11-21,706,51235
KROGER-1104,2024-11-22,818,52053
KROGER-1104,2024-11-23,735,52788
KROGER-1104,2024-11-24,696,53484
KROGER-1104,2024-11-25,660,54144
KROGER-1104,2024-11-26,670,54814
KROGER-1104,2024-11-27,628,55442
KROGER-1104,2024-11-28,726,56168
KROGER-1104,2024-11-29,712,56880
KROGER-1104,2024-11-30,757,57637
KROGER-1104,2024-12-01,777,58414
KROGER-1104,2024-12-02,730,59144
KROGER-1104,2024-12-03,618,59762
KROGER-1104,2024-12-04,680,60442
KROGER-1104,2024-12-05,682,61124
KROGER-1104,2024-12-06,772,61896
KROGER-1104,2024-12-07,816,62712
KROGER-1104,2024-12-08,705,63417
KROGER-1104,2024-12-09,640,64057
KROGER-1104,2024-12-10,704,64761
KROGER-1104,2024-12-11,678,65439
KROGER-1104,2024-12-12,691,66130
KROGER-1104,2024-12-13,763,66893
KROGER-1104,2024-12-14,746,67639
KROGER-1104,2024-12-15,702,68341
KROGER-1104,2024-12-16,659,69000
KROGER-1104,2024-12-17,615,69615
KROGER-1104,2024-12-18,727,70342
KROGER-1104,2024-12-19,711,71053
KROGER-1104,2024-12-20,727,71780
KROGER-1104,2024-12-21,729,72509
KROGER-1104,2024-12-22,668,73177
KROGER-1104,2024-12-23,698,73875
KROGER-1104,2024-12-24,759,74634
KROGER-1104,2024-12-25,699,75333
KROGER-1104,2024-12-26,787,76120
KROGER-1104,2024-12-27,709,76829
KROGER-1104,2024-12-28,845,77674
KROGER-1104,2024-12-29,850,78524
KROGER-1104,2024-12-30,645,79169
KROGER-1104,2024-12-31,659,79828
KROGER-1104,2025-01-01,558,80386
KROGER-1104,2025-01-02,500,80886
KROGER-1104,2025-01-03,601,81487
KROGER-1104,2025-01-04,630,82117
KROGER-1104,2025-01-05,618,82735
KROGER-1104,2025-01-06,523,83258
KROGER-1104,2025-01-07,653,83911
KROGER-1104,2025-01-08,492,84403
KROGER-1104,2025-01-09,518,84921
KROGER-1104,2025-01-10,620,85541
KROGER-1104,2025-01-11,624,86165
KROGER-1104,2025-01-12,578,86743
KROGER-1104,2025-01-13,582,87325
KROGER-1104,2025-01-14,585,87910
KROGER-1104,2025-01-15,634,88544
KROGER-1104,2025-01-16,523,89067
KROGER-1104,2025-01-17,593,89660
KROGER-1104,2025-01-18,661,90321
KROGER-1104,2025-01-19,560,90881
KROGER-1104,2025-01-20,577,91458
KROGER-1104,2025-01-21,577,92035
KROGER-1104,2025-01-22,504,92539
KROGER-1104,2025-01-23,593,93132
KROGER-1104,2025-01-24,596,93728
KROGER-1104,2025-01-25,681,94409
KROGER-1104,2025-01-26,607,95016
KROGER-1104,2025-01-27,600,95616
KROGER-1104,2025-01-28,648,96264
KROGER-1104,2025-01-29,550,96814
KROGER-1104,2025-01-30,525,97339
KROGER-1104,2025-01-31,585,97924
KROGER-1104,2025-02-01,599,98523
KROGER-1104,2025-02-02,604,99127
KROGER-1104,2025-02-03,560,99687
KROGER-1104,2025-02-04,540,100227
KROGER-1104,2025-02-05,623,100850
KROGER-1104,2025-02-06,578,101428
KROGER-1104,2025-02-07,683,102111
KROGER-1104,2025-02-08,558,102669
KROGER-1104,2025-02-09,706,103375
KROGER-1104,2025-02-10,593,103968
KROGER-1104,2025-02-11,580,104548
KROGER-1104,2025-02-12,528,105076
KROGER-1104,2025-02-13,549,105625
KROGER-1104,2025-02-14,638,106263
KROGER-1104,2025-02-15,478,106741
KROGER-1104,2025-02-16,521,107262
KROGER-1104,2025-02-17,505,107767
KROGER-1104,2025-02-18,634,108401
KROGER-1104,2025-02-19,611,109012
KROGER-1104,2025-02-20,532,109544
KROGER-1104,2025-02-21,557,110101
KROGER-1104,2025-02-22,615,110716
KROGER-1104,2025-02-23,658,111374
KROGER-1104,2025-02-24,532,111906
KROGER-1104,2025-02-25,585,112491
KROGER-1104,2025-02-26,563,113054
KROGER-1104,2025-02-27,575,113629
KROGER-1104,2025-02-28,538,114167
KROGER-1104,2025-03-01,619,114786
KROGER-1104,2025-03-02,570,115356
KROGER-1104,2025-03-03,584,115940
KROGER-1104,2025-03-04,652,116592
KROGER-1104,2025-03-05,628,117220
KROGER-1104,2025-03-06,644,117864
KROGER-1104,2025-03-07,594,118458
KROGER-1104,2025-03-08,663,119121
KROGER-1104,2025-03-09,521,119642
KROGER-1104,2025-03-10,501,120143
KROGER-1104,2025-03-11,533,120676
KROGER-1104,2025-03-12,536,121212
KROGER-1104,2025-03-13,628,121840
KROGER-1104,2025-03-14,509,122349
KROGER-1104,2025-03-15,542,122891
KROGER-1104,2025-03-16,602,123493
KROGER-1104,2025-03-17,586,124079
KROGER-1104,2025-03-18,620,124699
KROGER-1104,2025-03-19,567,125266
KROGER-1104,2025-03-20,571,125837
KROGER-1104,2025-03-21,620,126457
KROGER-1104,2025-03-22,564,127021
KROGER-1104,2025-03-23,614,127635
KROGER-1104,2025-03-24,606,128241
KROGER-1104,2025-03-25,562,128803
KROGER-1104,2025-03-26,619,129422
KROGER-1104,2025-03-27,540,129962
KROGER-1104,2025-03-28,652,130614
KROGER-1104,2025-03-29,593,131207
KROGER-1104,2025-03-30,587,131794
KROGER-1104,2025-03-31,512,132306
KROGER-1104,2025-04-01,527,132833
KROGER-1104,2025-04-02,542,133375
KROGER-1104,2025-04-03,527,133902
KROGER-1104,2025-04-04,524,134426
KROGER-1104,2025-04-05,610,135036
KROGER-1104,2025-04-06,638,135674
KROGER-1104,2025-04-07,592,136266
KROGER-1104,2025-04-08,431,136697
KROGER-1104,2025-04-09,531,137228
KROGER-1104,2025-04-10,632,137860
KROGER-1104,2025-04-11,517,138377
KROGER-1104,2025-04-12,602,138979
KROGER-1104,2025-04-13,555,139534
KROGER-1104,2025-04-14,640,140174
KROGER-1104,2025-04-15,542,140716
KROGER-1104,2025-04-16,611,141327
KROGER-1104,2025-04-17,546,141873
KROGER-1104,2025-04-18,467,142340
KROGER-1104,2025-04-19,631,142971
KROGER-1104,2025-04-20,515,143486
KROGER-1104,2025-04-21,537,144023
KROGER-1104,2025-04-22,666,144689
KROGER-1104,2025-04-23,724,145413
KROGER-1104,2025-04-24,580,145993
KROGER-1104,2025-04-25,538,146531
KROGER-1104,2025-04-26,610,147141
KROGER-1104,2025-04-27,544,147685
KROGER-1104,2025-04-28,560,148245
KROGER-1104,2025-04-29,654,148899
KROGER-1104,2025-04-30,589,149488
KROGER-1104,2025-05-01,513,150001
KROGER-1104,2025-05-02,598,150599
KROGER-1104,2025-05-03,525,151124
KROGER-1104,2025-05-04,517,151641
KROGER-1104,2025-05-05,615,152256
KROGER-1104,2025-05-06,544,152800
KROGER-1104,2025-05-07,652,153452
KROGER-1104,2025-05-08,530,153982
KROGER-1104,2025-05-09,636,154618
KROGER-1104,2025-05-10,688,155306
KROGER-1104,2025-05-11,616,155922
KROGER-1104,2025-05-12,565,156487
KROGER-1104,2025-05-13,551,157038
KROGER-1104,2025-05-14,554,157592
KROGER-1104,2025-05-15,505,158097
KROGER-1104,2025-05-16,609,158706
KROGER-1104,2025-05-17,638,159344
KROGER-1104,2025-05-18,597,159941
KROGER-1104,2025-05-19,581,160522
KROGER-1104,2025-05-20,558,161080
KROGER-1104,2025-05-21,523,161603
KROGER-1104,2025-05-22,519,162122
KROGER-1104,2025-05-23,553,162675
KROGER-1104,2025-05-24,589,163264
KROGER-1104,2025-05-25,665,163929
KROGER-1104,2025-05-26,610,164539
KROGER-1104,2025-05-27,651,165190
KROGER-1104,2025-05-28,611,165801
KROGER-1104,2025-05-29,506,166307
KROGER-1104,2025-05-30,510,166817
KROGER-1104,2025-05-31,557,167374
KROGER-1104,2025-06-01,591,167965
KROGER-1104,2025-06-02,543,168508
KROGER-1104,2025-06-03,611,169119
KROGER-1104,2025-06-04,634,169753
KROGER-1104,2025-06-05,523,170276
KROGER-1104,2025-06-06,503,170779
KROGER-1104,2025-06-07,688,171467
KROGER-1104,2025-06-08,620,172087
KROGER-1104,2025-06-09,554,172641
KROGER-1104,2025-06-10,653,173294
KROGER-1104,2025-06-11,637,173931
KROGER-1104,2025-06-12,552,174483
KROGER-1104,2025-06-13,620,175103
KROGER-1104,2025-06-14,664,175767
KROGER-1104,2025-06-15,649,176416
KROGER-1104,2025-06-16,638,177054
KROGER-1104,2025-06-17,535,177589
KROGER-1104,2025-06-18,581,178170
KROGER-1104,2025-06-19,656,178826
KROGER-1104,2025-06-20,561,179387
KROGER-1104,2025-06-21,577,179964
KROGER-1104,2025-06-22,614,180578
KROGER-1104,2025-06-23,506,181084
KROGER-1104,2025-06-24,594,181678
KROGER-1104,2025-06-25,502,182180
KROGER-1104,2025-06-26,638,182818
KROGER-1104,2025-06-27,504,183322
KROGER-1104,2025-06-28,650,183972
KROGER-1104,2025-06-29,573,184545
KROGER-1104,2025-06-30,530,185075
KROGER-1104,2025-07-01,581,185656
KROGER-1104,2025-07-02,593,186249
KROGER-1104,2025-07-03,584,186833
KROGER-1104,2025-07-04,595,187428
KROGER-1104,2025-07-05,642,188070
KROGER-1104,2025-07-06,510,188580
KROGER-1104,2025-07-07,586,189166
KROGER-1104,2025-07-08,516,189682
KROGER-1104,2025-07-09,520,190202
KROGER-1104,2025-07-10,528,190730
KROGER-1104,2025-07-11,488,191218
KROGER-1104,2025-07-12,608,191826
KROGER-1104,2025-07-13,522,192348
KROGER-1104,2025-07-14,577,192925
KROGER-1104,2025-07-15,618,193543
KROGER-1104,2025-07-16,558,194101
KROGER-1104,2025-07-17,616,194717
KROGER-1104,2025-07-18,677,195394
KROGER-1104,2025-07-19,571,195965
KROGER-1104,2025-07-20,648,196613
KROGER-1104,2025-07-21,522,197135
KROGER-1104,2025-07-22,573,197708
KROGER-1104,2025-07-23,494,198202
KROGER-1104,2025-07-24,610,198812
KROGER-1104,2025-07-25,552,199364
KROGER-1104,2025-07-26,645,200009
KROGER-1104,2025-07-27,623,200632
KROGER-1104,2025-07-28,568,201200
KROGER-1104,2025-07-29,615,201815
KROGER-1104,2025-07-30,629,202444
KROGER-1104,2025-07-31,560,203004
KROGER-1104,2025-08-01,630,203634
KROGER-1104,2025-08-02,597,204231
KROGER-1104,2025-08-03,475,204706
KROGER-1104,2025-08-04,589,205295
KROGER-1104,2025-08-05,549,205844
KROGER-1104,2025-08-06,562,206406
KROGER-1104,2025-08-07,486,206892
KROGER-1104,2025-08-08,593,207485
KROGER-1104,2025-08-09,575,208060
KROGER-1104,2025-08-10,583,208643
KROGER-1104,2025-08-11,628,209271
KROGER-1104,2025-08-12,482,209753
KROGER-1104,2025-08-13,597,210350
KROGER-1104,2025-08-14,597,210947
KROGER-1104,2025-08-15,590,211537
KROGER-1104,2025-08-16,662,212199
KROGER-1104,2025-08-17,651,212850
KROGER-1104,2025-08-18,585,213435
KROGER-1104,2025-08-19,544,213979
KROGER-1104,2025-08-20,559,214538
KROGER-1104,2025-08-21,578,215116
KROGER-1104,2025-08-22,471,215587
KROGER-1104,2025-08-23,584,216171
KROGER-1104,2025-08-24,667,216838
KROGER-1104,2025-08-25,561,217399
KROGER-1104,2025-08-26,617,218016
KROGER-1104,2025-08-27,620,218636
KROGER-1104,2025-08-28,635,219271
KROGER-1104,2025-08-29,565,219836
KROGER-1104,2025-08-30,596,220432
KROGER-1104,2025-08-31,623,221055
KROGER-1105,2024-09-01,406,406
KROGER-1105,2024-09-02,390,796
KROGER-1105,2024-09-03,446,1242
KROGER-1105,2024-09-04,390,1632
KROGER-1105,2024-09-05,430,2062
KROGER-1105,2024-09-06,426,2488
KROGER-1105,2024-09-07,434,2922
KROGER-1105,2024-09-08,443,3365
KROGER-1105,2024-09-09,436,3801
KROGER-1105,2024-09-10,461,4262
KROGER-1105,2024-09-11,382,4644
KROGER-1105,2024-09-12,381,5025
KROGER-1105,2024-09-13,410,5435
KROGER-1105,2024-09-14,446,5881
KROGER-1105,2024-09-15,444,6325
KROGER-1105,2024-09-16,470,6795
KROGER-1105,2024-09-17,381,7176
KROGER-1105,2024-09-18,359,7535
KROGER-1105,2024-09-19,430,7965
KROGER-1105,2024-09-20,421,8386
KROGER-1105,2024-09-21,429,8815
KROGER-1105,2024-09-22,462,9277
KROGER-1105,2024-09-23,359,9636
KROGER-1105,2024-09-24,356,9992
KROGER-1105,2024-09-25,347,10339
KROGER-1105,2024-09-26,390,10729
KROGER-1105,2024-09-27,454,11183
KROGER-1105,2024-09-28,382,11565
KROGER-1105,2024-09-29,435,12000
KROGER-1105,2024-09-30,423,12423
KROGER-1105,2024-10-01,464,12887
KROGER-1105,2024-10-02,385,13272
KROGER-1105,2024-10-03,383,13655
KROGER-1105,2024-10-04,447,14102
KROGER-1105,2024-10-05,397,14499
KROGER-1105,2024-10-06,476,14975
KROGER-1105,2024-10-07,425,15400
KROGER-1105,2024-10-08,355,15755
KROGER-1105,2024-10-09,435,16190
KROGER-1105,2024-10-10,428,16618
KROGER-1105,2024-10-11,405,17023
KROGER-1105,2024-10-12,412,17435
KROGER-1105,2024-10-13,490,17925
KROGER-1105,2024-10-14,332,18257
KROGER-1105,2024-10-15,363,18620
KROGER-1105,2024-10-16,396,19016
KROGER-1105,2024-10-17,429,19445
KROGER-1105,2024-10-18,413,19858
KROGER-1105,2024-10-19,409,20267
KROGER-1105,2024-10-20,452,20719
KROGER-1105,2024-10-21,356,21075
KROGER-1105,2024-10-22,425,21500
KROGER-1105,2024-10-23,403,21903
KROGER-1105,2024-10-24,435,22338
KROGER-1105,2024-10-25,430,22768
KROGER-1105,2024-10-26,460,23228
KROGER-1105,2024-10-27,413,23641
KROGER-1105,2024-10-28,389,24030
KROGER-1105,2024-10-29,420,24450
KROGER-1105,2024-10-30,365,24815
KROGER-1105,2024-10-31,487,25302
KROGER-1105,2024-11-01,560,25862
KROGER-1105,2024-11-02,456,26318
KROGER-1105,2024-11-03,530,26848
KROGER-1105,2024-11-04,543,27391
KROGER-1105,2024-11-05,480,27871
KROGER-1105,2024-11-06,466,28337
KROGER-1105,2024-11-07,543,28880
KROGER-1105,2024-11-08,550,29430
KROGER-1105,2024-11-09,454,29884
KROGER-1105,2024-11-10,526,30410
KROGER-1105,2024-11-11,491,30901
KROGER-1105,2024-11-12,426,31327
KROGER-1105,2024-11-13,432,31759
KROGER-1105,2024-11-14,459,32218
KROGER-1105,2024-11-15,497,32715
KROGER-1105,2024-11-16,575,33290
KROGER-1105,2024-11-17,405,33695
KROGER-1105,2024-11-18,501,34196
KROGER-1105,2024-11-19,458,34654
KROGER-1105,2024-11-20,517,35171
KROGER-1105,2024-11-21,536,35707
KROGER-1105,2024-11-22,538,36245
KROGER-1105,2024-11-23,517,36762
KROGER-1105,2024-11-24,507,37269
KROGER-1105,2024-11-25,549,37818
KROGER-1105,2024-11-26,483,38301
KROGER-1105,2024-11-27,498,38799
KROGER-1105,2024-11-28,478,39277
KROGER-1105,2024-11-29,509,39786
KROGER-1105,2024-11-30,464,40250
KROGER-1105,2024-12-01,509,40759
KROGER-1105,2024-12-02,500,41259
KROGER-1105,2024-12-03,537,41796
KROGER-1105,2024-12-04,489,42285
KROGER-1105,2024-12-05,398,42683
KROGER-1105,2024-12-06,472,43155
KROGER-1105,2024-12-07,582,43737
KROGER-1105,2024-12-08,527,44264
KROGER-1105,2024-12-09,467,44731
KROGER-1105,2024-12-10,456,45187
KROGER-1105,2024-12-11,511,45698
KROGER-1105,2024-12-12,469,46167
KROGER-1105,2024-12-13,497,46664
KROGER-1105,2024-12-14,489,47153
KROGER-1105,2024-12-15,484,47637
KROGER-1105,2024-12-16,481,48118
KROGER-1105,2024-12-17,491,48609
KROGER-1105,2024-12-18,494,49103
KROGER-1105,2024-12-19,485,49588
KROGER-1105,2024-12-20,540,50128
KROGER-1105,2024-12-21,504,50632
KROGER-1105,2024-12-22,581,51213
KROGER-1105,2024-12-23,490,51703
KROGER-1105,2024-12-24,470,52173
KROGER-1105,2024-12-25,508,52681
KROGER-1105,2024-12-26,526,53207
KROGER-1105,2024-12-27,463,53670
KROGER-1105,2024-12-28,461,54131
KROGER-1105,2024-12-29,562,54693
KROGER-1105,2024-12-30,549,55242
KROGER-1105,2024-12-31,517,55759
KROGER-1105,2025-01-01,389,56148
KROGER-1105,2025-01-02,408,56556
KROGER-1105,2025-01-03,374,56930
KROGER-1105,2025-01-04,470,57400
KROGER-1105,2025-01-05,441,57841
KROGER-1105,2025-01-06,428,58269
KROGER-1105,2025-01-07,417,58686
KROGER-1105,2025-01-08,413,59099
KROGER-1105,2025-01-09,420,59519
KROGER-1105,2025-01-10,413,59932
KROGER-1105,2025-01-11,474,60406
KROGER-1105,2025-01-12,385,60791
KROGER-1105,2025-01-13,385,61176
KROGER-1105,2025-01-14,401,61577
KROGER-1105,2025-01-15,407,61984
KROGER-1105,2025-01-16,446,62430
KROGER-1105,2025-01-17,368,62798
KROGER-1105,2025-01-18,453,63251
KROGER-1105,2025-01-19,429,63680
KROGER-1105,2025-01-20,441,64121
KROGER-1105,2025-01-21,426,64547
KROGER-1105,2025-01-22,409,64956
KROGER-1105,2025-01-23,380,65336
KROGER-1105,2025-01-24,425,65761
KROGER-1105,2025-01-25,420,66181
KROGER-1105,2025-01-26,430,66611
KROGER-1105,2025-01-27,439,67050
KROGER-1105,2025-01-28,462,67512
KROGER-1105,2025-01-29,359,67871
KROGER-1105,2025-01-30,439,68310
KROGER-1105,2025-01-31,456,68766
KROGER-1105,2025-02-01,428,69194
KROGER-1105,2025-02-02,394,69588
KROGER-1105,2025-02-03,425,70013
KROGER-1105,2025-02-04,407,70420
KROGER-1105,2025-02-05,529,70949
KROGER-1105,2025-02-06,424,71373
KROGER-1105,2025-02-07,397,71770
KROGER-1105,2025-02-08,383,72153
KROGER-1105,2025-02-09,400,72553
KROGER-1105,2025-02-10,443,72996
KROGER-1105,2025-02-11,356,73352
KROGER-1105,2025-02-12,357,73709
KROGER-1105,2025-02-13,446,74155
KROGER-1105,2025-02-14,401,74556
KROGER-1105,2025-02-15,425,74981
KROGER-1105,2025-02-16,454,75435
KROGER-1105,2025-02-17,405,75840
KROGER-1105,2025-02-18,360,76200
KROGER-1105,2025-02-19,391,76591
KROGER-1105,2025-02-20,429,77020
KROGER-1105,2025-02-21,415,77435
KROGER-1105,2025-02-22,486,77921
KROGER-1105,2025-02-23,448,78369
KROGER-1105,2025-02-24,385,78754
KROGER-1105,2025-02-25,460,79214
KROGER-1105,2025-02-26,462,79676
KROGER-1105,2025-02-27,390,80066
KROGER-1105,2025-02-28,432,80498
KROGER-1105,2025-03-01,457,80955
KROGER-1105,2025-03-02,446,81401
KROGER-1105,2025-03-03,368,81769
KROGER-1105,2025-03-04,512,82281
KROGER-1105,2025-03-05,399,82680
KROGER-1105,2025-03-06,425,83105
KROGER-1105,2025-03-07,444,83549
KROGER-1105,2025-03-08,420,83969
KROGER-1105,2025-03-09,477,84446
KROGER-1105,2025-03-10,413,84859
KROGER-1105,2025-03-11,392,85251
KROGER-1105,2025-03-12,366,85617
KROGER-1105,2025-03-13,401,86018
KROGER-1105,2025-03-14,425,86443
KROGER-1105,2025-03-15,423,86866
KROGER-1105,2025-03-16,457,87323
KROGER-1105,2025-03-17,468,87791
KROGER-1105,2025-03-18,403,88194
KROGER-1105,2025-03-19,451,88645
KROGER-1105,2025-03-20,419,89064
KROGER-1105,2025-03-21,423,89487
KROGER-1105,2025-03-22,434,89921
KROGER-1105,2025-03-23,448,90369
KROGER-1105,2025-03-24,386,90755
KROGER-1105,2025-03-25,389,91144
KROGER-1105,2025-03-26,393,91537
KROGER-1105,2025-03-27,355,91892
KROGER-1105,2025-03-28,373,92265
KROGER-1105,2025-03-29,431,92696
KROGER-1105,2025-03-30,414,93110
KROGER-1105,2025-03-31,412,93522
KROGER-1105,2025-04-01,434,93956
KROGER-1105,2025-04-02,421,94377
KROGER-1105,2025-04-03,410,94787
KROGER-1105,2025-04-04,352,95139
KROGER-1105,2025-04-05,436,95575
KROGER-1105,2025-04-06,410,95985
KROGER-1105,2025-04-07,436,96421
KROGER-1105,2025-04-08,387,96808
KROGER-1105,2025-04-09,375,97183
KROGER-1105,2025-04-10,460,97643
KROGER-1105,2025-04-11,354,97997
KROGER-1105,2025-04-12,493,98490
KROGER-1105,2025-04-13,438,98928
KROGER-1105,2025-04-14,402,99330
KROGER-1105,2025-04-15,399,99729
KROGER-1105,2025-04-16,442,100171
KROGER-1105,2025-04-17,420,100591
KROGER-1105,2025-04-18,419,101010
KROGER-1105,2025-04-19,432,101442
KROGER-1105,2025-04-20,418,101860
KROGER-1105,2025-04-21,455,102315
KROGER-1105,2025-04-22,397,102712
KROGER-1105,2025-04-23,371,103083
KROGER-1105,2025-04-24,423,103506
KROGER-1105,2025-04-25,366,103872
KROGER-1105,2025-04-26,485,104357
KROGER-1105,2025-04-27,448,104805
KROGER-1105,2025-04-28,343,105148
KROGER-1105,2025-04-29,426,105574
KROGER-1105,2025-04-30,401,105975
KROGER-1105,2025-05-01,455,106430
KROGER-1105,2025-05-02,409,106839
KROGER-1105,2025-05-03,430,107269
KROGER-1105,2025-05-04,420,107689
KROGER-1105,2025-05-05,403,108092
KROGER-1105,2025-05-06,344,108436
KROGER-1105,2025-05-07,394,108830
KROGER-1105,2025-05-08,380,109210
KROGER-1105,2025-05-09,399,109609
KROGER-1105,2025-05-10,472,110081
KROGER-1105,2025-05-11,490,110571
KROGER-1105,2025-05-12,420,110991
KROGER-1105,2025-05-13,393,111384
KROGER-1105,2025-05-14,366,111750
KROGER-1105,2025-05-15,397,112147
KROGER-1105,2025-05-16,372,112519
KROGER-1105,2025-05-17,426,112945
KROGER-1105,2025-05-18,432,113377
KROGER-1105,2025-05-19,419,113796
KROGER-1105,2025-05-20,417,114213
KROGER-1105,2025-05-21,349,114562
KROGER-1105,2025-05-22,381,114943
KROGER-1105,2025-05-23,382,115325
KROGER-1105,2025-05-24,418,115743
KROGER-1105,2025-05-25,437,116180
KROGER-1105,2025-05-26,388,116568
KROGER-1105,2025-05-27,518,117086
KROGER-1105,2025-05-28,454,117540
KROGER-1105,2025-05-29,379,117919
KROGER-1105,2025-05-30,457,118376
KROGER-1105,2025-05-31,492,118868
KROGER-1105,2025-06-01,390,119258
KROGER-1105,2025-06-02,374,119632
KROGER-1105,2025-06-03,417,120049
KROGER-1105,2025-06-04,448,120497
KROGER-1105,2025-06-05,424,120921
KROGER-1105,2025-06-06,356,121277
KROGER-1105,2025-06-07,406,121683
KROGER-1105,2025-06-08,413,122096
KROGER-1105,2025-06-09,441,122537
KROGER-1105,2025-06-10,366,122903
KROGER-1105,2025-06-11,371,123274
KROGER-1105,2025-06-12,415,123689
KROGER-1105,2025-06-13,413,124102
KROGER-1105,2025-06-14,465,124567
KROGER-1105,2025-06-15,412,124979
KROGER-1105,2025-06-16,449,125428
KROGER-1105,2025-06-17,443,125871
KROGER-1105,2025-06-18,410,126281
KROGER-1105,2025-06-19,395,126676
KROGER-1105,2025-06-20,469,127145
KROGER-1105,2025-06-21,450,127595
KROGER-1105,2025-06-22,424,128019
KROGER-1105,2025-06-23,381,128400
KROGER-1105,2025-06-24,456,128856
KROGER-1105,2025-06-25,392,129248
KROGER-1105,2025-06-26,395,129643
KROGER-1105,2025-06-27,388,130031
KROGER-1105,2025-06-28,421,130452
KROGER-1105,2025-06-29,448,130900
KROGER-1105,2025-06-30,396,131296
KROGER-1105,2025-07-01,410,131706
KROGER-1105,2025-07-02,390,132096
KROGER-1105,2025-07-03,429,132525
KROGER-1105,2025-07-04,410,132935
KROGER-1105,2025-07-05,391,133326
KROGER-1105,2025-07-06,430,133756
KROGER-1105,2025-07-07,421,134177
KROGER-1105,2025-07-08,400,134577
KROGER-1105,2025-07-09,344,134921
KROGER-1105,2025-07-10,455,135376
KROGER-1105,2025-07-11,380,135756
KROGER-1105,2025-07-12,455,136211
KROGER-1105,2025-07-13,421,136632
KROGER-1105,2025-07-14,410,137042
KROGER-1105,2025-07-15,407,137449
KROGER-1105,2025-07-16,446,137895
KROGER-1105,2025-07-17,421,138316
KROGER-1105,2025-07-18,418,138734
KROGER-1105,2025-07-19,392,139126
KROGER-1105,2025-07-20,486,139612
KROGER-1105,2025-07-21,363,139975
KROGER-1105,2025-07-22,456,140431
KROGER-1105,2025-07-23,353,140784
KROGER-1105,2025-07-24,473,141257
KROGER-1105,2025-07-25,427,141684
KROGER-1105,2025-07-26,416,142100
KROGER-1105,2025-07-27,386,142486
KROGER-1105,2025-07-28,413,142899
KROGER-1105,2025-07-29,428,143327
KROGER-1105,2025-07-30,415,143742
KROGER-1105,2025-07-31,400,144142
KROGER-1105,2025-08-01,389,144531
KROGER-1105,2025-08-02,475,145006
KROGER-1105,2025-08-03,423,145429
KROGER-1105,2025-08-04,425,145854
KROGER-1105,2025-08-05,431,146285
KROGER-1105,2025-08-06,372,146657
KROGER-1105,2025-08-07,410,147067
KROGER-1105,2025-08-08,457,147524
KROGER-1105,2025-08-09,444,147968
KROGER-1105,2025-08-10,449,148417
KROGER-1105,2025-08-11,399,148816
KROGER-1105,2025-08-12,449,149265
KROGER-1105,2025-08-13,478,149743
KROGER-1105,2025-08-14,388,150131
KROGER-1105,2025-08-15,439,150570
KROGER-1105,2025-08-16,386,150956
KROGER-1105,2025-08-17,455,151411
KROGER-1105,2025-08-18,428,151839
KROGER-1105,2025-08-19,375,152214
KROGER-1105,2025-08-20,444,152658
KROGER-1105,2025-08-21,380,153038
KROGER-1105,2025-08-22,477,153515
KROGER-1105,2025-08-23,439,153954
KROGER-1105,2025-08-24,429,154383
KROGER-1105,2025-08-25,391,154774
KROGER-1105,2025-08-26,433,155207
KROGER-1105,2025-08-27,424,155631
KROGER-1105,2025-08-28,418,156049
KROGER-1105,2025-08-29,388,156437
KROGER-1105,2025-08-30,425,156862
KROGER-1105,2025-08-31,408,157270
KROGER-1106,2024-09-01,730,730
KROGER-1106,2024-09-02,797,1527
KROGER-1106,2024-09-03,734,2261
KROGER-1106,2024-09-04,936,3197
KROGER-1106,2024-09-05,927,4124
KROGER-1106,2024-09-06,828,4952
KROGER-1106,2024-09-07,722,5674
KROGER-1106,2024-09-08,877,6551
KROGER-1106,2024-09-09,791,7342
KROGER-1106,2024-09-10,877,8219
KROGER-1106,2024-09-11,871,9090
KROGER-1106,2024-09-12,757,9847
KROGER-1106,2024-09-13,782,10629
KROGER-1106,2024-09-14,816,11445
KROGER-1106,2024-09-15,818,12263
KROGER-1106,2024-09-16,703,12966
KROGER-1106,2024-09-17,830,13796
KROGER-1106,2024-09-18,811,14607
KROGER-1106,2024-09-19,784,15391
KROGER-1106,2024-09-20,823,16214
KROGER-1106,2024-09-21,868,17082
KROGER-1106,2024-09-22,925,18007
KROGER-1106,2024-09-23,863,18870
KROGER-1106,2024-09-24,872,19742
KROGER-1106,2024-09-25,748,20490
KROGER-1106,2024-09-26,733,21223
KROGER-1106,2024-09-27,867,22090
KROGER-1106,2024-09-28,961,23051
KROGER-1106,2024-09-29,903,23954
KROGER-1106,2024-09-30,827,24781
KROGER-1106,2024-10-01,806,25587
KROGER-1106,2024-10-02,990,26577
KROGER-1106,2024-10-03,859,27436
KROGER-1106,2024-10-04,793,28229
KROGER-1106,2024-10-05,980,29209
KROGER-1106,2024-10-06,962,30171
KROGER-1106,2024-10-07,713,30884
KROGER-1106,2024-10-08,726,31610
KROGER-1106,2024-10-09,792,32402
KROGER-1106,2024-10-10,888,33290
KROGER-1106,2024-10-11,768,34058
KROGER-1106,2024-10-12,777,34835
KROGER-1106,2024-10-13,901,35736
KROGER-1106,2024-10-14,681,36417
KROGER-1106,2024-10-15,783,37200
KROGER-1106,2024-10-16,736,37936
KROGER-1106,2024-10-17,805,38741
KROGER-1106,2024-10-18,744,39485
KROGER-1106,2024-10-19,836,40321
KROGER-1106,2024-10-20,874,41195
KROGER-1106,2024-10-21,814,42009
KROGER-1106,2024-10-22,771,42780
KROGER-1106,2024-10-23,783,43563
KROGER-1106,2024-10-24,951,44514
KROGER-1106,2024-10-25,862,45376
KROGER-1106,2024-10-26,830,46206
KROGER-1106,2024-10-27,858,47064
KROGER-1106,2024-10-28,835,47899
KROGER-1106,2024-10-29,756,48655
KROGER-1106,2024-10-30,806,49461
KROGER-1106,2024-10-31,736,50197
KROGER-1106,2024-11-01,890,51087
KROGER-1106,2024-11-02,1086,52173
KROGER-1106,2024-11-03,1097,53270
KROGER-1106,2024-11-04,1056,54326
KROGER-1106,2024-11-05,961,55287
KROGER-1106,2024-11-06,929,56216
KROGER-1106,2024-11-07,968,57184
KROGER-1106,2024-11-08,828,58012
KROGER-1106,2024-11-09,1128,59140
KROGER-1106,2024-11-10,795,59935
KROGER-1106,2024-11-11,1042,60977
KROGER-1106,2024-11-12,890,61867
KROGER-1106,2024-11-13,966,62833
KROGER-1106,2024-11-14,901,63734
KROGER-1106,2024-11-15,902,64636
KROGER-1106,2024-11-16,817,65453
KROGER-1106,2024-11-17,912,66365
KROGER-1106,2024-11-18,1037,67402
KROGER-1106,2024-11-19,872,68274
KROGER-1106,2024-11-20,869,69143
KROGER-1106,2024-11-21,958,70101
KROGER-1106,2024-11-22,787,70888
KROGER-1106,2024-11-23,987,71875
KROGER-1106,2024-11-24,1036,72911
KROGER-1106,2024-11-25,995,73906
KROGER-1106,2024-11-26,886,74792
KROGER-1106,2024-11-27,1060,75852
KROGER-1106,2024-11-28,1046,76898
KROGER-1106,2024-11-29,833,77731
KROGER-1106,2024-11-30,1073,78804
KROGER-1106,2024-12-01,1027,79831
KROGER-1106,2024-12-02,1006,80837
KROGER-1106,2024-12-03,919,81756
KROGER-1106,2024-12-04,867,82623
KROGER-1106,2024-12-05,955,83578
KROGER-1106,2024-12-06,996,84574
KROGER-1106,2024-12-07,1047,85621
KROGER-1106,2024-12-08,1043,86664
KROGER-1106,2024-12-09,884,87548
KROGER-1106,2024-12-10,1073,88621
KROGER-1106,2024-12-11,1059,89680
KROGER-1106,2024-12-12,986,90666
KROGER-1106,2024-12-13,893,91559
KROGER-1106,2024-12-14,1036,92595
KROGER-1106,2024-12-15,980,93575
KROGER-1106,2024-12-16,939,94514
KROGER-1106,2024-12-17,1019,95533
KROGER-1106,2024-12-18,934,96467
KROGER-1106,2024-12-19,1076,97543
KROGER-1106,2024-12-20,1016,98559
KROGER-1106,2024-12-21,1097,99656
KROGER-1106,2024-12-22,942,100598
KROGER-1106,2024-12-23,919,101517
KROGER-1106,2024-12-24,870,102387
KROGER-1106,2024-12-25,1069,103456
KROGER-1106,2024-12-26,1190,104646
KROGER-1106,2024-12-27,1007,105653
KROGER-1106,2024-12-28,1036,106689
KROGER-1106,2024-12-29,976,107665
KROGER-1106,2024-12-30,1092,108757
KROGER-1106,2024-12-31,963,109720
KROGER-1106,2025-01-01,764,110484
KROGER-1106,2025-01-02,710,111194
KROGER-1106,2025-01-03,738,111932
KROGER-1106,2025-01-04,851,112783
KROGER-1106,2025-01-05,722,113505
KROGER-1106,2025-01-06,726,114231
KROGER-1106,2025-01-07,913,115144
KROGER-1106,2025-01-08,859,116003
KROGER-1106,2025-01-09,785,116788
KROGER-1106,2025-01-10,866,117654
KROGER-1106,2025-01-11,794,118448
KROGER-1106,2025-01-12,899,119347
KROGER-1106,2025-01-13,782,120129
KROGER-1106,2025-01-14,933,121062
KROGER-1106,2025-01-15,732,121794
KROGER-1106,2025-01-16,904,122698
KROGER-1106,2025-01-17,797,123495
KROGER-1106,2025-01-18,719,124214
KROGER-1106,2025-01-19,867,125081
KROGER-1106,2025-01-20,851,125932
KROGER-1106,2025-01-21,902,126834
KROGER-1106,2025-01-22,855,127689
KROGER-1106,2025-01-23,746,128435
KROGER-1106,2025-01-24,872,129307
KROGER-1106,2025-01-25,849,130156
KROGER-1106,2025-01-26,739,130895
KROGER-1106,2025-01-27,800,131695
KROGER-1106,2025-01-28,730,132425
KROGER-1106,2025-01-29,797,133222
KROGER-1106,2025-01-30,852,134074
KROGER-1106,2025-01-31,733,134807
KROGER-1106,2025-02-01,866,135673
KROGER-1106,2025-02-02,919,136592
KROGER-1106,2025-02-03,765,137357
KROGER-1106,2025-02-04,787,138144
KROGER-1106,2025-02-05,874,139018
KROGER-1106,2025-02-06,877,139895
KROGER-1106,2025-02-07,731,140626
KROGER-1106,2025-02-08,775,141401
KROGER-1106,2025-02-09,899,142300
KROGER-1106,2025-02-10,791,143091
KROGER-1106,2025-02-11,796,143887
KROGER-1106,2025-02-12,692,144579
KROGER-1106,2025-02-13,776,145355
KROGER-1106,2025-02-14,795,146150
KROGER-1106,2025-02-15,895,147045
KROGER-1106,2025-02-16,821,147866
KROGER-1106,2025-02-17,852,148718
KROGER-1106,2025-02-18,794,149512
KROGER-1106,2025-02-19,886,150398
KROGER-1106,2025-02-20,805,151203
KROGER-1106,2025-02-21,772,151975
KROGER-1106,2025-02-22,796,152771
KROGER-1106,2025-02-23,776,153547
KROGER-1106,2025-02-24,826,154373
KROGER-1106,2025-02-25,932,155305
KROGER-1106,2025-02-26,856,156161
KROGER-1106,2025-02-27,832,156993
KROGER-1106,2025-02-28,726,157719
KROGER-1106,2025-03-01,766,158485
KROGER-1106,2025-03-02,910,159395
KROGER-1106,2025-03-03,835,160230
KROGER-1106,2025-03-04,765,160995
KROGER-1106,2025-03-05,695,161690
KROGER-1106,2025-03-06,793,162483
KROGER-1106,2025-03-07,748,163231
KROGER-1106,2025-03-08,810,164041
KROGER-1106,2025-03-09,759,164800
KROGER-1106,2025-03-10,858,165658
KROGER-1106,2025-03-11,766,166424
KROGER-1106,2025-03-12,838,167262
KROGER-1106,2025-03-13,830,168092
KROGER-1106,2025-03-14,768,168860
KROGER-1106,2025-03-15,833,169693
KROGER-1106,2025-03-16,965,170658
KROGER-1106,2025-03-17,739,171397
KROGER-1106,2025-03-18,751,172148
KROGER-1106,2025-03-19,670,172818
KROGER-1106,2025-03-20,796,173614
KROGER-1106,2025-03-21,670,174284
KROGER-1106,2025-03-22,813,175097
KROGER-1106,2025-03-23,723,175820
KROGER-1106,2025-03-24,852,176672
KROGER-1106,2025-03-25,795,177467
KROGER-1106,2025-03-26,698,178165
KROGER-1106,2025-03-27,795,178960
KROGER-1106,2025-03-28,801,179761
KROGER-1106,2025-03-29,835,180596
KROGER-1106,2025-03-30,868,181464
KROGER-1106,2025-03-31,855,182319
KROGER-1106,2025-04-01,808,183127
KROGER-1106,2025-04-02,905,184032
KROGER-1106,2025-04-03,791,184823
KROGER-1106,2025-04-04,740,185563
KROGER-1106,2025-04-05,968,186531
KROGER-1106,2025-04-06,1011,187542
KROGER-1106,2025-04-07,844,188386
KROGER-1106,2025-04-08,658,189044
KROGER-1106,2025-04-09,823,189867
KROGER-1106,2025-04-10,761,190628
KROGER-1106,2025-04-11,901,191529
KROGER-1106,2025-04-12,845,192374
KROGER-1106,2025-04-13,800,193174
KROGER-1106,2025-04-14,827,194001
KROGER-1106,2025-04-15,889,194890
KROGER-1106,2025-04-16,753,195643
KROGER-1106,2025-04-17,855,196498
KROGER-1106,2025-04-18,684,197182
KROGER-1106,2025-04-19,840,198022
KROGER-1106,2025-04-20,752,198774
KROGER-1106,2025-04-21,751,199525
KROGER-1106,2025-04-22,882,200407
KROGER-1106,2025-04-23,783,201190
KROGER-1106,2025-04-24,759,201949
KROGER-1106,2025-04-25,881,202830
KROGER-1106,2025-04-26,885,203715
KROGER-1106,2025-04-27,719,204434
KROGER-1106,2025-04-28,801,205235
KROGER-1106,2025-04-29,810,206045
KROGER-1106,2025-04-30,856,206901
KROGER-1106,2025-05-01,787,207688
KROGER-1106,2025-05-02,931,208619
KROGER-1106,2025-05-03,865,209484
KROGER-1106,2025-05-04,739,210223
KROGER-1106,2025-05-05,781,211004
KROGER-1106,2025-05-06,876,211880
KROGER-1106,2025-05-07,786,212666
KROGER-1106,2025-05-08,813,213479
KROGER-1106,2025-05-09,803,214282
KROGER-1106,2025-05-10,681,214963
KROGER-1106,2025-05-11,818,215781
KROGER-1106,2025-05-12,776,216557
KROGER-1106,2025-05-13,912,217469
KROGER-1106,2025-05-14,891,218360
KROGER-1106,2025-05-15,729,219089
KROGER-1106,2025-05-16,710,219799
KROGER-1106,2025-05-17,894,220693
KROGER-1106,2025-05-18,847,221540
KROGER-1106,2025-05-19,817,222357
KROGER-1106,2025-05-20,731,223088
KROGER-1106,2025-05-21,801,223889
KROGER-1106,2025-05-22,761,224650
KROGER-1106,2025-05-23,732,225382
KROGER-1106,2025-05-24,822,226204
KROGER-1106,2025-05-25,833,227037
KROGER-1106,2025-05-26,726,227763
KROGER-1106,2025-05-27,781,228544
KROGER-1106,2025-05-28,760,229304
KROGER-1106,2025-05-29,793,230097
KROGER-1106,2025-05-30,779,230876
KROGER-1106,2025-05-31,959,231835
KROGER-1106,2025-06-01,861,232696
KROGER-1106,2025-06-02,774,233470
KROGER-1106,2025-06-03,870,234340
KROGER-1106,2025-06-04,670,235010
KROGER-1106,2025-06-05,842,235852
KROGER-1106,2025-06-06,819,236671
KROGER-1106,2025-06-07,866,237537
KROGER-1106,2025-06-08,810,238347
KROGER-1106,2025-06-09,859,239206
KROGER-1106,2025-06-10,828,240034
KROGER-1106,2025-06-11,861,240895
KROGER-1106,2025-06-12,749,241644
KROGER-1106,2025-06-13,877,242521
KROGER-1106,2025-06-14,810,243331
KROGER-1106,2025-06-15,746,244077
KROGER-1106,2025-06-16,924,245001
KROGER-1106,2025-06-17,859,245860
KROGER-1106,2025-06-18,929,246789
KROGER-1106,2025-06-19,804,247593
KROGER-1106,2025-06-20,869,248462
KROGER-1106,2025-06-21,930,249392
KROGER-1106,2025-06-22,822,250214
KROGER-1106,2025-06-23,702,250916
KROGER-1106,2025-06-24,832,251748
KROGER-1106,2025-06-25,824,252572
KROGER-1106,2025-06-26,827,253399
KROGER-1106,2025-06-27,806,254205
KROGER-1106,2025-06-28,811,255016
KROGER-1106,2025-06-29,805,255821
KROGER-1106,2025-06-30,850,256671
KROGER-1106,2025-07-01,606,257277
KROGER-1106,2025-07-02,696,257973
KROGER-1106,2025-07-03,686,258659
KROGER-1106,2025-07-04,676,259335
KROGER-1106,2025-07-05,836,260171
KROGER-1106,2025-07-06,884,261055
KROGER-1106,2025-07-07,839,261894
KROGER-1106,2025-07-08,727,262621
KROGER-1106,2025-07-09,695,263316
KROGER-1106,2025-07-10,816,264132
KROGER-1106,2025-07-11,839,264971
KROGER-1106,2025-07-12,885,265856
KROGER-1106,2025-07-13,750,266606
KROGER-1106,2025-07-14,859,267465
KROGER-1106,2025-07-15,817,268282
KROGER-1106,2025-07-16,741,269023
KROGER-1106,2025-07-17,765,269788
KROGER-1106,2025-07-18,748,270536
KROGER-1106,2025-07-19,791,271327
KROGER-1106,2025-07-20,920,272247
KROGER-1106,2025-07-21,839,273086
KROGER-1106,2025-07-22,734,273820
KROGER-1106,2025-07-23,776,274596
KROGER-1106,2025-07-24,844,275440
KROGER-1106,2025-07-25,675,276115
KROGER-1106,2025-07-26,886,277001
KROGER-1106,2025-07-27,980,277981
KROGER-1106,2025-07-28,826,278807
KROGER-1106,2025-07-29,794,279601
KROGER-1106,2025-07-30,708,280309
KROGER-1106,2025-07-31,657,280966
KROGER-1106,2025-08-01,773,281739
KROGER-1106,2025-08-02,879,282618
KROGER-1106,2025-08-03,835,283453
KROGER-1106,2025-08-04,885,284338
KROGER-1106,2025-08-05,829,285167
KROGER-1106,2025-08-06,754,285921
KROGER-1106,2025-08-07,887,286808
KROGER-1106,2025-08-08,844,287652
KROGER-1106,2025-08-09,739,288391
KROGER-1106,2025-08-10,779,289170
KROGER-1106,2025-08-11,774,289944
KROGER-1106,2025-08-12,919,290863
KROGER-1106,2025-08-13,853,291716
KROGER-1106,2025-08-14,739,292455
KROGER-1106,2025-08-15,1010,293465
KROGER-1106,2025-08-16,899,294364
KROGER-1106,2025-08-17,765,295129
KROGER-1106,2025-08-18,786,295915
KROGER-1106,2025-08-19,772,296687
KROGER-1106,2025-08-20,751,297438
KROGER-1106,2025-08-21,890,298328
KROGER-1106,2025-08-22,797,299125
KROGER-1106,2025-08-23,909,300034
KROGER-1106,2025-08-24,837,300871
KROGER-1106,2025-08-25,782,301653
KROGER-1106,2025-08-26,767,302420
KROGER-1106,2025-08-27,807,303227
KROGER-1106,2025-08-28,755,303982
KROGER-1106,2025-08-29,804,304786
KROGER-1106,2025-08-30,807,305593
KROGER-1106,2025-08-31,755,306348
KROGER-1107,2024-09-01,699,699
KROGER-1107,2024-09-02,588,1287
KROGER-1107,2024-09-03,760,2047
KROGER-1107,2024-09-04,713,2760
KROGER-1107,2024-09-05,660,3420
KROGER-1107,2024-09-06,588,4008
KROGER-1107,2024-09-07,720,4728
KROGER-1107,2024-09-08,733,5461
KROGER-1107,2024-09-09,708,6169
KROGER-1107,2024-09-10,643,6812
KROGER-1107,2024-09-11,697,7509
KROGER-1107,2024-09-12,790,8299
KROGER-1107,2024-09-13,657,8956
KROGER-1107,2024-09-14,779,9735
KROGER-1107,2024-09-15,719,10454
KROGER-1107,2024-09-16,678,11132
KROGER-1107,2024-09-17,692,11824
KROGER-1107,2024-09-18,656,12480
KROGER-1107,2024-09-19,693,13173
KROGER-1107,2024-09-20,738,13911
KROGER-1107,2024-09-21,772,14683
KROGER-1107,2024-09-22,786,15469
KROGER-1107,2024-09-23,651,16120
KROGER-1107,2024-09-24,688,16808
KROGER-1107,2024-09-25,805,17613
KROGER-1107,2024-09-26,632,18245
KROGER-1107,2024-09-27,679,18924
KROGER-1107,2024-09-28,650,19574
KROGER-1107,2024-09-29,726,20300
KROGER-1107,2024-09-30,742,21042
KROGER-1107,2024-10-01,779,21821
KROGER-1107,2024-10-02,631,22452
KROGER-1107,2024-10-03,640,23092
KROGER-1107,2024-10-04,772,23864
KROGER-1107,2024-10-05,545,24409
KROGER-1107,2024-10-06,683,25092
KROGER-1107,2024-10-07,739,25831
KROGER-1107,2024-10-08,592,26423
KROGER-1107,2024-10-09,628,27051
KROGER-1107,2024-10-10,754,27805
KROGER-1107,2024-10-11,576,28381
KROGER-1107,2024-10-12,603,28984
KROGER-1107,2024-10-13,768,29752
KROGER-1107,2024-10-14,774,30526
KROGER-1107,2024-10-15,764,31290
KROGER-1107,2024-10-16,543,31833
KROGER-1107,2024-10-17,766,32599
KROGER-1107,2024-10-18,690,33289
KROGER-1107,2024-10-19,673,33962
KROGER-1107,2024-10-20,666,34628
KROGER-1107,2024-10-21,724,35352
KROGER-1107,2024-10-22,709,36061
KROGER-1107,2024-10-23,762,36823
KROGER-1107,2024-10-24,651,37474
KROGER-1107,2024-10-25,659,38133
KROGER-1107,2024-10-26,766,38899
KROGER-1107,2024-10-27,674,39573
KROGER-1107,2024-10-28,730,40303
KROGER-1107,2024-10-29,624,40927
KROGER-1107,2024-10-30,797,41724
KROGER-1107,2024-10-31,795,42519
KROGER-1107,2024-11-01,774,43293
KROGER-1107,2024-11-02,868,44161
KROGER-1107,2024-11-03,872,45033
KROGER-1107,2024-11-04,814,45847
KROGER-1107,2024-11-05,757,46604
KROGER-1107,2024-11-06,829,47433
KROGER-1107,2024-11-07,725,48158
KROGER-1107,2024-11-08,924,49082
KROGER-1107,2024-11-09,974,50056
KROGER-1107,2024-11-10,957,51013
KROGER-1107,2024-11-11,916,51929
KROGER-1107,2024-11-12,871,52800
KROGER-1107,2024-11-13,763,53563
KROGER-1107,2024-11-14,736,54299
KROGER-1107,2024-11-15,752,55051
KROGER-1107,2024-11-16,895,55946
KROGER-1107,2024-11-17,771,56717
KROGER-1107,2024-11-18,834,57551
KROGER-1107,2024-11-19,859,58410
KROGER-1107,2024-11-20,810,59220
KROGER-1107,2024-11-21,825,60045
KROGER-1107,2024-11-22,994,61039
KROGER-1107,2024-11-23,861,61900
KROGER-1107,2024-11-24,892,62792
KROGER-1107,2024-11-25,900,63692
KROGER-1107,2024-11-26,882,64574
KROGER-1107,2024-11-27,877,65451
KROGER-1107,2024-11-28,841,66292
KROGER-1107,2024-11-29,841,67133
KROGER-1107,2024-11-30,738,67871
KROGER-1107,2024-12-01,984,68855
KROGER-1107,2024-12-02,783,69638
KROGER-1107,2024-12-03,880,70518
KROGER-1107,2024-12-04,807,71325
KROGER-1107,2024-12-05,1028,72353
KROGER-1107,2024-12-06,768,73121
KROGER-1107,2024-12-07,1027,74148
KROGER-1107,2024-12-08,855,75003
KROGER-1107,2024-12-09,871,75874
KROGER-1107,2024-12-10,824,76698
KROGER-1107,2024-12-11,927,77625
KROGER-1107,2024-12-12,831,78456
KROGER-1107,2024-12-13,844,79300
KROGER-1107,2024-12-14,871,80171
KROGER-1107,2024-12-15,903,81074
KROGER-1107,2024-12-16,761,81835
KROGER-1107,2024-12-17,677,82512
KROGER-1107,2024-12-18,853,83365
KROGER-1107,2024-12-19,963,84328
KROGER-1107,2024-12-20,795,85123
KROGER-1107,2024-12-21,917,86040
KROGER-1107,2024-12-22,761,86801
KROGER-1107,2024-12-23,786,87587
KROGER-1107,2024-12-24,826,88413
KROGER-1107,2024-12-25,821,89234
KROGER-1107,2024-12-26,896,90130
KROGER-1107,2024-12-27,703,90833
KROGER-1107,2024-12-28,852,91685
KROGER-1107,2024-12-29,820,92505
KROGER-1107,2024-12-30,763,93268
KROGER-1107,2024-12-31,774,94042
KROGER-1107,2025-01-01,700,94742
KROGER-1107,2025-01-02,693,95435
KROGER-1107,2025-01-03,675,96110
KROGER-1107,2025-01-04,642,96752
KROGER-1107,2025-01-05,704,97456
KROGER-1107,2025-01-06,747,98203
KROGER-1107,2025-01-07,595,98798
KROGER-1107,2025-01-08,646,99444
KROGER-1107,2025-01-09,622,100066
KROGER-1107,2025-01-10,625,100691
KROGER-1107,2025-01-11,706,101397
KROGER-1107,2025-01-12,683,102080
KROGER-1107,2025-01-13,638,102718
KROGER-1107,2025-01-14,686,103404
KROGER-1107,2025-01-15,599,104003
KROGER-1107,2025-01-16,795,104798
KROGER-1107,2025-01-17,654,105452
KROGER-1107,2025-01-18,698,106150
KROGER-1107,2025-01-19,700,106850
KROGER-1107,2025-01-20,632,107482
KROGER-1107,2025-01-21,754,108236
KROGER-1107,2025-01-22,699,108935
KROGER-1107,2025-01-23,548,109483
KROGER-1107,2025-01-24,617,110100
KROGER-1107,2025-01-25,682,110782
KROGER-1107,2025-01-26,756,111538
KROGER-1107,2025-01-27,751,112289
KROGER-1107,2025-01-28,678,112967
KROGER-1107,2025-01-29,773,113740
KROGER-1107,2025-01-30,728,114468
KROGER-1107,2025-01-31,803,115271
KROGER-1107,2025-02-01,687,115958
KROGER-1107,2025-02-02,696,116654
KROGER-1107,2025-02-03,697,117351
KROGER-1107,2025-02-04,645,117996
KROGER-1107,2025-02-05,728,118724
KROGER-1107,2025-02-06,617,119341
KROGER-1107,2025-02-07,604,119945
KROGER-1107,2025-02-08,716,120661
KROGER-1107,2025-02-09,805,121466
KROGER-1107,2025-02-10,712,122178
KROGER-1107,2025-02-11,730,122908
KROGER-1107,2025-02-12,777,123685
KROGER-1107,2025-02-13,709,124394
KROGER-1107,2025-02-14,666,125060
KROGER-1107,2025-02-15,803,125863
KROGER-1107,2025-02-16,775,126638
KROGER-1107,2025-02-17,645,127283
KROGER-1107,2025-02-18,639,127922
KROGER-1107,2025-02-19,682,128604
KROGER-1107,2025-02-20,735,129339
KROGER-1107,2025-02-21,632,129971
KROGER-1107,2025-02-22,727,130698
KROGER-1107,2025-02-23,772,131470
KROGER-1107,2025-02-24,672,132142
KROGER-1107,2025-02-25,701,132843
KROGER-1107,2025-02-26,712,133555
KROGER-1107,2025-02-27,727,134282
KROGER-1107,2025-02-28,690,134972
KROGER-1107,2025-03-01,712,135684
KROGER-1107,2025-03-02,778,136462
KROGER-1107,2025-03-03,545,137007
KROGER-1107,2025-03-04,733,137740
KROGER-1107,2025-03-05,717,138457
KROGER-1107,2025-03-06,769,139226
KROGER-1107,2025-03-07,717,139943
KROGER-1107,2025-03-08,660,140603
KROGER-1107,2025-03-09,726,141329
KROGER-1107,2025-03-10,632,141961
KROGER-1107,2025-03-11,748,142709
KROGER-1107,2025-03-12,550,143259
KROGER-1107,2025-03-13,597,143856
KROGER-1107,2025-03-14,619,144475
KROGER-1107,2025-03-15,626,145101
KROGER-1107,2025-03-16,701,145802
KROGER-1107,2025-03-17,662,146464
KROGER-1107,2025-03-18,731,147195
KROGER-1107,2025-03-19,581,147776
KROGER-1107,2025-03-20,656,148432
KROGER-1107,2025-03-21,700,149132
KROGER-1107,2025-03-22,666,149798
KROGER-1107,2025-03-23,624,150422
KROGER-1107,2025-03-24,724,151146
KROGER-1107,2025-03-25,717,151863
KROGER-1107,2025-03-26,569,152432
KROGER-1107,2025-03-27,662,153094
KROGER-1107,2025-03-28,652,153746
KROGER-1107,2025-03-29,824,154570
KROGER-1107,2025-03-30,611,155181
KROGER-1107,2025-03-31,661,155842
KROGER-1107,2025-04-01,727,156569
KROGER-1107,2025-04-02,679,157248
KROGER-1107,2025-04-03,744,157992
KROGER-1107,2025-04-04,577,158569
KROGER-1107,2025-04-05,645,159214
KROGER-1107,2025-04-06,701,159915
KROGER-1107,2025-04-07,712,160627
KROGER-1107,2025-04-08,686,161313
KROGER-1107,2025-04-09,719,162032
KROGER-1107,2025-04-10,667,162699
KROGER-1107,2025-04-11,613,163312
KROGER-1107,2025-04-12,751,164063
KROGER-1107,2025-04-13,631,164694
KROGER-1107,2025-04-14,632,165326
KROGER-1107,2025-04-15,610,165936
KROGER-1107,2025-04-16,695,166631
KROGER-1107,2025-04-17,681,167312
KROGER-1107,2025-04-18,623,167935
KROGER-1107,2025-04-19,674,168609
KROGER-1107,2025-04-20,699,169308
KROGER-1107,2025-04-21,720,170028
KROGER-1107,2025-04-22,687,170715
KROGER-1107,2025-04-23,701,171416
KROGER-1107,2025-04-24,709,172125
KROGER-1107,2025-04-25,684,172809
KROGER-1107,2025-04-26,732,173541
KROGER-1107,2025-04-27,711,174252
KROGER-1107,2025-04-28,766,175018
KROGER-1107,2025-04-29,714,175732
KROGER-1107,2025-04-30,786,176518
KROGER-1107,2025-05-01,755,177273
KROGER-1107,2025-05-02,674,177947
KROGER-1107,2025-05-03,708,178655
KROGER-1107,2025-05-04,624,179279
KROGER-1107,2025-05-05,624,179903
KROGER-1107,2025-05-06,741,180644
KROGER-1107,2025-05-07,738,181382
KROGER-1107,2025-05-08,574,181956
KROGER-1107,2025-05-09,757,182713
KROGER-1107,2025-05-10,788,183501
KROGER-1107,2025-05-11,784,184285
KROGER-1107,2025-05-12,713,184998
KROGER-1107,2025-05-13,713,185711
KROGER-1107,2025-05-14,675,186386
KROGER-1107,2025-05-15,651,187037
KROGER-1107,2025-05-16,748,187785
KROGER-1107,2025-05-17,705,188490
KROGER-1107,2025-05-18,498,188988
KROGER-1107,2025-05-19,719,189707
KROGER-1107,2025-05-20,628,190335
KROGER-1107,2025-05-21,694,191029
KROGER-1107,2025-05-22,776,191805
KROGER-1107,2025-05-23,801,192606
KROGER-1107,2025-05-24,790,193396
KROGER-1107,2025-05-25,734,194130
KROGER-1107,2025-05-26,664,194794
KROGER-1107,2025-05-27,675,195469
KROGER-1107,2025-05-28,758,196227
KROGER-1107,2025-05-29,724,196951
KROGER-1107,2025-05-30,683,197634
KROGER-1107,2025-05-31,773,198407
KROGER-1107,2025-06-01,765,199172
KROGER-1107,2025-06-02,637,199809
KROGER-1107,2025-06-03,666,200475
KROGER-1107,2025-06-04,763,201238
KROGER-1107,2025-06-05,722,201960
KROGER-1107,2025-06-06,783,202743
KROGER-1107,2025-06-07,754,203497
KROGER-1107,2025-06-08,679,204176
KROGER-1107,2025-06-09,684,204860
KROGER-1107,2025-06-10,729,205589
KROGER-1107,2025-06-11,685,206274
KROGER-1107,2025-06-12,689,206963
KROGER-1107,2025-06-13,797,207760
KROGER-1107,2025-06-14,706,208466
KROGER-1107,2025-06-15,738,209204
KROGER-1107,2025-06-16,700,209904
KROGER-1107,2025-06-17,735,210639
KROGER-1107,2025-06-18,700,211339
KROGER-1107,2025-06-19,692,212031
KROGER-1107,2025-06-20,796,212827
KROGER-1107,2025-06-21,714,213541
KROGER-1107,2025-06-22,762,214303
KROGER-1107,2025-06-23,615,214918
KROGER-1107,2025-06-24,685,215603
KROGER-1107,2025-06-25,680,216283
KROGER-1107,2025-06-26,681,216964
KROGER-1107,2025-06-27,591,217555
KROGER-1107,2025-06-28,699,218254
KROGER-1107,2025-06-29,670,218924
KROGER-1107,2025-06-30,745,219669
KROGER-1107,2025-07-01,638,220307
KROGER-1107,2025-07-02,720,221027
KROGER-1107,2025-07-03,722,221749
KROGER-1107,2025-07-04,653,222402
KROGER-1107,2025-07-05,671,223073
KROGER-1107,2025-07-06,703,223776
KROGER-1107,2025-07-07,663,224439
KROGER-1107,2025-07-08,631,225070
KROGER-1107,2025-07-09,669,225739
KROGER-1107,2025-07-10,702,226441
KROGER-1107,2025-07-11,620,227061
KROGER-1107,2025-07-12,708,227769
KROGER-1107,2025-07-13,689,228458
KROGER-1107,2025-07-14,690,229148
KROGER-1107,2025-07-15,789,229937
KROGER-1107,2025-07-16,602,230539
KROGER-1107,2025-07-17,679,231218
KROGER-1107,2025-07-18,701,231919
KROGER-1107,2025-07-19,690,232609
KROGER-1107,2025-07-20,741,233350
KROGER-1107,2025-07-21,605,233955
KROGER-1107,2025-07-22,666,234621
KROGER-1107,2025-07-23,539,235160
KROGER-1107,2025-07-24,672,235832
KROGER-1107,2025-07-25,618,236450
KROGER-1107,2025-07-26,738,237188
KROGER-1107,2025-07-27,801,237989
KROGER-1107,2025-07-28,700,238689
KROGER-1107,2025-07-29,681,239370
KROGER-1107,2025-07-30,657,240027
KROGER-1107,2025-07-31,670,240697
KROGER-1107,2025-08-01,671,241368
KROGER-1107,2025-08-02,721,242089
KROGER-1107,2025-08-03,747,242836
KROGER-1107,2025-08-04,643,243479
KROGER-1107,2025-08-05,748,244227
KROGER-1107,2025-08-06,674,244901
KROGER-1107,2025-08-07,686,245587
KROGER-1107,2025-08-08,756,246343
KROGER-1107,2025-08-09,597,246940
KROGER-1107,2025-08-10,573,247513
KROGER-1107,2025-08-11,707,248220
KROGER-1107,2025-08-12,686,248906
KROGER-1107,2025-08-13,767,249673
KROGER-1107,2025-08-14,624,250297
KROGER-1107,2025-08-15,712,251009
KROGER-1107,2025-08-16,699,251708
KROGER-1107,2025-08-17,774,252482
KROGER-1107,2025-08-18,565,253047
KROGER-1107,2025-08-19,671,253718
KROGER-1107,2025-08-20,725,254443
KROGER-1107,2025-08-21,642,255085
KROGER-1107,2025-08-22,682,255767
KROGER-1107,2025-08-23,722,256489
KROGER-1107,2025-08-24,739,257228
KROGER-1107,2025-08-25,626,257854
KROGER-1107,2025-08-26,659,258513
KROGER-1107,2025-08-27,712,259225
KROGER-1107,2025-08-28,726,259951
KROGER-1107,2025-08-29,695,260646
KROGER-1107,2025-08-30,700,261346
KROGER-1107,2025-08-31,725,262071
KROGER-1108,2024-09-01,434,434
KROGER-1108,2024-09-02,393,827
KROGER-1108,2024-09-03,350,1177
KROGER-1108,2024-09-04,352,1529
KROGER-1108,2024-09-05,388,1917
KROGER-1108,2024-09-06,335,2252
KROGER-1108,2024-09-07,432,2684
KROGER-1108,2024-09-08,376,3060
KROGER-1108,2024-09-09,351,3411
KROGER-1108,2024-09-10,439,3850
KROGER-1108,2024-09-11,371,4221
KROGER-1108,2024-09-12,396,4617
KROGER-1108,2024-09-13,405,5022
KROGER-1108,2024-09-14,453,5475
KROGER-1108,2024-09-15,387,5862
KROGER-1108,2024-09-16,392,6254
KROGER-1108,2024-09-17,383,6637
KROGER-1108,2024-09-18,461,7098
KROGER-1108,2024-09-19,324,7422
KROGER-1108,2024-09-20,382,7804
KROGER-1108,2024-09-21,406,8210
KROGER-1108,2024-09-22,403,8613
KROGER-1108,2024-09-23,342,8955
KROGER-1108,2024-09-24,329,9284
KROGER-1108,2024-09-25,339,9623
KROGER-1108,2024-09-26,414,10037
KROGER-1108,2024-09-27,386,10423
KROGER-1108,2024-09-28,349,10772
KROGER-1108,2024-09-29,453,11225
KROGER-1108,2024-09-30,448,11673
KROGER-1108,2024-10-01,396,12069
KROGER-1108,2024-10-02,400,12469
KROGER-1108,2024-10-03,390,12859
KROGER-1108,2024-10-04,367,13226
KROGER-1108,2024-10-05,347,13573
KROGER-1108,2024-10-06,371,13944
KROGER-1108,2024-10-07,385,14329
KROGER-1108,2024-10-08,405,14734
KROGER-1108,2024-10-09,380,15114
KROGER-1108,2024-10-10,384,15498
KROGER-1108,2024-10-11,388,15886
KROGER-1108,2024-10-12,410,16296
KROGER-1108,2024-10-13,387,16683
KROGER-1108,2024-10-14,400,17083
KROGER-1108,2024-10-15,352,17435
KROGER-1108,2024-10-16,396,17831
KROGER-1108,2024-10-17,340,18171
KROGER-1108,2024-10-18,350,18521
KROGER-1108,2024-10-19,383,18904
KROGER-1108,2024-10-20,413,19317
KROGER-1108,2024-10-21,394,19711
KROGER-1108,2024-10-22,360,20071
KROGER-1108,2024-10-23,343,20414
KROGER-1108,2024-10-24,424,20838
KROGER-1108,2024-10-25,389,21227
KROGER-1108,2024-10-26,402,21629
KROGER-1108,2024-10-27,418,22047
KROGER-1108,2024-10-28,357,22404
KROGER-1108,2024-10-29,420,22824
KROGER-1108,2024-10-30,405,23229
KROGER-1108,2024-10-31,378,23607
KROGER-1108,2024-11-01,462,24069
KROGER-1108,2024-11-02,478,24547
KROGER-1108,2024-11-03,540,25087
KROGER-1108,2024-11-04,480,25567
KROGER-1108,2024-11-05,484,26051
KROGER-1108,2024-11-06,467,26518
KROGER-1108,2024-11-07,464,26982
KROGER-1108,2024-11-08,534,27516
KROGER-1108,2024-11-09,473,27989
KROGER-1108,2024-11-10,496,28485
KROGER-1108,2024-11-11,541,29026
KROGER-1108,2024-11-12,514,29540
KROGER-1108,2024-11-13,478,30018
KROGER-1108,2024-11-14,408,30426
KROGER-1108,2024-11-15,545,30971
KROGER-1108,2024-11-16,478,31449
KROGER-1108,2024-11-17,491,31940
KROGER-1108,2024-11-18,503,32443
KROGER-1108,2024-11-19,457,32900
KROGER-1108,2024-11-20,472,33372
KROGER-1108,2024-11-21,467,33839
KROGER-1108,2024-11-22,451,34290
KROGER-1108,2024-11-23,501,34791
KROGER-1108,2024-11-24,463,35254
KROGER-1108,2024-11-25,422,35676
KROGER-1108,2024-11-26,484,36160
KROGER-1108,2024-11-27,511,36671
KROGER-1108,2024-11-28,437,37108
KROGER-1108,2024-11-29,445,37553
KROGER-1108,2024-11-30,488,38041
KROGER-1108,2024-12-01,488,38529
KROGER-1108,2024-12-02,391,38920
KROGER-1108,2024-12-03,449,39369
KROGER-1108,2024-12-04,531,39900
KROGER-1108,2024-12-05,516,40416
KROGER-1108,2024-12-06,528,40944
KROGER-1108,2024-12-07,512,41456
KROGER-1108,2024-12-08,467,41923
KROGER-1108,2024-12-09,474,42397
KROGER-1108,2024-12-10,487,42884
KROGER-1108,2024-12-11,452,43336
KROGER-1108,2024-12-12,400,43736
KROGER-1108,2024-12-13,498,44234
KROGER-1108,2024-12-14,470,44704
KROGER-1108,2024-12-15,512,45216
KROGER-1108,2024-12-16,405,45621
KROGER-1108,2024-12-17,440,46061
KROGER-1108,2024-12-18,479,46540
KROGER-1108,2024-12-19,488,47028
KROGER-1108,2024-12-20,492,47520
KROGER-1108,2024-12-21,485,48005
KROGER-1108,2024-12-22,495,48500
KROGER-1108,2024-12-23,479,48979
KROGER-1108,2024-12-24,476,49455
KROGER-1108,2024-12-25,486,49941
KROGER-1108,2024-12-26,421,50362
KROGER-1108,2024-12-27,534,50896
KROGER-1108,2024-12-28,480,51376
KROGER-1108,2024-12-29,484,51860
KROGER-1108,2024-12-30,453,52313
KROGER-1108,2024-12-31,473,52786
KROGER-1108,2025-01-01,342,53128
KROGER-1108,2025-01-02,372,53500
KROGER-1108,2025-01-03,328,53828
KROGER-1108,2025-01-04,391,54219
KROGER-1108,2025-01-05,411,54630
KROGER-1108,2025-01-06,404,55034
KROGER-1108,2025-01-07,385,55419
KROGER-1108,2025-01-08,396,55815
KROGER-1108,2025-01-09,335,56150
KROGER-1108,2025-01-10,392,56542
KROGER-1108,2025-01-11,447,56989
KROGER-1108,2025-01-12,421,57410
KROGER-1108,2025-01-13,364,57774
KROGER-1108,2025-01-14,392,58166
KROGER-1108,2025-01-15,429,58595
KROGER-1108,2025-01-16,404,58999
KROGER-1108,2025-01-17,405,59404
KROGER-1108,2025-01-18,381,59785
KROGER-1108,2025-01-19,394,60179
KROGER-1108,2025-01-20,385,60564
KROGER-1108,2025-01-21,443,61007
KROGER-1108,2025-01-22,359,61366
KROGER-1108,2025-01-23,395,61761
KROGER-1108,2025-01-24,408,62169
KROGER-1108,2025-01-25,430,62599
KROGER-1108,2025-01-26,398,62997
KROGER-1108,2025-01-27,377,63374
KROGER-1108,2025-01-28,447,63821
KROGER-1108,2025-01-29,379,64200
KROGER-1108,2025-01-30,374,64574
KROGER-1108,2025-01-31,416,64990
KROGER-1108,2025-02-01,410,65400
KROGER-1108,2025-02-02,364,65764
KROGER-1108,2025-02-03,417,66181
KROGER-1108,2025-02-04,374,66555
KROGER-1108,2025-02-05,374,66929
KROGER-1108,2025-02-06,469,67398
KROGER-1108,2025-02-07,380,67778
KROGER-1108,2025-02-08,408,68186
KROGER-1108,2025-02-09,436,68622
KROGER-1108,2025-02-10,358,68980
KROGER-1108,2025-02-11,404,69384
KROGER-1108,2025-02-12,415,69799
KROGER-1108,2025-02-13,428,70227
KROGER-1108,2025-02-14,407,70634
KROGER-1108,2025-02-15,370,71004
KROGER-1108,2025-02-16,420,71424
KROGER-1108,2025-02-17,345,71769
KROGER-1108,2025-02-18,425,72194
KROGER-1108,2025-02-19,420,72614
KROGER-1108,2025-02-20,394,73008
KROGER-1108,2025-02-21,393,73401
KROGER-1108,2025-02-22,406,73807
KROGER-1108,2025-02-23,405,74212
KROGER-1108,2025-02-24,417,74629
KROGER-1108,2025-02-25,377,75006
KROGER-1108,2025-02-26,455,75461
KROGER-1108,2025-02-27,392,75853
KROGER-1108,2025-02-28,425,76278
KROGER-1108,2025-03-01,352,76630
KROGER-1108,2025-03-02,387,77017
KROGER-1108,2025-03-03,415,77432
KROGER-1108,2025-03-04,397,77829
KROGER-1108,2025-03-05,388,78217
KROGER-1108,2025-03-06,420,78637
KROGER-1108,2025-03-07,453,79090
KROGER-1108,2025-03-08,369,79459
KROGER-1108,2025-03-09,439,79898
KROGER-1108,2025-03-10,373,80271
KROGER-1108,2025-03-11,413,80684
KROGER-1108,2025-03-12,373,81057
KROGER-1108,2025-03-13,403,81460
KROGER-1108,2025-03-14,406,81866
KROGER-1108,2025-03-15,384,82250
KROGER-1108,2025-03-16,391,82641
KROGER-1108,2025-03-17,381,83022
KROGER-1108,2025-03-18,336,83358
KROGER-1108,2025-03-19,401,83759
KROGER-1108,2025-03-20,432,84191
KROGER-1108,2025-03-21,348,84539
KROGER-1108,2025-03-22,428,84967
KROGER-1108,2025-03-23,417,85384
KROGER-1108,2025-03-24,365,85749
KROGER-1108,2025-03-25,450,86199
KROGER-1108,2025-03-26,422,86621
KROGER-1108,2025-03-27,425,87046
KROGER-1108,2025-03-28,388,87434
KROGER-1108,2025-03-29,357,87791
KROGER-1108,2025-03-30,412,88203
KROGER-1108,2025-03-31,383,88586
KROGER-1108,2025-04-01,418,89004
KROGER-1108,2025-04-02,368,89372
KROGER-1108,2025-04-03,428,89800
KROGER-1108,2025-04-04,368,90168
KROGER-1108,2025-04-05,429,90597
KROGER-1108,2025-04-06,382,90979
KROGER-1108,2025-04-07,386,91365
KROGER-1108,2025-04-08,346,91711
KROGER-1108,2025-04-09,389,92100
KROGER-1108,2025-04-10,356,92456
KROGER-1108,2025-04-11,404,92860
KROGER-1108,2025-04-12,429,93289
KROGER-1108,2025-04-13,406,93695
KROGER-1108,2025-04-14,367,94062
KROGER-1108,2025-04-15,399,94461
KROGER-1108,2025-04-16,416,94877
KROGER-1108,2025-04-17,382,95259
KROGER-1108,2025-04-18,374,95633
KROGER-1108,2025-04-19,365,95998
KROGER-1108,2025-04-20,413,96411
KROGER-1108,2025-04-21,420,96831
KROGER-1108,2025-04-22,431,97262
KROGER-1108,2025-04-23,394,97656
KROGER-1108,2025-04-24,343,97999
KROGER-1108,2025-04-25,372,98371
KROGER-1108,2025-04-26,444,98815
KROGER-1108,2025-04-27,433,99248
KROGER-1108,2025-04-28,355,99603
KROGER-1108,2025-04-29,448,100051
KROGER-1108,2025-04-30,353,100404
KROGER-1108,2025-05-01,375,100779
KROGER-1108,2025-05-02,402,101181
KROGER-1108,2025-05-03,404,101585
KROGER-1108,2025-05-04,396,101981
KROGER-1108,2025-05-05,387,102368
KROGER-1108,2025-05-06,419,102787
KROGER-1108,2025-05-07,446,103233
KROGER-1108,2025-05-08,396,103629
KROGER-1108,2025-05-09,367,103996
KROGER-1108,2025-05-10,410,104406
KROGER-1108,2025-05-11,470,104876
KROGER-1108,2025-05-12,412,105288
KROGER-1108,2025-05-13,428,105716
KROGER-1108,2025-05-14,413,106129
KROGER-1108,2025-05-15,416,106545
KROGER-1108,2025-05-16,388,106933
KROGER-1108,2025-05-17,453,107386
KROGER-1108,2025-05-18,314,107700
KROGER-1108,2025-05-19,404,108104
KROGER-1108,2025-05-20,402,108506
KROGER-1108,2025-05-21,360,108866
KROGER-1108,2025-05-22,397,109263
KROGER-1108,2025-05-23,405,109668
KROGER-1108,2025-05-24,350,110018
KROGER-1108,2025-05-25,418,110436
KROGER-1108,2025-05-26,427,110863
KROGER-1108,2025-05-27,439,111302
KROGER-1108,2025-05-28,406,111708
KROGER-1108,2025-05-29,384,112092
KROGER-1108,2025-05-30,417,112509
KROGER-1108,2025-05-31,379,112888
KROGER-1108,2025-06-01,432,113320
KROGER-1108,2025-06-02,386,113706
KROGER-1108,2025-06-03,424,114130
KROGER-1108,2025-06-04,372,114502
KROGER-1108,2025-06-05,440,114942
KROGER-1108,2025-06-06,425,115367
KROGER-1108,2025-06-07,419,115786
KROGER-1108,2025-06-08,416,116202
KROGER-1108,2025-06-09,440,116642
KROGER-1108,2025-06-10,454,117096
KROGER-1108,2025-06-11,377,117473
KROGER-1108,2025-06-12,378,117851
KROGER-1108,2025-06-13,428,118279
KROGER-1108,2025-06-14,330,118609
KROGER-1108,2025-06-15,324,118933
KROGER-1108,2025-06-16,364,119297
KROGER-1108,2025-06-17,398,119695
KROGER-1108,2025-06-18,354,120049
KROGER-1108,2025-06-19,349,120398
KROGER-1108,2025-06-20,373,120771
KROGER-1108,2025-06-21,452,121223
KROGER-1108,2025-06-22,395,121618
KROGER-1108,2025-06-23,423,122041
KROGER-1108,2025-06-24,392,122433
KROGER-1108,2025-06-25,436,122869
KROGER-1108,2025-06-26,381,123250
KROGER-1108,2025-06-27,401,123651
KROGER-1108,2025-06-28,415,124066
KROGER-1108,2025-06-29,404,124470
KROGER-1108,2025-06-30,413,124883
KROGER-1108,2025-07-01,410,125293
KROGER-1108,2025-07-02,396,125689
KROGER-1108,2025-07-03,329,126018
KROGER-1108,2025-07-04,352,126370
KROGER-1108,2025-07-05,378,126748
KROGER-1108,2025-07-06,416,127164
KROGER-1108,2025-07-07,387,127551
KROGER-1108,2025-07-08,366,127917
KROGER-1108,2025-07-09,363,128280
KROGER-1108,2025-07-10,410,128690
KROGER-1108,2025-07-11,366,129056
KROGER-1108,2025-07-12,328,129384
KROGER-1108,2025-07-13,413,129797
KROGER-1108,2025-07-14,372,130169
KROGER-1108,2025-07-15,412,130581
KROGER-1108,2025-07-16,365,130946
KROGER-1108,2025-07-17,381,131327
KROGER-1108,2025-07-18,397,131724
KROGER-1108,2025-07-19,337,132061
KROGER-1108,2025-07-20,388,132449
KROGER-1108,2025-07-21,364,132813
KROGER-1108,2025-07-22,374,133187
KROGER-1108,2025-07-23,372,133559
KROGER-1108,2025-07-24,388,133947
KROGER-1108,2025-07-25,394,134341
KROGER-1108,2025-07-26,428,134769
KROGER-1108,2025-07-27,424,135193
KROGER-1108,2025-07-28,425,135618
KROGER-1108,2025-07-29,418,136036
KROGER-1108,2025-07-30,431,136467
KROGER-1108,2025-07-31,426,136893
KROGER-1108,2025-08-01,372,137265
KROGER-1108,2025-08-02,398,137663
KROGER-1108,2025-08-03,400,138063
KROGER-1108,2025-08-04,425,138488
KROGER-1108,2025-08-05,381,138869
KROGER-1108,2025-08-06,413,139282
KROGER-1108,2025-08-07,330,139612
KROGER-1108,2025-08-08,324,139936
KROGER-1108,2025-08-09,451,140387
KROGER-1108,2025-08-10,425,140812
KROGER-1108,2025-08-11,426,141238
KROGER-1108,2025-08-12,342,141580
KROGER-1108,2025-08-13,395,141975
KROGER-1108,2025-08-14,343,142318
KROGER-1108,2025-08-15,417,142735
KROGER-1108,2025-08-16,410,143145
KROGER-1108,2025-08-17,405,143550
KROGER-1108,2025-08-18,417,143967
KROGER-1108,2025-08-19,387,144354
KROGER-1108,2025-08-20,386,144740
KROGER-1108,2025-08-21,345,145085
KROGER-1108,2025-08-22,431,145516
KROGER-1108,2025-08-23,413,145929
KROGER-1108,2025-08-24,426,146355
KROGER-1108,2025-08-25,347,146702
KROGER-1108,2025-08-26,433,147135
KROGER-1108,2025-08-27,395,147530
KROGER-1108,2025-08-28,443,147973
KROGER-1108,2025-08-29,420,148393
KROGER-1108,2025-08-30,329,148722
KROGER-1108,2025-08-31,434,149156
KROGER-1109,2024-09-01,686,686
KROGER-1109,2024-09-02,639,1325
KROGER-1109,2024-09-03,618,1943
KROGER-1109,2024-09-04,599,2542
KROGER-1109,2024-09-05,606,3148
KROGER-1109,2024-09-06,676,3824
KROGER-1109,2024-09-07,713,4537
KROGER-1109,2024-09-08,629,5166
KROGER-1109,2024-09-09,570,5736
KROGER-1109,2024-09-10,669,6405
KROGER-1109,2024-09-11,652,7057
KROGER-1109,2024-09-12,618,7675
KROGER-1109,2024-09-13,561,8236
KROGER-1109,2024-09-14,552,8788
KROGER-1109,2024-09-15,676,9464
KROGER-1109,2024-09-16,580,10044
KROGER-1109,2024-09-17,579,10623
KROGER-1109,2024-09-18,628,11251
KROGER-1109,2024-09-19,581,11832
KROGER-1109,2024-09-20,583,12415
KROGER-1109,2024-09-21,601,13016
KROGER-1109,2024-09-22,671,13687
KROGER-1109,2024-09-23,559,14246
KROGER-1109,2024-09-24,534,14780
KROGER-1109,2024-09-25,559,15339
KROGER-1109,2024-09-26,675,16014
KROGER-1109,2024-09-27,577,16591
KROGER-1109,2024-09-28,660,17251
KROGER-1109,2024-09-29,620,17871
KROGER-1109,2024-09-30,595,18466
KROGER-1109,2024-10-01,672,19138
KROGER-1109,2024-10-02,611,19749
KROGER-1109,2024-10-03,686,20435
KROGER-1109,2024-10-04,699,21134
KROGER-1109,2024-10-05,716,21850
KROGER-1109,2024-10-06,609,22459
KROGER-1109,2024-10-07,614,23073
KROGER-1109,2024-10-08,677,23750
KROGER-1109,2024-10-09,644,24394
KROGER-1109,2024-10-10,661,25055
KROGER-1109,2024-10-11,666,25721
KROGER-1109,2024-10-12,702,26423
KROGER-1109,2024-10-13,585,27008
KROGER-1109,2024-10-14,603,27611
KROGER-1109,2024-10-15,574,28185
KROGER-1109,2024-10-16,600,28785
KROGER-1109,2024-10-17,616,29401
KROGER-1109,2024-10-18,610,30011
KROGER-1109,2024-10-19,606,30617
KROGER-1109,2024-10-20,571,31188
KROGER-1109,2024-10-21,531,31719
KROGER-1109,2024-10-22,694,32413
KROGER-1109,2024-10-23,665,33078
KROGER-1109,2024-10-24,622,33700
KROGER-1109,2024-10-25,467,34167
KROGER-1109,2024-10-26,594,34761
KROGER-1109,2024-10-27,661,35422
KROGER-1109,2024-10-28,646,36068
KROGER-1109,2024-10-29,590,36658
KROGER-1109,2024-10-30,632,37290
KROGER-1109,2024-10-31,601,37891
KROGER-1109,2024-11-01,792,38683
KROGER-1109,2024-11-02,760,39443
KROGER-1109,2024-11-03,758,40201
KROGER-1109,2024-11-04,697,40898
KROGER-1109,2024-11-05,770,41668
KROGER-1109,2024-11-06,750,42418
KROGER-1109,2024-11-07,659,43077
KROGER-1109,2024-11-08,749,43826
KROGER-1109,2024-11-09,774,44600
KROGER-1109,2024-11-10,821,45421
KROGER-1109,2024-11-11,721,46142
KROGER-1109,2024-11-12,670,46812
KROGER-1109,2024-11-13,700,47512
KROGER-1109,2024-11-14,833,48345
KROGER-1109,2024-11-15,714,49059
KROGER-1109,2024-11-16,826,49885
KROGER-1109,2024-11-17,679,50564
KROGER-1109,2024-11-18,749,51313
KROGER-1109,2024-11-19,637,51950
KROGER-1109,2024-11-20,730,52680
KROGER-1109,2024-11-21,683,53363
KROGER-1109,2024-11-22,672,54035
KROGER-1109,2024-11-23,699,54734
KROGER-1109,2024-11-24,749,55483
KROGER-1109,2024-11-25,616,56099
KROGER-1109,2024-11-26,642,56741
KROGER-1109,2024-11-27,732,57473
KROGER-1109,2024-11-28,625,58098
KROGER-1109,2024-11-29,638,58736
KROGER-1109,2024-11-30,872,59608
KROGER-1109,2024-12-01,858,60466
KROGER-1109,2024-12-02,678,61144
KROGER-1109,2024-12-03,745,61889
KROGER-1109,2024-12-04,678,62567
KROGER-1109,2024-12-05,681,63248
KROGER-1109,2024-12-06,544,63792
KROGER-1109,2024-12-07,856,64648
KROGER-1109,2024-12-08,796,65444
KROGER-1109,2024-12-09,769,66213
KROGER-1109,2024-12-10,757,66970
KROGER-1109,2024-12-11,715,67685
KROGER-1109,2024-12-12,698,68383
KROGER-1109,2024-12-13,724,69107
KROGER-1109,2024-12-14,852,69959
KROGER-1109,2024-12-15,764,70723
KROGER-1109,2024-12-16,839,71562
KROGER-1109,2024-12-17,681,72243
KROGER-1109,2024-12-18,640,72883
KROGER-1109,2024-12-19,673,73556
KROGER-1109,2024-12-20,717,74273
KROGER-1109,2024-12-21,847,75120
KROGER-1109,2024-12-22,733,75853
KROGER-1109,2024-12-23,641,76494
KROGER-1109,2024-12-24,727,77221
KROGER-1109,2024-12-25,797,78018
KROGER-1109,2024-12-26,726,78744
KROGER-1109,2024-12-27,738,79482
KROGER-1109,2024-12-28,761,80243
KROGER-1109,2024-12-29,750,80993
KROGER-1109,2024-12-30,866,81859
KROGER-1109,2024-12-31,802,82661
KROGER-1109,2025-01-01,696,83357
KROGER-1109,2025-01-02,745,84102
KROGER-1109,2025-01-03,667,84769
KROGER-1109,2025-01-04,611,85380
KROGER-1109,2025-01-05,680,86060
KROGER-1109,2025-01-06,698,86758
KROGER-1109,2025-01-07,631,87389
KROGER-1109,2025-01-08,588,87977
KROGER-1109,2025-01-09,672,88649
KROGER-1109,2025-01-10,543,89192
KROGER-1109,2025-01-11,643,89835
KROGER-1109,2025-01-12,674,90509
KROGER-1109,2025-01-13,600,91109
KROGER-1109,2025-01-14,635,91744
KROGER-1109,2025-01-15,637,92381
KROGER-1109,2025-01-16,632,93013
KROGER-1109,2025-01-17,596,93609
KROGER-1109,2025-01-18,615,94224
KROGER-1109,2025-01-19,629,94853
KROGER-1109,2025-01-20,539,95392
KROGER-1109,2025-01-21,672,96064
KROGER-1109,2025-01-22,631,96695
KROGER-1109,2025-01-23,613,97308
KROGER-1109,2025-01-24,572,97880
KROGER-1109,2025-01-25,642,98522
KROGER-1109,2025-01-26,641,99163
KROGER-1109,2025-01-27,584,99747
KROGER-1109,2025-01-28,656,100403
KROGER-1109,2025-01-29,550,100953
KROGER-1109,2025-01-30,561,101514
KROGER-1109,2025-01-31,659,102173
KROGER-1109,2025-02-01,712,102885
KROGER-1109,2025-02-02,649,103534
KROGER-1109,2025-02-03,557,104091
KROGER-1109,2025-02-04,669,104760
KROGER-1109,2025-02-05,615,105375
KROGER-1109,2025-02-06,611,105986
KROGER-1109,2025-02-07,680,106666
KROGER-1109,2025-02-08,678,107344
KROGER-1109,2025-02-09,617,107961
KROGER-1109,2025-02-10,529,108490
KROGER-1109,2025-02-11,590,109080
KROGER-1109,2025-02-12,628,109708
KROGER-1109,2025-02-13,636,110344
KROGER-1109,2025-02-14,546,110890
KROGER-1109,2025-02-15,602,111492
KROGER-1109,2025-02-16,485,111977
KROGER-1109,2025-02-17,622,112599
KROGER-1109,2025-02-18,522,113121
KROGER-1109,2025-02-19,583,113704
KROGER-1109,2025-02-20,562,114266
KROGER-1109,2025-02-21,638,114904
KROGER-1109,2025-02-22,655,115559
KROGER-1109,2025-02-23,598,116157
KROGER-1109,2025-02-24,613,116770
KROGER-1109,2025-02-25,638,117408
KROGER-1109,2025-02-26,620,118028
KROGER-1109,2025-02-27,442,118470
KROGER-1109,2025-02-28,717,119187
KROGER-1109,2025-03-01,663,119850
KROGER-1109,2025-03-02,692,120542
KROGER-1109,2025-03-03,570,121112
KROGER-1109,2025-03-04,560,121672
KROGER-1109,2025-03-05,579,122251
KROGER-1109,2025-03-06,702,122953
KROGER-1109,2025-03-07,590,123543
KROGER-1109,2025-03-08,632,124175
KROGER-1109,2025-03-09,730,124905
KROGER-1109,2025-03-10,588,125493
KROGER-1109,2025-03-11,606,126099
KROGER-1109,2025-03-12,541,126640
KROGER-1109,2025-03-13,699,127339
KROGER-1109,2025-03-14,568,127907
KROGER-1109,2025-03-15,627,128534
KROGER-1109,2025-03-16,465,128999
KROGER-1109,2025-03-17,597,129596
KROGER-1109,2025-03-18,601,130197
KROGER-1109,2025-03-19,585,130782
KROGER-1109,2025-03-20,521,131303
KROGER-1109,2025-03-21,631,131934
KROGER-1109,2025-03-22,539,132473
KROGER-1109,2025-03-23,551,133024
KROGER-1109,2025-03-24,592,133616
KROGER-1109,2025-03-25,664,134280
KROGER-1109,2025-03-26,603,134883
KROGER-1109,2025-03-27,619,135502
KROGER-1109,2025-03-28,573,136075
KROGER-1109,2025-03-29,601,136676
KROGER-1109,2025-03-30,680,137356
KROGER-1109,2025-03-31,665,138021
KROGER-1109,2025-04-01,659,138680
KROGER-1109,2025-04-02,635,139315
KROGER-1109,2025-04-03,621,139936
KROGER-1109,2025-04-04,536,140472
KROGER-1109,2025-04-05,606,141078
KROGER-1109,2025-04-06,599,141677
KROGER-1109,2025-04-07,608,142285
KROGER-1109,2025-04-08,643,142928
KROGER-1109,2025-04-09,589,143517
KROGER-1109,2025-04-10,484,144001
KROGER-1109,2025-04-11,666,144667
KROGER-1109,2025-04-12,590,145257
KROGER-1109,2025-04-13,592,145849
KROGER-1109,2025-04-14,636,146485
KROGER-1109,2025-04-15,580,147065
KROGER-1109,2025-04-16,606,147671
KROGER-1109,2025-04-17,621,148292
KROGER-1109,2025-04-18,612,148904
KROGER-1109,2025-04-19,623,149527
KROGER-1109,2025-04-20,642,150169
KROGER-1109,2025-04-21,718,150887
KROGER-1109,2025-04-22,668,151555
KROGER-1109,2025-04-23,652,152207
KROGER-1109,2025-04-24,628,152835
KROGER-1109,2025-04-25,687,153522
KROGER-1109,2025-04-26,685,154207
KROGER-1109,2025-04-27,706,154913
KROGER-1109,2025-04-28,674,155587
KROGER-1109,2025-04-29,642,156229
KROGER-1109,2025-04-30,635,156864
KROGER-1109,2025-05-01,594,157458
KROGER-1109,2025-05-02,703,158161
KROGER-1109,2025-05-03,637,158798
KROGER-1109,2025-05-04,583,159381
KROGER-1109,2025-05-05,627,160008
KROGER-1109,2025-05-06,599,160607
KROGER-1109,2025-05-07,560,161167
KROGER-1109,2025-05-08,562,161729
KROGER-1109,2025-05-09,610,162339
KROGER-1109,2025-05-10,644,162983
KROGER-1109,2025-05-11,566,163549
KROGER-1109,2025-05-12,588,164137
KROGER-1109,2025-05-13,654,164791
KROGER-1109,2025-05-14,481,165272
KROGER-1109,2025-05-15,593,165865
KROGER-1109,2025-05-16,607,166472
KROGER-1109,2025-05-17,669,167141
KROGER-1109,2025-05-18,625,167766
KROGER-1109,2025-05-19,586,168352
KROGER-1109,2025-05-20,635,168987
KROGER-1109,2025-05-21,603,169590
KROGER-1109,2025-05-22,691,170281
KROGER-1109,2025-05-23,635,170916
KROGER-1109,2025-05-24,677,171593
KROGER-1109,2025-05-25,639,172232
KROGER-1109,2025-05-26,696,172928
KROGER-1109,2025-05-27,578,173506
KROGER-1109,2025-05-28,549,174055
KROGER-1109,2025-05-29,600,174655
KROGER-1109,2025-05-30,592,175247
KROGER-1109,2025-05-31,628,175875
KROGER-1109,2025-06-01,736,176611
KROGER-1109,2025-06-02,567,177178
KROGER-1109,2025-06-03,602,177780
KROGER-1109,2025-06-04,526,178306
KROGER-1109,2025-06-05,697,179003
KROGER-1109,2025-06-06,492,179495
KROGER-1109,2025-06-07,643,180138
KROGER-1109,2025-06-08,567,180705
KROGER-1109,2025-06-09,538,181243
KROGER-1109,2025-06-10,562,181805
KROGER-1109,2025-06-11,552,182357
KROGER-1109,2025-06-12,618,182975
KROGER-1109,2025-06-13,543,183518
KROGER-1109,2025-06-14,688,184206
KROGER-1109,2025-06-15,703,184909
KROGER-1109,2025-06-16,685,185594
KROGER-1109,2025-06-17,531,186125
KROGER-1109,2025-06-18,567,186692
KROGER-1109,2025-06-19,582,187274
KROGER-1109,2025-06-20,578,187852
KROGER-1109,2025-06-21,676,188528
KROGER-1109,2025-06-22,651,189179
KROGER-1109,2025-06-23,560,189739
KROGER-1109,2025-06-24,591,190330
KROGER-1109,2025-06-25,603,190933
KROGER-1109,2025-06-26,597,191530
KROGER-1109,2025-06-27,569,192099
KROGER-1109,2025-06-28,579,192678
KROGER-1109,2025-06-29,674,193352
KROGER-1109,2025-06-30,548,193900
KROGER-1109,2025-07-01,639,194539
KROGER-1109,2025-07-02,617,195156
KROGER-1109,2025-07-03,564,195720
KROGER-1109,2025-07-04,630,196350
KROGER-1109,2025-07-05,599,196949
KROGER-1109,2025-07-06,664,197613
KROGER-1109,2025-07-07,567,198180
KROGER-1109,2025-07-08,610,198790
KROGER-1109,2025-07-09,603,199393
KROGER-1109,2025-07-10,575,199968
KROGER-1109,2025-07-11,590,200558
KROGER-1109,2025-07-12,603,201161
KROGER-1109,2025-07-13,695,201856
KROGER-1109,2025-07-14,571,202427
KROGER-1109,2025-07-15,602,203029
KROGER-1109,2025-07-16,504,203533
KROGER-1109,2025-07-17,572,204105
KROGER-1109,2025-07-18,636,204741
KROGER-1109,2025-07-19,659,205400
KROGER-1109,2025-07-20,658,206058
KROGER-1109,2025-07-21,604,206662
KROGER-1109,2025-07-22,617,207279
KROGER-1109,2025-07-23,675,207954
KROGER-1109,2025-07-24,560,208514
KROGER-1109,2025-07-25,664,209178
KROGER-1109,2025-07-26,590,209768
KROGER-1109,2025-07-27,651,210419
KROGER-1109,2025-07-28,564,210983
KROGER-1109,2025-07-29,646,211629
KROGER-1109,2025-07-30,543,212172
KROGER-1109,2025-07-31,556,212728
KROGER-1109,2025-08-01,600,213328
KROGER-1109,2025-08-02,595,213923
KROGER-1109,2025-08-03,599,214522
KROGER-1109,2025-08-04,599,215121
KROGER-1109,2025-08-05,544,215665
KROGER-1109,2025-08-06,611,216276
KROGER-1109,2025-08-07,623,216899
KROGER-1109,2025-08-08,529,217428
KROGER-1109,2025-08-09,648,218076
KROGER-1109,2025-08-10,646,218722
KROGER-1109,2025-08-11,626,219348
KROGER-1109,2025-08-12,611,219959
KROGER-1109,2025-08-13,622,220581
KROGER-1109,2025-08-14,622,221203
KROGER-1109,2025-08-15,617,221820
KROGER-1109,2025-08-16,654,222474
KROGER-1109,2025-08-17,714,223188
KROGER-1109,2025-08-18,668,223856
KROGER-1109,2025-08-19,600,224456
KROGER-1109,2025-08-20,626,225082
KROGER-1109,2025-08-21,651,225733
KROGER-1109,2025-08-22,701,226434
KROGER-1109,2025-08-23,539,226973
KROGER-1109,2025-08-24,592,227565
KROGER-1109,2025-08-25,514,228079
KROGER-1109,2025-08-26,544,228623
KROGER-1109,2025-08-27,630,229253
KROGER-1109,2025-08-28,604,229857
KROGER-1109,2025-08-29,527,230384
KROGER-1109,2025-08-30,652,231036
KROGER-1109,2025-08-31,714,231750
KROGER-1110,2024-09-01,139,139
KROGER-1110,2024-09-02,150,289
KROGER-1110,2024-09-03,164,453
KROGER-1110,2024-09-04,135,588
KROGER-1110,2024-09-05,144,732
KROGER-1110,2024-09-06,128,860
KROGER-1110,2024-09-07,169,1029
KROGER-1110,2024-09-08,157,1186
KROGER-1110,2024-09-09,138,1324
KROGER-1110,2024-09-10,143,1467
KROGER-1110,2024-09-11,156,1623
KROGER-1110,2024-09-12,126,1749
KROGER-1110,2024-09-13,135,1884
KROGER-1110,2024-09-14,155,2039
KROGER-1110,2024-09-15,163,2202
KROGER-1110,2024-09-16,150,2352
KROGER-1110,2024-09-17,128,2480
KROGER-1110,2024-09-18,157,2637
KROGER-1110,2024-09-19,159,2796
KROGER-1110,2024-09-20,157,2953
KROGER-1110,2024-09-21,152,3105
KROGER-1110,2024-09-22,145,3250
KROGER-1110,2024-09-23,162,3412
KROGER-1110,2024-09-24,140,3552
KROGER-1110,2024-09-25,147,3699
KROGER-1110,2024-09-26,156,3855
KROGER-1110,2024-09-27,160,4015
KROGER-1110,2024-09-28,143,4158
KROGER-1110,2024-09-29,168,4326
KROGER-1110,2024-09-30,139,4465
KROGER-1110,2024-10-01,154,4619
KROGER-1110,2024-10-02,153,4772
KROGER-1110,2024-10-03,146,4918
KROGER-1110,2024-10-04,129,5047
KROGER-1110,2024-10-05,140,5187
KROGER-1110,2024-10-06,164,5351
KROGER-1110,2024-10-07,150,5501
KROGER-1110,2024-10-08,151,5652
KROGER-1110,2024-10-09,142,5794
KROGER-1110,2024-10-10,141,5935
KROGER-1110,2024-10-11,150,6085
KROGER-1110,2024-10-12,148,6233
KROGER-1110,2024-10-13,158,6391
KROGER-1110,2024-10-14,131,6522
KROGER-1110,2024-10-15,146,6668
KROGER-1110,2024-10-16,137,6805
KROGER-1110,2024-10-17,148,6953
KROGER-1110,2024-10-18,132,7085
KROGER-1110,2024-10-19,168,7253
KROGER-1110,2024-10-20,132,7385
KROGER-1110,2024-10-21,157,7542
KROGER-1110,2024-10-22,141,7683
KROGER-1110,2024-10-23,152,7835
KROGER-1110,2024-10-24,150,7985
KROGER-1110,2024-10-25,139,8124
KROGER-1110,2024-10-26,147,8271
KROGER-1110,2024-10-27,165,8436
KROGER-1110,2024-10-28,147,8583
KROGER-1110,2024-10-29,142,8725
KROGER-1110,2024-10-30,140,8865
KROGER-1110,2024-10-31,142,9007
KROGER-1110,2024-11-01,197,9204
KROGER-1110,2024-11-02,205,9409
KROGER-1110,2024-11-03,208,9617
KROGER-1110,2024-11-04,197,9814
KROGER-1110,2024-11-05,164,9978
KROGER-1110,2024-11-06,175,10153
KROGER-1110,2024-11-07,166,10319
KROGER-1110,2024-11-08,187,10506
KROGER-1110,2024-11-09,180,10686
KROGER-1110,2024-11-10,177,10863
KROGER-1110,2024-11-11,169,11032
KROGER-1110,2024-11-12,164,11196
KROGER-1110,2024-11-13,184,11380
KROGER-1110,2024-11-14,181,11561
KROGER-1110,2024-11-15,164,11725
KROGER-1110,2024-11-16,196,11921
KROGER-1110,2024-11-17,188,12109
KROGER-1110,2024-11-18,161,12270
KROGER-1110,2024-11-19,159,12429
KROGER-1110,2024-11-20,161,12590
KROGER-1110,2024-11-21,187,12777
KROGER-1110,2024-11-22,195,12972
KROGER-1110,2024-11-23,142,13114
KROGER-1110,2024-11-24,165,13279
KROGER-1110,2024-11-25,192,13471
KROGER-1110,2024-11-26,170,13641
KROGER-1110,2024-11-27,189,13830
KROGER-1110,2024-11-28,175,14005
KROGER-1110,2024-11-29,178,14183
KROGER-1110,2024-11-30,199,14382
KROGER-1110,2024-12-01,182,14564
KROGER-1110,2024-12-02,162,14726
KROGER-1110,2024-12-03,182,14908
KROGER-1110,2024-12-04,168,15076
KROGER-1110,2024-12-05,206,15282
KROGER-1110,2024-12-06,172,15454
KROGER-1110,2024-12-07,191,15645
KROGER-1110,2024-12-08,196,15841
KROGER-1110,2024-12-09,191,16032
KROGER-1110,2024-12-10,190,16222
KROGER-1110,2024-12-11,190,16412
KROGER-1110,2024-12-12,173,16585
KROGER-1110,2024-12-13,185,16770
KROGER-1110,2024-12-14,155,16925
KROGER-1110,2024-12-15,192,17117
KROGER-1110,2024-12-16,184,17301
KROGER-1110,2024-12-17,186,17487
KROGER-1110,2024-12-18,186,17673
KROGER-1110,2024-12-19,187,17860
KROGER-1110,2024-12-20,169,18029
KROGER-1110,2024-12-21,179,18208
KROGER-1110,2024-12-22,193,18401
KROGER-1110,2024-12-23,149,18550
KROGER-1110,2024-12-24,154,18704
KROGER-1110,2024-12-25,166,18870
KROGER-1110,2024-12-26,168,19038
KROGER-1110,2024-12-27,178,19216
KROGER-1110,2024-12-28,214,19430
KROGER-1110,2024-12-29,176,19606
KROGER-1110,2024-12-30,181,19787
KROGER-1110,2024-12-31,151,19938
KROGER-1110,2025-01-01,140,20078
KROGER-1110,2025-01-02,153,20231
KROGER-1110,2025-01-03,141,20372
KROGER-1110,2025-01-04,145,20517
KROGER-1110,2025-01-05,127,20644
KROGER-1110,2025-01-06,136,20780
KROGER-1110,2025-01-07,158,20938
KROGER-1110,2025-01-08,140,21078
KROGER-1110,2025-01-09,146,21224
KROGER-1110,2025-01-10,136,21360
KROGER-1110,2025-01-11,149,21509
KROGER-1110,2025-01-12,167,21676
KROGER-1110,2025-01-13,140,21816
KROGER-1110,2025-01-14,136,21952
KROGER-1110,2025-01-15,159,22111
KROGER-1110,2025-01-16,145,22256
KROGER-1110,2025-01-17,141,22397
KROGER-1110,2025-01-18,154,22551
KROGER-1110,2025-01-19,165,22716
KROGER-1110,2025-01-20,146,22862
KROGER-1110,2025-01-21,137,22999
KROGER-1110,2025-01-22,146,23145
KROGER-1110,2025-01-23,127,23272
KROGER-1110,2025-01-24,134,23406
KROGER-1110,2025-01-25,156,23562
KROGER-1110,2025-01-26,153,23715
KROGER-1110,2025-01-27,150,23865
KROGER-1110,2025-01-28,150,24015
KROGER-1110,2025-01-29,155,24170
KROGER-1110,2025-01-30,146,24316
KROGER-1110,2025-01-31,157,24473
KROGER-1110,2025-02-01,158,24631
KROGER-1110,2025-02-02,159,24790
KROGER-1110,2025-02-03,135,24925
KROGER-1110,2025-02-04,137,25062
KROGER-1110,2025-02-05,139,25201
KROGER-1110,2025-02-06,167,25368
KROGER-1110,2025-02-07,161,25529
KROGER-1110,2025-02-08,141,25670
KROGER-1110,2025-02-09,152,25822
KROGER-1110,2025-02-10,136,25958
KROGER-1110,2025-02-11,136,26094
KROGER-1110,2025-02-12,157,26251
KROGER-1110,2025-02-13,128,26379
KROGER-1110,2025-02-14,150,26529
KROGER-1110,2025-02-15,151,26680
KROGER-1110,2025-02-16,164,26844
KROGER-1110,2025-02-17,147,26991
KROGER-1110,2025-02-18,162,27153
KROGER-1110,2025-02-19,145,27298
KROGER-1110,2025-02-20,156,27454
KROGER-1110,2025-02-21,148,27602
KROGER-1110,2025-02-22,153,27755
KROGER-1110,2025-02-23,167,27922
KROGER-1110,2025-02-24,146,28068
KROGER-1110,2025-02-25,147,28215
KROGER-1110,2025-02-26,137,28352
KROGER-1110,2025-02-27,145,28497
KROGER-1110,2025-02-28,114,28611
KROGER-1110,2025-03-01,147,28758
KROGER-1110,2025-03-02,156,28914
KROGER-1110,2025-03-03,143,29057
KROGER-1110,2025-03-04,142,29199
KROGER-1110,2025-03-05,152,29351
KROGER-1110,2025-03-06,163,29514
KROGER-1110,2025-03-07,140,29654
KROGER-1110,2025-03-08,163,29817
KROGER-1110,2025-03-09,152,29969
KROGER-1110,2025-03-10,151,30120
KROGER-1110,2025-03-11,168,30288
KROGER-1110,2025-03-12,156,30444
KROGER-1110,2025-03-13,160,30604
KROGER-1110,2025-03-14,140,30744
KROGER-1110,2025-03-15,151,30895
KROGER-1110,2025-03-16,139,31034
KROGER-1110,2025-03-17,138,31172
KROGER-1110,2025-03-18,147,31319
KROGER-1110,2025-03-19,137,31456
KROGER-1110,2025-03-20,148,31604
KROGER-1110,2025-03-21,140,31744
KROGER-1110,2025-03-22,154,31898
KROGER-1110,2025-03-23,160,32058
KROGER-1110,2025-03-24,152,32210
KROGER-1110,2025-03-25,150,32360
KROGER-1110,2025-03-26,160,32520
KROGER-1110,2025-03-27,123,32643
KROGER-1110,2025-03-28,145,32788
KROGER-1110,2025-03-29,162,32950
KROGER-1110,2025-03-30,127,33077
KROGER-1110,2025-03-31,165,33242
KROGER-1110,2025-04-01,141,33383
KROGER-1110,2025-04-02,137,33520
KROGER-1110,2025-04-03,154,33674
KROGER-1110,2025-04-04,136,33810
KROGER-1110,2025-04-05,169,33979
KROGER-1110,2025-04-06,152,34131
KROGER-1110,2025-04-07,161,34292
KROGER-1110,2025-04-08,159,34451
KROGER-1110,2025-04-09,146,34597
KROGER-1110,2025-04-10,137,34734
KROGER-1110,2025-04-11,165,34899
KROGER-1110,2025-04-12,134,35033
KROGER-1110,2025-04-13,148,35181
KROGER-1110,2025-04-14,155,35336
KROGER-1110,2025-04-15,128,35464
KROGER-1110,2025-04-16,131,35595
KROGER-1110,2025-04-17,143,35738
KROGER-1110,2025-04-18,148,35886
KROGER-1110,2025-04-19,129,36015
KROGER-1110,2025-04-20,166,36181
KROGER-1110,2025-04-21,143,36324
KROGER-1110,2025-04-22,153,36477
KROGER-1110,2025-04-23,136,36613
KROGER-1110,2025-04-24,141,36754
KROGER-1110,2025-04-25,148,36902
KROGER-1110,2025-04-26,154,37056
KROGER-1110,2025-04-27,160,37216
KROGER-1110,2025-04-28,153,37369
KROGER-1110,2025-04-29,131,37500
KROGER-1110,2025-04-30,147,37647
KROGER-1110,2025-05-01,143,37790
KROGER-1110,2025-05-02,150,37940
KROGER-1110,2025-05-03,148,38088
KROGER-1110,2025-05-04,153,38241
KROGER-1110,2025-05-05,168,38409
KROGER-1110,2025-05-06,131,38540
KROGER-1110,2025-05-07,140,38680
KROGER-1110,2025-05-08,118,38798
KROGER-1110,2025-05-09,139,38937
KROGER-1110,2025-05-10,139,39076
KROGER-1110,2025-05-11,176,39252
KROGER-1110,2025-05-12,141,39393
KROGER-1110,2025-05-13,140,39533
KROGER-1110,2025-05-14,152,39685
KROGER-1110,2025-05-15,132,39817
KROGER-1110,2025-05-16,154,39971
KROGER-1110,2025-05-17,161,40132
KROGER-1110,2025-05-18,171,40303
KROGER-1110,2025-05-19,151,40454
KROGER-1110,2025-05-20,124,40578
KROGER-1110,2025-05-21,158,40736
KROGER-1110,2025-05-22,182,40918
KROGER-1110,2025-05-23,145,41063
KROGER-1110,2025-05-24,152,41215
KROGER-1110,2025-05-25,146,41361
KROGER-1110,2025-05-26,126,41487
KROGER-1110,2025-05-27,149,41636
KROGER-1110,2025-05-28,139,41775
KROGER-1110,2025-05-29,149,41924
KROGER-1110,2025-05-30,149,42073
KROGER-1110,2025-05-31,175,42248
KROGER-1110,2025-06-01,147,42395
KROGER-1110,2025-06-02,131,42526
KROGER-1110,2025-06-03,148,42674
KROGER-1110,2025-06-04,144,42818
KROGER-1110,2025-06-05,167,42985
KROGER-1110,2025-06-06,155,43140
KROGER-1110,2025-06-07,151,43291
KROGER-1110,2025-06-08,165,43456
KROGER-1110,2025-06-09,158,43614
KROGER-1110,2025-06-10,134,43748
KROGER-1110,2025-06-11,150,43898
KROGER-1110,2025-06-12,171,44069
KROGER-1110,2025-06-13,128,44197
KROGER-1110,2025-06-14,143,44340
KROGER-1110,2025-06-15,150,44490
KROGER-1110,2025-06-16,151,44641
KROGER-1110,2025-06-17,149,44790
KROGER-1110,2025-06-18,147,44937
KROGER-1110,2025-06-19,143,45080
KROGER-1110,2025-06-20,149,45229
KROGER-1110,2025-06-21,170,45399
KROGER-1110,2025-06-22,173,45572
KROGER-1110,2025-06-23,158,45730
KROGER-1110,2025-06-24,159,45889
KROGER-1110,2025-06-25,146,46035
KROGER-1110,2025-06-26,175,46210
KROGER-1110,2025-06-27,128,46338
KROGER-1110,2025-06-28,155,46493
KROGER-1110,2025-06-29,161,46654
KROGER-1110,2025-06-30,146,46800
KROGER-1110,2025-07-01,158,46958
KROGER-1110,2025-07-02,143,47101
KROGER-1110,2025-07-03,160,47261
KROGER-1110,2025-07-04,146,47407
KROGER-1110,2025-07-05,148,47555
KROGER-1110,2025-07-06,146,47701
KROGER-1110,2025-07-07,148,47849
KROGER-1110,2025-07-08,138,47987
KROGER-1110,2025-07-09,112,48099
KROGER-1110,2025-07-10,123,48222
KROGER-1110,2025-07-11,139,48361
KROGER-1110,2025-07-12,148,48509
KROGER-1110,2025-07-13,168,48677
KROGER-1110,2025-07-14,149,48826
KROGER-1110,2025-07-15,147,48973
KROGER-1110,2025-07-16,136,49109
KROGER-1110,2025-07-17,178,49287
KROGER-1110,2025-07-18,145,49432
KROGER-1110,2025-07-19,164,49596
KROGER-1110,2025-07-20,153,49749
KROGER-1110,2025-07-21,152,49901
KROGER-1110,2025-07-22,128,50029
KROGER-1110,2025-07-23,150,50179
KROGER-1110,2025-07-24,146,50325
KROGER-1110,2025-07-25,146,50471
KROGER-1110,2025-07-26,166,50637
KROGER-1110,2025-07-27,133,50770
KROGER-1110,2025-07-28,139,50909
KROGER-1110,2025-07-29,121,51030
KROGER-1110,2025-07-30,142,51172
KROGER-1110,2025-07-31,158,51330
KROGER-1110,2025-08-01,156,51486
KROGER-1110,2025-08-02,150,51636
KROGER-1110,2025-08-03,155,51791
KROGER-1110,2025-08-04,141,51932
KROGER-1110,2025-08-05,145,52077
KROGER-1110,2025-08-06,158,52235
KROGER-1110,2025-08-07,165,52400
KROGER-1110,2025-08-08,153,52553
KROGER-1110,2025-08-09,151,52704
KROGER-1110,2025-08-10,174,52878
KROGER-1110,2025-08-11,152,53030
KROGER-1110,2025-08-12,142,53172
KROGER-1110,2025-08-13,143,53315
KROGER-1110,2025-08-14,140,53455
KROGER-1110,2025-08-15,154,53609
KROGER-1110,2025-08-16,156,53765
KROGER-1110,2025-08-17,155,53920
KROGER-1110,2025-08-18,138,54058
KROGER-1110,2025-08-19,168,54226
KROGER-1110,2025-08-20,143,54369
KROGER-1110,2025-08-21,158,54527
KROGER-1110,2025-08-22,133,54660
KROGER-1110,2025-08-23,159,54819
KROGER-1110,2025-08-24,145,54964
KROGER-1110,2025-08-25,151,55115
KROGER-1110,2025-08-26,136,55251
KROGER-1110,2025-08-27,131,55382
KROGER-1110,2025-08-28,134,55516
KROGER-1110,2025-08-29,127,55643
KROGER-1110,2025-08-30,143,55786
KROGER-1110,2025-08-31,162,55948
KROGER-1111,2024-09-01,611,611
KROGER-1111,2024-09-02,588,1199
KROGER-1111,2024-09-03,636,1835
KROGER-1111,2024-09-04,525,2360
KROGER-1111,2024-09-05,653,3013
KROGER-1111,2024-09-06,616,3629
KROGER-1111,2024-09-07,673,4302
KROGER-1111,2024-09-08,645,4947
KROGER-1111,2024-09-09,606,5553
KROGER-1111,2024-09-10,665,6218
KROGER-1111,2024-09-11,618,6836
KROGER-1111,2024-09-12,650,7486
KROGER-1111,2024-09-13,669,8155
KROGER-1111,2024-09-14,589,8744
KROGER-1111,2024-09-15,614,9358
KROGER-1111,2024-09-16,579,9937
KROGER-1111,2024-09-17,603,10540
KROGER-1111,2024-09-18,628,11168
KROGER-1111,2024-09-19,576,11744
KROGER-1111,2024-09-20,580,12324
KROGER-1111,2024-09-21,632,12956
KROGER-1111,2024-09-22,698,13654
KROGER-1111,2024-09-23,594,14248
KROGER-1111,2024-09-24,624,14872
KROGER-1111,2024-09-25,605,15477
KROGER-1111,2024-09-26,614,16091
KROGER-1111,2024-09-27,587,16678
KROGER-1111,2024-09-28,524,17202
KROGER-1111,2024-09-29,617,17819
KROGER-1111,2024-09-30,631,18450
KROGER-1111,2024-10-01,623,19073
KROGER-1111,2024-10-02,654,19727
KROGER-1111,2024-10-03,547,20274
KROGER-1111,2024-10-04,638,20912
KROGER-1111,2024-10-05,622,21534
KROGER-1111,2024-10-06,611,22145
KROGER-1111,2024-10-07,646,22791
KROGER-1111,2024-10-08,659,23450
KROGER-1111,2024-10-09,677,24127
KROGER-1111,2024-10-10,647,24774
KROGER-1111,2024-10-11,615,25389
KROGER-1111,2024-10-12,574,25963
KROGER-1111,2024-10-13,715,26678
KROGER-1111,2024-10-14,631,27309
KROGER-1111,2024-10-15,574,27883
KROGER-1111,2024-10-16,630,28513
KROGER-1111,2024-10-17,547,29060
KROGER-1111,2024-10-18,687,29747
KROGER-1111,2024-10-19,630,30377
KROGER-1111,2024-10-20,593,30970
KROGER-1111,2024-10-21,684,31654
KROGER-1111,2024-10-22,554,32208
KROGER-1111,2024-10-23,618,32826
KROGER-1111,2024-10-24,626,33452
KROGER-1111,2024-10-25,555,34007
KROGER-1111,2024-10-26,630,34637
KROGER-1111,2024-10-27,552,35189
KROGER-1111,2024-10-28,598,35787
KROGER-1111,2024-10-29,527,36314
KROGER-1111,2024-10-30,664,36978
KROGER-1111,2024-10-31,589,37567
KROGER-1111,2024-11-01,672,38239
KROGER-1111,2024-11-02,794,39033
KROGER-1111,2024-11-03,671,39704
KROGER-1111,2024-11-04,700,40404
KROGER-1111,2024-11-05,787,41191
KROGER-1111,2024-11-06,660,41851
KROGER-1111,2024-11-07,727,42578
KROGER-1111,2024-11-08,694,43272
KROGER-1111,2024-11-09,651,43923
KROGER-1111,2024-11-10,708,44631
KROGER-1111,2024-11-11,702,45333
KROGER-1111,2024-11-12,758,46091
KROGER-1111,2024-11-13,826,46917
KROGER-1111,2024-11-14,742,47659
KROGER-1111,2024-11-15,750,48409
KROGER-1111,2024-11-16,828,49237
KROGER-1111,2024-11-17,807,50044
KROGER-1111,2024-11-18,704,50748
KROGER-1111,2024-11-19,709,51457
KROGER-1111,2024-11-20,777,52234
KROGER-1111,2024-11-21,773,53007
KROGER-1111,2024-11-22,756,53763
KROGER-1111,2024-11-23,742,54505
KROGER-1111,2024-11-24,882,55387
KROGER-1111,2024-11-25,696,56083
KROGER-1111,2024-11-26,737,56820
KROGER-1111,2024-11-27,828,57648
KROGER-1111,2024-11-28,751,58399
KROGER-1111,2024-11-29,740,59139
KROGER-1111,2024-11-30,799,59938
KROGER-1111,2024-12-01,741,60679
KROGER-1111,2024-12-02,738,61417
KROGER-1111,2024-12-03,788,62205
KROGER-1111,2024-12-04,800,63005
KROGER-1111,2024-12-05,839,63844
KROGER-1111,2024-12-06,700,64544
KROGER-1111,2024-12-07,863,65407
KROGER-1111,2024-12-08,819,66226
KROGER-1111,2024-12-09,808,67034
KROGER-1111,2024-12-10,664,67698
KROGER-1111,2024-12-11,699,68397
KROGER-1111,2024-12-12,757,69154
KROGER-1111,2024-12-13,786,69940
KROGER-1111,2024-12-14,754,70694
KROGER-1111,2024-12-15,758,71452
KROGER-1111,2024-12-16,681,72133
KROGER-1111,2024-12-17,714,72847
KROGER-1111,2024-12-18,721,73568
KROGER-1111,2024-12-19,721,74289
KROGER-1111,2024-12-20,690,74979
KROGER-1111,2024-12-21,901,75880
KROGER-1111,2024-12-22,845,76725
KROGER-1111,2024-12-23,783,77508
KROGER-1111,2024-12-24,812,78320
KROGER-1111,2024-12-25,778,79098
KROGER-1111,2024-12-26,877,79975
KROGER-1111,2024-12-27,696,80671
KROGER-1111,2024-12-28,638,81309
KROGER-1111,2024-12-29,726,82035
KROGER-1111,2024-12-30,632,82667
KROGER-1111,2024-12-31,670,83337
KROGER-1111,2025-01-01,589,83926
KROGER-1111,2025-01-02,613,84539
KROGER-1111,2025-01-03,673,85212
KROGER-1111,2025-01-04,738,85950
KROGER-1111,2025-01-05,666,86616
KROGER-1111,2025-01-06,559,87175
KROGER-1111,2025-01-07,595,87770
KROGER-1111,2025-01-08,605,88375
KROGER-1111,2025-01-09,599,88974
KROGER-1111,2025-01-10,553,89527
KROGER-1111,2025-01-11,718,90245
KROGER-1111,2025-01-12,570,90815
KROGER-1111,2025-01-13,593,91408
KROGER-1111,2025-01-14,626,92034
KROGER-1111,2025-01-15,628,92662
KROGER-1111,2025-01-16,600,93262
KROGER-1111,2025-01-17,635,93897
KROGER-1111,2025-01-18,595,94492
KROGER-1111,2025-01-19,646,95138
KROGER-1111,2025-01-20,555,95693
KROGER-1111,2025-01-21,576,96269
KROGER-1111,2025-01-22,668,96937
KROGER-1111,2025-01-23,608,97545
KROGER-1111,2025-01-24,610,98155
KROGER-1111,2025-01-25,625,98780
KROGER-1111,2025-01-26,616,99396
KROGER-1111,2025-01-27,621,100017
KROGER-1111,2025-01-28,731,100748
KROGER-1111,2025-01-29,550,101298
KROGER-1111,2025-01-30,571,101869
KROGER-1111,2025-01-31,573,102442
KROGER-1111,2025-02-01,535,102977
KROGER-1111,2025-02-02,644,103621
KROGER-1111,2025-02-03,609,104230
KROGER-1111,2025-02-04,588,104818
KROGER-1111,2025-02-05,652,105470
KROGER-1111,2025-02-06,597,106067
KROGER-1111,2025-02-07,611,106678
KROGER-1111,2025-02-08,659,107337
KROGER-1111,2025-02-09,632,107969
KROGER-1111,2025-02-10,704,108673
KROGER-1111,2025-02-11,600,109273
KROGER-1111,2025-02-12,652,109925
KROGER-1111,2025-02-13,616,110541
KROGER-1111,2025-02-14,618,111159
KROGER-1111,2025-02-15,696,111855
KROGER-1111,2025-02-16,635,112490
KROGER-1111,2025-02-17,617,113107
KROGER-1111,2025-02-18,632,113739
KROGER-1111,2025-02-19,590,114329
KROGER-1111,2025-02-20,644,114973
KROGER-1111,2025-02-21,695,115668
KROGER-1111,2025-02-22,606,116274
KROGER-1111,2025-02-23,617,116891
KROGER-1111,2025-02-24,568,117459
KROGER-1111,2025-02-25,709,118168
KROGER-1111,2025-02-26,650,118818
KROGER-1111,2025-02-27,556,119374
KROGER-1111,2025-02-28,546,119920
KROGER-1111,2025-03-01,684,120604
KROGER-1111,2025-03-02,772,121376
KROGER-1111,2025-03-03,617,121993
KROGER-1111,2025-03-04,546,122539
KROGER-1111,2025-03-05,538,123077
KROGER-1111,2025-03-06,602,123679
KROGER-1111,2025-03-07,550,124229
KROGER-1111,2025-03-08,638,124867
KROGER-1111,2025-03-09,678,125545
KROGER-1111,2025-03-10,633,126178
KROGER-1111,2025-03-11,642,126820
KROGER-1111,2025-03-12,632,127452
KROGER-1111,2025-03-13,656,128108
KROGER-1111,2025-03-14,607,128715
KROGER-1111,2025-03-15,656,129371
KROGER-1111,2025-03-16,719,130090
KROGER-1111,2025-03-17,659,130749
KROGER-1111,2025-03-18,557,131306
KROGER-1111,2025-03-19,580,131886
KROGER-1111,2025-03-20,556,132442
KROGER-1111,2025-03-21,610,133052
KROGER-1111,2025-03-22,479,133531
KROGER-1111,2025-03-23,681,134212
KROGER-1111,2025-03-24,573,134785
KROGER-1111,2025-03-25,531,135316
KROGER-1111,2025-03-26,726,136042
KROGER-1111,2025-03-27,584,136626
KROGER-1111,2025-03-28,534,137160
KROGER-1111,2025-03-29,621,137781
KROGER-1111,2025-03-30,733,138514
KROGER-1111,2025-03-31,454,138968
KROGER-1111,2025-04-01,669,139637
KROGER-1111,2025-04-02,532,140169
KROGER-1111,2025-04-03,643,140812
KROGER-1111,2025-04-04,564,141376
KROGER-1111,2025-04-05,652,142028
KROGER-1111,2025-04-06,624,142652
KROGER-1111,2025-04-07,635,143287
KROGER-1111,2025-04-08,648,143935
KROGER-1111,2025-04-09,645,144580
KROGER-1111,2025-04-10,583,145163
KROGER-1111,2025-04-11,633,145796
KROGER-1111,2025-04-12,699,146495
KROGER-1111,2025-04-13,638,147133
KROGER-1111,2025-04-14,628,147761
KROGER-1111,2025-04-15,563,148324
KROGER-1111,2025-04-16,634,148958
KROGER-1111,2025-04-17,588,149546
KROGER-1111,2025-04-18,609,150155
KROGER-1111,2025-04-19,650,150805
KROGER-1111,2025-04-20,661,151466
KROGER-1111,2025-04-21,599,152065
KROGER-1111,2025-04-22,702,152767
KROGER-1111,2025-04-23,572,153339
KROGER-1111,2025-04-24,541,153880
KROGER-1111,2025-04-25,557,154437
KROGER-1111,2025-04-26,597,155034
KROGER-1111,2025-04-27,651,155685
KROGER-1111,2025-04-28,709,156394
KROGER-1111,2025-04-29,639,157033
KROGER-1111,2025-04-30,606,157639
KROGER-1111,2025-05-01,585,158224
KROGER-1111,2025-05-02,677,158901
KROGER-1111,2025-05-03,593,159494
KROGER-1111,2025-05-04,568,160062
KROGER-1111,2025-05-05,575,160637
KROGER-1111,2025-05-06,593,161230
KROGER-1111,2025-05-07,648,161878
KROGER-1111,2025-05-08,659,162537
KROGER-1111,2025-05-09,645,163182
KROGER-1111,2025-05-10,534,163716
KROGER-1111,2025-05-11,651,164367
KROGER-1111,2025-05-12,622,164989
KROGER-1111,2025-05-13,639,165628
KROGER-1111,2025-05-14,544,166172
KROGER-1111,2025-05-15,598,166770
KROGER-1111,2025-05-16,597,167367
KROGER-1111,2025-05-17,697,168064
KROGER-1111,2025-05-18,652,168716
KROGER-1111,2025-05-19,585,169301
KROGER-1111,2025-05-20,528,169829
KROGER-1111,2025-05-21,552,170381
KROGER-1111,2025-05-22,647,171028
KROGER-1111,2025-05-23,509,171537
KROGER-1111,2025-05-24,548,172085
KROGER-1111,2025-05-25,690,172775
KROGER-1111,2025-05-26,651,173426
KROGER-1111,2025-05-27,551,173977
KROGER-1111,2025-05-28,605,174582
KROGER-1111,2025-05-29,691,175273
KROGER-1111,2025-05-30,621,175894
KROGER-1111,2025-05-31,668,176562
KROGER-1111,2025-06-01,727,177289
KROGER-1111,2025-06-02,709,177998
KROGER-1111,2025-06-03,620,178618
KROGER-1111,2025-06-04,690,179308
KROGER-1111,2025-06-05,663,179971
KROGER-1111,2025-06-06,595,180566
KROGER-1111,2025-06-07,670,181236
KROGER-1111,2025-06-08,556,181792
KROGER-1111,2025-06-09,647,182439
KROGER-1111,2025-06-10,592,183031
KROGER-1111,2025-06-11,579,183610
KROGER-1111,2025-06-12,670,184280
KROGER-1111,2025-06-13,568,184848
KROGER-1111,2025-06-14,669,185517
KROGER-1111,2025-06-15,698,186215
KROGER-1111,2025-06-16,596,186811
KROGER-1111,2025-06-17,627,187438
KROGER-1111,2025-06-18,581,188019
KROGER-1111,2025-06-19,573,188592
KROGER-1111,2025-06-20,607,189199
KROGER-1111,2025-06-21,814,190013
KROGER-1111,2025-06-22,744,190757
KROGER-1111,2025-06-23,592,191349
KROGER-1111,2025-06-24,612,191961
KROGER-1111,2025-06-25,598,192559
KROGER-1111,2025-06-26,554,193113
KROGER-1111,2025-06-27,582,193695
KROGER-1111,2025-06-28,625,194320
KROGER-1111,2025-06-29,521,194841
KROGER-1111,2025-06-30,604,195445
KROGER-1111,2025-07-01,655,196100
KROGER-1111,2025-07-02,715,196815
KROGER-1111,2025-07-03,645,197460
KROGER-1111,2025-07-04,574,198034
KROGER-1111,2025-07-05,598,198632
KROGER-1111,2025-07-06,646,199278
KROGER-1111,2025-07-07,621,199899
KROGER-1111,2025-07-08,613,200512
KROGER-1111,2025-07-09,677,201189
KROGER-1111,2025-07-10,641,201830
KROGER-1111,2025-07-11,643,202473
KROGER-1111,2025-07-12,668,203141
KROGER-1111,2025-07-13,615,203756
KROGER-1111,2025-07-14,538,204294
KROGER-1111,2025-07-15,613,204907
KROGER-1111,2025-07-16,587,205494
KROGER-1111,2025-07-17,651,206145
KROGER-1111,2025-07-18,591,206736
KROGER-1111,2025-07-19,711,207447
KROGER-1111,2025-07-20,684,208131
KROGER-1111,2025-07-21,702,208833
KROGER-1111,2025-07-22,698,209531
KROGER-1111,2025-07-23,656,210187
KROGER-1111,2025-07-24,563,210750
KROGER-1111,2025-07-25,598,211348
KROGER-1111,2025-07-26,614,211962
KROGER-1111,2025-07-27,656,212618
KROGER-1111,2025-07-28,642,213260
KROGER-1111,2025-07-29,604,213864
KROGER-1111,2025-07-30,649,214513
KROGER-1111,2025-07-31,587,215100
KROGER-1111,2025-08-01,506,215606
KROGER-1111,2025-08-02,662,216268
KROGER-1111,2025-08-03,636,216904
KROGER-1111,2025-08-04,626,217530
KROGER-1111,2025-08-05,658,218188
KROGER-1111,2025-08-06,608,218796
KROGER-1111,2025-08-07,559,219355
KROGER-1111,2025-08-08,590,219945
KROGER-1111,2025-08-09,725,220670
KROGER-1111,2025-08-10,674,221344
KROGER-1111,2025-08-11,677,222021
KROGER-1111,2025-08-12,596,222617
KROGER-1111,2025-08-13,656,223273
KROGER-1111,2025-08-14,668,223941
KROGER-1111,2025-08-15,543,224484
KROGER-1111,2025-08-16,666,225150
KROGER-1111,2025-08-17,661,225811
KROGER-1111,2025-08-18,628,226439
KROGER-1111,2025-08-19,520,226959
KROGER-1111,2025-08-20,676,227635
KROGER-1111,2025-08-21,687,228322
KROGER-1111,2025-08-22,596,228918
KROGER-1111,2025-08-23,667,229585
KROGER-1111,2025-08-24,707,230292
KROGER-1111,2025-08-25,788,231080
KROGER-1111,2025-08-26,646,231726
KROGER-1111,2025-08-27,637,232363
KROGER-1111,2025-08-28,662,233025
KROGER-1111,2025-08-29,667,233692
KROGER-1111,2025-08-30,678,234370
KROGER-1111,2025-08-31,584,234954
KROGER-1112,2024-09-01,689,689
KROGER-1112,2024-09-02,662,1351
KROGER-1112,2024-09-03,571,1922
KROGER-1112,2024-09-04,680,2602
KROGER-1112,2024-09-05,589,3191
KROGER-1112,2024-09-06,716,3907
KROGER-1112,2024-09-07,636,4543
KROGER-1112,2024-09-08,731,5274
KROGER-1112,2024-09-09,612,5886
KROGER-1112,2024-09-10,713,6599
KROGER-1112,2024-09-11,719,7318
KROGER-1112,2024-09-12,676,7994
KROGER-1112,2024-09-13,615,8609
KROGER-1112,2024-09-14,703,9312
KROGER-1112,2024-09-15,640,9952
KROGER-1112,2024-09-16,588,10540
KROGER-1112,2024-09-17,621,11161
KROGER-1112,2024-09-18,645,11806
KROGER-1112,2024-09-19,614,12420
KROGER-1112,2024-09-20,634,13054
KROGER-1112,2024-09-21,649,13703
KROGER-1112,2024-09-22,680,14383
KROGER-1112,2024-09-23,635,15018
KROGER-1112,2024-09-24,569,15587
KROGER-1112,2024-09-25,645,16232
KROGER-1112,2024-09-26,606,16838
KROGER-1112,2024-09-27,600,17438
KROGER-1112,2024-09-28,630,18068
KROGER-1112,2024-09-29,689,18757
KROGER-1112,2024-09-30,668,19425
KROGER-1112,2024-10-01,654,20079
KROGER-1112,2024-10-02,685,20764
KROGER-1112,2024-10-03,647,21411
KROGER-1112,2024-10-04,654,22065
KROGER-1112,2024-10-05,633,22698
KROGER-1112,2024-10-06,706,23404
KROGER-1112,2024-10-07,640,24044
KROGER-1112,2024-10-08,680,24724
KROGER-1112,2024-10-09,642,25366
KROGER-1112,2024-10-10,647,26013
KROGER-1112,2024-10-11,606,26619
KROGER-1112,2024-10-12,671,27290
KROGER-1112,2024-10-13,790,28080
KROGER-1112,2024-10-14,551,28631
KROGER-1112,2024-10-15,624,29255
KROGER-1112,2024-10-16,688,29943
KROGER-1112,2024-10-17,610,30553
KROGER-1112,2024-10-18,653,31206
KROGER-1112,2024-10-19,674,31880
KROGER-1112,2024-10-20,726,32606
KROGER-1112,2024-10-21,635,33241
KROGER-1112,2024-10-22,562,33803
KROGER-1112,2024-10-23,735,34538
KROGER-1112,2024-10-24,641,35179
KROGER-1112,2024-10-25,655,35834
KROGER-1112,2024-10-26,655,36489
KROGER-1112,2024-10-27,689,37178
KROGER-1112,2024-10-28,698,37876
KROGER-1112,2024-10-29,640,38516
KROGER-1112,2024-10-30,607,39123
KROGER-1112,2024-10-31,580,39703
KROGER-1112,2024-11-01,850,40553
KROGER-1112,2024-11-02,787,41340
KROGER-1112,2024-11-03,852,42192
KROGER-1112,2024-11-04,820,43012
KROGER-1112,2024-11-05,763,43775
KROGER-1112,2024-11-06,772,44547
KROGER-1112,2024-11-07,777,45324
KROGER-1112,2024-11-08,827,46151
KROGER-1112,2024-11-09,762,46913
KROGER-1112,2024-11-10,802,47715
KROGER-1112,2024-11-11,795,48510
KROGER-1112,2024-11-12,796,49306
KROGER-1112,2024-11-13,815,50121
KROGER-1112,2024-11-14,694,50815
KROGER-1112,2024-11-15,756,51571
KROGER-1112,2024-11-16,842,52413
KROGER-1112,2024-11-17,731,53144
KROGER-1112,2024-11-18,886,54030
KROGER-1112,2024-11-19,680,54710
KROGER-1112,2024-11-20,706,55416
KROGER-1112,2024-11-21,732,56148
KROGER-1112,2024-11-22,725,56873
KROGER-1112,2024-11-23,848,57721
KROGER-1112,2024-11-24,821,58542
KROGER-1112,2024-11-25,721,59263
KROGER-1112,2024-11-26,906,60169
KROGER-1112,2024-11-27,823,60992
KROGER-1112,2024-11-28,793,61785
KROGER-1112,2024-11-29,822,62607
KROGER-1112,2024-11-30,842,63449
KROGER-1112,2024-12-01,828,64277
KROGER-1112,2024-12-02,808,65085
KROGER-1112,2024-12-03,774,65859
KROGER-1112,2024-12-04,818,66677
KROGER-1112,2024-12-05,782,67459
KROGER-1112,2024-12-06,760,68219
KROGER-1112,2024-12-07,922,69141
KROGER-1112,2024-12-08,821,69962
KROGER-1112,2024-12-09,761,70723
KROGER-1112,2024-12-10,723,71446
KROGER-1112,2024-12-11,715,72161
KROGER-1112,2024-12-12,779,72940
KROGER-1112,2024-12-13,754,73694
KROGER-1112,2024-12-14,767,74461
KROGER-1112,2024-12-15,900,75361
KROGER-1112,2024-12-16,842,76203
KROGER-1112,2024-12-17,715,76918
KROGER-1112,2024-12-18,755,77673
KROGER-1112,2024-12-19,676,78349
KROGER-1112,2024-12-20,746,79095
KROGER-1112,2024-12-21,771,79866
KROGER-1112,2024-12-22,805,80671
KROGER-1112,2024-12-23,722,81393
KROGER-1112,2024-12-24,667,82060
KROGER-1112,2024-12-25,742,82802
KROGER-1112,2024-12-26,855,83657
KROGER-1112,2024-12-27,737,84394
KROGER-1112,2024-12-28,942,85336
KROGER-1112,2024-12-29,761,86097
KROGER-1112,2024-12-30,782,86879
KROGER-1112,2024-12-31,797,87676
KROGER-1112,2025-01-01,593,88269
KROGER-1112,2025-01-02,561,88830
KROGER-1112,2025-01-03,703,89533
KROGER-1112,2025-01-04,739,90272
KROGER-1112,2025-01-05,755,91027
KROGER-1112,2025-01-06,605,91632
KROGER-1112,2025-01-07,666,92298
KROGER-1112,2025-01-08,649,92947
KROGER-1112,2025-01-09,642,93589
KROGER-1112,2025-01-10,627,94216
KROGER-1112,2025-01-11,722,94938
KROGER-1112,2025-01-12,823,95761
KROGER-1112,2025-01-13,662,96423
KROGER-1112,2025-01-14,656,97079
KROGER-1112,2025-01-15,613,97692
KROGER-1112,2025-01-16,682,98374
KROGER-1112,2025-01-17,520,98894
KROGER-1112,2025-01-18,662,99556
KROGER-1112,2025-01-19,699,100255
KROGER-1112,2025-01-20,660,100915
KROGER-1112,2025-01-21,642,101557
KROGER-1112,2025-01-22,552,102109
KROGER-1112,2025-01-23,725,102834
KROGER-1112,2025-01-24,659,103493
KROGER-1112,2025-01-25,678,104171
KROGER-1112,2025-01-26,748,104919
KROGER-1112,2025-01-27,710,105629
KROGER-1112,2025-01-28,636,106265
KROGER-1112,2025-01-29,634,106899
KROGER-1112,2025-01-30,672,107571
KROGER-1112,2025-01-31,711,108282
KROGER-1112,2025-02-01,733,109015
KROGER-1112,2025-02-02,627,109642
KROGER-1112,2025-02-03,591,110233
KROGER-1112,2025-02-04,602,110835
KROGER-1112,2025-02-05,676,111511
KROGER-1112,2025-02-06,627,112138
KROGER-1112,2025-02-07,673,112811
KROGER-1112,2025-02-08,609,113420
KROGER-1112,2025-02-09,635,114055
KROGER-1112,2025-02-10,673,114728
KROGER-1112,2025-02-11,567,115295
KROGER-1112,2025-02-12,739,116034
KROGER-1112,2025-02-13,705,116739
KROGER-1112,2025-02-14,719,117458
KROGER-1112,2025-02-15,721,118179
KROGER-1112,2025-02-16,578,118757
KROGER-1112,2025-02-17,705,119462
KROGER-1112,2025-02-18,685,120147
KROGER-1112,2025-02-19,630,120777
KROGER-1112,2025-02-20,624,121401
KROGER-1112,2025-02-21,688,122089
KROGER-1112,2025-02-22,593,122682
KROGER-1112,2025-02-23,730,123412
KROGER-1112,2025-02-24,614,124026
KROGER-1112,2025-02-25,656,124682
KROGER-1112,2025-02-26,658,125340
KROGER-1112,2025-02-27,577,125917
KROGER-1112,2025-02-28,563,126480
KROGER-1112,2025-03-01,693,127173
KROGER-1112,2025-03-02,677,127850
KROGER-1112,2025-03-03,662,128512
KROGER-1112,2025-03-04,595,129107
KROGER-1112,2025-03-05,693,129800
KROGER-1112,2025-03-06,710,130510
KROGER-1112,2025-03-07,633,131143
KROGER-1112,2025-03-08,617,131760
KROGER-1112,2025-03-09,649,132409
KROGER-1112,2025-03-10,662,133071
KROGER-1112,2025-03-11,670,133741
KROGER-1112,2025-03-12,748,134489
KROGER-1112,2025-03-13,690,135179
KROGER-1112,2025-03-14,634,135813
KROGER-1112,2025-03-15,709,136522
KROGER-1112,2025-03-16,698,137220
KROGER-1112,2025-03-17,650,137870
KROGER-1112,2025-03-18,733,138603
KROGER-1112,2025-03-19,615,139218
KROGER-1112,2025-03-20,678,139896
KROGER-1112,2025-03-21,677,140573
KROGER-1112,2025-03-22,778,141351
KROGER-1112,2025-03-23,567,141918
KROGER-1112,2025-03-24,710,142628
KROGER-1112,2025-03-25,590,143218
KROGER-1112,2025-03-26,568,143786
KROGER-1112,2025-03-27,598,144384
KROGER-1112,2025-03-28,571,144955
KROGER-1112,2025-03-29,744,145699
KROGER-1112,2025-03-30,767,146466
KROGER-1112,2025-03-31,611,147077
KROGER-1112,2025-04-01,636,147713
KROGER-1112,2025-04-02,706,148419
KROGER-1112,2025-04-03,734,149153
KROGER-1112,2025-04-04,655,149808
KROGER-1112,2025-04-05,656,150464
KROGER-1112,2025-04-06,602,151066
KROGER-1112,2025-04-07,585,151651
KROGER-1112,2025-04-08,732,152383
KROGER-1112,2025-04-09,586,152969
KROGER-1112,2025-04-10,668,153637
KROGER-1112,2025-04-11,635,154272
KROGER-1112,2025-04-12,661,154933
KROGER-1112,2025-04-13,595,155528
KROGER-1112,2025-04-14,636,156164
KROGER-1112,2025-04-15,732,156896
KROGER-1112,2025-04-16,647,157543
KROGER-1112,2025-04-17,677,158220
KROGER-1112,2025-04-18,571,158791
KROGER-1112,2025-04-19,673,159464
KROGER-1112,2025-04-20,670,160134
KROGER-1112,2025-04-21,641,160775
KROGER-1112,2025-04-22,670,161445
KROGER-1112,2025-04-23,660,162105
KROGER-1112,2025-04-24,596,162701
KROGER-1112,2025-04-25,609,163310
KROGER-1112,2025-04-26,680,163990
KROGER-1112,2025-04-27,795,164785
KROGER-1112,2025-04-28,608,165393
KROGER-1112,2025-04-29,623,166016
KROGER-1112,2025-04-30,630,166646
KROGER-1112,2025-05-01,664,167310
KROGER-1112,2025-05-02,697,168007
KROGER-1112,2025-05-03,701,168708
KROGER-1112,2025-05-04,623,169331
KROGER-1112,2025-05-05,680,170011
KROGER-1112,2025-05-06,726,170737
KROGER-1112,2025-05-07,649,171386
KROGER-1112,2025-05-08,634,172020
KROGER-1112,2025-05-09,738,172758
KROGER-1112,2025-05-10,608,173366
KROGER-1112,2025-05-11,687,174053
KROGER-1112,2025-05-12,665,174718
KROGER-1112,2025-05-13,662,175380
KROGER-1112,2025-05-14,680,176060
KROGER-1112,2025-05-15,586,176646
KROGER-1112,2025-05-16,633,177279
KROGER-1112,2025-05-17,659,177938
KROGER-1112,2025-05-18,619,178557
KROGER-1112,2025-05-19,572,179129
KROGER-1112,2025-05-20,713,179842
KROGER-1112,2025-05-21,656,180498
KROGER-1112,2025-05-22,598,181096
KROGER-1112,2025-05-23,599,181695
KROGER-1112,2025-05-24,678,182373
KROGER-1112,2025-05-25,729,183102
KROGER-1112,2025-05-26,602,183704
KROGER-1112,2025-05-27,676,184380
KROGER-1112,2025-05-28,722,185102
KROGER-1112,2025-05-29,675,185777
KROGER-1112,2025-05-30,605,186382
KROGER-1112,2025-05-31,674,187056
KROGER-1112,2025-06-01,663,187719
KROGER-1112,2025-06-02,623,188342
KROGER-1112,2025-06-03,646,188988
KROGER-1112,2025-06-04,620,189608
KROGER-1112,2025-06-05,599,190207
KROGER-1112,2025-06-06,671,190878
KROGER-1112,2025-06-07,731,191609
KROGER-1112,2025-06-08,736,192345
KROGER-1112,2025-06-09,594,192939
KROGER-1112,2025-06-10,740,193679
KROGER-1112,2025-06-11,663,194342
KROGER-1112,2025-06-12,718,195060
KROGER-1112,2025-06-13,629,195689
KROGER-1112,2025-06-14,608,196297
KROGER-1112,2025-06-15,700,196997
KROGER-1112,2025-06-16,651,197648
KROGER-1112,2025-06-17,673,198321
KROGER-1112,2025-06-18,690,199011
KROGER-1112,2025-06-19,668,199679
KROGER-1112,2025-06-20,642,200321
KROGER-1112,2025-06-21,677,200998
KROGER-1112,2025-06-22,706,201704
KROGER-1112,2025-06-23,571,202275
KROGER-1112,2025-06-24,611,202886
KROGER-1112,2025-06-25,756,203642
KROGER-1112,2025-06-26,622,204264
KROGER-1112,2025-06-27,682,204946
KROGER-1112,2025-06-28,658,205604
KROGER-1112,2025-06-29,668,206272
KROGER-1112,2025-06-30,535,206807
KROGER-1112,2025-07-01,680,207487
KROGER-1112,2025-07-02,619,208106
KROGER-1112,2025-07-03,542,208648
KROGER-1112,2025-07-04,574,209222
KROGER-1112,2025-07-05,686,209908
KROGER-1112,2025-07-06,642,210550
KROGER-1112,2025-07-07,605,211155
KROGER-1112,2025-07-08,625,211780
KROGER-1112,2025-07-09,485,212265
KROGER-1112,2025-07-10,564,212829
KROGER-1112,2025-07-11,680,213509
KROGER-1112,2025-07-12,708,214217
KROGER-1112,2025-07-13,710,214927
KROGER-1112,2025-07-14,679,215606
KROGER-1112,2025-07-15,670,216276
KROGER-1112,2025-07-16,722,216998
KROGER-1112,2025-07-17,678,217676
KROGER-1112,2025-07-18,649,218325
KROGER-1112,2025-07-19,763,219088
KROGER-1112,2025-07-20,709,219797
KROGER-1112,2025-07-21,677,220474
KROGER-1112,2025-07-22,621,221095
KROGER-1112,2025-07-23,649,221744
KROGER-1112,2025-07-24,588,222332
KROGER-1112,2025-07-25,569,222901
KROGER-1112,2025-07-26,586,223487
KROGER-1112,2025-07-27,668,224155
KROGER-1112,2025-07-28,718,224873
KROGER-1112,2025-07-29,670,225543
KROGER-1112,2025-07-30,692,226235
KROGER-1112,2025-07-31,602,226837
KROGER-1112,2025-08-01,663,227500
KROGER-1112,2025-08-02,790,228290
KROGER-1112,2025-08-03,723,229013
KROGER-1112,2025-08-04,628,229641
KROGER-1112,2025-08-05,559,230200
KROGER-1112,2025-08-06,579,230779
KROGER-1112,2025-08-07,681,231460
KROGER-1112,2025-08-08,659,232119
KROGER-1112,2025-08-09,777,232896
KROGER-1112,2025-08-10,683,233579
KROGER-1112,2025-08-11,570,234149
KROGER-1112,2025-08-12,635,234784
KROGER-1112,2025-08-13,649,235433
KROGER-1112,2025-08-14,627,236060
KROGER-1112,2025-08-15,647,236707
KROGER-1112,2025-08-16,700,237407
KROGER-1112,2025-08-17,569,237976
KROGER-1112,2025-08-18,612,238588
KROGER-1112,2025-08-19,713,239301
KROGER-1112,2025-08-20,731,240032
KROGER-1112,2025-08-21,581,240613
KROGER-1112,2025-08-22,581,241194
KROGER-1112,2025-08-23,721,241915
KROGER-1112,2025-08-24,790,242705
KROGER-1112,2025-08-25,659,243364
KROGER-1112,2025-08-26,653,244017
KROGER-1112,2025-08-27,610,244627
KROGER-1112,2025-08-28,700,245327
KROGER-1112,2025-08-29,632,245959
KROGER-1112,2025-08-30,765,246724
KROGER-1112,2025-08-31,699,247423
KROGER-1113,2024-09-01,1119,1119
KROGER-1113,2024-09-02,976,2095
KROGER-1113,2024-09-03,979,3074
KROGER-1113,2024-09-04,993,4067
KROGER-1113,2024-09-05,1037,5104
KROGER-1113,2024-09-06,1137,6241
KROGER-1113,2024-09-07,1169,7410
KROGER-1113,2024-09-08,1056,8466
KROGER-1113,2024-09-09,870,9336
KROGER-1113,2024-09-10,984,10320
KROGER-1113,2024-09-11,1057,11377
KROGER-1113,2024-09-12,1064,12441
KROGER-1113,2024-09-13,1198,13639
KROGER-1113,2024-09-14,1222,14861
KROGER-1113,2024-09-15,1166,16027
KROGER-1113,2024-09-16,990,17017
KROGER-1113,2024-09-17,1068,18085
KROGER-1113,2024-09-18,1087,19172
KROGER-1113,2024-09-19,1155,20327
KROGER-1113,2024-09-20,962,21289
KROGER-1113,2024-09-21,1175,22464
KROGER-1113,2024-09-22,1149,23613
KROGER-1113,2024-09-23,1002,24615
KROGER-1113,2024-09-24,1154,25769
KROGER-1113,2024-09-25,886,26655
KROGER-1113,2024-09-26,1226,27881
KROGER-1113,2024-09-27,1155,29036
KROGER-1113,2024-09-28,1080,30116
KROGER-1113,2024-09-29,1060,31176
KROGER-1113,2024-09-30,1042,32218
KROGER-1113,2024-10-01,982,33200
KROGER-1113,2024-10-02,1026,34226
KROGER-1113,2024-10-03,1113,35339
KROGER-1113,2024-10-04,985,36324
KROGER-1113,2024-10-05,1179,37503
KROGER-1113,2024-10-06,1075,38578
KROGER-1113,2024-10-07,1136,39714
KROGER-1113,2024-10-08,1158,40872
KROGER-1113,2024-10-09,961,41833
KROGER-1113,2024-10-10,868,42701
KROGER-1113,2024-10-11,1058,43759
KROGER-1113,2024-10-12,1119,44878
KROGER-1113,2024-10-13,989,45867
KROGER-1113,2024-10-14,1184,47051
KROGER-1113,2024-10-15,1014,48065
KROGER-1113,2024-10-16,1098,49163
KROGER-1113,2024-10-17,983,50146
KROGER-1113,2024-10-18,920,51066
KROGER-1113,2024-10-19,1199,52265
KROGER-1113,2024-10-20,1015,53280
KROGER-1113,2024-10-21,1110,54390
KROGER-1113,2024-10-22,975,55365
KROGER-1113,2024-10-23,1026,56391
KROGER-1113,2024-10-24,1031,57422
KROGER-1113,2024-10-25,1042,58464
KROGER-1113,2024-10-26,1040,59504
KROGER-1113,2024-10-27,1160,60664
KROGER-1113,2024-10-28,1123,61787
KROGER-1113,2024-10-29,1147,62934
KROGER-1113,2024-10-30,1007,63941
KROGER-1113,2024-10-31,951,64892
KROGER-1113,2024-11-01,1275,66167
KROGER-1113,2024-11-02,1355,67522
KROGER-1113,2024-11-03,1356,68878
KROGER-1113,2024-11-04,1407,70285
KROGER-1113,2024-11-05,1265,71550
KROGER-1113,2024-11-06,1464,73014
KROGER-1113,2024-11-07,1342,74356
KROGER-1113,2024-11-08,1345,75701
KROGER-1113,2024-11-09,1325,77026
KROGER-1113,2024-11-10,1283,78309
KROGER-1113,2024-11-11,1192,79501
KROGER-1113,2024-11-12,1272,80773
KROGER-1113,2024-11-13,1341,82114
KROGER-1113,2024-11-14,1234,83348
KROGER-1113,2024-11-15,1216,84564
KROGER-1113,2024-11-16,1208,85772
KROGER-1113,2024-11-17,1370,87142
KROGER-1113,2024-11-18,1146,88288
KROGER-1113,2024-11-19,1293,89581
KROGER-1113,2024-11-20,1282,90863
KROGER-1113,2024-11-21,1240,92103
KROGER-1113,2024-11-22,1374,93477
KROGER-1113,2024-11-23,1484,94961
KROGER-1113,2024-11-24,1094,96055
KROGER-1113,2024-11-25,1104,97159
KROGER-1113,2024-11-26,1312,98471
KROGER-1113,2024-11-27,1423,99894
KROGER-1113,2024-11-28,1117,101011
KROGER-1113,2024-11-29,1296,102307
KROGER-1113,2024-11-30,1132,103439
KROGER-1113,2024-12-01,1121,104560
KROGER-1113,2024-12-02,1461,106021
KROGER-1113,2024-12-03,1293,107314
KROGER-1113,2024-12-04,1099,108413
KROGER-1113,2024-12-05,1232,109645
KROGER-1113,2024-12-06,1175,110820
KROGER-1113,2024-12-07,1271,112091
KROGER-1113,2024-12-08,1283,113374
KROGER-1113,2024-12-09,1275,114649
KROGER-1113,2024-12-10,1299,115948
KROGER-1113,2024-12-11,1185,117133
KROGER-1113,2024-12-12,1180,118313
KROGER-1113,2024-12-13,1294,119607
KROGER-1113,2024-12-14,1248,120855
KROGER-1113,2024-12-15,1247,122102
KROGER-1113,2024-12-16,1264,123366
KROGER-1113,2024-12-17,1257,124623
KROGER-1113,2024-12-18,1209,125832
KROGER-1113,2024-12-19,1359,127191
KROGER-1113,2024-12-20,1303,128494
KROGER-1113,2024-12-21,1529,130023
KROGER-1113,2024-12-22,1290,131313
KROGER-1113,2024-12-23,1324,132637
KROGER-1113,2024-12-24,1400,134037
KROGER-1113,2024-12-25,1164,135201
KROGER-1113,2024-12-26,1218,136419
KROGER-1113,2024-12-27,1377,137796
KROGER-1113,2024-12-28,1387,139183
KROGER-1113,2024-12-29,1314,140497
KROGER-1113,2024-12-30,1115,141612
KROGER-1113,2024-12-31,1123,142735
KROGER-1113,2025-01-01,1007,143742
KROGER-1113,2025-01-02,977,144719
KROGER-1113,2025-01-03,979,145698
KROGER-1113,2025-01-04,936,146634
KROGER-1113,2025-01-05,978,147612
KROGER-1113,2025-01-06,971,148583
KROGER-1113,2025-01-07,1054,149637
KROGER-1113,2025-01-08,1016,150653
KROGER-1113,2025-01-09,1049,151702
KROGER-1113,2025-01-10,1046,152748
KROGER-1113,2025-01-11,947,153695
KROGER-1113,2025-01-12,1190,154885
KROGER-1113,2025-01-13,1106,155991
KROGER-1113,2025-01-14,1048,157039
KROGER-1113,2025-01-15,1000,158039
KROGER-1113,2025-01-16,1158,159197
KROGER-1113,2025-01-17,960,160157
KROGER-1113,2025-01-18,1183,161340
KROGER-1113,2025-01-19,1021,162361
KROGER-1113,2025-01-20,1155,163516
KROGER-1113,2025-01-21,1083,164599
KROGER-1113,2025-01-22,1119,165718
KROGER-1113,2025-01-23,1062,166780
KROGER-1113,2025-01-24,1082,167862
KROGER-1113,2025-01-25,1100,168962
KROGER-1113,2025-01-26,1008,169970
KROGER-1113,2025-01-27,1136,171106
KROGER-1113,2025-01-28,1022,172128
KROGER-1113,2025-01-29,1053,173181
KROGER-1113,2025-01-30,912,174093
KROGER-1113,2025-01-31,1030,175123
KROGER-1113,2025-02-01,1132,176255
KROGER-1113,2025-02-02,1248,177503
KROGER-1113,2025-02-03,993,178496
KROGER-1113,2025-02-04,1125,179621
KROGER-1113,2025-02-05,996,180617
KROGER-1113,2025-02-06,1071,181688
KROGER-1113,2025-02-07,1127,182815
KROGER-1113,2025-02-08,1279,184094
KROGER-1113,2025-02-09,1129,185223
KROGER-1113,2025-02-10,959,186182
KROGER-1113,2025-02-11,1043,187225
KROGER-1113,2025-02-12,1208,188433
KROGER-1113,2025-02-13,1124,189557
KROGER-1113,2025-02-14,1061,190618
KROGER-1113,2025-02-15,1147,191765
KROGER-1113,2025-02-16,1121,192886
KROGER-1113,2025-02-17,938,193824
KROGER-1113,2025-02-18,1062,194886
KROGER-1113,2025-02-19,986,195872
KROGER-1113,2025-02-20,999,196871
KROGER-1113,2025-02-21,1021,197892
KROGER-1113,2025-02-22,914,198806
KROGER-1113,2025-02-23,1082,199888
KROGER-1113,2025-02-24,904,200792
KROGER-1113,2025-02-25,1114,201906
KROGER-1113,2025-02-26,873,202779
KROGER-1113,2025-02-27,899,203678
KROGER-1113,2025-02-28,887,204565
KROGER-1113,2025-03-01,1124,205689
KROGER-1113,2025-03-02,1096,206785
KROGER-1113,2025-03-03,1187,207972
KROGER-1113,2025-03-04,1081,209053
KROGER-1113,2025-03-05,897,209950
KROGER-1113,2025-03-06,974,210924
KROGER-1113,2025-03-07,1061,211985
KROGER-1113,2025-03-08,1126,213111
KROGER-1113,2025-03-09,940,214051
KROGER-1113,2025-03-10,1120,215171
KROGER-1113,2025-03-11,972,216143
KROGER-1113,2025-03-12,974,217117
KROGER-1113,2025-03-13,1134,218251
KROGER-1113,2025-03-14,1045,219296
KROGER-1113,2025-03-15,1127,220423
KROGER-1113,2025-03-16,1143,221566
KROGER-1113,2025-03-17,914,222480
KROGER-1113,2025-03-18,1065,223545
KROGER-1113,2025-03-19,1205,224750
KROGER-1113,2025-03-20,1027,225777
KROGER-1113,2025-03-21,1076,226853
KROGER-1113,2025-03-22,1320,228173
KROGER-1113,2025-03-23,1232,229405
KROGER-1113,2025-03-24,1008,230413
KROGER-1113,2025-03-25,1086,231499
KROGER-1113,2025-03-26,1108,232607
KROGER-1113,2025-03-27,1225,233832
KROGER-1113,2025-03-28,968,234800
KROGER-1113,2025-03-29,1366,236166
KROGER-1113,2025-03-30,1122,237288
KROGER-1113,2025-03-31,1018,238306
KROGER-1113,2025-04-01,1096,239402
KROGER-1113,2025-04-02,1014,240416
KROGER-1113,2025-04-03,1017,241433
KROGER-1113,2025-04-04,997,242430
KROGER-1113,2025-04-05,1049,243479
KROGER-1113,2025-04-06,949,244428
KROGER-1113,2025-04-07,908,245336
KROGER-1113,2025-04-08,977,246313
KROGER-1113,2025-04-09,1067,247380
KROGER-1113,2025-04-10,984,248364
KROGER-1113,2025-04-11,1221,249585
KROGER-1113,2025-04-12,1153,250738
KROGER-1113,2025-04-13,1038,251776
KROGER-1113,2025-04-14,1196,252972
KROGER-1113,2025-04-15,1026,253998
KROGER-1113,2025-04-16,1026,255024
KROGER-1113,2025-04-17,1098,256122
KROGER-1113,2025-04-18,1038,257160
KROGER-1113,2025-04-19,1105,258265
KROGER-1113,2025-04-20,1156,259421
KROGER-1113,2025-04-21,949,260370
KROGER-1113,2025-04-22,1036,261406
KROGER-1113,2025-04-23,966,262372
KROGER-1113,2025-04-24,1074,263446
KROGER-1113,2025-04-25,927,264373
KROGER-1113,2025-04-26,1235,265608
KROGER-1113,2025-04-27,1045,266653
KROGER-1113,2025-04-28,1017,267670
KROGER-1113,2025-04-29,1035,268705
KROGER-1113,2025-04-30,964,269669
KROGER-1113,2025-05-01,1064,270733
KROGER-1113,2025-05-02,1137,271870
KROGER-1113,2025-05-03,1068,272938
KROGER-1113,2025-05-04,1060,273998
KROGER-1113,2025-05-05,1098,275096
KROGER-1113,2025-05-06,1093,276189
KROGER-1113,2025-05-07,1055,277244
KROGER-1113,2025-05-08,1146,278390
KROGER-1113,2025-05-09,1079,279469
KROGER-1113,2025-05-10,1252,280721
KROGER-1113,2025-05-11,1070,281791
KROGER-1113,2025-05-12,949,282740
KROGER-1113,2025-05-13,1161,283901
KROGER-1113,2025-05-14,897,284798
KROGER-1113,2025-05-15,974,285772
KROGER-1113,2025-05-16,962,286734
KROGER-1113,2025-05-17,1102,287836
KROGER-1113,2025-05-18,1090,288926
KROGER-1113,2025-05-19,1146,290072
KROGER-1113,2025-05-20,1050,291122
KROGER-1113,2025-05-21,997,292119
KROGER-1113,2025-05-22,1021,293140
KROGER-1113,2025-05-23,966,294106
KROGER-1113,2025-05-24,1155,295261
KROGER-1113,2025-05-25,1227,296488
KROGER-1113,2025-05-26,1062,297550
KROGER-1113,2025-05-27,1043,298593
KROGER-1113,2025-05-28,1083,299676
KROGER-1113,2025-05-29,1006,300682
KROGER-1113,2025-05-30,1033,301715
KROGER-1113,2025-05-31,1082,302797
KROGER-1113,2025-06-01,1159,303956
KROGER-1113,2025-06-02,1012,304968
KROGER-1113,2025-06-03,867,305835
KROGER-1113,2025-06-04,950,306785
KROGER-1113,2025-06-05,1237,308022
KROGER-1113,2025-06-06,1031,309053
KROGER-1113,2025-06-07,1141,310194
KROGER-1113,2025-06-08,1089,311283
KROGER-1113,2025-06-09,1038,312321
KROGER-1113,2025-06-10,951,313272
KROGER-1113,2025-06-11,1187,314459
KROGER-1113,2025-06-12,982,315441
KROGER-1113,2025-06-13,980,316421
KROGER-1113,2025-06-14,1130,317551
KROGER-1113,2025-06-15,1199,318750
KROGER-1113,2025-06-16,1022,319772
KROGER-1113,2025-06-17,888,320660
KROGER-1113,2025-06-18,891,321551
KROGER-1113,2025-06-19,1174,322725
KROGER-1113,2025-06-20,1051,323776
KROGER-1113,2025-06-21,1213,324989
KROGER-1113,2025-06-22,1117,326106
KROGER-1113,2025-06-23,973,327079
KROGER-1113,2025-06-24,1077,328156
KROGER-1113,2025-06-25,1067,329223
KROGER-1113,2025-06-26,1086,330309
KROGER-1113,2025-06-27,1051,331360
KROGER-1113,2025-06-28,1055,332415
KROGER-1113,2025-06-29,1197,333612
KROGER-1113,2025-06-30,1039,334651
KROGER-1113,2025-07-01,1064,335715
KROGER-1113,2025-07-02,963,336678
KROGER-1113,2025-07-03,954,337632
KROGER-1113,2025-07-04,977,338609
KROGER-1113,2025-07-05,1002,339611
KROGER-1113,2025-07-06,907,340518
KROGER-1113,2025-07-07,992,341510
KROGER-1113,2025-07-08,1172,342682
KROGER-1113,2025-07-09,1009,343691
KROGER-1113,2025-07-10,939,344630
KROGER-1113,2025-07-11,1104,345734
KROGER-1113,2025-07-12,1086,346820
KROGER-1113,2025-07-13,1064,347884
KROGER-1113,2025-07-14,944,348828
KROGER-1113,2025-07-15,1045,349873
KROGER-1113,2025-07-16,1047,350920
KROGER-1113,2025-07-17,1070,351990
KROGER-1113,2025-07-18,1051,353041
KROGER-1113,2025-07-19,1014,354055
KROGER-1113,2025-07-20,998,355053
KROGER-1113,2025-07-21,928,355981
KROGER-1113,2025-07-22,942,356923
KROGER-1113,2025-07-23,908,357831
KROGER-1113,2025-07-24,1062,358893
KROGER-1113,2025-07-25,1116,360009
KROGER-1113,2025-07-26,1100,361109
KROGER-1113,2025-07-27,975,362084
KROGER-1113,2025-07-28,1005,363089
KROGER-1113,2025-07-29,1115,364204
KROGER-1113,2025-07-30,1016,365220
KROGER-1113,2025-07-31,978,366198
KROGER-1113,2025-08-01,918,367116
KROGER-1113,2025-08-02,1060,368176
KROGER-1113,2025-08-03,1035,369211
KROGER-1113,2025-08-04,1037,370248
KROGER-1113,2025-08-05,1084,371332
KROGER-1113,2025-08-06,1021,372353
KROGER-1113,2025-08-07,1060,373413
KROGER-1113,2025-08-08,1084,374497
KROGER-1113,2025-08-09,989,375486
KROGER-1113,2025-08-10,1262,376748
KROGER-1113,2025-08-11,983,377731
KROGER-1113,2025-08-12,1088,378819
KROGER-1113,2025-08-13,950,379769
KROGER-1113,2025-08-14,1054,380823
KROGER-1113,2025-08-15,1057,381880
KROGER-1113,2025-08-16,1242,383122
KROGER-1113,2025-08-17,1076,384198
KROGER-1113,2025-08-18,1153,385351
KROGER-1113,2025-08-19,1069,386420
KROGER-1113,2025-08-20,1199,387619
KROGER-1113,2025-08-21,896,388515
KROGER-1113,2025-08-22,1085,389600
KROGER-1113,2025-08-23,862,390462
KROGER-1113,2025-08-24,1092,391554
KROGER-1113,2025-08-25,1130,392684
KROGER-1113,2025-08-26,1165,393849
KROGER-1113,2025-08-27,1106,394955
KROGER-1113,2025-08-28,1020,395975
KROGER-1113,2025-08-29,1090,397065
KROGER-1113,2025-08-30,1318,398383
KROGER-1113,2025-08-31,1103,399486
KROGER-1114,2024-09-01,357,357
KROGER-1114,2024-09-02,305,662
KROGER-1114,2024-09-03,343,1005
KROGER-1114,2024-09-04,339,1344
KROGER-1114,2024-09-05,300,1644
KROGER-1114,2024-09-06,335,1979
KROGER-1114,2024-09-07,354,2333
KROGER-1114,2024-09-08,351,2684
KROGER-1114,2024-09-09,315,2999
KROGER-1114,2024-09-10,347,3346
KROGER-1114,2024-09-11,292,3638
KROGER-1114,2024-09-12,316,3954
KROGER-1114,2024-09-13,319,4273
KROGER-1114,2024-09-14,363,4636
KROGER-1114,2024-09-15,306,4942
KROGER-1114,2024-09-16,322,5264
KROGER-1114,2024-09-17,303,5567
KROGER-1114,2024-09-18,319,5886
KROGER-1114,2024-09-19,326,6212
KROGER-1114,2024-09-20,283,6495
KROGER-1114,2024-09-21,365,6860
KROGER-1114,2024-09-22,343,7203
KROGER-1114,2024-09-23,294,7497
KROGER-1114,2024-09-24,307,7804
KROGER-1114,2024-09-25,354,8158
KROGER-1114,2024-09-26,326,8484
KROGER-1114,2024-09-27,291,8775
KROGER-1114,2024-09-28,311,9086
KROGER-1114,2024-09-29,348,9434
KROGER-1114,2024-09-30,335,9769
KROGER-1114,2024-10-01,325,10094
KROGER-1114,2024-10-02,308,10402
KROGER-1114,2024-10-03,336,10738
KROGER-1114,2024-10-04,308,11046
KROGER-1114,2024-10-05,309,11355
KROGER-1114,2024-10-06,374,11729
KROGER-1114,2024-10-07,328,12057
KROGER-1114,2024-10-08,296,12353
KROGER-1114,2024-10-09,319,12672
KROGER-1114,2024-10-10,317,12989
KROGER-1114,2024-10-11,307,13296
KROGER-1114,2024-10-12,338,13634
KROGER-1114,2024-10-13,307,13941
KROGER-1114,2024-10-14,338,14279
KROGER-1114,2024-10-15,316,14595
KROGER-1114,2024-10-16,275,14870
KROGER-1114,2024-10-17,310,15180
KROGER-1114,2024-10-18,300,15480
KROGER-1114,2024-10-19,252,15732
KROGER-1114,2024-10-20,327,16059
KROGER-1114,2024-10-21,342,16401
KROGER-1114,2024-10-22,313,16714
KROGER-1114,2024-10-23,334,17048
KROGER-1114,2024-10-24,316,17364
KROGER-1114,2024-10-25,304,17668
KROGER-1114,2024-10-26,312,17980
KROGER-1114,2024-10-27,298,18278
KROGER-1114,2024-10-28,339,18617
KROGER-1114,2024-10-29,334,18951
KROGER-1114,2024-10-30,309,19260
KROGER-1114,2024-10-31,265,19525
KROGER-1114,2024-11-01,393,19918
KROGER-1114,2024-11-02,369,20287
KROGER-1114,2024-11-03,403,20690
KROGER-1114,2024-11-04,332,21022
KROGER-1114,2024-11-05,382,21404
KROGER-1114,2024-11-06,375,21779
KROGER-1114,2024-11-07,306,22085
KROGER-1114,2024-11-08,428,22513
KROGER-1114,2024-11-09,388,22901
KROGER-1114,2024-11-10,390,23291
KROGER-1114,2024-11-11,395,23686
KROGER-1114,2024-11-12,378,24064
KROGER-1114,2024-11-13,390,24454
KROGER-1114,2024-11-14,344,24798
KROGER-1114,2024-11-15,375,25173
KROGER-1114,2024-11-16,337,25510
KROGER-1114,2024-11-17,390,25900
KROGER-1114,2024-11-18,423,26323
KROGER-1114,2024-11-19,333,26656
KROGER-1114,2024-11-20,368,27024
KROGER-1114,2024-11-21,315,27339
KROGER-1114,2024-11-22,379,27718
KROGER-1114,2024-11-23,413,28131
KROGER-1114,2024-11-24,410,28541
KROGER-1114,2024-11-25,361,28902
KROGER-1114,2024-11-26,314,29216
KROGER-1114,2024-11-27,341,29557
KROGER-1114,2024-11-28,417,29974
KROGER-1114,2024-11-29,406,30380
KROGER-1114,2024-11-30,395,30775
KROGER-1114,2024-12-01,403,31178
KROGER-1114,2024-12-02,348,31526
KROGER-1114,2024-12-03,418,31944
KROGER-1114,2024-12-04,357,32301
KROGER-1114,2024-12-05,392,32693
KROGER-1114,2024-12-06,339,33032
KROGER-1114,2024-12-07,392,33424
KROGER-1114,2024-12-08,438,33862
KROGER-1114,2024-12-09,350,34212
KROGER-1114,2024-12-10,402,34614
KROGER-1114,2024-12-11,346,34960
KROGER-1114,2024-12-12,352,35312
KROGER-1114,2024-12-13,379,35691
KROGER-1114,2024-12-14,429,36120
KROGER-1114,2024-12-15,389,36509
KROGER-1114,2024-12-16,398,36907
KROGER-1114,2024-12-17,414,37321
KROGER-1114,2024-12-18,356,37677
KROGER-1114,2024-12-19,333,38010
KROGER-1114,2024-12-20,368,38378
KROGER-1114,2024-12-21,439,38817
KROGER-1114,2024-12-22,372,39189
KROGER-1114,2024-12-23,410,39599
KROGER-1114,2024-12-24,371,39970
KROGER-1114,2024-12-25,432,40402
KROGER-1114,2024-12-26,447,40849
KROGER-1114,2024-12-27,410,41259
KROGER-1114,2024-12-28,346,41605
KROGER-1114,2024-12-29,321,41926
KROGER-1114,2024-12-30,381,42307
KROGER-1114,2024-12-31,407,42714
KROGER-1114,2025-01-01,328,43042
KROGER-1114,2025-01-02,298,43340
KROGER-1114,2025-01-03,278,43618
KROGER-1114,2025-01-04,356,43974
KROGER-1114,2025-01-05,381,44355
KROGER-1114,2025-01-06,299,44654
KROGER-1114,2025-01-07,337,44991
KROGER-1114,2025-01-08,382,45373
KROGER-1114,2025-01-09,311,45684
KROGER-1114,2025-01-10,312,45996
KROGER-1114,2025-01-11,347,46343
KROGER-1114,2025-01-12,324,46667
KROGER-1114,2025-01-13,350,47017
KROGER-1114,2025-01-14,306,47323
KROGER-1114,2025-01-15,315,47638
KROGER-1114,2025-01-16,279,47917
KROGER-1114,2025-01-17,310,48227
KROGER-1114,2025-01-18,305,48532
KROGER-1114,2025-01-19,341,48873
KROGER-1114,2025-01-20,274,49147
KROGER-1114,2025-01-21,341,49488
KROGER-1114,2025-01-22,294,49782
KROGER-1114,2025-01-23,361,50143
KROGER-1114,2025-01-24,351,50494
KROGER-1114,2025-01-25,346,50840
KROGER-1114,2025-01-26,291,51131
KROGER-1114,2025-01-27,300,51431
KROGER-1114,2025-01-28,293,51724
KROGER-1114,2025-01-29,296,52020
KROGER-1114,2025-01-30,356,52376
KROGER-1114,2025-01-31,312,52688
KROGER-1114,2025-02-01,314,53002
KROGER-1114,2025-02-02,312,53314
KROGER-1114,2025-02-03,302,53616
KROGER-1114,2025-02-04,329,53945
KROGER-1114,2025-02-05,275,54220
KROGER-1114,2025-02-06,318,54538
KROGER-1114,2025-02-07,327,54865
KROGER-1114,2025-02-08,286,55151
KROGER-1114,2025-02-09,294,55445
KROGER-1114,2025-02-10,315,55760
KROGER-1114,2025-02-11,352,56112
KROGER-1114,2025-02-12,346,56458
KROGER-1114,2025-02-13,300,56758
KROGER-1114,2025-02-14,351,57109
KROGER-1114,2025-02-15,323,57432
KROGER-1114,2025-02-16,323,57755
KROGER-1114,2025-02-17,318,58073
KROGER-1114,2025-02-18,337,58410
KROGER-1114,2025-02-19,300,58710
KROGER-1114,2025-02-20,306,59016
KROGER-1114,2025-02-21,284,59300
KROGER-1114,2025-02-22,341,59641
KROGER-1114,2025-02-23,356,59997
KROGER-1114,2025-02-24,341,60338
KROGER-1114,2025-02-25,281,60619
KROGER-1114,2025-02-26,306,60925
KROGER-1114,2025-02-27,347,61272
KROGER-1114,2025-02-28,322,61594
KROGER-1114,2025-03-01,333,61927
KROGER-1114,2025-03-02,332,62259
KROGER-1114,2025-03-03,330,62589
KROGER-1114,2025-03-04,323,62912
KROGER-1114,2025-03-05,301,63213
KROGER-1114,2025-03-06,338,63551
KROGER-1114,2025-03-07,285,63836
KROGER-1114,2025-03-08,367,64203
KROGER-1114,2025-03-09,308,64511
KROGER-1114,2025-03-10,330,64841
KROGER-1114,2025-03-11,312,65153
KROGER-1114,2025-03-12,304,65457
KROGER-1114,2025-03-13,350,65807
KROGER-1114,2025-03-14,335,66142
KROGER-1114,2025-03-15,330,66472
KROGER-1114,2025-03-16,378,66850
KROGER-1114,2025-03-17,341,67191
KROGER-1114,2025-03-18,295,67486
KROGER-1114,2025-03-19,259,67745
KROGER-1114,2025-03-20,319,68064
KROGER-1114,2025-03-21,351,68415
KROGER-1114,2025-03-22,348,68763
KROGER-1114,2025-03-23,373,69136
KROGER-1114,2025-03-24,301,69437
KROGER-1114,2025-03-25,313,69750
KROGER-1114,2025-03-26,313,70063
KROGER-1114,2025-03-27,322,70385
KROGER-1114,2025-03-28,335,70720
KROGER-1114,2025-03-29,375,71095
KROGER-1114,2025-03-30,381,71476
KROGER-1114,2025-03-31,358,71834
KROGER-1114,2025-04-01,333,72167
KROGER-1114,2025-04-02,307,72474
KROGER-1114,2025-04-03,322,72796
KROGER-1114,2025-04-04,332,73128
KROGER-1114,2025-04-05,335,73463
KROGER-1114,2025-04-06,307,73770
KROGER-1114,2025-04-07,304,74074
KROGER-1114,2025-04-08,338,74412
KROGER-1114,2025-04-09,310,74722
KROGER-1114,2025-04-10,316,75038
KROGER-1114,2025-04-11,314,75352
KROGER-1114,2025-04-12,308,75660
KROGER-1114,2025-04-13,327,75987
KROGER-1114,2025-04-14,304,76291
KROGER-1114,2025-04-15,298,76589
KROGER-1114,2025-04-16,289,76878
KROGER-1114,2025-04-17,313,77191
KROGER-1114,2025-04-18,331,77522
KROGER-1114,2025-04-19,361,77883
KROGER-1114,2025-04-20,295,78178
KROGER-1114,2025-04-21,356,78534
KROGER-1114,2025-04-22,323,78857
KROGER-1114,2025-04-23,287,79144
KROGER-1114,2025-04-24,306,79450
KROGER-1114,2025-04-25,268,79718
KROGER-1114,2025-04-26,289,80007
KROGER-1114,2025-04-27,377,80384
KROGER-1114,2025-04-28,298,80682
KROGER-1114,2025-04-29,329,81011
KROGER-1114,2025-04-30,313,81324
KROGER-1114,2025-05-01,316,81640
KROGER-1114,2025-05-02,325,81965
KROGER-1114,2025-05-03,276,82241
KROGER-1114,2025-05-04,367,82608
KROGER-1114,2025-05-05,313,82921
KROGER-1114,2025-05-06,303,83224
KROGER-1114,2025-05-07,328,83552
KROGER-1114,2025-05-08,298,83850
KROGER-1114,2025-05-09,321,84171
KROGER-1114,2025-05-10,327,84498
KROGER-1114,2025-05-11,351,84849
KROGER-1114,2025-05-12,310,85159
KROGER-1114,2025-05-13,290,85449
KROGER-1114,2025-05-14,325,85774
KROGER-1114,2025-05-15,309,86083
KROGER-1114,2025-05-16,270,86353
KROGER-1114,2025-05-17,337,86690
KROGER-1114,2025-05-18,317,87007
KROGER-1114,2025-05-19,325,87332
KROGER-1114,2025-05-20,294,87626
KROGER-1114,2025-05-21,285,87911
KROGER-1114,2025-05-22,346,88257
KROGER-1114,2025-05-23,337,88594
KROGER-1114,2025-05-24,331,88925
KROGER-1114,2025-05-25,343,89268
KROGER-1114,2025-05-26,336,89604
KROGER-1114,2025-05-27,316,89920
KROGER-1114,2025-05-28,285,90205
KROGER-1114,2025-05-29,323,90528
KROGER-1114,2025-05-30,341,90869
KROGER-1114,2025-05-31,347,91216
KROGER-1114,2025-06-01,333,91549
KROGER-1114,2025-06-02,330,91879
KROGER-1114,2025-06-03,310,92189
KROGER-1114,2025-06-04,342,92531
KROGER-1114,2025-06-05,350,92881
KROGER-1114,2025-06-06,283,93164
KROGER-1114,2025-06-07,361,93525
KROGER-1114,2025-06-08,391,93916
KROGER-1114,2025-06-09,329,94245
KROGER-1114,2025-06-10,341,94586
KROGER-1114,2025-06-11,299,94885
KROGER-1114,2025-06-12,303,95188
KROGER-1114,2025-06-13,311,95499
KROGER-1114,2025-06-14,321,95820
KROGER-1114,2025-06-15,297,96117
KROGER-1114,2025-06-16,311,96428
KROGER-1114,2025-06-17,337,96765
KROGER-1114,2025-06-18,283,97048
KROGER-1114,2025-06-19,320,97368
KROGER-1114,2025-06-20,320,97688
KROGER-1114,2025-06-21,324,98012
KROGER-1114,2025-06-22,345,98357
KROGER-1114,2025-06-23,326,98683
KROGER-1114,2025-06-24,306,98989
KROGER-1114,2025-06-25,343,99332
KROGER-1114,2025-06-26,330,99662
KROGER-1114,2025-06-27,356,100018
KROGER-1114,2025-06-28,330,100348
KROGER-1114,2025-06-29,323,100671
KROGER-1114,2025-06-30,311,100982
KROGER-1114,2025-07-01,346,101328
KROGER-1114,2025-07-02,312,101640
KROGER-1114,2025-07-03,314,101954
KROGER-1114,2025-07-04,365,102319
KROGER-1114,2025-07-05,296,102615
KROGER-1114,2025-07-06,341,102956
KROGER-1114,2025-07-07,314,103270
KROGER-1114,2025-07-08,309,103579
KROGER-1114,2025-07-09,292,103871
KROGER-1114,2025-07-10,299,104170
KROGER-1114,2025-07-11,305,104475
KROGER-1114,2025-07-12,345,104820
KROGER-1114,2025-07-13,354,105174
KROGER-1114,2025-07-14,271,105445
KROGER-1114,2025-07-15,285,105730
KROGER-1114,2025-07-16,330,106060
KROGER-1114,2025-07-17,332,106392
KROGER-1114,2025-07-18,279,106671
KROGER-1114,2025-07-19,355,107026
KROGER-1114,2025-07-20,331,107357
KROGER-1114,2025-07-21,335,107692
KROGER-1114,2025-07-22,294,107986
KROGER-1114,2025-07-23,281,108267
KROGER-1114,2025-07-24,308,108575
KROGER-1114,2025-07-25,309,108884
KROGER-1114,2025-07-26,323,109207
KROGER-1114,2025-07-27,321,109528
KROGER-1114,2025-07-28,359,109887
KROGER-1114,2025-07-29,273,110160
KROGER-1114,2025-07-30,294,110454
KROGER-1114,2025-07-31,305,110759
KROGER-1114,2025-08-01,316,111075
KROGER-1114,2025-08-02,351,111426
KROGER-1114,2025-08-03,355,111781
KROGER-1114,2025-08-04,343,112124
KROGER-1114,2025-08-05,328,112452
KROGER-1114,2025-08-06,272,112724
KROGER-1114,2025-08-07,274,112998
KROGER-1114,2025-08-08,345,113343
KROGER-1114,2025-08-09,360,113703
KROGER-1114,2025-08-10,349,114052
KROGER-1114,2025-08-11,295,114347
KROGER-1114,2025-08-12,308,114655
KROGER-1114,2025-08-13,306,114961
KROGER-1114,2025-08-14,290,115251
KROGER-1114,2025-08-15,322,115573
KROGER-1114,2025-08-16,389,115962
KROGER-1114,2025-08-17,318,116280
KROGER-1114,2025-08-18,349,116629
KROGER-1114,2025-08-19,293,116922
KROGER-1114,2025-08-20,277,117199
KROGER-1114,2025-08-21,341,117540
KROGER-1114,2025-08-22,310,117850
KROGER-1114,2025-08-23,365,118215
KROGER-1114,2025-08-24,371,118586
KROGER-1114,2025-08-25,309,118895
KROGER-1114,2025-08-26,350,119245
KROGER-1114,2025-08-27,294,119539
KROGER-1114,2025-08-28,293,119832
KROGER-1114,2025-08-29,343,120175
KROGER-1114,2025-08-30,291,120466
KROGER-1114,2025-08-31,332,120798
KROGER-1115,2024-09-01,844,844
KROGER-1115,2024-09-02,807,1651
KROGER-1115,2024-09-03,705,2356
KROGER-1115,2024-09-04,789,3145
KROGER-1115,2024-09-05,665,3810
KROGER-1115,2024-09-06,691,4501
KROGER-1115,2024-09-07,781,5282
KROGER-1115,2024-09-08,790,6072
KROGER-1115,2024-09-09,669,6741
KROGER-1115,2024-09-10,839,7580
KROGER-1115,2024-09-11,621,8201
KROGER-1115,2024-09-12,733,8934
KROGER-1115,2024-09-13,742,9676
KROGER-1115,2024-09-14,660,10336
KROGER-1115,2024-09-15,848,11184
KROGER-1115,2024-09-16,687,11871
KROGER-1115,2024-09-17,736,12607
KROGER-1115,2024-09-18,749,13356
KROGER-1115,2024-09-19,645,14001
KROGER-1115,2024-09-20,668,14669
KROGER-1115,2024-09-21,863,15532
KROGER-1115,2024-09-22,763,16295
KROGER-1115,2024-09-23,573,16868
KROGER-1115,2024-09-24,713,17581
KROGER-1115,2024-09-25,728,18309
KROGER-1115,2024-09-26,743,19052
KROGER-1115,2024-09-27,613,19665
KROGER-1115,2024-09-28,765,20430
KROGER-1115,2024-09-29,716,21146
KROGER-1115,2024-09-30,743,21889
KROGER-1115,2024-10-01,760,22649
KROGER-1115,2024-10-02,754,23403
KROGER-1115,2024-10-03,812,24215
KROGER-1115,2024-10-04,858,25073
KROGER-1115,2024-10-05,697,25770
KROGER-1115,2024-10-06,743,26513
KROGER-1115,2024-10-07,774,27287
KROGER-1115,2024-10-08,723,28010
KROGER-1115,2024-10-09,571,28581
KROGER-1115,2024-10-10,719,29300
KROGER-1115,2024-10-11,802,30102
KROGER-1115,2024-10-12,681,30783
KROGER-1115,2024-10-13,780,31563
KROGER-1115,2024-10-14,619,32182
KROGER-1115,2024-10-15,781,32963
KROGER-1115,2024-10-16,744,33707
KROGER-1115,2024-10-17,697,34404
KROGER-1115,2024-10-18,706,35110
KROGER-1115,2024-10-19,675,35785
KROGER-1115,2024-10-20,829,36614
KROGER-1115,2024-10-21,684,37298
KROGER-1115,2024-10-22,760,38058
KROGER-1115,2024-10-23,674,38732
KROGER-1115,2024-10-24,859,39591
KROGER-1115,2024-10-25,821,40412
KROGER-1115,2024-10-26,894,41306
KROGER-1115,2024-10-27,901,42207
KROGER-1115,2024-10-28,693,42900
KROGER-1115,2024-10-29,679,43579
KROGER-1115,2024-10-30,849,44428
KROGER-1115,2024-10-31,722,45150
KROGER-1115,2024-11-01,935,46085
KROGER-1115,2024-11-02,875,46960
KROGER-1115,2024-11-03,876,47836
KROGER-1115,2024-11-04,935,48771
KROGER-1115,2024-11-05,738,49509
KROGER-1115,2024-11-06,931,50440
KROGER-1115,2024-11-07,913,51353
KROGER-1115,2024-11-08,839,52192
KROGER-1115,2024-11-09,922,53114
KROGER-1115,2024-11-10,934,54048
KROGER-1115,2024-11-11,893,54941
KROGER-1115,2024-11-12,925,55866
KROGER-1115,2024-11-13,819,56685
KROGER-1115,2024-11-14,1066,57751
KROGER-1115,2024-11-15,862,58613
KROGER-1115,2024-11-16,911,59524
KROGER-1115,2024-11-17,1064,60588
KROGER-1115,2024-11-18,748,61336
KROGER-1115,2024-11-19,1012,62348
KROGER-1115,2024-11-20,883,63231
KROGER-1115,2024-11-21,839,64070
KROGER-1115,2024-11-22,798,64868
KROGER-1115,2024-11-23,827,65695
KROGER-1115,2024-11-24,895,66590
KROGER-1115,2024-11-25,896,67486
KROGER-1115,2024-11-26,920,68406
KROGER-1115,2024-11-27,895,69301
KROGER-1115,2024-11-28,841,70142
KROGER-1115,2024-11-29,970,71112
KROGER-1115,2024-11-30,1117,72229
KROGER-1115,2024-12-01,1030,73259
KROGER-1115,2024-12-02,851,74110
KROGER-1115,2024-12-03,912,75022
KROGER-1115,2024-12-04,916,75938
KROGER-1115,2024-12-05,989,76927
KROGER-1115,2024-12-06,853,77780
KROGER-1115,2024-12-07,849,78629
KROGER-1115,2024-12-08,1004,79633
KROGER-1115,2024-12-09,905,80538
KROGER-1115,2024-12-10,799,81337
KROGER-1115,2024-12-11,926,82263
KROGER-1115,2024-12-12,1005,83268
KROGER-1115,2024-12-13,828,84096
KROGER-1115,2024-12-14,855,84951
KROGER-1115,2024-12-15,922,85873
KROGER-1115,2024-12-16,924,86797
KROGER-1115,2024-12-17,871,87668
KROGER-1115,2024-12-18,956,88624
KROGER-1115,2024-12-19,895,89519
KROGER-1115,2024-12-20,947,90466
KROGER-1115,2024-12-21,867,91333
KROGER-1115,2024-12-22,830,92163
KROGER-1115,2024-12-23,853,93016
KROGER-1115,2024-12-24,782,93798
KROGER-1115,2024-12-25,905,94703
KROGER-1115,2024-12-26,735,95438
KROGER-1115,2024-12-27,845,96283
KROGER-1115,2024-12-28,899,97182
KROGER-1115,2024-12-29,843,98025
KROGER-1115,2024-12-30,855,98880
KROGER-1115,2024-12-31,877,99757
KROGER-1115,2025-01-01,804,100561
KROGER-1115,2025-01-02,669,101230
KROGER-1115,2025-01-03,751,101981
KROGER-1115,2025-01-04,801,102782
KROGER-1115,2025-01-05,766,103548
KROGER-1115,2025-01-06,701,104249
KROGER-1115,2025-01-07,664,104913
KROGER-1115,2025-01-08,841,105754
KROGER-1115,2025-01-09,735,106489
KROGER-1115,2025-01-10,712,107201
KROGER-1115,2025-01-11,897,108098
KROGER-1115,2025-01-12,780,108878
KROGER-1115,2025-01-13,879,109757
KROGER-1115,2025-01-14,647,110404
KROGER-1115,2025-01-15,716,111120
KROGER-1115,2025-01-16,650,111770
KROGER-1115,2025-01-17,723,112493
KROGER-1115,2025-01-18,759,113252
KROGER-1115,2025-01-19,739,113991
KROGER-1115,2025-01-20,733,114724
KROGER-1115,2025-01-21,706,115430
KROGER-1115,2025-01-22,724,116154
KROGER-1115,2025-01-23,686,116840
KROGER-1115,2025-01-24,815,117655
KROGER-1115,2025-01-25,699,118354
KROGER-1115,2025-01-26,780,119134
KROGER-1115,2025-01-27,661,119795
KROGER-1115,2025-01-28,681,120476
KROGER-1115,2025-01-29,688,121164
KROGER-1115,2025-01-30,723,121887
KROGER-1115,2025-01-31,741,122628
KROGER-1115,2025-02-01,699,123327
KROGER-1115,2025-02-02,741,124068
KROGER-1115,2025-02-03,672,124740
KROGER-1115,2025-02-04,670,125410
KROGER-1115,2025-02-05,797,126207
KROGER-1115,2025-02-06,649,126856
KROGER-1115,2025-02-07,735,127591
KROGER-1115,2025-02-08,871,128462
KROGER-1115,2025-02-09,841,129303
KROGER-1115,2025-02-10,755,130058
KROGER-1115,2025-02-11,729,130787
KROGER-1115,2025-02-12,773,131560
KROGER-1115,2025-02-13,752,132312
KROGER-1115,2025-02-14,813,133125
KROGER-1115,2025-02-15,759,133884
KROGER-1115,2025-02-16,828,134712
KROGER-1115,2025-02-17,711,135423
KROGER-1115,2025-02-18,841,136264
KROGER-1115,2025-02-19,721,136985
KROGER-1115,2025-02-20,636,137621
KROGER-1115,2025-02-21,735,138356
KROGER-1115,2025-02-22,814,139170
KROGER-1115,2025-02-23,867,140037
KROGER-1115,2025-02-24,672,140709
KROGER-1115,2025-02-25,628,141337
KROGER-1115,2025-02-26,759,142096
KROGER-1115,2025-02-27,757,142853
KROGER-1115,2025-02-28,648,143501
KROGER-1115,2025-03-01,747,144248
KROGER-1115,2025-03-02,749,144997
KROGER-1115,2025-03-03,778,145775
KROGER-1115,2025-03-04,706,146481
KROGER-1115,2025-03-05,705,147186
KROGER-1115,2025-03-06,737,147923
KROGER-1115,2025-03-07,650,148573
KROGER-1115,2025-03-08,883,149456
KROGER-1115,2025-03-09,824,150280
KROGER-1115,2025-03-10,689,150969
KROGER-1115,2025-03-11,665,151634
KROGER-1115,2025-03-12,669,152303
KROGER-1115,2025-03-13,765,153068
KROGER-1115,2025-03-14,671,153739
KROGER-1115,2025-03-15,752,154491
KROGER-1115,2025-03-16,663,155154
KROGER-1115,2025-03-17,762,155916
KROGER-1115,2025-03-18,764,156680
KROGER-1115,2025-03-19,719,157399
KROGER-1115,2025-03-20,742,158141
KROGER-1115,2025-03-21,777,158918
KROGER-1115,2025-03-22,777,159695
KROGER-1115,2025-03-23,815,160510
KROGER-1115,2025-03-24,662,161172
KROGER-1115,2025-03-25,752,161924
KROGER-1115,2025-03-26,742,162666
KROGER-1115,2025-03-27,801,163467
KROGER-1115,2025-03-28,732,164199
KROGER-1115,2025-03-29,761,164960
KROGER-1115,2025-03-30,733,165693
KROGER-1115,2025-03-31,817,166510
KROGER-1115,2025-04-01,593,167103
KROGER-1115,2025-04-02,760,167863
KROGER-1115,2025-04-03,729,168592
KROGER-1115,2025-04-04,720,169312
KROGER-1115,2025-04-05,747,170059
KROGER-1115,2025-04-06,763,170822
KROGER-1115,2025-04-07,758,171580
KROGER-1115,2025-04-08,684,172264
KROGER-1115,2025-04-09,738,173002
KROGER-1115,2025-04-10,751,173753
KROGER-1115,2025-04-11,675,174428
KROGER-1115,2025-04-12,798,175226
KROGER-1115,2025-04-13,789,176015
KROGER-1115,2025-04-14,684,176699
KROGER-1115,2025-04-15,661,177360
KROGER-1115,2025-04-16,683,178043
KROGER-1115,2025-04-17,738,178781
KROGER-1115,2025-04-18,726,179507
KROGER-1115,2025-04-19,852,180359
KROGER-1115,2025-04-20,744,181103
KROGER-1115,2025-04-21,678,181781
KROGER-1115,2025-04-22,769,182550
KROGER-1115,2025-04-23,673,183223
KROGER-1115,2025-04-24,684,183907
KROGER-1115,2025-04-25,685,184592
KROGER-1115,2025-04-26,583,185175
KROGER-1115,2025-04-27,802,185977
KROGER-1115,2025-04-28,785,186762
KROGER-1115,2025-04-29,784,187546
KROGER-1115,2025-04-30,840,188386
KROGER-1115,2025-05-01,818,189204
KROGER-1115,2025-05-02,711,189915
KROGER-1115,2025-05-03,835,190750
KROGER-1115,2025-05-04,761,191511
KROGER-1115,2025-05-05,705,192216
KROGER-1115,2025-05-06,809,193025
KROGER-1115,2025-05-07,780,193805
KROGER-1115,2025-05-08,665,194470
KROGER-1115,2025-05-09,709,195179
KROGER-1115,2025-05-10,753,195932
KROGER-1115,2025-05-11,752,196684
KROGER-1115,2025-05-12,721,197405
KROGER-1115,2025-05-13,700,198105
KROGER-1115,2025-05-14,674,198779
KROGER-1115,2025-05-15,855,199634
KROGER-1115,2025-05-16,741,200375
KROGER-1115,2025-05-17,754,201129
KROGER-1115,2025-05-18,813,201942
KROGER-1115,2025-05-19,639,202581
KROGER-1115,2025-05-20,762,203343
KROGER-1115,2025-05-21,645,203988
KROGER-1115,2025-05-22,751,204739
KROGER-1115,2025-05-23,680,205419
KROGER-1115,2025-05-24,810,206229
KROGER-1115,2025-05-25,930,207159
KROGER-1115,2025-05-26,739,207898
KROGER-1115,2025-05-27,643,208541
KROGER-1115,2025-05-28,692,209233
KROGER-1115,2025-05-29,750,209983
KROGER-1115,2025-05-30,804,210787
KROGER-1115,2025-05-31,698,211485
KROGER-1115,2025-06-01,882,212367
KROGER-1115,2025-06-02,767,213134
KROGER-1115,2025-06-03,730,213864
KROGER-1115,2025-06-04,781,214645
KROGER-1115,2025-06-05,656,215301
KROGER-1115,2025-06-06,677,215978
KROGER-1115,2025-06-07,682,216660
KROGER-1115,2025-06-08,904,217564
KROGER-1115,2025-06-09,731,218295
KROGER-1115,2025-06-10,741,219036
KROGER-1115,2025-06-11,796,219832
KROGER-1115,2025-06-12,647,220479
KROGER-1115,2025-06-13,683,221162
KROGER-1115,2025-06-14,789,221951
KROGER-1115,2025-06-15,870,222821
KROGER-1115,2025-06-16,782,223603
KROGER-1115,2025-06-17,751,224354
KROGER-1115,2025-06-18,745,225099
KROGER-1115,2025-06-19,796,225895
KROGER-1115,2025-06-20,674,226569
KROGER-1115,2025-06-21,785,227354
KROGER-1115,2025-06-22,796,228150
KROGER-1115,2025-06-23,715,228865
KROGER-1115,2025-06-24,723,229588
KROGER-1115,2025-06-25,636,230224
KROGER-1115,2025-06-26,698,230922
KROGER-1115,2025-06-27,592,231514
KROGER-1115,2025-06-28,808,232322
KROGER-1115,2025-06-29,774,233096
KROGER-1115,2025-06-30,722,233818
KROGER-1115,2025-07-01,745,234563
KROGER-1115,2025-07-02,748,235311
KROGER-1115,2025-07-03,710,236021
KROGER-1115,2025-07-04,649,236670
KROGER-1115,2025-07-05,797,237467
KROGER-1115,2025-07-06,706,238173
KROGER-1115,2025-07-07,751,238924
KROGER-1115,2025-07-08,807,239731
KROGER-1115,2025-07-09,834,240565
KROGER-1115,2025-07-10,752,241317
KROGER-1115,2025-07-11,712,242029
KROGER-1115,2025-07-12,738,242767
KROGER-1115,2025-07-13,788,243555
KROGER-1115,2025-07-14,617,244172
KROGER-1115,2025-07-15,683,244855
KROGER-1115,2025-07-16,686,245541
KROGER-1115,2025-07-17,754,246295
KROGER-1115,2025-07-18,727,247022
KROGER-1115,2025-07-19,776,247798
KROGER-1115,2025-07-20,759,248557
KROGER-1115,2025-07-21,717,249274
KROGER-1115,2025-07-22,748,250022
KROGER-1115,2025-07-23,771,250793
KROGER-1115,2025-07-24,793,251586
KROGER-1115,2025-07-25,729,252315
KROGER-1115,2025-07-26,831,253146
KROGER-1115,2025-07-27,864,254010
KROGER-1115,2025-07-28,695,254705
KROGER-1115,2025-07-29,777,255482
KROGER-1115,2025-07-30,697,256179
KROGER-1115,2025-07-31,802,256981
KROGER-1115,2025-08-01,741,257722
KROGER-1115,2025-08-02,743,258465
KROGER-1115,2025-08-03,711,259176
KROGER-1115,2025-08-04,697,259873
KROGER-1115,2025-08-05,721,260594
KROGER-1115,2025-08-06,796,261390
KROGER-1115,2025-08-07,713,262103
KROGER-1115,2025-08-08,704,262807
KROGER-1115,2025-08-09,876,263683
KROGER-1115,2025-08-10,742,264425
KROGER-1115,2025-08-11,663,265088
KROGER-1115,2025-08-12,650,265738
KROGER-1115,2025-08-13,687,266425
KROGER-1115,2025-08-14,730,267155
KROGER-1115,2025-08-15,732,267887
KROGER-1115,2025-08-16,729,268616
KROGER-1115,2025-08-17,672,269288
KROGER-1115,2025-08-18,678,269966
KROGER-1115,2025-08-19,653,270619
KROGER-1115,2025-08-20,555,271174
KROGER-1115,2025-08-21,595,271769
KROGER-1115,2025-08-22,748,272517
KROGER-1115,2025-08-23,748,273265
KROGER-1115,2025-08-24,803,274068
KROGER-1115,2025-08-25,691,274759
KROGER-1115,2025-08-26,695,275454
KROGER-1115,2025-08-27,680,276134
KROGER-1115,2025-08-28,678,276812
KROGER-1115,2025-08-29,686,277498
KROGER-1115,2025-08-30,873,278371
KROGER-1115,2025-08-31,760,279131
KROGER-1116,2024-09-01,333,333
KROGER-1116,2024-09-02,365,698
KROGER-1116,2024-09-03,338,1036
KROGER-1116,2024-09-04,368,1404
KROGER-1116,2024-09-05,353,1757
KROGER-1116,2024-09-06,343,2100
KROGER-1116,2024-09-07,365,2465
KROGER-1116,2024-09-08,367,2832
KROGER-1116,2024-09-09,304,3136
KROGER-1116,2024-09-10,342,3478
KROGER-1116,2024-09-11,347,3825
KROGER-1116,2024-09-12,350,4175
KROGER-1116,2024-09-13,326,4501
KROGER-1116,2024-09-14,390,4891
KROGER-1116,2024-09-15,363,5254
KROGER-1116,2024-09-16,328,5582
KROGER-1116,2024-09-17,350,5932
KROGER-1116,2024-09-18,367,6299
KROGER-1116,2024-09-19,319,6618
KROGER-1116,2024-09-20,316,6934
KROGER-1116,2024-09-21,379,7313
KROGER-1116,2024-09-22,384,7697
KROGER-1116,2024-09-23,336,8033
KROGER-1116,2024-09-24,334,8367
KROGER-1116,2024-09-25,363,8730
KROGER-1116,2024-09-26,317,9047
KROGER-1116,2024-09-27,274,9321
KROGER-1116,2024-09-28,359,9680
KROGER-1116,2024-09-29,359,10039
KROGER-1116,2024-09-30,364,10403
KROGER-1116,2024-10-01,361,10764
KROGER-1116,2024-10-02,384,11148
KROGER-1116,2024-10-03,346,11494
KROGER-1116,2024-10-04,399,11893
KROGER-1116,2024-10-05,389,12282
KROGER-1116,2024-10-06,359,12641
KROGER-1116,2024-10-07,368,13009
KROGER-1116,2024-10-08,315,13324
KROGER-1116,2024-10-09,332,13656
KROGER-1116,2024-10-10,335,13991
KROGER-1116,2024-10-11,334,14325
KROGER-1116,2024-10-12,380,14705
KROGER-1116,2024-10-13,388,15093
KROGER-1116,2024-10-14,360,15453
KROGER-1116,2024-10-15,322,15775
KROGER-1116,2024-10-16,358,16133
KROGER-1116,2024-10-17,372,16505
KROGER-1116,2024-10-18,359,16864
KROGER-1116,2024-10-19,316,17180
KROGER-1116,2024-10-20,328,17508
KROGER-1116,2024-10-21,354,17862
KROGER-1116,2024-10-22,371,18233
KROGER-1116,2024-10-23,313,18546
KROGER-1116,2024-10-24,339,18885
KROGER-1116,2024-10-25,340,19225
KROGER-1116,2024-10-26,327,19552
KROGER-1116,2024-10-27,364,19916
KROGER-1116,2024-10-28,350,20266
KROGER-1116,2024-10-29,344,20610
KROGER-1116,2024-10-30,366,20976
KROGER-1116,2024-10-31,338,21314
KROGER-1116,2024-11-01,430,21744
KROGER-1116,2024-11-02,442,22186
KROGER-1116,2024-11-03,450,22636
KROGER-1116,2024-11-04,392,23028
KROGER-1116,2024-11-05,424,23452
KROGER-1116,2024-11-06,445,23897
KROGER-1116,2024-11-07,438,24335
KROGER-1116,2024-11-08,447,24782
KROGER-1116,2024-11-09,434,25216
KROGER-1116,2024-11-10,482,25698
KROGER-1116,2024-11-11,398,26096
KROGER-1116,2024-11-12,399,26495
KROGER-1116,2024-11-13,464,26959
KROGER-1116,2024-11-14,422,27381
KROGER-1116,2024-11-15,437,27818
KROGER-1116,2024-11-16,369,28187
KROGER-1116,2024-11-17,440,28627
KROGER-1116,2024-11-18,416,29043
KROGER-1116,2024-11-19,426,29469
KROGER-1116,2024-11-20,425,29894
KROGER-1116,2024-11-21,396,30290
KROGER-1116,2024-11-22,487,30777
KROGER-1116,2024-11-23,400,31177
KROGER-1116,2024-11-24,419,31596
KROGER-1116,2024-11-25,438,32034
KROGER-1116,2024-11-26,374,32408
KROGER-1116,2024-11-27,405,32813
KROGER-1116,2024-11-28,433,33246
KROGER-1116,2024-11-29,392,33638
KROGER-1116,2024-11-30,405,34043
KROGER-1116,2024-12-01,443,34486
KROGER-1116,2024-12-02,413,34899
KROGER-1116,2024-12-03,387,35286
KROGER-1116,2024-12-04,412,35698
KROGER-1116,2024-12-05,407,36105
KROGER-1116,2024-12-06,440,36545
KROGER-1116,2024-12-07,395,36940
KROGER-1116,2024-12-08,399,37339
KROGER-1116,2024-12-09,399,37738
KROGER-1116,2024-12-10,399,38137
KROGER-1116,2024-12-11,438,38575
KROGER-1116,2024-12-12,412,38987
KROGER-1116,2024-12-13,429,39416
KROGER-1116,2024-12-14,477,39893
KROGER-1116,2024-12-15,400,40293
KROGER-1116,2024-12-16,454,40747
KROGER-1116,2024-12-17,408,41155
KROGER-1116,2024-12-18,332,41487
KROGER-1116,2024-12-19,415,41902
KROGER-1116,2024-12-20,362,42264
KROGER-1116,2024-12-21,382,42646
KROGER-1116,2024-12-22,393,43039
KROGER-1116,2024-12-23,405,43444
KROGER-1116,2024-12-24,366,43810
KROGER-1116,2024-12-25,448,44258
KROGER-1116,2024-12-26,444,44702
KROGER-1116,2024-12-27,492,45194
KROGER-1116,2024-12-28,425,45619
KROGER-1116,2024-12-29,411,46030
KROGER-1116,2024-12-30,414,46444
KROGER-1116,2024-12-31,435,46879
KROGER-1116,2025-01-01,374,47253
KROGER-1116,2025-01-02,323,47576
KROGER-1116,2025-01-03,367,47943
KROGER-1116,2025-01-04,385,48328
KROGER-1116,2025-01-05,441,48769
KROGER-1116,2025-01-06,378,49147
KROGER-1116,2025-01-07,390,49537
KROGER-1116,2025-01-08,393,49930
KROGER-1116,2025-01-09,321,50251
KROGER-1116,2025-01-10,318,50569
KROGER-1116,2025-01-11,385,50954
KROGER-1116,2025-01-12,346,51300
KROGER-1116,2025-01-13,360,51660
KROGER-1116,2025-01-14,337,51997
KROGER-1116,2025-01-15,350,52347
KROGER-1116,2025-01-16,348,52695
KROGER-1116,2025-01-17,359,53054
KROGER-1116,2025-01-18,322,53376
KROGER-1116,2025-01-19,320,53696
KROGER-1116,2025-01-20,337,54033
KROGER-1116,2025-01-21,342,54375
KROGER-1116,2025-01-22,385,54760
KROGER-1116,2025-01-23,351,55111
KROGER-1116,2025-01-24,346,55457
KROGER-1116,2025-01-25,349,55806
KROGER-1116,2025-01-26,371,56177
KROGER-1116,2025-01-27,333,56510
KROGER-1116,2025-01-28,307,56817
KROGER-1116,2025-01-29,368,57185
KROGER-1116,2025-01-30,326,57511
KROGER-1116,2025-01-31,328,57839
KROGER-1116,2025-02-01,316,58155
KROGER-1116,2025-02-02,367,58522
KROGER-1116,2025-02-03,386,58908
KROGER-1116,2025-02-04,293,59201
KROGER-1116,2025-02-05,295,59496
KROGER-1116,2025-02-06,350,59846
KROGER-1116,2025-02-07,346,60192
KROGER-1116,2025-02-08,343,60535
KROGER-1116,2025-02-09,340,60875
KROGER-1116,2025-02-10,347,61222
KROGER-1116,2025-02-11,288,61510
KROGER-1116,2025-02-12,304,61814
KROGER-1116,2025-02-13,312,62126
KROGER-1116,2025-02-14,328,62454
KROGER-1116,2025-02-15,346,62800
KROGER-1116,2025-02-16,282,63082
KROGER-1116,2025-02-17,304,63386
KROGER-1116,2025-02-18,355,63741
KROGER-1116,2025-02-19,353,64094
KROGER-1116,2025-02-20,363,64457
KROGER-1116,2025-02-21,353,64810
KROGER-1116,2025-02-22,353,65163
KROGER-1116,2025-02-23,328,65491
KROGER-1116,2025-02-24,312,65803
KROGER-1116,2025-02-25,316,66119
KROGER-1116,2025-02-26,361,66480
KROGER-1116,2025-02-27,353,66833
KROGER-1116,2025-02-28,313,67146
KROGER-1116,2025-03-01,367,67513
KROGER-1116,2025-03-02,374,67887
KROGER-1116,2025-03-03,353,68240
KROGER-1116,2025-03-04,363,68603
KROGER-1116,2025-03-05,340,68943
KROGER-1116,2025-03-06,332,69275
KROGER-1116,2025-03-07,341,69616
KROGER-1116,2025-03-08,385,70001
KROGER-1116,2025-03-09,378,70379
KROGER-1116,2025-03-10,342,70721
KROGER-1116,2025-03-11,370,71091
KROGER-1116,2025-03-12,390,71481
KROGER-1116,2025-03-13,409,71890
KROGER-1116,2025-03-14,408,72298
KROGER-1116,2025-03-15,448,72746
KROGER-1116,2025-03-16,395,73141
KROGER-1116,2025-03-17,266,73407
KROGER-1116,2025-03-18,345,73752
KROGER-1116,2025-03-19,299,74051
KROGER-1116,2025-03-20,385,74436
KROGER-1116,2025-03-21,331,74767
KROGER-1116,2025-03-22,369,75136
KROGER-1116,2025-03-23,352,75488
KROGER-1116,2025-03-24,388,75876
KROGER-1116,2025-03-25,307,76183
KROGER-1116,2025-03-26,358,76541
KROGER-1116,2025-03-27,311,76852
KROGER-1116,2025-03-28,281,77133
KROGER-1116,2025-03-29,361,77494
KROGER-1116,2025-03-30,321,77815
KROGER-1116,2025-03-31,298,78113
KROGER-1116,2025-04-01,296,78409
KROGER-1116,2025-04-02,329,78738
KROGER-1116,2025-04-03,364,79102
KROGER-1116,2025-04-04,299,79401
KROGER-1116,2025-04-05,387,79788
KROGER-1116,2025-04-06,341,80129
KROGER-1116,2025-04-07,310,80439
KROGER-1116,2025-04-08,372,80811
KROGER-1116,2025-04-09,365,81176
KROGER-1116,2025-04-10,361,81537
KROGER-1116,2025-04-11,345,81882
KROGER-1116,2025-04-12,325,82207
KROGER-1116,2025-04-13,391,82598
KROGER-1116,2025-04-14,340,82938
KROGER-1116,2025-04-15,343,83281
KROGER-1116,2025-04-16,350,83631
KROGER-1116,2025-04-17,366,83997
KROGER-1116,2025-04-18,295,84292
KROGER-1116,2025-04-19,355,84647
KROGER-1116,2025-04-20,343,84990
KROGER-1116,2025-04-21,379,85369
KROGER-1116,2025-04-22,386,85755
KROGER-1116,2025-04-23,347,86102
KROGER-1116,2025-04-24,303,86405
KROGER-1116,2025-04-25,323,86728
KROGER-1116,2025-04-26,284,87012
KROGER-1116,2025-04-27,385,87397
KROGER-1116,2025-04-28,324,87721
KROGER-1116,2025-04-29,372,88093
KROGER-1116,2025-04-30,324,88417
KROGER-1116,2025-05-01,334,88751
KROGER-1116,2025-05-02,329,89080
KROGER-1116,2025-05-03,311,89391
KROGER-1116,2025-05-04,310,89701
KROGER-1116,2025-05-05,393,90094
KROGER-1116,2025-05-06,318,90412
KROGER-1116,2025-05-07,359,90771
KROGER-1116,2025-05-08,411,91182
KROGER-1116,2025-05-09,328,91510
KROGER-1116,2025-05-10,369,91879
KROGER-1116,2025-05-11,364,92243
KROGER-1116,2025-05-12,348,92591
KROGER-1116,2025-05-13,352,92943
KROGER-1116,2025-05-14,306,93249
KROGER-1116,2025-05-15,300,93549
KROGER-1116,2025-05-16,338,93887
KROGER-1116,2025-05-17,396,94283
KROGER-1116,2025-05-18,382,94665
KROGER-1116,2025-05-19,301,94966
KROGER-1116,2025-05-20,355,95321
KROGER-1116,2025-05-21,346,95667
KROGER-1116,2025-05-22,343,96010
KROGER-1116,2025-05-23,342,96352
KROGER-1116,2025-05-24,365,96717
KROGER-1116,2025-05-25,355,97072
KROGER-1116,2025-05-26,323,97395
KROGER-1116,2025-05-27,333,97728
KROGER-1116,2025-05-28,289,98017
KROGER-1116,2025-05-29,353,98370
KROGER-1116,2025-05-30,353,98723
KROGER-1116,2025-05-31,403,99126
KROGER-1116,2025-06-01,374,99500
KROGER-1116,2025-06-02,334,99834
KROGER-1116,2025-06-03,352,100186
KROGER-1116,2025-06-04,330,100516
KROGER-1116,2025-06-05,321,100837
KROGER-1116,2025-06-06,274,101111
KROGER-1116,2025-06-07,367,101478
KROGER-1116,2025-06-08,370,101848
KROGER-1116,2025-06-09,374,102222
KROGER-1116,2025-06-10,378,102600
KROGER-1116,2025-06-11,349,102949
KROGER-1116,2025-06-12,305,103254
KROGER-1116,2025-06-13,306,103560
KROGER-1116,2025-06-14,362,103922
KROGER-1116,2025-06-15,382,104304
KROGER-1116,2025-06-16,365,104669
KROGER-1116,2025-06-17,327,104996
KROGER-1116,2025-06-18,282,105278
KROGER-1116,2025-06-19,306,105584
KROGER-1116,2025-06-20,287,105871
KROGER-1116,2025-06-21,366,106237
KROGER-1116,2025-06-22,349,106586
KROGER-1116,2025-06-23,331,106917
KROGER-1116,2025-06-24,352,107269
KROGER-1116,2025-06-25,329,107598
KROGER-1116,2025-06-26,391,107989
KROGER-1116,2025-06-27,334,108323
KROGER-1116,2025-06-28,307,108630
KROGER-1116,2025-06-29,283,108913
KROGER-1116,2025-06-30,354,109267
KROGER-1116,2025-07-01,356,109623
KROGER-1116,2025-07-02,356,109979
KROGER-1116,2025-07-03,303,110282
KROGER-1116,2025-07-04,315,110597
KROGER-1116,2025-07-05,404,111001
KROGER-1116,2025-07-06,351,111352
KROGER-1116,2025-07-07,322,111674
KROGER-1116,2025-07-08,377,112051
KROGER-1116,2025-07-09,311,112362
KROGER-1116,2025-07-10,328,112690
KROGER-1116,2025-07-11,373,113063
KROGER-1116,2025-07-12,394,113457
KROGER-1116,2025-07-13,395,113852
KROGER-1116,2025-07-14,359,114211
KROGER-1116,2025-07-15,394,114605
KROGER-1116,2025-07-16,365,114970
KROGER-1116,2025-07-17,348,115318
KROGER-1116,2025-07-18,339,115657
KROGER-1116,2025-07-19,347,116004
KROGER-1116,2025-07-20,321,116325
KROGER-1116,2025-07-21,279,116604
KROGER-1116,2025-07-22,365,116969
KROGER-1116,2025-07-23,336,117305
KROGER-1116,2025-07-24,316,117621
KROGER-1116,2025-07-25,394,118015
KROGER-1116,2025-07-26,390,118405
KROGER-1116,2025-07-27,352,118757
KROGER-1116,2025-07-28,355,119112
KROGER-1116,2025-07-29,338,119450
KROGER-1116,2025-07-30,329,119779
KROGER-1116,2025-07-31,373,120152
KROGER-1116,2025-08-01,346,120498
KROGER-1116,2025-08-02,320,120818
KROGER-1116,2025-08-03,366,121184
KROGER-1116,2025-08-04,356,121540
KROGER-1116,2025-08-05,385,121925
KROGER-1116,2025-08-06,347,122272
KROGER-1116,2025-08-07,341,122613
KROGER-1116,2025-08-08,353,122966
KROGER-1116,2025-08-09,326,123292
KROGER-1116,2025-08-10,434,123726
KROGER-1116,2025-08-11,392,124118
KROGER-1116,2025-08-12,365,124483
KROGER-1116,2025-08-13,348,124831
KROGER-1116,2025-08-14,302,125133
KROGER-1116,2025-08-15,340,125473
KROGER-1116,2025-08-16,370,125843
KROGER-1116,2025-08-17,327,126170
KROGER-1116,2025-08-18,324,126494
KROGER-1116,2025-08-19,326,126820
KROGER-1116,2025-08-20,322,127142
KROGER-1116,2025-08-21,385,127527
KROGER-1116,2025-08-22,335,127862
KROGER-1116,2025-08-23,395,128257
KROGER-1116,2025-08-24,342,128599
KROGER-1116,2025-08-25,330,128929
KROGER-1116,2025-08-26,340,129269
KROGER-1116,2025-08-27,345,129614
KROGER-1116,2025-08-28,311,129925
KROGER-1116,2025-08-29,349,130274
KROGER-1116,2025-08-30,324,130598
KROGER-1116,2025-08-31,409,131007
KROGER-1117,2024-09-01,204,204
KROGER-1117,2024-09-02,217,421
KROGER-1117,2024-09-03,194,615
KROGER-1117,2024-09-04,224,839
KROGER-1117,2024-09-05,196,1035
KROGER-1117,2024-09-06,202,1237
KROGER-1117,2024-09-07,209,1446
KROGER-1117,2024-09-08,208,1654
KROGER-1117,2024-09-09,179,1833
KROGER-1117,2024-09-10,192,2025
KROGER-1117,2024-09-11,209,2234
KROGER-1117,2024-09-12,212,2446
KROGER-1117,2024-09-13,185,2631
KROGER-1117,2024-09-14,202,2833
KROGER-1117,2024-09-15,212,3045
KROGER-1117,2024-09-16,205,3250
KROGER-1117,2024-09-17,210,3460
KROGER-1117,2024-09-18,220,3680
KROGER-1117,2024-09-19,209,3889
KROGER-1117,2024-09-20,187,4076
KROGER-1117,2024-09-21,225,4301
KROGER-1117,2024-09-22,230,4531
KROGER-1117,2024-09-23,178,4709
KROGER-1117,2024-09-24,211,4920
KROGER-1117,2024-09-25,225,5145
KROGER-1117,2024-09-26,193,5338
KROGER-1117,2024-09-27,215,5553
KROGER-1117,2024-09-28,202,5755
KROGER-1117,2024-09-29,208,5963
KROGER-1117,2024-09-30,189,6152
KROGER-1117,2024-10-01,214,6366
KROGER-1117,2024-10-02,216,6582
KROGER-1117,2024-10-03,210,6792
KROGER-1117,2024-10-04,213,7005
KROGER-1117,2024-10-05,226,7231
KROGER-1117,2024-10-06,237,7468
KROGER-1117,2024-10-07,194,7662
KROGER-1117,2024-10-08,162,7824
KROGER-1117,2024-10-09,197,8021
KROGER-1117,2024-10-10,197,8218
KROGER-1117,2024-10-11,217,8435
KROGER-1117,2024-10-12,175,8610
KROGER-1117,2024-10-13,218,8828
KROGER-1117,2024-10-14,225,9053
KROGER-1117,2024-10-15,204,9257
KROGER-1117,2024-10-16,213,9470
KROGER-1117,2024-10-17,192,9662
KROGER-1117,2024-10-18,215,9877
KROGER-1117,2024-10-19,212,10089
KROGER-1117,2024-10-20,204,10293
KROGER-1117,2024-10-21,204,10497
KROGER-1117,2024-10-22,217,10714
KROGER-1117,2024-10-23,202,10916
KROGER-1117,2024-10-24,201,11117
KROGER-1117,2024-10-25,203,11320
KROGER-1117,2024-10-26,218,11538
KROGER-1117,2024-10-27,217,11755
KROGER-1117,2024-10-28,207,11962
KROGER-1117,2024-10-29,183,12145
KROGER-1117,2024-10-30,201,12346
KROGER-1117,2024-10-31,224,12570
KROGER-1117,2024-11-01,255,12825
KROGER-1117,2024-11-02,281,13106
KROGER-1117,2024-11-03,265,13371
KROGER-1117,2024-11-04,248,13619
KROGER-1117,2024-11-05,272,13891
KROGER-1117,2024-11-06,235,14126
KROGER-1117,2024-11-07,234,14360
KROGER-1117,2024-11-08,278,14638
KROGER-1117,2024-11-09,275,14913
KROGER-1117,2024-11-10,251,15164
KROGER-1117,2024-11-11,232,15396
KROGER-1117,2024-11-12,224,15620
KROGER-1117,2024-11-13,238,15858
KROGER-1117,2024-11-14,262,16120
KROGER-1117,2024-11-15,202,16322
KROGER-1117,2024-11-16,279,16601
KROGER-1117,2024-11-17,271,16872
KROGER-1117,2024-11-18,224,17096
KROGER-1117,2024-11-19,245,17341
KROGER-1117,2024-11-20,234,17575
KROGER-1117,2024-11-21,226,17801
KROGER-1117,2024-11-22,250,18051
KROGER-1117,2024-11-23,267,18318
KROGER-1117,2024-11-24,272,18590
KROGER-1117,2024-11-25,209,18799
KROGER-1117,2024-11-26,235,19034
KROGER-1117,2024-11-27,256,19290
KROGER-1117,2024-11-28,263,19553
KROGER-1117,2024-11-29,249,19802
KROGER-1117,2024-11-30,279,20081
KROGER-1117,2024-12-01,260,20341
KROGER-1117,2024-12-02,254,20595
KROGER-1117,2024-12-03,228,20823
KROGER-1117,2024-12-04,258,21081
KROGER-1117,2024-12-05,219,21300
KROGER-1117,2024-12-06,224,21524
KROGER-1117,2024-12-07,241,21765
KROGER-1117,2024-12-08,291,22056
KROGER-1117,2024-12-09,237,22293
KROGER-1117,2024-12-10,253,22546
KROGER-1117,2024-12-11,255,22801
KROGER-1117,2024-12-12,255,23056
KROGER-1117,2024-12-13,224,23280
KROGER-1117,2024-12-14,264,23544
KROGER-1117,2024-12-15,236,23780
KROGER-1117,2024-12-16,212,23992
KROGER-1117,2024-12-17,277,24269
KROGER-1117,2024-12-18,239,24508
KROGER-1117,2024-12-19,240,24748
KROGER-1117,2024-12-20,265,25013
KROGER-1117,2024-12-21,274,25287
KROGER-1117,2024-12-22,245,25532
KROGER-1117,2024-12-23,251,25783
KROGER-1117,2024-12-24,256,26039
KROGER-1117,2024-12-25,220,26259
KROGER-1117,2024-12-26,231,26490
KROGER-1117,2024-12-27,239,26729
KROGER-1117,2024-12-28,259,26988
KROGER-1117,2024-12-29,285,27273
KROGER-1117,2024-12-30,233,27506
KROGER-1117,2024-12-31,275,27781
KROGER-1117,2025-01-01,213,27994
KROGER-1117,2025-01-02,179,28173
KROGER-1117,2025-01-03,210,28383
KROGER-1117,2025-01-04,240,28623
KROGER-1117,2025-01-05,212,28835
KROGER-1117,2025-01-06,193,29028
KROGER-1117,2025-01-07,196,29224
KROGER-1117,2025-01-08,213,29437
KROGER-1117,2025-01-09,182,29619
KROGER-1117,2025-01-10,234,29853
KROGER-1117,2025-01-11,234,30087
KROGER-1117,2025-01-12,227,30314
KROGER-1117,2025-01-13,186,30500
KROGER-1117,2025-01-14,229,30729
KROGER-1117,2025-01-15,226,30955
KROGER-1117,2025-01-16,229,31184
KROGER-1117,2025-01-17,211,31395
KROGER-1117,2025-01-18,216,31611
KROGER-1117,2025-01-19,221,31832
KROGER-1117,2025-01-20,214,32046
KROGER-1117,2025-01-21,227,32273
KROGER-1117,2025-01-22,184,32457
KROGER-1117,2025-01-23,210,32667
KROGER-1117,2025-01-24,214,32881
KROGER-1117,2025-01-25,234,33115
KROGER-1117,2025-01-26,211,33326
KROGER-1117,2025-01-27,207,33533
KROGER-1117,2025-01-28,204,33737
KROGER-1117,2025-01-29,211,33948
KROGER-1117,2025-01-30,197,34145
KROGER-1117,2025-01-31,217,34362
KROGER-1117,2025-02-01,223,34585
KROGER-1117,2025-02-02,192,34777
KROGER-1117,2025-02-03,187,34964
KROGER-1117,2025-02-04,203,35167
KROGER-1117,2025-02-05,256,35423
KROGER-1117,2025-02-06,202,35625
KROGER-1117,2025-02-07,189,35814
KROGER-1117,2025-02-08,204,36018
KROGER-1117,2025-02-09,225,36243
KROGER-1117,2025-02-10,232,36475
KROGER-1117,2025-02-11,196,36671
KROGER-1117,2025-02-12,209,36880
KROGER-1117,2025-02-13,197,37077
KROGER-1117,2025-02-14,216,37293
KROGER-1117,2025-02-15,207,37500
KROGER-1117,2025-02-16,230,37730
KROGER-1117,2025-02-17,163,37893
KROGER-1117,2025-02-18,216,38109
KROGER-1117,2025-02-19,201,38310
KROGER-1117,2025-02-20,214,38524
KROGER-1117,2025-02-21,204,38728
KROGER-1117,2025-02-22,194,38922
KROGER-1117,2025-02-23,217,39139
KROGER-1117,2025-02-24,217,39356
KROGER-1117,2025-02-25,208,39564
KROGER-1117,2025-02-26,180,39744
KROGER-1117,2025-02-27,207,39951
KROGER-1117,2025-02-28,212,40163
KROGER-1117,2025-03-01,207,40370
KROGER-1117,2025-03-02,162,40532
KROGER-1117,2025-03-03,195,40727
KROGER-1117,2025-03-04,183,40910
KROGER-1117,2025-03-05,202,41112
KROGER-1117,2025-03-06,183,41295
KROGER-1117,2025-03-07,182,41477
KROGER-1117,2025-03-08,227,41704
KROGER-1117,2025-03-09,216,41920
KROGER-1117,2025-03-10,211,42131
KROGER-1117,2025-03-11,194,42325
KROGER-1117,2025-03-12,196,42521
KROGER-1117,2025-03-13,193,42714
KROGER-1117,2025-03-14,195,42909
KROGER-1117,2025-03-15,206,43115
KROGER-1117,2025-03-16,197,43312
KROGER-1117,2025-03-17,192,43504
KROGER-1117,2025-03-18,207,43711
KROGER-1117,2025-03-19,187,43898
KROGER-1117,2025-03-20,209,44107
KROGER-1117,2025-03-21,178,44285
KROGER-1117,2025-03-22,219,44504
KROGER-1117,2025-03-23,212,44716
KROGER-1117,2025-03-24,209,44925
KROGER-1117,2025-03-25,209,45134
KROGER-1117,2025-03-26,187,45321
KROGER-1117,2025-03-27,204,45525
KROGER-1117,2025-03-28,185,45710
KROGER-1117,2025-03-29,207,45917
KROGER-1117,2025-03-30,230,46147
KROGER-1117,2025-03-31,187,46334
KROGER-1117,2025-04-01,202,46536
KROGER-1117,2025-04-02,190,46726
KROGER-1117,2025-04-03,208,46934
KROGER-1117,2025-04-04,218,47152
KROGER-1117,2025-04-05,206,47358
KROGER-1117,2025-04-06,217,47575
KROGER-1117,2025-04-07,200,47775
KROGER-1117,2025-04-08,187,47962
KROGER-1117,2025-04-09,209,48171
KROGER-1117,2025-04-10,211,48382
KROGER-1117,2025-04-11,187,48569
KROGER-1117,2025-04-12,228,48797
KROGER-1117,2025-04-13,235,49032
KROGER-1117,2025-04-14,189,49221
KROGER-1117,2025-04-15,226,49447
KROGER-1117,2025-04-16,203,49650
KROGER-1117,2025-04-17,202,49852
KROGER-1117,2025-04-18,230,50082
KROGER-1117,2025-04-19,228,50310
KROGER-1117,2025-04-20,203,50513
KROGER-1117,2025-04-21,195,50708
KROGER-1117,2025-04-22,209,50917
KROGER-1117,2025-04-23,209,51126
KROGER-1117,2025-04-24,203,51329
KROGER-1117,2025-04-25,192,51521
KROGER-1117,2025-04-26,204,51725
KROGER-1117,2025-04-27,213,51938
KROGER-1117,2025-04-28,178,52116
KROGER-1117,2025-04-29,211,52327
KROGER-1117,2025-04-30,208,52535
KROGER-1117,2025-05-01,188,52723
KROGER-1117,2025-05-02,211,52934
KROGER-1117,2025-05-03,184,53118
KROGER-1117,2025-05-04,220,53338
KROGER-1117,2025-05-05,218,53556
KROGER-1117,2025-05-06,210,53766
KROGER-1117,2025-05-07,213,53979
KROGER-1117,2025-05-08,214,54193
KROGER-1117,2025-05-09,210,54403
KROGER-1117,2025-05-10,213,54616
KROGER-1117,2025-05-11,208,54824
KROGER-1117,2025-05-12,222,55046
KROGER-1117,2025-05-13,213,55259
KROGER-1117,2025-05-14,223,55482
KROGER-1117,2025-05-15,220,55702
KROGER-1117,2025-05-16,184,55886
KROGER-1117,2025-05-17,202,56088
KROGER-1117,2025-05-18,182,56270
KROGER-1117,2025-05-19,178,56448
KROGER-1117,2025-05-20,174,56622
KROGER-1117,2025-05-21,167,56789
KROGER-1117,2025-05-22,199,56988
KROGER-1117,2025-05-23,223,57211
KROGER-1117,2025-05-24,220,57431
KROGER-1117,2025-05-25,225,57656
KROGER-1117,2025-05-26,204,57860
KROGER-1117,2025-05-27,206,58066
KROGER-1117,2025-05-28,216,58282
KROGER-1117,2025-05-29,201,58483
KROGER-1117,2025-05-30,205,58688
KROGER-1117,2025-05-31,207,58895
KROGER-1117,2025-06-01,193,59088
KROGER-1117,2025-06-02,201,59289
KROGER-1117,2025-06-03,184,59473
KROGER-1117,2025-06-04,218,59691
KROGER-1117,2025-06-05,211,59902
KROGER-1117,2025-06-06,228,60130
KROGER-1117,2025-06-07,200,60330
KROGER-1117,2025-06-08,190,60520
KROGER-1117,2025-06-09,178,60698
KROGER-1117,2025-06-10,229,60927
KROGER-1117,2025-06-11,197,61124
KROGER-1117,2025-06-12,179,61303
KROGER-1117,2025-06-13,211,61514
KROGER-1117,2025-06-14,208,61722
KROGER-1117,2025-06-15,197,61919
KROGER-1117,2025-06-16,228,62147
KROGER-1117,2025-06-17,201,62348
KROGER-1117,2025-06-18,213,62561
KROGER-1117,2025-06-19,210,62771
KROGER-1117,2025-06-20,248,63019
KROGER-1117,2025-06-21,210,63229
KROGER-1117,2025-06-22,196,63425
KROGER-1117,2025-06-23,192,63617
KROGER-1117,2025-06-24,220,63837
KROGER-1117,2025-06-25,207,64044
KROGER-1117,2025-06-26,196,64240
KROGER-1117,2025-06-27,209,64449
KROGER-1117,2025-06-28,236,64685
KROGER-1117,2025-06-29,242,64927
KROGER-1117,2025-06-30,209,65136
KROGER-1117,2025-07-01,222,65358
KROGER-1117,2025-07-02,180,65538
KROGER-1117,2025-07-03,214,65752
KROGER-1117,2025-07-04,200,65952
KROGER-1117,2025-07-05,194,66146
KROGER-1117,2025-07-06,198,66344
KROGER-1117,2025-07-07,190,66534
KROGER-1117,2025-07-08,208,66742
KROGER-1117,2025-07-09,185,66927
KROGER-1117,2025-07-10,215,67142
KROGER-1117,2025-07-11,219,67361
KROGER-1117,2025-07-12,212,67573
KROGER-1117,2025-07-13,210,67783
KROGER-1117,2025-07-14,206,67989
KROGER-1117,2025-07-15,195,68184
KROGER-1117,2025-07-16,227,68411
KROGER-1117,2025-07-17,169,68580
KROGER-1117,2025-07-18,197,68777
KROGER-1117,2025-07-19,187,68964
KROGER-1117,2025-07-20,223,69187
KROGER-1117,2025-07-21,207,69394
KROGER-1117,2025-07-22,216,69610
KROGER-1117,2025-07-23,206,69816
KROGER-1117,2025-07-24,210,70026
KROGER-1117,2025-07-25,189,70215
KROGER-1117,2025-07-26,216,70431
KROGER-1117,2025-07-27,200,70631
KROGER-1117,2025-07-28,213,70844
KROGER-1117,2025-07-29,188,71032
KROGER-1117,2025-07-30,195,71227
KROGER-1117,2025-07-31,202,71429
KROGER-1117,2025-08-01,228,71657
KROGER-1117,2025-08-02,214,71871
KROGER-1117,2025-08-03,248,72119
KROGER-1117,2025-08-04,226,72345
KROGER-1117,2025-08-05,198,72543
KROGER-1117,2025-08-06,210,72753
KROGER-1117,2025-08-07,212,72965
KROGER-1117,2025-08-08,155,73120
KROGER-1117,2025-08-09,184,73304
KROGER-1117,2025-08-10,221,73525
KROGER-1117,2025-08-11,212,73737
KROGER-1117,2025-08-12,206,73943
KROGER-1117,2025-08-13,185,74128
KROGER-1117,2025-08-14,243,74371
KROGER-1117,2025-08-15,213,74584
KROGER-1117,2025-08-16,231,74815
KROGER-1117,2025-08-17,230,75045
KROGER-1117,2025-08-18,206,75251
KROGER-1117,2025-08-19,205,75456
KROGER-1117,2025-08-20,218,75674
KROGER-1117,2025-08-21,195,75869
KROGER-1117,2025-08-22,219,76088
KROGER-1117,2025-08-23,217,76305
KROGER-1117,2025-08-24,224,76529
KROGER-1117,2025-08-25,206,76735
KROGER-1117,2025-08-26,189,76924
KROGER-1117,2025-08-27,201,77125
KROGER-1117,2025-08-28,223,77348
KROGER-1117,2025-08-29,214,77562
KROGER-1117,2025-08-30,232,77794
KROGER-1117,2025-08-31,230,78024
KROGER-1118,2024-09-01,578,578
KROGER-1118,2024-09-02,504,1082
KROGER-1118,2024-09-03,615,1697
KROGER-1118,2024-09-04,569,2266
KROGER-1118,2024-09-05,608,2874
KROGER-1118,2024-09-06,641,3515
KROGER-1118,2024-09-07,588,4103
KROGER-1118,2024-09-08,568,4671
KROGER-1118,2024-09-09,529,5200
KROGER-1118,2024-09-10,575,5775
KROGER-1118,2024-09-11,511,6286
KROGER-1118,2024-09-12,593,6879
KROGER-1118,2024-09-13,595,7474
KROGER-1118,2024-09-14,624,8098
KROGER-1118,2024-09-15,523,8621
KROGER-1118,2024-09-16,631,9252
KROGER-1118,2024-09-17,582,9834
KROGER-1118,2024-09-18,556,10390
KROGER-1118,2024-09-19,606,10996
KROGER-1118,2024-09-20,606,11602
KROGER-1118,2024-09-21,550,12152
KROGER-1118,2024-09-22,603,12755
KROGER-1118,2024-09-23,549,13304
KROGER-1118,2024-09-24,557,13861
KROGER-1118,2024-09-25,601,14462
KROGER-1118,2024-09-26,536,14998
KROGER-1118,2024-09-27,602,15600
KROGER-1118,2024-09-28,560,16160
KROGER-1118,2024-09-29,664,16824
KROGER-1118,2024-09-30,546,17370
KROGER-1118,2024-10-01,682,18052
KROGER-1118,2024-10-02,614,18666
KROGER-1118,2024-10-03,567,19233
KROGER-1118,2024-10-04,532,19765
KROGER-1118,2024-10-05,630,20395
KROGER-1118,2024-10-06,654,21049
KROGER-1118,2024-10-07,605,21654
KROGER-1118,2024-10-08,550,22204
KROGER-1118,2024-10-09,642,22846
KROGER-1118,2024-10-10,590,23436
KROGER-1118,2024-10-11,546,23982
KROGER-1118,2024-10-12,713,24695
KROGER-1118,2024-10-13,637,25332
KROGER-1118,2024-10-14,595,25927
KROGER-1118,2024-10-15,554,26481
KROGER-1118,2024-10-16,575,27056
KROGER-1118,2024-10-17,539,27595
KROGER-1118,2024-10-18,585,28180
KROGER-1118,2024-10-19,632,28812
KROGER-1118,2024-10-20,512,29324
KROGER-1118,2024-10-21,517,29841
KROGER-1118,2024-10-22,534,30375
KROGER-1118,2024-10-23,507,30882
KROGER-1118,2024-10-24,538,31420
KROGER-1118,2024-10-25,644,32064
KROGER-1118,2024-10-26,661,32725
KROGER-1118,2024-10-27,575,33300
KROGER-1118,2024-10-28,602,33902
KROGER-1118,2024-10-29,523,34425
KROGER-1118,2024-10-30,667,35092
KROGER-1118,2024-10-31,567,35659
KROGER-1118,2024-11-01,580,36239
KROGER-1118,2024-11-02,856,37095
KROGER-1118,2024-11-03,709,37804
KROGER-1118,2024-11-04,804,38608
KROGER-1118,2024-11-05,743,39351
KROGER-1118,2024-11-06,708,40059
KROGER-1118,2024-11-07,590,40649
KROGER-1118,2024-11-08,698,41347
KROGER-1118,2024-11-09,636,41983
KROGER-1118,2024-11-10,707,42690
KROGER-1118,2024-11-11,701,43391
KROGER-1118,2024-11-12,765,44156
KROGER-1118,2024-11-13,658,44814
KROGER-1118,2024-11-14,811,45625
KROGER-1118,2024-11-15,607,46232
KROGER-1118,2024-11-16,679,46911
KROGER-1118,2024-11-17,737,47648
KROGER-1118,2024-11-18,563,48211
KROGER-1118,2024-11-19,626,48837
KROGER-1118,2024-11-20,718,49555
KROGER-1118,2024-11-21,743,50298
KROGER-1118,2024-11-22,638,50936
KROGER-1118,2024-11-23,696,51632
KROGER-1118,2024-11-24,756,52388
KROGER-1118,2024-11-25,596,52984
KROGER-1118,2024-11-26,682,53666
KROGER-1118,2024-11-27,679,54345
KROGER-1118,2024-11-28,789,55134
KROGER-1118,2024-11-29,721,55855
KROGER-1118,2024-11-30,727,56582
KROGER-1118,2024-12-01,771,57353
KROGER-1118,2024-12-02,704,58057
KROGER-1118,2024-12-03,640,58697
KROGER-1118,2024-12-04,732,59429
KROGER-1118,2024-12-05,739,60168
KROGER-1118,2024-12-06,674,60842
KROGER-1118,2024-12-07,738,61580
KROGER-1118,2024-12-08,840,62420
KROGER-1118,2024-12-09,703,63123
KROGER-1118,2024-12-10,680,63803
KROGER-1118,2024-12-11,636,64439
KROGER-1118,2024-12-12,642,65081
KROGER-1118,2024-12-13,697,65778
KROGER-1118,2024-12-14,690,66468
KROGER-1118,2024-12-15,761,67229
KROGER-1118,2024-12-16,668,67897
KROGER-1118,2024-12-17,851,68748
KROGER-1118,2024-12-18,705,69453
KROGER-1118,2024-12-19,604,70057
KROGER-1118,2024-12-20,702,70759
KROGER-1118,2024-12-21,705,71464
KROGER-1118,2024-12-22,768,72232
KROGER-1118,2024-12-23,692,72924
KROGER-1118,2024-12-24,715,73639
KROGER-1118,2024-12-25,842,74481
KROGER-1118,2024-12-26,680,75161
KROGER-1118,2024-12-27,733,75894
KROGER-1118,2024-12-28,791,76685
KROGER-1118,2024-12-29,744,77429
KROGER-1118,2024-12-30,602,78031
KROGER-1118,2024-12-31,735,78766
KROGER-1118,2025-01-01,485,79251
KROGER-1118,2025-01-02,655,79906
KROGER-1118,2025-01-03,516,80422
KROGER-1118,2025-01-04,700,81122
KROGER-1118,2025-01-05,609,81731
KROGER-1118,2025-01-06,617,82348
KROGER-1118,2025-01-07,600,82948
KROGER-1118,2025-01-08,621,83569
KROGER-1118,2025-01-09,485,84054
KROGER-1118,2025-01-10,547,84601
KROGER-1118,2025-01-11,625,85226
KROGER-1118,2025-01-12,608,85834
KROGER-1118,2025-01-13,558,86392
KROGER-1118,2025-01-14,585,86977
KROGER-1118,2025-01-15,566,87543
KROGER-1118,2025-01-16,678,88221
KROGER-1118,2025-01-17,638,88859
KROGER-1118,2025-01-18,677,89536
KROGER-1118,2025-01-19,693,90229
KROGER-1118,2025-01-20,599,90828
KROGER-1118,2025-01-21,533,91361
KROGER-1118,2025-01-22,563,91924
KROGER-1118,2025-01-23,593,92517
KROGER-1118,2025-01-24,583,93100
KROGER-1118,2025-01-25,541,93641
KROGER-1118,2025-01-26,622,94263
KROGER-1118,2025-01-27,525,94788
KROGER-1118,2025-01-28,666,95454
KROGER-1118,2025-01-29,612,96066
KROGER-1118,2025-01-30,568,96634
KROGER-1118,2025-01-31,579,97213
KROGER-1118,2025-02-01,689,97902
KROGER-1118,2025-02-02,533,98435
KROGER-1118,2025-02-03,554,98989
KROGER-1118,2025-02-04,601,99590
KROGER-1118,2025-02-05,481,100071
KROGER-1118,2025-02-06,570,100641
KROGER-1118,2025-02-07,556,101197
KROGER-1118,2025-02-08,725,101922
KROGER-1118,2025-02-09,599,102521
KROGER-1118,2025-02-10,529,103050
KROGER-1118,2025-02-11,536,103586
KROGER-1118,2025-02-12,452,104038
KROGER-1118,2025-02-13,654,104692
KROGER-1118,2025-02-14,581,105273
KROGER-1118,2025-02-15,597,105870
KROGER-1118,2025-02-16,651,106521
KROGER-1118,2025-02-17,602,107123
KROGER-1118,2025-02-18,577,107700
KROGER-1118,2025-02-19,530,108230
KROGER-1118,2025-02-20,551,108781
KROGER-1118,2025-02-21,582,109363
KROGER-1118,2025-02-22,638,110001
KROGER-1118,2025-02-23,541,110542
KROGER-1118,2025-02-24,572,111114
KROGER-1118,2025-02-25,636,111750
KROGER-1118,2025-02-26,519,112269
KROGER-1118,2025-02-27,611,112880
KROGER-1118,2025-02-28,516,113396
KROGER-1118,2025-03-01,579,113975
KROGER-1118,2025-03-02,509,114484
KROGER-1118,2025-03-03,590,115074
KROGER-1118,2025-03-04,541,115615
KROGER-1118,2025-03-05,484,116099
KROGER-1118,2025-03-06,583,116682
KROGER-1118,2025-03-07,625,117307
KROGER-1118,2025-03-08,625,117932
KROGER-1118,2025-03-09,623,118555
KROGER-1118,2025-03-10,613,119168
KROGER-1118,2025-03-11,543,119711
KROGER-1118,2025-03-12,581,120292
KROGER-1118,2025-03-13,678,120970
KROGER-1118,2025-03-14,583,121553
KROGER-1118,2025-03-15,565,122118
KROGER-1118,2025-03-16,622,122740
KROGER-1118,2025-03-17,559,123299
KROGER-1118,2025-03-18,575,123874
KROGER-1118,2025-03-19,611,124485
KROGER-1118,2025-03-20,552,125037
KROGER-1118,2025-03-21,445,125482
KROGER-1118,2025-03-22,597,126079
KROGER-1118,2025-03-23,629,126708
KROGER-1118,2025-03-24,657,127365
KROGER-1118,2025-03-25,626,127991
KROGER-1118,2025-03-26,561,128552
KROGER-1118,2025-03-27,599,129151
KROGER-1118,2025-03-28,565,129716
KROGER-1118,2025-03-29,648,130364
KROGER-1118,2025-03-30,598,130962
KROGER-1118,2025-03-31,611,131573
KROGER-1118,2025-04-01,653,132226
KROGER-1118,2025-04-02,694,132920
KROGER-1118,2025-04-03,508,133428
KROGER-1118,2025-04-04,494,133922
KROGER-1118,2025-04-05,560,134482
KROGER-1118,2025-04-06,602,135084
KROGER-1118,2025-04-07,552,135636
KROGER-1118,2025-04-08,634,136270
KROGER-1118,2025-04-09,540,136810
KROGER-1118,2025-04-10,525,137335
KROGER-1118,2025-04-11,638,137973
KROGER-1118,2025-04-12,632,138605
KROGER-1118,2025-04-13,620,139225
KROGER-1118,2025-04-14,525,139750
KROGER-1118,2025-04-15,626,140376
KROGER-1118,2025-04-16,566,140942
KROGER-1118,2025-04-17,583,141525
KROGER-1118,2025-04-18,592,142117
KROGER-1118,2025-04-19,672,142789
KROGER-1118,2025-04-20,627,143416
KROGER-1118,2025-04-21,545,143961
KROGER-1118,2025-04-22,576,144537
KROGER-1118,2025-04-23,608,145145
KROGER-1118,2025-04-24,655,145800
KROGER-1118,2025-04-25,558,146358
KROGER-1118,2025-04-26,581,146939
KROGER-1118,2025-04-27,642,147581
KROGER-1118,2025-04-28,536,148117
KROGER-1118,2025-04-29,547,148664
KROGER-1118,2025-04-30,578,149242
KROGER-1118,2025-05-01,597,149839
KROGER-1118,2025-05-02,623,150462
KROGER-1118,2025-05-03,613,151075
KROGER-1118,2025-05-04,609,151684
KROGER-1118,2025-05-05,603,152287
KROGER-1118,2025-05-06,506,152793
KROGER-1118,2025-05-07,580,153373
KROGER-1118,2025-05-08,651,154024
KROGER-1118,2025-05-09,612,154636
KROGER-1118,2025-05-10,604,155240
KROGER-1118,2025-05-11,641,155881
KROGER-1118,2025-05-12,519,156400
KROGER-1118,2025-05-13,596,156996
KROGER-1118,2025-05-14,575,157571
KROGER-1118,2025-05-15,581,158152
KROGER-1118,2025-05-16,559,158711
KROGER-1118,2025-05-17,673,159384
KROGER-1118,2025-05-18,581,159965
KROGER-1118,2025-05-19,527,160492
KROGER-1118,2025-05-20,508,161000
KROGER-1118,2025-05-21,629,161629
KROGER-1118,2025-05-22,589,162218
KROGER-1118,2025-05-23,506,162724
KROGER-1118,2025-05-24,612,163336
KROGER-1118,2025-05-25,679,164015
KROGER-1118,2025-05-26,555,164570
KROGER-1118,2025-05-27,559,165129
KROGER-1118,2025-05-28,606,165735
KROGER-1118,2025-05-29,537,166272
KROGER-1118,2025-05-30,522,166794
KROGER-1118,2025-05-31,529,167323
KROGER-1118,2025-06-01,638,167961
KROGER-1118,2025-06-02,616,168577
KROGER-1118,2025-06-03,549,169126
KROGER-1118,2025-06-04,523,169649
KROGER-1118,2025-06-05,617,170266
KROGER-1118,2025-06-06,571,170837
KROGER-1118,2025-06-07,508,171345
KROGER-1118,2025-06-08,623,171968
KROGER-1118,2025-06-09,590,172558
KROGER-1118,2025-06-10,640,173198
KROGER-1118,2025-06-11,615,173813
KROGER-1118,2025-06-12,618,174431
KROGER-1118,2025-06-13,536,174967
KROGER-1118,2025-06-14,540,175507
KROGER-1118,2025-06-15,630,176137
KROGER-1118,2025-06-16,577,176714
KROGER-1118,2025-06-17,606,177320
KROGER-1118,2025-06-18,582,177902
KROGER-1118,2025-06-19,643,178545
KROGER-1118,2025-06-20,556,179101
KROGER-1118,2025-06-21,607,179708
KROGER-1118,2025-06-22,575,180283
KROGER-1118,2025-06-23,536,180819
KROGER-1118,2025-06-24,638,181457
KROGER-1118,2025-06-25,571,182028
KROGER-1118,2025-06-26,690,182718
KROGER-1118,2025-06-27,514,183232
KROGER-1118,2025-06-28,610,183842
KROGER-1118,2025-06-29,613,184455
KROGER-1118,2025-06-30,634,185089
KROGER-1118,2025-07-01,536,185625
KROGER-1118,2025-07-02,549,186174
KROGER-1118,2025-07-03,511,186685
KROGER-1118,2025-07-04,644,187329
KROGER-1118,2025-07-05,522,187851
KROGER-1118,2025-07-06,611,188462
KROGER-1118,2025-07-07,692,189154
KROGER-1118,2025-07-08,629,189783
KROGER-1118,2025-07-09,633,190416
KROGER-1118,2025-07-10,655,191071
KROGER-1118,2025-07-11,584,191655
KROGER-1118,2025-07-12,613,192268
KROGER-1118,2025-07-13,605,192873
KROGER-1118,2025-07-14,573,193446
KROGER-1118,2025-07-15,548,193994
KROGER-1118,2025-07-16,640,194634
KROGER-1118,2025-07-17,552,195186
KROGER-1118,2025-07-18,563,195749
KROGER-1118,2025-07-19,541,196290
KROGER-1118,2025-07-20,645,196935
KROGER-1118,2025-07-21,650,197585
KROGER-1118,2025-07-22,473,198058
KROGER-1118,2025-07-23,648,198706
KROGER-1118,2025-07-24,610,199316
KROGER-1118,2025-07-25,635,199951
KROGER-1118,2025-07-26,623,200574
KROGER-1118,2025-07-27,634,201208
KROGER-1118,2025-07-28,592,201800
KROGER-1118,2025-07-29,530,202330
KROGER-1118,2025-07-30,571,202901
KROGER-1118,2025-07-31,554,203455
KROGER-1118,2025-08-01,626,204081
KROGER-1118,2025-08-02,592,204673
KROGER-1118,2025-08-03,629,205302
KROGER-1118,2025-08-04,526,205828
KROGER-1118,2025-08-05,661,206489
KROGER-1118,2025-08-06,588,207077
KROGER-1118,2025-08-07,514,207591
KROGER-1118,2025-08-08,623,208214
KROGER-1118,2025-08-09,617,208831
KROGER-1118,2025-08-10,644,209475
KROGER-1118,2025-08-11,722,210197
KROGER-1118,2025-08-12,629,210826
KROGER-1118,2025-08-13,627,211453
KROGER-1118,2025-08-14,560,212013
KROGER-1118,2025-08-15,581,212594
KROGER-1118,2025-08-16,588,213182
KROGER-1118,2025-08-17,542,213724
KROGER-1118,2025-08-18,557,214281
KROGER-1118,2025-08-19,629,214910
KROGER-1118,2025-08-20,594,215504
KROGER-1118,2025-08-21,523,216027
KROGER-1118,2025-08-22,571,216598
KROGER-1118,2025-08-23,567,217165
KROGER-1118,2025-08-24,628,217793
KROGER-1118,2025-08-25,545,218338
KROGER-1118,2025-08-26,551,218889
KROGER-1118,2025-08-27,517,219406
KROGER-1118,2025-08-28,653,220059
KROGER-1118,2025-08-29,574,220633
KROGER-1118,2025-08-30,600,221233
KROGER-1118,2025-08-31,621,221854
KROGER-1119,2024-09-01,524,524
KROGER-1119,2024-09-02,457,981
KROGER-1119,2024-09-03,492,1473
KROGER-1119,2024-09-04,487,1960
KROGER-1119,2024-09-05,523,2483
KROGER-1119,2024-09-06,512,2995
KROGER-1119,2024-09-07,507,3502
KROGER-1119,2024-09-08,508,4010
KROGER-1119,2024-09-09,475,4485
KROGER-1119,2024-09-10,488,4973
KROGER-1119,2024-09-11,482,5455
KROGER-1119,2024-09-12,489,5944
KROGER-1119,2024-09-13,426,6370
KROGER-1119,2024-09-14,481,6851
KROGER-1119,2024-09-15,566,7417
KROGER-1119,2024-09-16,458,7875
KROGER-1119,2024-09-17,478,8353
KROGER-1119,2024-09-18,491,8844
KROGER-1119,2024-09-19,477,9321
KROGER-1119,2024-09-20,461,9782
KROGER-1119,2024-09-21,545,10327
KROGER-1119,2024-09-22,465,10792
KROGER-1119,2024-09-23,404,11196
KROGER-1119,2024-09-24,533,11729
KROGER-1119,2024-09-25,433,12162
KROGER-1119,2024-09-26,511,12673
KROGER-1119,2024-09-27,468,13141
KROGER-1119,2024-09-28,569,13710
KROGER-1119,2024-09-29,497,14207
KROGER-1119,2024-09-30,462,14669
KROGER-1119,2024-10-01,518,15187
KROGER-1119,2024-10-02,531,15718
KROGER-1119,2024-10-03,546,16264
KROGER-1119,2024-10-04,386,16650
KROGER-1119,2024-10-05,427,17077
KROGER-1119,2024-10-06,463,17540
KROGER-1119,2024-10-07,440,17980
KROGER-1119,2024-10-08,464,18444
KROGER-1119,2024-10-09,485,18929
KROGER-1119,2024-10-10,491,19420
KROGER-1119,2024-10-11,505,19925
KROGER-1119,2024-10-12,479,20404
KROGER-1119,2024-10-13,504,20908
KROGER-1119,2024-10-14,481,21389
KROGER-1119,2024-10-15,484,21873
KROGER-1119,2024-10-16,464,22337
KROGER-1119,2024-10-17,492,22829
KROGER-1119,2024-10-18,443,23272
KROGER-1119,2024-10-19,577,23849
KROGER-1119,2024-10-20,472,24321
KROGER-1119,2024-10-21,499,24820
KROGER-1119,2024-10-22,471,25291
KROGER-1119,2024-10-23,464,25755
KROGER-1119,2024-10-24,425,26180
KROGER-1119,2024-10-25,462,26642
KROGER-1119,2024-10-26,498,27140
KROGER-1119,2024-10-27,484,27624
KROGER-1119,2024-10-28,509,28133
KROGER-1119,2024-10-29,548,28681
KROGER-1119,2024-10-30,481,29162
KROGER-1119,2024-10-31,503,29665
KROGER-1119,2024-11-01,638,30303
KROGER-1119,2024-11-02,557,30860
KROGER-1119,2024-11-03,696,31556
KROGER-1119,2024-11-04,519,32075
KROGER-1119,2024-11-05,580,32655
KROGER-1119,2024-11-06,611,33266
KROGER-1119,2024-11-07,652,33918
KROGER-1119,2024-11-08,580,34498
KROGER-1119,2024-11-09,614,35112
KROGER-1119,2024-11-10,689,35801
KROGER-1119,2024-11-11,510,36311
KROGER-1119,2024-11-12,533,36844
KROGER-1119,2024-11-13,523,37367
KROGER-1119,2024-11-14,530,37897
KROGER-1119,2024-11-15,537,38434
KROGER-1119,2024-11-16,669,39103
KROGER-1119,2024-11-17,683,39786
KROGER-1119,2024-11-18,598,40384
KROGER-1119,2024-11-19,626,41010
KROGER-1119,2024-11-20,618,41628
KROGER-1119,2024-11-21,580,42208
KROGER-1119,2024-11-22,623,42831
KROGER-1119,2024-11-23,646,43477
KROGER-1119,2024-11-24,641,44118
KROGER-1119,2024-11-25,584,44702
KROGER-1119,2024-11-26,589,45291
KROGER-1119,2024-11-27,572,45863
KROGER-1119,2024-11-28,498,46361
KROGER-1119,2024-11-29,577,46938
KROGER-1119,2024-11-30,612,47550
KROGER-1119,2024-12-01,565,48115
KROGER-1119,2024-12-02,558,48673
KROGER-1119,2024-12-03,613,49286
KROGER-1119,2024-12-04,621,49907
KROGER-1119,2024-12-05,503,50410
KROGER-1119,2024-12-06,548,50958
KROGER-1119,2024-12-07,648,51606
KROGER-1119,2024-12-08,547,52153
KROGER-1119,2024-12-09,574,52727
KROGER-1119,2024-12-10,522,53249
KROGER-1119,2024-12-11,539,53788
KROGER-1119,2024-12-12,596,54384
KROGER-1119,2024-12-13,609,54993
KROGER-1119,2024-12-14,660,55653
KROGER-1119,2024-12-15,745,56398
KROGER-1119,2024-12-16,571,56969
KROGER-1119,2024-12-17,574,57543
KROGER-1119,2024-12-18,640,58183
KROGER-1119,2024-12-19,632,58815
KROGER-1119,2024-12-20,605,59420
KROGER-1119,2024-12-21,590,60010
KROGER-1119,2024-12-22,645,60655
KROGER-1119,2024-12-23,553,61208
KROGER-1119,2024-12-24,549,61757
KROGER-1119,2024-12-25,593,62350
KROGER-1119,2024-12-26,676,63026
KROGER-1119,2024-12-27,567,63593
KROGER-1119,2024-12-28,612,64205
KROGER-1119,2024-12-29,532,64737
KROGER-1119,2024-12-30,538,65275
KROGER-1119,2024-12-31,597,65872
KROGER-1119,2025-01-01,502,66374
KROGER-1119,2025-01-02,558,66932
KROGER-1119,2025-01-03,443,67375
KROGER-1119,2025-01-04,513,67888
KROGER-1119,2025-01-05,489,68377
KROGER-1119,2025-01-06,494,68871
KROGER-1119,2025-01-07,463,69334
KROGER-1119,2025-01-08,416,69750
KROGER-1119,2025-01-09,508,70258
KROGER-1119,2025-01-10,455,70713
KROGER-1119,2025-01-11,498,71211
KROGER-1119,2025-01-12,510,71721
KROGER-1119,2025-01-13,482,72203
KROGER-1119,2025-01-14,368,72571
KROGER-1119,2025-01-15,422,72993
KROGER-1119,2025-01-16,473,73466
KROGER-1119,2025-01-17,572,74038
KROGER-1119,2025-01-18,470,74508
KROGER-1119,2025-01-19,492,75000
KROGER-1119,2025-01-20,535,75535
KROGER-1119,2025-01-21,511,76046
KROGER-1119,2025-01-22,500,76546
KROGER-1119,2025-01-23,488,77034
KROGER-1119,2025-01-24,410,77444
KROGER-1119,2025-01-25,443,77887
KROGER-1119,2025-01-26,470,78357
KROGER-1119,2025-01-27,468,78825
KROGER-1119,2025-01-28,530,79355
KROGER-1119,2025-01-29,485,79840
KROGER-1119,2025-01-30,459,80299
KROGER-1119,2025-01-31,472,80771
KROGER-1119,2025-02-01,563,81334
KROGER-1119,2025-02-02,513,81847
KROGER-1119,2025-02-03,509,82356
KROGER-1119,2025-02-04,465,82821
KROGER-1119,2025-02-05,409,83230
KROGER-1119,2025-02-06,509,83739
KROGER-1119,2025-02-07,496,84235
KROGER-1119,2025-02-08,547,84782
KROGER-1119,2025-02-09,511,85293
KROGER-1119,2025-02-10,577,85870
KROGER-1119,2025-02-11,447,86317
KROGER-1119,2025-02-12,441,86758
KROGER-1119,2025-02-13,476,87234
KROGER-1119,2025-02-14,472,87706
KROGER-1119,2025-02-15,500,88206
KROGER-1119,2025-02-16,504,88710
KROGER-1119,2025-02-17,471,89181
KROGER-1119,2025-02-18,462,89643
KROGER-1119,2025-02-19,445,90088
KROGER-1119,2025-02-20,505,90593
KROGER-1119,2025-02-21,529,91122
KROGER-1119,2025-02-22,641,91763
KROGER-1119,2025-02-23,522,92285
KROGER-1119,2025-02-24,527,92812
KROGER-1119,2025-02-25,492,93304
KROGER-1119,2025-02-26,511,93815
KROGER-1119,2025-02-27,481,94296
KROGER-1119,2025-02-28,472,94768
KROGER-1119,2025-03-01,498,95266
KROGER-1119,2025-03-02,585,95851
KROGER-1119,2025-03-03,552,96403
KROGER-1119,2025-03-04,451,96854
KROGER-1119,2025-03-05,503,97357
KROGER-1119,2025-03-06,473,97830
KROGER-1119,2025-03-07,553,98383
KROGER-1119,2025-03-08,459,98842
KROGER-1119,2025-03-09,554,99396
KROGER-1119,2025-03-10,487,99883
KROGER-1119,2025-03-11,412,100295
KROGER-1119,2025-03-12,558,100853
KROGER-1119,2025-03-13,416,101269
KROGER-1119,2025-03-14,444,101713
KROGER-1119,2025-03-15,457,102170
KROGER-1119,2025-03-16,560,102730
KROGER-1119,2025-03-17,460,103190
KROGER-1119,2025-03-18,438,103628
KROGER-1119,2025-03-19,507,104135
KROGER-1119,2025-03-20,440,104575
KROGER-1119,2025-03-21,501,105076
KROGER-1119,2025-03-22,522,105598
KROGER-1119,2025-03-23,518,106116
KROGER-1119,2025-03-24,408,106524
KROGER-1119,2025-03-25,528,107052
KROGER-1119,2025-03-26,540,107592
KROGER-1119,2025-03-27,520,108112
KROGER-1119,2025-03-28,513,108625
KROGER-1119,2025-03-29,501,109126
KROGER-1119,2025-03-30,578,109704
KROGER-1119,2025-03-31,430,110134
KROGER-1119,2025-04-01,396,110530
KROGER-1119,2025-04-02,532,111062
KROGER-1119,2025-04-03,415,111477
KROGER-1119,2025-04-04,526,112003
KROGER-1119,2025-04-05,450,112453
KROGER-1119,2025-04-06,534,112987
KROGER-1119,2025-04-07,455,113442
KROGER-1119,2025-04-08,499,113941
KROGER-1119,2025-04-09,538,114479
KROGER-1119,2025-04-10,451,114930
KROGER-1119,2025-04-11,547,115477
KROGER-1119,2025-04-12,508,115985
KROGER-1119,2025-04-13,512,116497
KROGER-1119,2025-04-14,529,117026
KROGER-1119,2025-04-15,534,117560
KROGER-1119,2025-04-16,481,118041
KROGER-1119,2025-04-17,424,118465
KROGER-1119,2025-04-18,485,118950
KROGER-1119,2025-04-19,446,119396
KROGER-1119,2025-04-20,504,119900
KROGER-1119,2025-04-21,470,120370
KROGER-1119,2025-04-22,427,120797
KROGER-1119,2025-04-23,449,121246
KROGER-1119,2025-04-24,533,121779
KROGER-1119,2025-04-25,471,122250
KROGER-1119,2025-04-26,489,122739
KROGER-1119,2025-04-27,529,123268
KROGER-1119,2025-04-28,547,123815
KROGER-1119,2025-04-29,461,124276
KROGER-1119,2025-04-30,529,124805
KROGER-1119,2025-05-01,483,125288
KROGER-1119,2025-05-02,558,125846
KROGER-1119,2025-05-03,551,126397
KROGER-1119,2025-05-04,493,126890
KROGER-1119,2025-05-05,494,127384
KROGER-1119,2025-05-06,452,127836
KROGER-1119,2025-05-07,490,128326
KROGER-1119,2025-05-08,451,128777
KROGER-1119,2025-05-09,457,129234
KROGER-1119,2025-05-10,555,129789
KROGER-1119,2025-05-11,517,130306
KROGER-1119,2025-05-12,497,130803
KROGER-1119,2025-05-13,464,131267
KROGER-1119,2025-05-14,471,131738
KROGER-1119,2025-05-15,470,132208
KROGER-1119,2025-05-16,461,132669
KROGER-1119,2025-05-17,482,133151
KROGER-1119,2025-05-18,472,133623
KROGER-1119,2025-05-19,430,134053
KROGER-1119,2025-05-20,480,134533
KROGER-1119,2025-05-21,446,134979
KROGER-1119,2025-05-22,548,135527
KROGER-1119,2025-05-23,432,135959
KROGER-1119,2025-05-24,491,136450
KROGER-1119,2025-05-25,537,136987
KROGER-1119,2025-05-26,400,137387
KROGER-1119,2025-05-27,513,137900
KROGER-1119,2025-05-28,451,138351
KROGER-1119,2025-05-29,441,138792
KROGER-1119,2025-05-30,506,139298
KROGER-1119,2025-05-31,536,139834
KROGER-1119,2025-06-01,463,140297
KROGER-1119,2025-06-02,470,140767
KROGER-1119,2025-06-03,530,141297
KROGER-1119,2025-06-04,466,141763
KROGER-1119,2025-06-05,444,142207
KROGER-1119,2025-06-06,478,142685
KROGER-1119,2025-06-07,504,143189
KROGER-1119,2025-06-08,497,143686
KROGER-1119,2025-06-09,501,144187
KROGER-1119,2025-06-10,458,144645
KROGER-1119,2025-06-11,508,145153
KROGER-1119,2025-06-12,469,145622
KROGER-1119,2025-06-13,428,146050
KROGER-1119,2025-06-14,572,146622
KROGER-1119,2025-06-15,445,147067
KROGER-1119,2025-06-16,515,147582
KROGER-1119,2025-06-17,477,148059
KROGER-1119,2025-06-18,484,148543
KROGER-1119,2025-06-19,450,148993
KROGER-1119,2025-06-20,465,149458
KROGER-1119,2025-06-21,540,149998
KROGER-1119,2025-06-22,462,150460
KROGER-1119,2025-06-23,464,150924
KROGER-1119,2025-06-24,524,151448
KROGER-1119,2025-06-25,461,151909
KROGER-1119,2025-06-26,484,152393
KROGER-1119,2025-06-27,488,152881
KROGER-1119,2025-06-28,472,153353
KROGER-1119,2025-06-29,525,153878
KROGER-1119,2025-06-30,480,154358
KROGER-1119,2025-07-01,452,154810
KROGER-1119,2025-07-02,508,155318
KROGER-1119,2025-07-03,489,155807
KROGER-1119,2025-07-04,481,156288
KROGER-1119,2025-07-05,495,156783
KROGER-1119,2025-07-06,448,157231
KROGER-1119,2025-07-07,477,157708
KROGER-1119,2025-07-08,397,158105
KROGER-1119,2025-07-09,512,158617
KROGER-1119,2025-07-10,439,159056
KROGER-1119,2025-07-11,504,159560
KROGER-1119,2025-07-12,451,160011
KROGER-1119,2025-07-13,455,160466
KROGER-1119,2025-07-14,455,160921
KROGER-1119,2025-07-15,555,161476
KROGER-1119,2025-07-16,466,161942
KROGER-1119,2025-07-17,548,162490
KROGER-1119,2025-07-18,501,162991
KROGER-1119,2025-07-19,497,163488
KROGER-1119,2025-07-20,515,164003
KROGER-1119,2025-07-21,496,164499
KROGER-1119,2025-07-22,500,164999
KROGER-1119,2025-07-23,535,165534
KROGER-1119,2025-07-24,487,166021
KROGER-1119,2025-07-25,507,166528
KROGER-1119,2025-07-26,587,167115
KROGER-1119,2025-07-27,444,167559
KROGER-1119,2025-07-28,479,168038
KROGER-1119,2025-07-29,514,168552
KROGER-1119,2025-07-30,430,168982
KROGER-1119,2025-07-31,446,169428
KROGER-1119,2025-08-01,447,169875
KROGER-1119,2025-08-02,523,170398
KROGER-1119,2025-08-03,529,170927
KROGER-1119,2025-08-04,449,171376
KROGER-1119,2025-08-05,500,171876
KROGER-1119,2025-08-06,458,172334
KROGER-1119,2025-08-07,532,172866
KROGER-1119,2025-08-08,503,173369
KROGER-1119,2025-08-09,537,173906
KROGER-1119,2025-08-10,572,174478
KROGER-1119,2025-08-11,510,174988
KROGER-1119,2025-08-12,461,175449
KROGER-1119,2025-08-13,488,175937
KROGER-1119,2025-08-14,433,176370
KROGER-1119,2025-08-15,441,176811
KROGER-1119,2025-08-16,544,177355
KROGER-1119,2025-08-17,528,177883
KROGER-1119,2025-08-18,493,178376
KROGER-1119,2025-08-19,437,178813
KROGER-1119,2025-08-20,502,179315
KROGER-1119,2025-08-21,458,179773
KROGER-1119,2025-08-22,445,180218
KROGER-1119,2025-08-23,470,180688
KROGER-1119,2025-08-24,531,181219
KROGER-1119,2025-08-25,501,181720
KROGER-1119,2025-08-26,484,182204
KROGER-1119,2025-08-27,400,182604
KROGER-1119,2025-08-28,525,183129
KROGER-1119,2025-08-29,516,183645
KROGER-1119,2025-08-30,485,184130
KROGER-1119,2025-08-31,563,184693
LEX-1120,2024-09-01,466,466
LEX-1120,2024-09-02,1020,1486
LEX-1120,2024-09-03,1021,2507
LEX-1120,2024-09-04,1032,3539
LEX-1120,2024-09-05,900,4439
LEX-1120,2024-09-06,885,5324
LEX-1120,2024-09-07,502,5826
LEX-1120,2024-09-08,470,6296
LEX-1120,2024-09-09,1039,7335
LEX-1120,2024-09-10,1023,8358
LEX-1120,2024-09-11,1120,9478
LEX-1120,2024-09-12,1118,10596
LEX-1120,2024-09-13,1017,11613
LEX-1120,2024-09-14,566,12179
LEX-1120,2024-09-15,514,12693
LEX-1120,2024-09-16,1009,13702
LEX-1120,2024-09-17,1151,14853
LEX-1120,2024-09-18,935,15788
LEX-1120,2024-09-19,887,16675
LEX-1120,2024-09-20,994,17669
LEX-1120,2024-09-21,513,18182
LEX-1120,2024-09-22,531,18713
LEX-1120,2024-09-23,920,19633
LEX-1120,2024-09-24,1000,20633
LEX-1120,2024-09-25,914,21547
LEX-1120,2024-09-26,989,22536
LEX-1120,2024-09-27,1121,23657
LEX-1120,2024-09-28,512,24169
LEX-1120,2024-09-29,467,24636
LEX-1120,2024-09-30,853,25489
LEX-1120,2024-10-01,614,26103
LEX-1120,2024-10-02,632,26735
LEX-1120,2024-10-03,633,27368
LEX-1120,2024-10-04,566,27934
LEX-1120,2024-10-05,321,28255
LEX-1120,2024-10-06,271,28526
LEX-1120,2024-10-07,639,29165
LEX-1120,2024-10-08,625,29790
LEX-1120,2024-10-09,666,30456
LEX-1120,2024-10-10,688,31144
LEX-1120,2024-10-11,514,31658
LEX-1120,2024-10-12,333,31991
LEX-1120,2024-10-13,343,32334
LEX-1120,2024-10-14,667,33001
LEX-1120,2024-10-15,605,33606
LEX-1120,2024-10-16,688,34294
LEX-1120,2024-10-17,604,34898
LEX-1120,2024-10-18,578,35476
LEX-1120,2024-10-19,316,35792
LEX-1120,2024-10-20,313,36105
LEX-1120,2024-10-21,677,36782
LEX-1120,2024-10-22,598,37380
LEX-1120,2024-10-23,639,38019
LEX-1120,2024-10-24,574,38593
LEX-1120,2024-10-25,700,39293
LEX-1120,2024-10-26,331,39624
LEX-1120,2024-10-27,259,39883
LEX-1120,2024-10-28,693,40576
LEX-1120,2024-10-29,641,41217
LEX-1120,2024-10-30,637,41854
LEX-1120,2024-10-31,724,42578
LEX-1120,2024-11-01,550,43128
LEX-1120,2024-11-02,327,43455
LEX-1120,2024-11-03,307,43762
LEX-1120,2024-11-04,586,44348
LEX-1120,2024-11-05,701,45049
LEX-1120,2024-11-06,588,45637
LEX-1120,2024-11-07,603,46240
LEX-1120,2024-11-08,648,46888
LEX-1120,2024-11-09,346,47234
LEX-1120,2024-11-10,308,47542
LEX-1120,2024-11-11,674,48216
LEX-1120,2024-11-12,718,48934
LEX-1120,2024-11-13,722,49656
LEX-1120,2024-11-14,695,50351
LEX-1120,2024-11-15,695,51046
LEX-1120,2024-11-16,341,51387
LEX-1120,2024-11-17,282,51669
LEX-1120,2024-11-18,653,52322
LEX-1120,2024-11-19,655,52977
LEX-1120,2024-11-20,662,53639
LEX-1120,2024-11-21,588,54227
LEX-1120,2024-11-22,662,54889
LEX-1120,2024-11-23,342,55231
LEX-1120,2024-11-24,323,55554
LEX-1120,2024-11-25,579,56133
LEX-1120,2024-11-26,603,56736
LEX-1120,2024-11-27,653,57389
LEX-1120,2024-11-28,640,58029
LEX-1120,2024-11-29,560,58589
LEX-1120,2024-11-30,324,58913
LEX-1120,2024-12-01,461,59374
LEX-1120,2024-12-02,930,60304
LEX-1120,2024-12-03,922,61226
LEX-1120,2024-12-04,892,62118
LEX-1120,2024-12-05,839,62957
LEX-1120,2024-12-06,902,63859
LEX-1120,2024-12-07,512,64371
LEX-1120,2024-12-08,515,64886
LEX-1120,2024-12-09,986,65872
LEX-1120,2024-12-10,986,66858
LEX-1120,2024-12-11,1017,67875
LEX-1120,2024-12-12,960,68835
LEX-1120,2024-12-13,953,69788
LEX-1120,2024-12-14,517,70305
LEX-1120,2024-12-15,551,70856
LEX-1120,2024-12-16,943,71799
LEX-1120,2024-12-17,1019,72818
LEX-1120,2024-12-18,935,73753
LEX-1120,2024-12-19,1048,74801
LEX-1120,2024-12-20,1216,76017
LEX-1120,2024-12-21,530,76547
LEX-1120,2024-12-22,522,77069
LEX-1120,2024-12-23,1048,78117
LEX-1120,2024-12-24,1025,79142
LEX-1120,2024-12-25,989,80131
LEX-1120,2024-12-26,906,81037
LEX-1120,2024-12-27,1013,82050
LEX-1120,2024-12-28,503,82553
LEX-1120,2024-12-29,501,83054
LEX-1120,2024-12-30,1031,84085
LEX-1120,2024-12-31,1057,85142
LEX-1120,2025-01-01,653,85795
LEX-1120,2025-01-02,619,86414
LEX-1120,2025-01-03,653,87067
LEX-1120,2025-01-04,296,87363
LEX-1120,2025-01-05,275,87638
LEX-1120,2025-01-06,606,88244
LEX-1120,2025-01-07,633,88877
LEX-1120,2025-01-08,545,89422
LEX-1120,2025-01-09,638,90060
LEX-1120,2025-01-10,642,90702
LEX-1120,2025-01-11,337,91039
LEX-1120,2025-01-12,325,91364
LEX-1120,2025-01-13,566,91930
LEX-1120,2025-01-14,648,92578
LEX-1120,2025-01-15,634,93212
LEX-1120,2025-01-16,654,93866
LEX-1120,2025-01-17,686,94552
LEX-1120,2025-01-18,298,94850
LEX-1120,2025-01-19,308,95158
LEX-1120,2025-01-20,631,95789
LEX-1120,2025-01-21,609,96398
LEX-1120,2025-01-22,534,96932
LEX-1120,2025-01-23,676,97608
LEX-1120,2025-01-24,526,98134
LEX-1120,2025-01-25,323,98457
LEX-1120,2025-01-26,284,98741
LEX-1120,2025-01-27,581,99322
LEX-1120,2025-01-28,664,99986
LEX-1120,2025-01-29,696,100682
LEX-1120,2025-01-30,649,101331
LEX-1120,2025-01-31,619,101950
LEX-1120,2025-02-01,312,102262
LEX-1120,2025-02-02,348,102610
LEX-1120,2025-02-03,692,103302
LEX-1120,2025-02-04,658,103960
LEX-1120,2025-02-05,692,104652
LEX-1120,2025-02-06,609,105261
LEX-1120,2025-02-07,668,105929
LEX-1120,2025-02-08,284,106213
LEX-1120,2025-02-09,303,106516
LEX-1120,2025-02-10,613,107129
LEX-1120,2025-02-11,691,107820
LEX-1120,2025-02-12,622,108442
LEX-1120,2025-02-13,681,109123
LEX-1120,2025-02-14,604,109727
LEX-1120,2025-02-15,335,110062
LEX-1120,2025-02-16,330,110392
LEX-1120,2025-02-17,521,110913
LEX-1120,2025-02-18,683,111596
LEX-1120,2025-02-19,605,112201
LEX-1120,2025-02-20,570,112771
LEX-1120,2025-02-21,588,113359
LEX-1120,2025-02-22,302,113661
LEX-1120,2025-02-23,295,113956
LEX-1120,2025-02-24,588,114544
LEX-1120,2025-02-25,620,115164
LEX-1120,2025-02-26,654,115818
LEX-1120,2025-02-27,691,116509
LEX-1120,2025-02-28,714,117223
LEX-1120,2025-03-01,596,117819
LEX-1120,2025-03-02,519,118338
LEX-1120,2025-03-03,1000,119338
LEX-1120,2025-03-04,1071,120409
LEX-1120,2025-03-05,920,121329
LEX-1120,2025-03-06,994,122323
LEX-1120,2025-03-07,1045,123368
LEX-1120,2025-03-08,468,123836
LEX-1120,2025-03-09,546,124382
LEX-1120,2025-03-10,1050,125432
LEX-1120,2025-03-11,982,126414
LEX-1120,2025-03-12,1045,127459
LEX-1120,2025-03-13,995,128454
LEX-1120,2025-03-14,871,129325
LEX-1120,2025-03-15,550,129875
LEX-1120,2025-03-16,503,130378
LEX-1120,2025-03-17,1036,131414
LEX-1120,2025-03-18,1065,132479
LEX-1120,2025-03-19,865,133344
LEX-1120,2025-03-20,1002,134346
LEX-1120,2025-03-21,954,135300
LEX-1120,2025-03-22,563,135863
LEX-1120,2025-03-23,504,136367
LEX-1120,2025-03-24,1001,137368
LEX-1120,2025-03-25,979,138347
LEX-1120,2025-03-26,1139,139486
LEX-1120,2025-03-27,954,140440
LEX-1120,2025-03-28,930,141370
LEX-1120,2025-03-29,473,141843
LEX-1120,2025-03-30,480,142323
LEX-1120,2025-03-31,1009,143332
LEX-1120,2025-04-01,667,143999
LEX-1120,2025-04-02,591,144590
LEX-1120,2025-04-03,707,145297
LEX-1120,2025-04-04,648,145945
LEX-1120,2025-04-05,280,146225
LEX-1120,2025-04-06,267,146492
LEX-1120,2025-04-07,633,147125
LEX-1120,2025-04-08,599,147724
LEX-1120,2025-04-09,588,148312
LEX-1120,2025-04-10,602,148914
LEX-1120,2025-04-11,602,149516
LEX-1120,2025-04-12,322,149838
LEX-1120,2025-04-13,328,150166
LEX-1120,2025-04-14,628,150794
LEX-1120,2025-04-15,644,151438
LEX-1120,2025-04-16,582,152020
LEX-1120,2025-04-17,616,152636
LEX-1120,2025-04-18,642,153278
LEX-1120,2025-04-19,317,153595
LEX-1120,2025-04-20,335,153930
LEX-1120,2025-04-21,636,154566
LEX-1120,2025-04-22,529,155095
LEX-1120,2025-04-23,603,155698
LEX-1120,2025-04-24,713,156411
LEX-1120,2025-04-25,601,157012
LEX-1120,2025-04-26,310,157322
LEX-1120,2025-04-27,262,157584
LEX-1120,2025-04-28,579,158163
LEX-1120,2025-04-29,596,158759
LEX-1120,2025-04-30,730,159489
LEX-1120,2025-05-01,632,160121
LEX-1120,2025-05-02,624,160745
LEX-1120,2025-05-03,320,161065
LEX-1120,2025-05-04,270,161335
LEX-1120,2025-05-05,614,161949
LEX-1120,2025-05-06,660,162609
LEX-1120,2025-05-07,654,163263
LEX-1120,2025-05-08,704,163967
LEX-1120,2025-05-09,675,164642
LEX-1120,2025-05-10,326,164968
LEX-1120,2025-05-11,317,165285
LEX-1120,2025-05-12,609,165894
LEX-1120,2025-05-13,658,166552
LEX-1120,2025-05-14,649,167201
LEX-1120,2025-05-15,614,167815
LEX-1120,2025-05-16,589,168404
LEX-1120,2025-05-17,315,168719
LEX-1120,2025-05-18,345,169064
LEX-1120,2025-05-19,638,169702
LEX-1120,2025-05-20,634,170336
LEX-1120,2025-05-21,654,170990
LEX-1120,2025-05-22,657,171647
LEX-1120,2025-05-23,645,172292
LEX-1120,2025-05-24,315,172607
LEX-1120,2025-05-25,303,172910
LEX-1120,2025-05-26,683,173593
LEX-1120,2025-05-27,611,174204
LEX-1120,2025-05-28,712,174916
LEX-1120,2025-05-29,640,175556
LEX-1120,2025-05-30,635,176191
LEX-1120,2025-05-31,335,176526
LEX-1120,2025-06-01,479,177005
LEX-1120,2025-06-02,1059,178064
LEX-1120,2025-06-03,1022,179086
LEX-1120,2025-06-04,1046,180132
LEX-1120,2025-06-05,957,181089
LEX-1120,2025-06-06,956,182045
LEX-1120,2025-06-07,432,182477
LEX-1120,2025-06-08,487,182964
LEX-1120,2025-06-09,971,183935
LEX-1120,2025-06-10,958,184893
LEX-1120,2025-06-11,1003,185896
LEX-1120,2025-06-12,1018,186914
LEX-1120,2025-06-13,1053,187967
LEX-1120,2025-06-14,529,188496
LEX-1120,2025-06-15,532,189028
LEX-1120,2025-06-16,1069,190097
LEX-1120,2025-06-17,1035,191132
LEX-1120,2025-06-18,1017,192149
LEX-1120,2025-06-19,1088,193237
LEX-1120,2025-06-20,1069,194306
LEX-1120,2025-06-21,446,194752
LEX-1120,2025-06-22,499,195251
LEX-1120,2025-06-23,866,196117
LEX-1120,2025-06-24,865,196982
LEX-1120,2025-06-25,971,197953
LEX-1120,2025-06-26,1002,198955
LEX-1120,2025-06-27,978,199933
LEX-1120,2025-06-28,434,200367
LEX-1120,2025-06-29,537,200904
LEX-1120,2025-06-30,955,201859
LEX-1120,2025-07-01,657,202516
LEX-1120,2025-07-02,598,203114
LEX-1120,2025-07-03,607,203721
LEX-1120,2025-07-04,655,204376
LEX-1120,2025-07-05,307,204683
LEX-1120,2025-07-06,320,205003
LEX-1120,2025-07-07,647,205650
LEX-1120,2025-07-08,560,206210
LEX-1120,2025-07-09,657,206867
LEX-1120,2025-07-10,585,207452
LEX-1120,2025-07-11,576,208028
LEX-1120,2025-07-12,298,208326
LEX-1120,2025-07-13,337,208663
LEX-1120,2025-07-14,552,209215
LEX-1120,2025-07-15,666,209881
LEX-1120,2025-07-16,650,210531
LEX-1120,2025-07-17,636,211167
LEX-1120,2025-07-18,645,211812
LEX-1120,2025-07-19,309,212121
LEX-1120,2025-07-20,333,212454
LEX-1120,2025-07-21,611,213065
LEX-1120,2025-07-22,550,213615
LEX-1120,2025-07-23,629,214244
LEX-1120,2025-07-24,673,214917
LEX-1120,2025-07-25,657,215574
LEX-1120,2025-07-26,362,215936
LEX-1120,2025-07-27,310,216246
LEX-1120,2025-07-28,624,216870
LEX-1120,2025-07-29,621,217491
LEX-1120,2025-07-30,593,218084
LEX-1120,2025-07-31,609,218693
LEX-1120,2025-08-01,580,219273
LEX-1120,2025-08-02,258,219531
LEX-1120,2025-08-03,301,219832
LEX-1120,2025-08-04,634,220466
LEX-1120,2025-08-05,665,221131
LEX-1120,2025-08-06,603,221734
LEX-1120,2025-08-07,604,222338
LEX-1120,2025-08-08,685,223023
LEX-1120,2025-08-09,282,223305
LEX-1120,2025-08-10,312,223617
LEX-1120,2025-08-11,681,224298
LEX-1120,2025-08-12,597,224895
LEX-1120,2025-08-13,555,225450
LEX-1120,2025-08-14,719,226169
LEX-1120,2025-08-15,673,226842
LEX-1120,2025-08-16,337,227179
LEX-1120,2025-08-17,314,227493
LEX-1120,2025-08-18,665,228158
LEX-1120,2025-08-19,506,228664
LEX-1120,2025-08-20,610,229274
LEX-1120,2025-08-21,681,229955
LEX-1120,2025-08-22,562,230517
LEX-1120,2025-08-23,308,230825
LEX-1120,2025-08-24,324,231149
LEX-1120,2025-08-25,593,231742
LEX-1120,2025-08-26,633,232375
LEX-1120,2025-08-27,652,233027
LEX-1120,2025-08-28,648,233675
LEX-1120,2025-08-29,612,234287
LEX-1120,2025-08-30,295,234582
LEX-1120,2025-08-31,326,234908
LEX-1121,2024-09-01,421,421
LEX-1121,2024-09-02,839,1260
LEX-1121,2024-09-03,828,2088
LEX-1121,2024-09-04,842,2930
LEX-1121,2024-09-05,878,3808
LEX-1121,2024-09-06,840,4648
LEX-1121,2024-09-07,413,5061
LEX-1121,2024-09-08,392,5453
LEX-1121,2024-09-09,911,6364
LEX-1121,2024-09-10,746,7110
LEX-1121,2024-09-11,807,7917
LEX-1121,2024-09-12,787,8704
LEX-1121,2024-09-13,700,9404
LEX-1121,2024-09-14,421,9825
LEX-1121,2024-09-15,403,10228
LEX-1121,2024-09-16,822,11050
LEX-1121,2024-09-17,808,11858
LEX-1121,2024-09-18,869,12727
LEX-1121,2024-09-19,878,13605
LEX-1121,2024-09-20,748,14353
LEX-1121,2024-09-21,468,14821
LEX-1121,2024-09-22,402,15223
LEX-1121,2024-09-23,859,16082
LEX-1121,2024-09-24,832,16914
LEX-1121,2024-09-25,827,17741
LEX-1121,2024-09-26,857,18598
LEX-1121,2024-09-27,907,19505
LEX-1121,2024-09-28,435,19940
LEX-1121,2024-09-29,402,20342
LEX-1121,2024-09-30,814,21156
LEX-1121,2024-10-01,489,21645
LEX-1121,2024-10-02,542,22187
LEX-1121,2024-10-03,537,22724
LEX-1121,2024-10-04,498,23222
LEX-1121,2024-10-05,283,23505
LEX-1121,2024-10-06,278,23783
LEX-1121,2024-10-07,587,24370
LEX-1121,2024-10-08,480,24850
LEX-1121,2024-10-09,508,25358
LEX-1121,2024-10-10,504,25862
LEX-1121,2024-10-11,619,26481
LEX-1121,2024-10-12,256,26737
LEX-1121,2024-10-13,282,27019
LEX-1121,2024-10-14,555,27574
LEX-1121,2024-10-15,509,28083
LEX-1121,2024-10-16,515,28598
LEX-1121,2024-10-17,534,29132
LEX-1121,2024-10-18,564,29696
LEX-1121,2024-10-19,252,29948
LEX-1121,2024-10-20,245,30193
LEX-1121,2024-10-21,551,30744
LEX-1121,2024-10-22,465,31209
LEX-1121,2024-10-23,523,31732
LEX-1121,2024-10-24,556,32288
LEX-1121,2024-10-25,530,32818
LEX-1121,2024-10-26,244,33062
LEX-1121,2024-10-27,235,33297
LEX-1121,2024-10-28,561,33858
LEX-1121,2024-10-29,505,34363
LEX-1121,2024-10-30,475,34838
LEX-1121,2024-10-31,559,35397
LEX-1121,2024-11-01,545,35942
LEX-1121,2024-11-02,234,36176
LEX-1121,2024-11-03,307,36483
LEX-1121,2024-11-04,490,36973
LEX-1121,2024-11-05,544,37517
LEX-1121,2024-11-06,594,38111
LEX-1121,2024-11-07,549,38660
LEX-1121,2024-11-08,523,39183
LEX-1121,2024-11-09,227,39410
LEX-1121,2024-11-10,298,39708
LEX-1121,2024-11-11,548,40256
LEX-1121,2024-11-12,454,40710
LEX-1121,2024-11-13,576,41286
LEX-1121,2024-11-14,515,41801
LEX-1121,2024-11-15,501,42302
LEX-1121,2024-11-16,244,42546
LEX-1121,2024-11-17,259,42805
LEX-1121,2024-11-18,545,43350
LEX-1121,2024-11-19,492,43842
LEX-1121,2024-11-20,518,44360
LEX-1121,2024-11-21,651,45011
LEX-1121,2024-11-22,532,45543
LEX-1121,2024-11-23,276,45819
LEX-1121,2024-11-24,236,46055
LEX-1121,2024-11-25,457,46512
LEX-1121,2024-11-26,572,47084
LEX-1121,2024-11-27,561,47645
LEX-1121,2024-11-28,583,48228
LEX-1121,2024-11-29,509,48737
LEX-1121,2024-11-30,282,49019
LEX-1121,2024-12-01,326,49345
LEX-1121,2024-12-02,856,50201
LEX-1121,2024-12-03,888,51089
LEX-1121,2024-12-04,775,51864
LEX-1121,2024-12-05,889,52753
LEX-1121,2024-12-06,808,53561
LEX-1121,2024-12-07,407,53968
LEX-1121,2024-12-08,401,54369
LEX-1121,2024-12-09,924,55293
LEX-1121,2024-12-10,790,56083
LEX-1121,2024-12-11,782,56865
LEX-1121,2024-12-12,764,57629
LEX-1121,2024-12-13,796,58425
LEX-1121,2024-12-14,416,58841
LEX-1121,2024-12-15,431,59272
LEX-1121,2024-12-16,771,60043
LEX-1121,2024-12-17,845,60888
LEX-1121,2024-12-18,860,61748
LEX-1121,2024-12-19,759,62507
LEX-1121,2024-12-20,824,63331
LEX-1121,2024-12-21,407,63738
LEX-1121,2024-12-22,412,64150
LEX-1121,2024-12-23,785,64935
LEX-1121,2024-12-24,811,65746
LEX-1121,2024-12-25,822,66568
LEX-1121,2024-12-26,942,67510
LEX-1121,2024-12-27,823,68333
LEX-1121,2024-12-28,454,68787
LEX-1121,2024-12-29,456,69243
LEX-1121,2024-12-30,733,69976
LEX-1121,2024-12-31,801,70777
LEX-1121,2025-01-01,570,71347
LEX-1121,2025-01-02,520,71867
LEX-1121,2025-01-03,508,72375
LEX-1121,2025-01-04,271,72646
LEX-1121,2025-01-05,278,72924
LEX-1121,2025-01-06,511,73435
LEX-1121,2025-01-07,501,73936
LEX-1121,2025-01-08,415,74351
LEX-1121,2025-01-09,514,74865
LEX-1121,2025-01-10,497,75362
LEX-1121,2025-01-11,235,75597
LEX-1121,2025-01-12,252,75849
LEX-1121,2025-01-13,495,76344
LEX-1121,2025-01-14,519,76863
LEX-1121,2025-01-15,501,77364
LEX-1121,2025-01-16,531,77895
LEX-1121,2025-01-17,519,78414
LEX-1121,2025-01-18,282,78696
LEX-1121,2025-01-19,245,78941
LEX-1121,2025-01-20,585,79526
LEX-1121,2025-01-21,556,80082
LEX-1121,2025-01-22,573,80655
LEX-1121,2025-01-23,523,81178
LEX-1121,2025-01-24,501,81679
LEX-1121,2025-01-25,245,81924
LEX-1121,2025-01-26,292,82216
LEX-1121,2025-01-27,557,82773
LEX-1121,2025-01-28,471,83244
LEX-1121,2025-01-29,552,83796
LEX-1121,2025-01-30,478,84274
LEX-1121,2025-01-31,526,84800
LEX-1121,2025-02-01,273,85073
LEX-1121,2025-02-02,286,85359
LEX-1121,2025-02-03,522,85881
LEX-1121,2025-02-04,507,86388
LEX-1121,2025-02-05,514,86902
LEX-1121,2025-02-06,556,87458
LEX-1121,2025-02-07,545,88003
LEX-1121,2025-02-08,256,88259
LEX-1121,2025-02-09,218,88477
LEX-1121,2025-02-10,412,88889
LEX-1121,2025-02-11,522,89411
LEX-1121,2025-02-12,464,89875
LEX-1121,2025-02-13,491,90366
LEX-1121,2025-02-14,503,90869
LEX-1121,2025-02-15,299,91168
LEX-1121,2025-02-16,258,91426
LEX-1121,2025-02-17,542,91968
LEX-1121,2025-02-18,533,92501
LEX-1121,2025-02-19,413,92914
LEX-1121,2025-02-20,496,93410
LEX-1121,2025-02-21,462,93872
LEX-1121,2025-02-22,291,94163
LEX-1121,2025-02-23,219,94382
LEX-1121,2025-02-24,495,94877
LEX-1121,2025-02-25,502,95379
LEX-1121,2025-02-26,472,95851
LEX-1121,2025-02-27,516,96367
LEX-1121,2025-02-28,511,96878
LEX-1121,2025-03-01,415,97293
LEX-1121,2025-03-02,426,97719
LEX-1121,2025-03-03,836,98555
LEX-1121,2025-03-04,845,99400
LEX-1121,2025-03-05,893,100293
LEX-1121,2025-03-06,712,101005
LEX-1121,2025-03-07,866,101871
LEX-1121,2025-03-08,375,102246
LEX-1121,2025-03-09,389,102635
LEX-1121,2025-03-10,828,103463
LEX-1121,2025-03-11,847,104310
LEX-1121,2025-03-12,855,105165
LEX-1121,2025-03-13,758,105923
LEX-1121,2025-03-14,927,106850
LEX-1121,2025-03-15,396,107246
LEX-1121,2025-03-16,386,107632
LEX-1121,2025-03-17,737,108369
LEX-1121,2025-03-18,730,109099
LEX-1121,2025-03-19,728,109827
LEX-1121,2025-03-20,841,110668
LEX-1121,2025-03-21,860,111528
LEX-1121,2025-03-22,381,111909
LEX-1121,2025-03-23,372,112281
LEX-1121,2025-03-24,806,113087
LEX-1121,2025-03-25,826,113913
LEX-1121,2025-03-26,837,114750
LEX-1121,2025-03-27,757,115507
LEX-1121,2025-03-28,809,116316
LEX-1121,2025-03-29,461,116777
LEX-1121,2025-03-30,371,117148
LEX-1121,2025-03-31,818,117966
LEX-1121,2025-04-01,533,118499
LEX-1121,2025-04-02,473,118972
LEX-1121,2025-04-03,537,119509
LEX-1121,2025-04-04,457,119966
LEX-1121,2025-04-05,269,120235
LEX-1121,2025-04-06,257,120492
LEX-1121,2025-04-07,454,120946
LEX-1121,2025-04-08,541,121487
LEX-1121,2025-04-09,476,121963
LEX-1121,2025-04-10,506,122469
LEX-1121,2025-04-11,538,123007
LEX-1121,2025-04-12,236,123243
LEX-1121,2025-04-13,245,123488
LEX-1121,2025-04-14,559,124047
LEX-1121,2025-04-15,427,124474
LEX-1121,2025-04-16,571,125045
LEX-1121,2025-04-17,452,125497
LEX-1121,2025-04-18,484,125981
LEX-1121,2025-04-19,262,126243
LEX-1121,2025-04-20,268,126511
LEX-1121,2025-04-21,525,127036
LEX-1121,2025-04-22,514,127550
LEX-1121,2025-04-23,494,128044
LEX-1121,2025-04-24,576,128620
LEX-1121,2025-04-25,544,129164
LEX-1121,2025-04-26,280,129444
LEX-1121,2025-04-27,247,129691
LEX-1121,2025-04-28,417,130108
LEX-1121,2025-04-29,554,130662
LEX-1121,2025-04-30,527,131189
LEX-1121,2025-05-01,520,131709
LEX-1121,2025-05-02,489,132198
LEX-1121,2025-05-03,249,132447
LEX-1121,2025-05-04,244,132691
LEX-1121,2025-05-05,514,133205
LEX-1121,2025-05-06,466,133671
LEX-1121,2025-05-07,544,134215
LEX-1121,2025-05-08,596,134811
LEX-1121,2025-05-09,488,135299
LEX-1121,2025-05-10,223,135522
LEX-1121,2025-05-11,254,135776
LEX-1121,2025-05-12,525,136301
LEX-1121,2025-05-13,531,136832
LEX-1121,2025-05-14,578,137410
LEX-1121,2025-05-15,546,137956
LEX-1121,2025-05-16,438,138394
LEX-1121,2025-05-17,231,138625
LEX-1121,2025-05-18,264,138889
LEX-1121,2025-05-19,494,139383
LEX-1121,2025-05-20,574,139957
LEX-1121,2025-05-21,474,140431
LEX-1121,2025-05-22,552,140983
LEX-1121,2025-05-23,486,141469
LEX-1121,2025-05-24,261,141730
LEX-1121,2025-05-25,239,141969
LEX-1121,2025-05-26,535,142504
LEX-1121,2025-05-27,556,143060
LEX-1121,2025-05-28,523,143583
LEX-1121,2025-05-29,591,144174
LEX-1121,2025-05-30,483,144657
LEX-1121,2025-05-31,258,144915
LEX-1121,2025-06-01,438,145353
LEX-1121,2025-06-02,758,146111
LEX-1121,2025-06-03,824,146935
LEX-1121,2025-06-04,864,147799
LEX-1121,2025-06-05,881,148680
LEX-1121,2025-06-06,895,149575
LEX-1121,2025-06-07,381,149956
LEX-1121,2025-06-08,419,150375
LEX-1121,2025-06-09,734,151109
LEX-1121,2025-06-10,772,151881
LEX-1121,2025-06-11,809,152690
LEX-1121,2025-06-12,895,153585
LEX-1121,2025-06-13,855,154440
LEX-1121,2025-06-14,411,154851
LEX-1121,2025-06-15,424,155275
LEX-1121,2025-06-16,854,156129
LEX-1121,2025-06-17,844,156973
LEX-1121,2025-06-18,782,157755
LEX-1121,2025-06-19,757,158512
LEX-1121,2025-06-20,805,159317
LEX-1121,2025-06-21,384,159701
LEX-1121,2025-06-22,430,160131
LEX-1121,2025-06-23,920,161051
LEX-1121,2025-06-24,857,161908
LEX-1121,2025-06-25,701,162609
LEX-1121,2025-06-26,778,163387
LEX-1121,2025-06-27,821,164208
LEX-1121,2025-06-28,363,164571
LEX-1121,2025-06-29,411,164982
LEX-1121,2025-06-30,851,165833
LEX-1121,2025-07-01,570,166403
LEX-1121,2025-07-02,587,166990
LEX-1121,2025-07-03,463,167453
LEX-1121,2025-07-04,508,167961
LEX-1121,2025-07-05,254,168215
LEX-1121,2025-07-06,241,168456
LEX-1121,2025-07-07,516,168972
LEX-1121,2025-07-08,509,169481
LEX-1121,2025-07-09,538,170019
LEX-1121,2025-07-10,568,170587
LEX-1121,2025-07-11,518,171105
LEX-1121,2025-07-12,246,171351
LEX-1121,2025-07-13,235,171586
LEX-1121,2025-07-14,596,172182
LEX-1121,2025-07-15,550,172732
LEX-1121,2025-07-16,529,173261
LEX-1121,2025-07-17,506,173767
LEX-1121,2025-07-18,578,174345
LEX-1121,2025-07-19,253,174598
LEX-1121,2025-07-20,221,174819
LEX-1121,2025-07-21,523,175342
LEX-1121,2025-07-22,462,175804
LEX-1121,2025-07-23,523,176327
LEX-1121,2025-07-24,567,176894
LEX-1121,2025-07-25,444,177338
LEX-1121,2025-07-26,237,177575
LEX-1121,2025-07-27,274,177849
LEX-1121,2025-07-28,492,178341
LEX-1121,2025-07-29,529,178870
LEX-1121,2025-07-30,529,179399
LEX-1121,2025-07-31,549,179948
LEX-1121,2025-08-01,486,180434
LEX-1121,2025-08-02,204,180638
LEX-1121,2025-08-03,264,180902
LEX-1121,2025-08-04,448,181350
LEX-1121,2025-08-05,551,181901
LEX-1121,2025-08-06,511,182412
LEX-1121,2025-08-07,500,182912
LEX-1121,2025-08-08,541,183453
LEX-1121,2025-08-09,220,183673
LEX-1121,2025-08-10,252,183925
LEX-1121,2025-08-11,531,184456
LEX-1121,2025-08-12,523,184979
LEX-1121,2025-08-13,492,185471
LEX-1121,2025-08-14,493,185964
LEX-1121,2025-08-15,576,186540
LEX-1121,2025-08-16,275,186815
LEX-1121,2025-08-17,242,187057
LEX-1121,2025-08-18,568,187625
LEX-1121,2025-08-19,543,188168
LEX-1121,2025-08-20,532,188700
LEX-1121,2025-08-21,534,189234
LEX-1121,2025-08-22,465,189699
LEX-1121,2025-08-23,287,189986
LEX-1121,2025-08-24,275,190261
LEX-1121,2025-08-25,522,190783
LEX-1121,2025-08-26,522,191305
LEX-1121,2025-08-27,509,191814
LEX-1121,2025-08-28,489,192303
LEX-1121,2025-08-29,534,192837
LEX-1121,2025-08-30,273,193110
LEX-1121,2025-08-31,293,193403
LEX-1122,2024-09-01,749,749
LEX-1122,2024-09-02,1462,2211
LEX-1122,2024-09-03,1289,3500
LEX-1122,2024-09-04,1430,4930
LEX-1122,2024-09-05,1551,6481
LEX-1122,2024-09-06,1500,7981
LEX-1122,2024-09-07,690,8671
LEX-1122,2024-09-08,747,9418
LEX-1122,2024-09-09,1364,10782
LEX-1122,2024-09-10,1365,12147
LEX-1122,2024-09-11,1317,13464
LEX-1122,2024-09-12,1193,14657
LEX-1122,2024-09-13,1443,16100
LEX-1122,2024-09-14,665,16765
LEX-1122,2024-09-15,678,17443
LEX-1122,2024-09-16,1395,18838
LEX-1122,2024-09-17,1279,20117
LEX-1122,2024-09-18,1435,21552
LEX-1122,2024-09-19,1325,22877
LEX-1122,2024-09-20,1330,24207
LEX-1122,2024-09-21,501,24708
LEX-1122,2024-09-22,678,25386
LEX-1122,2024-09-23,1242,26628
LEX-1122,2024-09-24,1303,27931
LEX-1122,2024-09-25,1259,29190
LEX-1122,2024-09-26,1266,30456
LEX-1122,2024-09-27,1317,31773
LEX-1122,2024-09-28,696,32469
LEX-1122,2024-09-29,750,33219
LEX-1122,2024-09-30,1358,34577
LEX-1122,2024-10-01,807,35384
LEX-1122,2024-10-02,817,36201
LEX-1122,2024-10-03,901,37102
LEX-1122,2024-10-04,866,37968
LEX-1122,2024-10-05,377,38345
LEX-1122,2024-10-06,395,38740
LEX-1122,2024-10-07,839,39579
LEX-1122,2024-10-08,823,40402
LEX-1122,2024-10-09,798,41200
LEX-1122,2024-10-10,822,42022
LEX-1122,2024-10-11,853,42875
LEX-1122,2024-10-12,430,43305
LEX-1122,2024-10-13,418,43723
LEX-1122,2024-10-14,896,44619
LEX-1122,2024-10-15,864,45483
LEX-1122,2024-10-16,766,46249
LEX-1122,2024-10-17,812,47061
LEX-1122,2024-10-18,825,47886
LEX-1122,2024-10-19,412,48298
LEX-1122,2024-10-20,391,48689
LEX-1122,2024-10-21,798,49487
LEX-1122,2024-10-22,895,50382
LEX-1122,2024-10-23,768,51150
LEX-1122,2024-10-24,815,51965
LEX-1122,2024-10-25,918,52883
LEX-1122,2024-10-26,414,53297
LEX-1122,2024-10-27,497,53794
LEX-1122,2024-10-28,942,54736
LEX-1122,2024-10-29,689,55425
LEX-1122,2024-10-30,762,56187
LEX-1122,2024-10-31,838,57025
LEX-1122,2024-11-01,813,57838
LEX-1122,2024-11-02,440,58278
LEX-1122,2024-11-03,438,58716
LEX-1122,2024-11-04,733,59449
LEX-1122,2024-11-05,912,60361
LEX-1122,2024-11-06,962,61323
LEX-1122,2024-11-07,743,62066
LEX-1122,2024-11-08,808,62874
LEX-1122,2024-11-09,406,63280
LEX-1122,2024-11-10,458,63738
LEX-1122,2024-11-11,934,64672
LEX-1122,2024-11-12,804,65476
LEX-1122,2024-11-13,803,66279
LEX-1122,2024-11-14,901,67180
LEX-1122,2024-11-15,819,67999
LEX-1122,2024-11-16,424,68423
LEX-1122,2024-11-17,448,68871
LEX-1122,2024-11-18,882,69753
LEX-1122,2024-11-19,853,70606
LEX-1122,2024-11-20,746,71352
LEX-1122,2024-11-21,873,72225
LEX-1122,2024-11-22,899,73124
LEX-1122,2024-11-23,442,73566
LEX-1122,2024-11-24,371,73937
LEX-1122,2024-11-25,888,74825
LEX-1122,2024-11-26,786,75611
LEX-1122,2024-11-27,673,76284
LEX-1122,2024-11-28,823,77107
LEX-1122,2024-11-29,757,77864
LEX-1122,2024-11-30,416,78280
LEX-1122,2024-12-01,600,78880
LEX-1122,2024-12-02,1311,80191
LEX-1122,2024-12-03,1160,81351
LEX-1122,2024-12-04,1261,82612
LEX-1122,2024-12-05,1369,83981
LEX-1122,2024-12-06,1522,85503
LEX-1122,2024-12-07,652,86155
LEX-1122,2024-12-08,666,86821
LEX-1122,2024-12-09,1419,88240
LEX-1122,2024-12-10,1377,89617
LEX-1122,2024-12-11,1382,90999
LEX-1122,2024-12-12,1408,92407
LEX-1122,2024-12-13,1293,93700
LEX-1122,2024-12-14,624,94324
LEX-1122,2024-12-15,681,95005
LEX-1122,2024-12-16,1085,96090
LEX-1122,2024-12-17,1114,97204
LEX-1122,2024-12-18,1493,98697
LEX-1122,2024-12-19,1455,100152
LEX-1122,2024-12-20,1261,101413
LEX-1122,2024-12-21,601,102014
LEX-1122,2024-12-22,695,102709
LEX-1122,2024-12-23,1408,104117
LEX-1122,2024-12-24,1238,105355
LEX-1122,2024-12-25,1320,106675
LEX-1122,2024-12-26,1141,107816
LEX-1122,2024-12-27,1287,109103
LEX-1122,2024-12-28,654,109757
LEX-1122,2024-12-29,675,110432
LEX-1122,2024-12-30,1570,112002
LEX-1122,2024-12-31,1208,113210
LEX-1122,2025-01-01,933,114143
LEX-1122,2025-01-02,794,114937
LEX-1122,2025-01-03,788,115725
LEX-1122,2025-01-04,451,116176
LEX-1122,2025-01-05,393,116569
LEX-1122,2025-01-06,774,117343
LEX-1122,2025-01-07,874,118217
LEX-1122,2025-01-08,865,119082
LEX-1122,2025-01-09,798,119880
LEX-1122,2025-01-10,953,120833
LEX-1122,2025-01-11,400,121233
LEX-1122,2025-01-12,363,121596
LEX-1122,2025-01-13,755,122351
LEX-1122,2025-01-14,753,123104
LEX-1122,2025-01-15,808,123912
LEX-1122,2025-01-16,929,124841
LEX-1122,2025-01-17,712,125553
LEX-1122,2025-01-18,473,126026
LEX-1122,2025-01-19,393,126419
LEX-1122,2025-01-20,794,127213
LEX-1122,2025-01-21,779,127992
LEX-1122,2025-01-22,797,128789
LEX-1122,2025-01-23,815,129604
LEX-1122,2025-01-24,823,130427
LEX-1122,2025-01-25,425,130852
LEX-1122,2025-01-26,346,131198
LEX-1122,2025-01-27,822,132020
LEX-1122,2025-01-28,865,132885
LEX-1122,2025-01-29,828,133713
LEX-1122,2025-01-30,814,134527
LEX-1122,2025-01-31,798,135325
LEX-1122,2025-02-01,451,135776
LEX-1122,2025-02-02,432,136208
LEX-1122,2025-02-03,818,137026
LEX-1122,2025-02-04,867,137893
LEX-1122,2025-02-05,894,138787
LEX-1122,2025-02-06,741,139528
LEX-1122,2025-02-07,866,140394
LEX-1122,2025-02-08,388,140782
LEX-1122,2025-02-09,459,141241
LEX-1122,2025-02-10,769,142010
LEX-1122,2025-02-11,831,142841
LEX-1122,2025-02-12,851,143692
LEX-1122,2025-02-13,709,144401
LEX-1122,2025-02-14,694,145095
LEX-1122,2025-02-15,402,145497
LEX-1122,2025-02-16,472,145969
LEX-1122,2025-02-17,820,146789
LEX-1122,2025-02-18,865,147654
LEX-1122,2025-02-19,625,148279
LEX-1122,2025-02-20,889,149168
LEX-1122,2025-02-21,866,150034
LEX-1122,2025-02-22,438,150472
LEX-1122,2025-02-23,418,150890
LEX-1122,2025-02-24,748,151638
LEX-1122,2025-02-25,783,152421
LEX-1122,2025-02-26,772,153193
LEX-1122,2025-02-27,869,154062
LEX-1122,2025-02-28,818,154880
LEX-1122,2025-03-01,711,155591
LEX-1122,2025-03-02,700,156291
LEX-1122,2025-03-03,1521,157812
LEX-1122,2025-03-04,1345,159157
LEX-1122,2025-03-05,1309,160466
LEX-1122,2025-03-06,1343,161809
LEX-1122,2025-03-07,1048,162857
LEX-1122,2025-03-08,647,163504
LEX-1122,2025-03-09,699,164203
LEX-1122,2025-03-10,1301,165504
LEX-1122,2025-03-11,1306,166810
LEX-1122,2025-03-12,1301,168111
LEX-1122,2025-03-13,1502,169613
LEX-1122,2025-03-14,1362,170975
LEX-1122,2025-03-15,658,171633
LEX-1122,2025-03-16,795,172428
LEX-1122,2025-03-17,1192,173620
LEX-1122,2025-03-18,1259,174879
LEX-1122,2025-03-19,1217,176096
LEX-1122,2025-03-20,1320,177416
LEX-1122,2025-03-21,1298,178714
LEX-1122,2025-03-22,684,179398
LEX-1122,2025-03-23,643,180041
LEX-1122,2025-03-24,1319,181360
LEX-1122,2025-03-25,1437,182797
LEX-1122,2025-03-26,1366,184163
LEX-1122,2025-03-27,1364,185527
LEX-1122,2025-03-28,1297,186824
LEX-1122,2025-03-29,614,187438
LEX-1122,2025-03-30,696,188134
LEX-1122,2025-03-31,1224,189358
LEX-1122,2025-04-01,939,190297
LEX-1122,2025-04-02,762,191059
LEX-1122,2025-04-03,818,191877
LEX-1122,2025-04-04,899,192776
LEX-1122,2025-04-05,414,193190
LEX-1122,2025-04-06,429,193619
LEX-1122,2025-04-07,843,194462
LEX-1122,2025-04-08,735,195197
LEX-1122,2025-04-09,768,195965
LEX-1122,2025-04-10,816,196781
LEX-1122,2025-04-11,827,197608
LEX-1122,2025-04-12,441,198049
LEX-1122,2025-04-13,419,198468
LEX-1122,2025-04-14,824,199292
LEX-1122,2025-04-15,807,200099
LEX-1122,2025-04-16,888,200987
LEX-1122,2025-04-17,789,201776
LEX-1122,2025-04-18,757,202533
LEX-1122,2025-04-19,411,202944
LEX-1122,2025-04-20,444,203388
LEX-1122,2025-04-21,794,204182
LEX-1122,2025-04-22,848,205030
LEX-1122,2025-04-23,771,205801
LEX-1122,2025-04-24,783,206584
LEX-1122,2025-04-25,929,207513
LEX-1122,2025-04-26,347,207860
LEX-1122,2025-04-27,392,208252
LEX-1122,2025-04-28,717,208969
LEX-1122,2025-04-29,780,209749
LEX-1122,2025-04-30,887,210636
LEX-1122,2025-05-01,933,211569
LEX-1122,2025-05-02,750,212319
LEX-1122,2025-05-03,440,212759
LEX-1122,2025-05-04,372,213131
LEX-1122,2025-05-05,789,213920
LEX-1122,2025-05-06,851,214771
LEX-1122,2025-05-07,715,215486
LEX-1122,2025-05-08,788,216274
LEX-1122,2025-05-09,828,217102
LEX-1122,2025-05-10,347,217449
LEX-1122,2025-05-11,389,217838
LEX-1122,2025-05-12,799,218637
LEX-1122,2025-05-13,784,219421
LEX-1122,2025-05-14,798,220219
LEX-1122,2025-05-15,855,221074
LEX-1122,2025-05-16,847,221921
LEX-1122,2025-05-17,459,222380
LEX-1122,2025-05-18,408,222788
LEX-1122,2025-05-19,732,223520
LEX-1122,2025-05-20,692,224212
LEX-1122,2025-05-21,922,225134
LEX-1122,2025-05-22,829,225963
LEX-1122,2025-05-23,853,226816
LEX-1122,2025-05-24,444,227260
LEX-1122,2025-05-25,423,227683
LEX-1122,2025-05-26,914,228597
LEX-1122,2025-05-27,883,229480
LEX-1122,2025-05-28,899,230379
LEX-1122,2025-05-29,778,231157
LEX-1122,2025-05-30,885,232042
LEX-1122,2025-05-31,431,232473
LEX-1122,2025-06-01,615,233088
LEX-1122,2025-06-02,1503,234591
LEX-1122,2025-06-03,1322,235913
LEX-1122,2025-06-04,1146,237059
LEX-1122,2025-06-05,1410,238469
LEX-1122,2025-06-06,1387,239856
LEX-1122,2025-06-07,652,240508
LEX-1122,2025-06-08,697,241205
LEX-1122,2025-06-09,1244,242449
LEX-1122,2025-06-10,1384,243833
LEX-1122,2025-06-11,1414,245247
LEX-1122,2025-06-12,1370,246617
LEX-1122,2025-06-13,1335,247952
LEX-1122,2025-06-14,658,248610
LEX-1122,2025-06-15,743,249353
LEX-1122,2025-06-16,1275,250628
LEX-1122,2025-06-17,1344,251972
LEX-1122,2025-06-18,1323,253295
LEX-1122,2025-06-19,1370,254665
LEX-1122,2025-06-20,1468,256133
LEX-1122,2025-06-21,731,256864
LEX-1122,2025-06-22,702,257566
LEX-1122,2025-06-23,1360,258926
LEX-1122,2025-06-24,1377,260303
LEX-1122,2025-06-25,1485,261788
LEX-1122,2025-06-26,1217,263005
LEX-1122,2025-06-27,1301,264306
LEX-1122,2025-06-28,630,264936
LEX-1122,2025-06-29,702,265638
LEX-1122,2025-06-30,1309,266947
LEX-1122,2025-07-01,727,267674
LEX-1122,2025-07-02,792,268466
LEX-1122,2025-07-03,844,269310
LEX-1122,2025-07-04,864,270174
LEX-1122,2025-07-05,411,270585
LEX-1122,2025-07-06,385,270970
LEX-1122,2025-07-07,929,271899
LEX-1122,2025-07-08,867,272766
LEX-1122,2025-07-09,863,273629
LEX-1122,2025-07-10,852,274481
LEX-1122,2025-07-11,759,275240
LEX-1122,2025-07-12,420,275660
LEX-1122,2025-07-13,340,276000
LEX-1122,2025-07-14,860,276860
LEX-1122,2025-07-15,613,277473
LEX-1122,2025-07-16,782,278255
LEX-1122,2025-07-17,836,279091
LEX-1122,2025-07-18,851,279942
LEX-1122,2025-07-19,374,280316
LEX-1122,2025-07-20,394,280710
LEX-1122,2025-07-21,748,281458
LEX-1122,2025-07-22,910,282368
LEX-1122,2025-07-23,786,283154
LEX-1122,2025-07-24,829,283983
LEX-1122,2025-07-25,847,284830
LEX-1122,2025-07-26,439,285269
LEX-1122,2025-07-27,433,285702
LEX-1122,2025-07-28,872,286574
LEX-1122,2025-07-29,755,287329
LEX-1122,2025-07-30,861,288190
LEX-1122,2025-07-31,741,288931
LEX-1122,2025-08-01,860,289791
LEX-1122,2025-08-02,458,290249
LEX-1122,2025-08-03,380,290629
LEX-1122,2025-08-04,738,291367
LEX-1122,2025-08-05,944,292311
LEX-1122,2025-08-06,794,293105
LEX-1122,2025-08-07,872,293977
LEX-1122,2025-08-08,725,294702
LEX-1122,2025-08-09,447,295149
LEX-1122,2025-08-10,452,295601
LEX-1122,2025-08-11,939,296540
LEX-1122,2025-08-12,952,297492
LEX-1122,2025-08-13,772,298264
LEX-1122,2025-08-14,916,299180
LEX-1122,2025-08-15,867,300047
LEX-1122,2025-08-16,415,300462
LEX-1122,2025-08-17,424,300886
LEX-1122,2025-08-18,971,301857
LEX-1122,2025-08-19,773,302630
LEX-1122,2025-08-20,845,303475
LEX-1122,2025-08-21,910,304385
LEX-1122,2025-08-22,854,305239
LEX-1122,2025-08-23,373,305612
LEX-1122,2025-08-24,420,306032
LEX-1122,2025-08-25,718,306750
LEX-1122,2025-08-26,806,307556
LEX-1122,2025-08-27,751,308307
LEX-1122,2025-08-28,791,309098
LEX-1122,2025-08-29,901,309999
LEX-1122,2025-08-30,399,310398
LEX-1122,2025-08-31,414,310812
LEX-1123,2024-09-01,362,362
LEX-1123,2024-09-02,656,1018
LEX-1123,2024-09-03,638,1656
LEX-1123,2024-09-04,625,2281
LEX-1123,2024-09-05,660,2941
LEX-1123,2024-09-06,709,3650
LEX-1123,2024-09-07,296,3946
LEX-1123,2024-09-08,330,4276
LEX-1123,2024-09-09,575,4851
LEX-1123,2024-09-10,547,5398
LEX-1123,2024-09-11,657,6055
LEX-1123,2024-09-12,649,6704
LEX-1123,2024-09-13,543,7247
LEX-1123,2024-09-14,297,7544
LEX-1123,2024-09-15,306,7850
LEX-1123,2024-09-16,663,8513
LEX-1123,2024-09-17,715,9228
LEX-1123,2024-09-18,575,9803
LEX-1123,2024-09-19,628,10431
LEX-1123,2024-09-20,729,11160
LEX-1123,2024-09-21,353,11513
LEX-1123,2024-09-22,261,11774
LEX-1123,2024-09-23,622,12396
LEX-1123,2024-09-24,662,13058
LEX-1123,2024-09-25,678,13736
LEX-1123,2024-09-26,699,14435
LEX-1123,2024-09-27,552,14987
LEX-1123,2024-09-28,326,15313
LEX-1123,2024-09-29,326,15639
LEX-1123,2024-09-30,699,16338
LEX-1123,2024-10-01,417,16755
LEX-1123,2024-10-02,416,17171
LEX-1123,2024-10-03,412,17583
LEX-1123,2024-10-04,401,17984
LEX-1123,2024-10-05,219,18203
LEX-1123,2024-10-06,184,18387
LEX-1123,2024-10-07,440,18827
LEX-1123,2024-10-08,394,19221
LEX-1123,2024-10-09,383,19604
LEX-1123,2024-10-10,394,19998
LEX-1123,2024-10-11,394,20392
LEX-1123,2024-10-12,229,20621
LEX-1123,2024-10-13,180,20801
LEX-1123,2024-10-14,359,21160
LEX-1123,2024-10-15,366,21526
LEX-1123,2024-10-16,393,21919
LEX-1123,2024-10-17,375,22294
LEX-1123,2024-10-18,323,22617
LEX-1123,2024-10-19,189,22806
LEX-1123,2024-10-20,181,22987
LEX-1123,2024-10-21,432,23419
LEX-1123,2024-10-22,420,23839
LEX-1123,2024-10-23,412,24251
LEX-1123,2024-10-24,345,24596
LEX-1123,2024-10-25,446,25042
LEX-1123,2024-10-26,187,25229
LEX-1123,2024-10-27,213,25442
LEX-1123,2024-10-28,420,25862
LEX-1123,2024-10-29,374,26236
LEX-1123,2024-10-30,411,26647
LEX-1123,2024-10-31,403,27050
LEX-1123,2024-11-01,435,27485
LEX-1123,2024-11-02,189,27674
LEX-1123,2024-11-03,203,27877
LEX-1123,2024-11-04,368,28245
LEX-1123,2024-11-05,440,28685
LEX-1123,2024-11-06,397,29082
LEX-1123,2024-11-07,371,29453
LEX-1123,2024-11-08,420,29873
LEX-1123,2024-11-09,217,30090
LEX-1123,2024-11-10,192,30282
LEX-1123,2024-11-11,467,30749
LEX-1123,2024-11-12,449,31198
LEX-1123,2024-11-13,402,31600
LEX-1123,2024-11-14,387,31987
LEX-1123,2024-11-15,358,32345
LEX-1123,2024-11-16,183,32528
LEX-1123,2024-11-17,170,32698
LEX-1123,2024-11-18,419,33117
LEX-1123,2024-11-19,398,33515
LEX-1123,2024-11-20,383,33898
LEX-1123,2024-11-21,309,34207
LEX-1123,2024-11-22,417,34624
LEX-1123,2024-11-23,199,34823
LEX-1123,2024-11-24,200,35023
LEX-1123,2024-11-25,400,35423
LEX-1123,2024-11-26,433,35856
LEX-1123,2024-11-27,348,36204
LEX-1123,2024-11-28,476,36680
LEX-1123,2024-11-29,358,37038
LEX-1123,2024-11-30,196,37234
LEX-1123,2024-12-01,251,37485
LEX-1123,2024-12-02,649,38134
LEX-1123,2024-12-03,624,38758
LEX-1123,2024-12-04,640,39398
LEX-1123,2024-12-05,660,40058
LEX-1123,2024-12-06,615,40673
LEX-1123,2024-12-07,360,41033
LEX-1123,2024-12-08,307,41340
LEX-1123,2024-12-09,668,42008
LEX-1123,2024-12-10,596,42604
LEX-1123,2024-12-11,693,43297
LEX-1123,2024-12-12,587,43884
LEX-1123,2024-12-13,628,44512
LEX-1123,2024-12-14,304,44816
LEX-1123,2024-12-15,328,45144
LEX-1123,2024-12-16,596,45740
LEX-1123,2024-12-17,605,46345
LEX-1123,2024-12-18,632,46977
LEX-1123,2024-12-19,618,47595
LEX-1123,2024-12-20,642,48237
LEX-1123,2024-12-21,300,48537
LEX-1123,2024-12-22,301,48838
LEX-1123,2024-12-23,639,49477
LEX-1123,2024-12-24,712,50189
LEX-1123,2024-12-25,625,50814
LEX-1123,2024-12-26,677,51491
LEX-1123,2024-12-27,661,52152
LEX-1123,2024-12-28,299,52451
LEX-1123,2024-12-29,339,52790
LEX-1123,2024-12-30,636,53426
LEX-1123,2024-12-31,692,54118
LEX-1123,2025-01-01,483,54601
LEX-1123,2025-01-02,402,55003
LEX-1123,2025-01-03,439,55442
LEX-1123,2025-01-04,217,55659
LEX-1123,2025-01-05,193,55852
LEX-1123,2025-01-06,386,56238
LEX-1123,2025-01-07,358,56596
LEX-1123,2025-01-08,437,57033
LEX-1123,2025-01-09,372,57405
LEX-1123,2025-01-10,381,57786
LEX-1123,2025-01-11,230,58016
LEX-1123,2025-01-12,192,58208
LEX-1123,2025-01-13,453,58661
LEX-1123,2025-01-14,463,59124
LEX-1123,2025-01-15,372,59496
LEX-1123,2025-01-16,424,59920
LEX-1123,2025-01-17,416,60336
LEX-1123,2025-01-18,213,60549
LEX-1123,2025-01-19,219,60768
LEX-1123,2025-01-20,342,61110
LEX-1123,2025-01-21,419,61529
LEX-1123,2025-01-22,423,61952
LEX-1123,2025-01-23,385,62337
LEX-1123,2025-01-24,431,62768
LEX-1123,2025-01-25,220,62988
LEX-1123,2025-01-26,192,63180
LEX-1123,2025-01-27,359,63539
LEX-1123,2025-01-28,460,63999
LEX-1123,2025-01-29,374,64373
LEX-1123,2025-01-30,358,64731
LEX-1123,2025-01-31,407,65138
LEX-1123,2025-02-01,164,65302
LEX-1123,2025-02-02,201,65503
LEX-1123,2025-02-03,427,65930
LEX-1123,2025-02-04,383,66313
LEX-1123,2025-02-05,417,66730
LEX-1123,2025-02-06,416,67146
LEX-1123,2025-02-07,417,67563
LEX-1123,2025-02-08,193,67756
LEX-1123,2025-02-09,201,67957
LEX-1123,2025-02-10,406,68363
LEX-1123,2025-02-11,403,68766
LEX-1123,2025-02-12,395,69161
LEX-1123,2025-02-13,458,69619
LEX-1123,2025-02-14,411,70030
LEX-1123,2025-02-15,207,70237
LEX-1123,2025-02-16,180,70417
LEX-1123,2025-02-17,474,70891
LEX-1123,2025-02-18,429,71320
LEX-1123,2025-02-19,411,71731
LEX-1123,2025-02-20,456,72187
LEX-1123,2025-02-21,363,72550
LEX-1123,2025-02-22,182,72732
LEX-1123,2025-02-23,217,72949
LEX-1123,2025-02-24,441,73390
LEX-1123,2025-02-25,341,73731
LEX-1123,2025-02-26,369,74100
LEX-1123,2025-02-27,352,74452
LEX-1123,2025-02-28,431,74883
LEX-1123,2025-03-01,323,75206
LEX-1123,2025-03-02,332,75538
LEX-1123,2025-03-03,588,76126
LEX-1123,2025-03-04,654,76780
LEX-1123,2025-03-05,562,77342
LEX-1123,2025-03-06,683,78025
LEX-1123,2025-03-07,733,78758
LEX-1123,2025-03-08,262,79020
LEX-1123,2025-03-09,356,79376
LEX-1123,2025-03-10,636,80012
LEX-1123,2025-03-11,659,80671
LEX-1123,2025-03-12,621,81292
LEX-1123,2025-03-13,586,81878
LEX-1123,2025-03-14,727,82605
LEX-1123,2025-03-15,304,82909
LEX-1123,2025-03-16,360,83269
LEX-1123,2025-03-17,682,83951
LEX-1123,2025-03-18,629,84580
LEX-1123,2025-03-19,729,85309
LEX-1123,2025-03-20,639,85948
LEX-1123,2025-03-21,709,86657
LEX-1123,2025-03-22,352,87009
LEX-1123,2025-03-23,288,87297
LEX-1123,2025-03-24,602,87899
LEX-1123,2025-03-25,631,88530
LEX-1123,2025-03-26,632,89162
LEX-1123,2025-03-27,665,89827
LEX-1123,2025-03-28,553,90380
LEX-1123,2025-03-29,319,90699
LEX-1123,2025-03-30,334,91033
LEX-1123,2025-03-31,685,91718
LEX-1123,2025-04-01,382,92100
LEX-1123,2025-04-02,368,92468
LEX-1123,2025-04-03,390,92858
LEX-1123,2025-04-04,418,93276
LEX-1123,2025-04-05,181,93457
LEX-1123,2025-04-06,196,93653
LEX-1123,2025-04-07,386,94039
LEX-1123,2025-04-08,351,94390
LEX-1123,2025-04-09,350,94740
LEX-1123,2025-04-10,448,95188
LEX-1123,2025-04-11,426,95614
LEX-1123,2025-04-12,216,95830
LEX-1123,2025-04-13,195,96025
LEX-1123,2025-04-14,405,96430
LEX-1123,2025-04-15,419,96849
LEX-1123,2025-04-16,451,97300
LEX-1123,2025-04-17,413,97713
LEX-1123,2025-04-18,379,98092
LEX-1123,2025-04-19,211,98303
LEX-1123,2025-04-20,154,98457
LEX-1123,2025-04-21,372,98829
LEX-1123,2025-04-22,404,99233
LEX-1123,2025-04-23,421,99654
LEX-1123,2025-04-24,423,100077
LEX-1123,2025-04-25,388,100465
LEX-1123,2025-04-26,198,100663
LEX-1123,2025-04-27,195,100858
LEX-1123,2025-04-28,423,101281
LEX-1123,2025-04-29,417,101698
LEX-1123,2025-04-30,397,102095
LEX-1123,2025-05-01,380,102475
LEX-1123,2025-05-02,413,102888
LEX-1123,2025-05-03,201,103089
LEX-1123,2025-05-04,224,103313
LEX-1123,2025-05-05,399,103712
LEX-1123,2025-05-06,393,104105
LEX-1123,2025-05-07,374,104479
LEX-1123,2025-05-08,449,104928
LEX-1123,2025-05-09,403,105331
LEX-1123,2025-05-10,204,105535
LEX-1123,2025-05-11,227,105762
LEX-1123,2025-05-12,438,106200
LEX-1123,2025-05-13,356,106556
LEX-1123,2025-05-14,439,106995
LEX-1123,2025-05-15,438,107433
LEX-1123,2025-05-16,344,107777
LEX-1123,2025-05-17,224,108001
LEX-1123,2025-05-18,191,108192
LEX-1123,2025-05-19,425,108617
LEX-1123,2025-05-20,384,109001
LEX-1123,2025-05-21,473,109474
LEX-1123,2025-05-22,407,109881
LEX-1123,2025-05-23,429,110310
LEX-1123,2025-05-24,202,110512
LEX-1123,2025-05-25,183,110695
LEX-1123,2025-05-26,398,111093
LEX-1123,2025-05-27,355,111448
LEX-1123,2025-05-28,410,111858
LEX-1123,2025-05-29,394,112252
LEX-1123,2025-05-30,356,112608
LEX-1123,2025-05-31,193,112801
LEX-1123,2025-06-01,292,113093
LEX-1123,2025-06-02,617,113710
LEX-1123,2025-06-03,633,114343
LEX-1123,2025-06-04,678,115021
LEX-1123,2025-06-05,596,115617
LEX-1123,2025-06-06,599,116216
LEX-1123,2025-06-07,329,116545
LEX-1123,2025-06-08,322,116867
LEX-1123,2025-06-09,679,117546
LEX-1123,2025-06-10,630,118176
LEX-1123,2025-06-11,669,118845
LEX-1123,2025-06-12,492,119337
LEX-1123,2025-06-13,603,119940
LEX-1123,2025-06-14,321,120261
LEX-1123,2025-06-15,317,120578
LEX-1123,2025-06-16,648,121226
LEX-1123,2025-06-17,686,121912
LEX-1123,2025-06-18,614,122526
LEX-1123,2025-06-19,656,123182
LEX-1123,2025-06-20,629,123811
LEX-1123,2025-06-21,332,124143
LEX-1123,2025-06-22,333,124476
LEX-1123,2025-06-23,584,125060
LEX-1123,2025-06-24,659,125719
LEX-1123,2025-06-25,671,126390
LEX-1123,2025-06-26,648,127038
LEX-1123,2025-06-27,660,127698
LEX-1123,2025-06-28,324,128022
LEX-1123,2025-06-29,300,128322
LEX-1123,2025-06-30,617,128939
LEX-1123,2025-07-01,406,129345
LEX-1123,2025-07-02,398,129743
LEX-1123,2025-07-03,379,130122
LEX-1123,2025-07-04,378,130500
LEX-1123,2025-07-05,199,130699
LEX-1123,2025-07-06,178,130877
LEX-1123,2025-07-07,384,131261
LEX-1123,2025-07-08,440,131701
LEX-1123,2025-07-09,409,132110
LEX-1123,2025-07-10,386,132496
LEX-1123,2025-07-11,386,132882
LEX-1123,2025-07-12,239,133121
LEX-1123,2025-07-13,199,133320
LEX-1123,2025-07-14,418,133738
LEX-1123,2025-07-15,377,134115
LEX-1123,2025-07-16,416,134531
LEX-1123,2025-07-17,356,134887
LEX-1123,2025-07-18,388,135275
LEX-1123,2025-07-19,195,135470
LEX-1123,2025-07-20,165,135635
LEX-1123,2025-07-21,415,136050
LEX-1123,2025-07-22,384,136434
LEX-1123,2025-07-23,427,136861
LEX-1123,2025-07-24,392,137253
LEX-1123,2025-07-25,369,137622
LEX-1123,2025-07-26,208,137830
LEX-1123,2025-07-27,198,138028
LEX-1123,2025-07-28,402,138430
LEX-1123,2025-07-29,417,138847
LEX-1123,2025-07-30,407,139254
LEX-1123,2025-07-31,380,139634
LEX-1123,2025-08-01,346,139980
LEX-1123,2025-08-02,185,140165
LEX-1123,2025-08-03,197,140362
LEX-1123,2025-08-04,400,140762
LEX-1123,2025-08-05,447,141209
LEX-1123,2025-08-06,467,141676
LEX-1123,2025-08-07,397,142073
LEX-1123,2025-08-08,414,142487
LEX-1123,2025-08-09,193,142680
LEX-1123,2025-08-10,189,142869
LEX-1123,2025-08-11,394,143263
LEX-1123,2025-08-12,381,143644
LEX-1123,2025-08-13,376,144020
LEX-1123,2025-08-14,383,144403
LEX-1123,2025-08-15,378,144781
LEX-1123,2025-08-16,200,144981
LEX-1123,2025-08-17,202,145183
LEX-1123,2025-08-18,364,145547
LEX-1123,2025-08-19,412,145959
LEX-1123,2025-08-20,398,146357
LEX-1123,2025-08-21,394,146751
LEX-1123,2025-08-22,411,147162
LEX-1123,2025-08-23,224,147386
LEX-1123,2025-08-24,198,147584
LEX-1123,2025-08-25,371,147955
LEX-1123,2025-08-26,417,148372
LEX-1123,2025-08-27,418,148790
LEX-1123,2025-08-28,409,149199
LEX-1123,2025-08-29,399,149598
LEX-1123,2025-08-30,182,149780
LEX-1123,2025-08-31,182,149962
LEX-1124,2024-09-01,840,840
LEX-1124,2024-09-02,1592,2432
LEX-1124,2024-09-03,1845,4277
LEX-1124,2024-09-04,1515,5792
LEX-1124,2024-09-05,1725,7517
LEX-1124,2024-09-06,1713,9230
LEX-1124,2024-09-07,905,10135
LEX-1124,2024-09-08,916,11051
LEX-1124,2024-09-09,1626,12677
LEX-1124,2024-09-10,1912,14589
LEX-1124,2024-09-11,1587,16176
LEX-1124,2024-09-12,1853,18029
LEX-1124,2024-09-13,1816,19845
LEX-1124,2024-09-14,740,20585
LEX-1124,2024-09-15,793,21378
LEX-1124,2024-09-16,1859,23237
LEX-1124,2024-09-17,1756,24993
LEX-1124,2024-09-18,1742,26735
LEX-1124,2024-09-19,1374,28109
LEX-1124,2024-09-20,1709,29818
LEX-1124,2024-09-21,820,30638
LEX-1124,2024-09-22,780,31418
LEX-1124,2024-09-23,1828,33246
LEX-1124,2024-09-24,1739,34985
LEX-1124,2024-09-25,1614,36599
LEX-1124,2024-09-26,1627,38226
LEX-1124,2024-09-27,1748,39974
LEX-1124,2024-09-28,899,40873
LEX-1124,2024-09-29,918,41791
LEX-1124,2024-09-30,1807,43598
LEX-1124,2024-10-01,1080,44678
LEX-1124,2024-10-02,1010,45688
LEX-1124,2024-10-03,1113,46801
LEX-1124,2024-10-04,998,47799
LEX-1124,2024-10-05,546,48345
LEX-1124,2024-10-06,534,48879
LEX-1124,2024-10-07,1152,50031
LEX-1124,2024-10-08,1146,51177
LEX-1124,2024-10-09,1134,52311
LEX-1124,2024-10-10,1125,53436
LEX-1124,2024-10-11,1075,54511
LEX-1124,2024-10-12,609,55120
LEX-1124,2024-10-13,567,55687
LEX-1124,2024-10-14,1212,56899
LEX-1124,2024-10-15,1175,58074
LEX-1124,2024-10-16,1047,59121
LEX-1124,2024-10-17,1035,60156
LEX-1124,2024-10-18,1126,61282
LEX-1124,2024-10-19,490,61772
LEX-1124,2024-10-20,526,62298
LEX-1124,2024-10-21,1024,63322
LEX-1124,2024-10-22,1081,64403
LEX-1124,2024-10-23,899,65302
LEX-1124,2024-10-24,1269,66571
LEX-1124,2024-10-25,1144,67715
LEX-1124,2024-10-26,586,68301
LEX-1124,2024-10-27,548,68849
LEX-1124,2024-10-28,1187,70036
LEX-1124,2024-10-29,1132,71168
LEX-1124,2024-10-30,1155,72323
LEX-1124,2024-10-31,1126,73449
LEX-1124,2024-11-01,1201,74650
LEX-1124,2024-11-02,511,75161
LEX-1124,2024-11-03,609,75770
LEX-1124,2024-11-04,1069,76839
LEX-1124,2024-11-05,1014,77853
LEX-1124,2024-11-06,1121,78974
LEX-1124,2024-11-07,987,79961
LEX-1124,2024-11-08,1041,81002
LEX-1124,2024-11-09,529,81531
LEX-1124,2024-11-10,532,82063
LEX-1124,2024-11-11,1167,83230
LEX-1124,2024-11-12,1155,84385
LEX-1124,2024-11-13,1056,85441
LEX-1124,2024-11-14,1121,86562
LEX-1124,2024-11-15,1266,87828
LEX-1124,2024-11-16,489,88317
LEX-1124,2024-11-17,498,88815
LEX-1124,2024-11-18,1087,89902
LEX-1124,2024-11-19,1318,91220
LEX-1124,2024-11-20,1012,92232
LEX-1124,2024-11-21,1032,93264
LEX-1124,2024-11-22,1132,94396
LEX-1124,2024-11-23,582,94978
LEX-1124,2024-11-24,542,95520
LEX-1124,2024-11-25,1103,96623
LEX-1124,2024-11-26,1082,97705
LEX-1124,2024-11-27,1099,98804
LEX-1124,2024-11-28,957,99761
LEX-1124,2024-11-29,1098,100859
LEX-1124,2024-11-30,543,101402
LEX-1124,2024-12-01,892,102294
LEX-1124,2024-12-02,1658,103952
LEX-1124,2024-12-03,1803,105755
LEX-1124,2024-12-04,1846,107601
LEX-1124,2024-12-05,2083,109684
LEX-1124,2024-12-06,1668,111352
LEX-1124,2024-12-07,799,112151
LEX-1124,2024-12-08,879,113030
LEX-1124,2024-12-09,1805,114835
LEX-1124,2024-12-10,1750,116585
LEX-1124,2024-12-11,1751,118336
LEX-1124,2024-12-12,1656,119992
LEX-1124,2024-12-13,1517,121509
LEX-1124,2024-12-14,953,122462
LEX-1124,2024-12-15,978,123440
LEX-1124,2024-12-16,1631,125071
LEX-1124,2024-12-17,1649,126720
LEX-1124,2024-12-18,1514,128234
LEX-1124,2024-12-19,1678,129912
LEX-1124,2024-12-20,1781,131693
LEX-1124,2024-12-21,822,132515
LEX-1124,2024-12-22,919,133434
LEX-1124,2024-12-23,1603,135037
LEX-1124,2024-12-24,1820,136857
LEX-1124,2024-12-25,1776,138633
LEX-1124,2024-12-26,1686,140319
LEX-1124,2024-12-27,1698,142017
LEX-1124,2024-12-28,916,142933
LEX-1124,2024-12-29,1055,143988
LEX-1124,2024-12-30,1716,145704
LEX-1124,2024-12-31,1871,147575
LEX-1124,2025-01-01,1224,148799
LEX-1124,2025-01-02,1026,149825
LEX-1124,2025-01-03,1006,150831
LEX-1124,2025-01-04,542,151373
LEX-1124,2025-01-05,549,151922
LEX-1124,2025-01-06,1127,153049
LEX-1124,2025-01-07,1014,154063
LEX-1124,2025-01-08,1148,155211
LEX-1124,2025-01-09,986,156197
LEX-1124,2025-01-10,1082,157279
LEX-1124,2025-01-11,555,157834
LEX-1124,2025-01-12,482,158316
LEX-1124,2025-01-13,1120,159436
LEX-1124,2025-01-14,1064,160500
LEX-1124,2025-01-15,1044,161544
LEX-1124,2025-01-16,1110,162654
LEX-1124,2025-01-17,956,163610
LEX-1124,2025-01-18,559,164169
LEX-1124,2025-01-19,489,164658
LEX-1124,2025-01-20,1114,165772
LEX-1124,2025-01-21,1092,166864
LEX-1124,2025-01-22,1213,168077
LEX-1124,2025-01-23,1214,169291
LEX-1124,2025-01-24,1150,170441
LEX-1124,2025-01-25,538,170979
LEX-1124,2025-01-26,541,171520
LEX-1124,2025-01-27,984,172504
LEX-1124,2025-01-28,927,173431
LEX-1124,2025-01-29,1177,174608
LEX-1124,2025-01-30,1046,175654
LEX-1124,2025-01-31,1006,176660
LEX-1124,2025-02-01,464,177124
LEX-1124,2025-02-02,547,177671
LEX-1124,2025-02-03,1060,178731
LEX-1124,2025-02-04,1024,179755
LEX-1124,2025-02-05,1020,180775
LEX-1124,2025-02-06,1106,181881
LEX-1124,2025-02-07,1087,182968
LEX-1124,2025-02-08,467,183435
LEX-1124,2025-02-09,502,183937
LEX-1124,2025-02-10,1158,185095
LEX-1124,2025-02-11,1017,186112
LEX-1124,2025-02-12,1162,187274
LEX-1124,2025-02-13,1083,188357
LEX-1124,2025-02-14,1040,189397
LEX-1124,2025-02-15,523,189920
LEX-1124,2025-02-16,566,190486
LEX-1124,2025-02-17,1001,191487
LEX-1124,2025-02-18,966,192453
LEX-1124,2025-02-19,1020,193473
LEX-1124,2025-02-20,1121,194594
LEX-1124,2025-02-21,920,195514
LEX-1124,2025-02-22,542,196056
LEX-1124,2025-02-23,493,196549
LEX-1124,2025-02-24,1121,197670
LEX-1124,2025-02-25,1066,198736
LEX-1124,2025-02-26,1006,199742
LEX-1124,2025-02-27,1068,200810
LEX-1124,2025-02-28,1121,201931
LEX-1124,2025-03-01,835,202766
LEX-1124,2025-03-02,841,203607
LEX-1124,2025-03-03,1862,205469
LEX-1124,2025-03-04,1791,207260
LEX-1124,2025-03-05,1668,208928
LEX-1124,2025-03-06,1745,210673
LEX-1124,2025-03-07,1689,212362
LEX-1124,2025-03-08,938,213300
LEX-1124,2025-03-09,748,214048
LEX-1124,2025-03-10,1809,215857
LEX-1124,2025-03-11,1800,217657
LEX-1124,2025-03-12,1631,219288
LEX-1124,2025-03-13,1608,220896
LEX-1124,2025-03-14,1893,222789
LEX-1124,2025-03-15,852,223641
LEX-1124,2025-03-16,966,224607
LEX-1124,2025-03-17,1592,226199
LEX-1124,2025-03-18,1721,227920
LEX-1124,2025-03-19,1654,229574
LEX-1124,2025-03-20,1674,231248
LEX-1124,2025-03-21,1781,233029
LEX-1124,2025-03-22,814,233843
LEX-1124,2025-03-23,854,234697
LEX-1124,2025-03-24,1628,236325
LEX-1124,2025-03-25,1817,238142
LEX-1124,2025-03-26,2000,240142
LEX-1124,2025-03-27,1913,242055
LEX-1124,2025-03-28,1600,243655
LEX-1124,2025-03-29,833,244488
LEX-1124,2025-03-30,863,245351
LEX-1124,2025-03-31,1450,246801
LEX-1124,2025-04-01,1078,247879
LEX-1124,2025-04-02,1124,249003
LEX-1124,2025-04-03,1082,250085
LEX-1124,2025-04-04,1075,251160
LEX-1124,2025-04-05,513,251673
LEX-1124,2025-04-06,526,252199
LEX-1124,2025-04-07,1042,253241
LEX-1124,2025-04-08,993,254234
LEX-1124,2025-04-09,1163,255397
LEX-1124,2025-04-10,1220,256617
LEX-1124,2025-04-11,1030,257647
LEX-1124,2025-04-12,497,258144
LEX-1124,2025-04-13,509,258653
LEX-1124,2025-04-14,998,259651
LEX-1124,2025-04-15,1042,260693
LEX-1124,2025-04-16,1106,261799
LEX-1124,2025-04-17,1187,262986
LEX-1124,2025-04-18,945,263931
LEX-1124,2025-04-19,582,264513
LEX-1124,2025-04-20,541,265054
LEX-1124,2025-04-21,899,265953
LEX-1124,2025-04-22,974,266927
LEX-1124,2025-04-23,1127,268054
LEX-1124,2025-04-24,1009,269063
LEX-1124,2025-04-25,1050,270113
LEX-1124,2025-04-26,536,270649
LEX-1124,2025-04-27,593,271242
LEX-1124,2025-04-28,973,272215
LEX-1124,2025-04-29,1139,273354
LEX-1124,2025-04-30,1194,274548
LEX-1124,2025-05-01,998,275546
LEX-1124,2025-05-02,1151,276697
LEX-1124,2025-05-03,519,277216
LEX-1124,2025-05-04,511,277727
LEX-1124,2025-05-05,1054,278781
LEX-1124,2025-05-06,1103,279884
LEX-1124,2025-05-07,1018,280902
LEX-1124,2025-05-08,1162,282064
LEX-1124,2025-05-09,1045,283109
LEX-1124,2025-05-10,453,283562
LEX-1124,2025-05-11,538,284100
LEX-1124,2025-05-12,972,285072
LEX-1124,2025-05-13,1060,286132
LEX-1124,2025-05-14,1115,287247
LEX-1124,2025-05-15,1026,288273
LEX-1124,2025-05-16,934,289207
LEX-1124,2025-05-17,498,289705
LEX-1124,2025-05-18,598,290303
LEX-1124,2025-05-19,1100,291403
LEX-1124,2025-05-20,1158,292561
LEX-1124,2025-05-21,1227,293788
LEX-1124,2025-05-22,1262,295050
LEX-1124,2025-05-23,1101,296151
LEX-1124,2025-05-24,529,296680
LEX-1124,2025-05-25,514,297194
LEX-1124,2025-05-26,1092,298286
LEX-1124,2025-05-27,1123,299409
LEX-1124,2025-05-28,1144,300553
LEX-1124,2025-05-29,995,301548
LEX-1124,2025-05-30,996,302544
LEX-1124,2025-05-31,531,303075
LEX-1124,2025-06-01,867,303942
LEX-1124,2025-06-02,1957,305899
LEX-1124,2025-06-03,1406,307305
LEX-1124,2025-06-04,1649,308954
LEX-1124,2025-06-05,1851,310805
LEX-1124,2025-06-06,1594,312399
LEX-1124,2025-06-07,865,313264
LEX-1124,2025-06-08,933,314197
LEX-1124,2025-06-09,1825,316022
LEX-1124,2025-06-10,1828,317850
LEX-1124,2025-06-11,1705,319555
LEX-1124,2025-06-12,1750,321305
LEX-1124,2025-06-13,1756,323061
LEX-1124,2025-06-14,830,323891
LEX-1124,2025-06-15,924,324815
LEX-1124,2025-06-16,1552,326367
LEX-1124,2025-06-17,1641,328008
LEX-1124,2025-06-18,1850,329858
LEX-1124,2025-06-19,1459,331317
LEX-1124,2025-06-20,1753,333070
LEX-1124,2025-06-21,943,334013
LEX-1124,2025-06-22,813,334826
LEX-1124,2025-06-23,1791,336617
LEX-1124,2025-06-24,1751,338368
LEX-1124,2025-06-25,1824,340192
LEX-1124,2025-06-26,1735,341927
LEX-1124,2025-06-27,1892,343819
LEX-1124,2025-06-28,892,344711
LEX-1124,2025-06-29,926,345637
LEX-1124,2025-06-30,1846,347483
LEX-1124,2025-07-01,1201,348684
LEX-1124,2025-07-02,999,349683
LEX-1124,2025-07-03,976,350659
LEX-1124,2025-07-04,1173,351832
LEX-1124,2025-07-05,548,352380
LEX-1124,2025-07-06,623,353003
LEX-1124,2025-07-07,893,353896
LEX-1124,2025-07-08,1077,354973
LEX-1124,2025-07-09,1081,356054
LEX-1124,2025-07-10,1161,357215
LEX-1124,2025-07-11,1252,358467
LEX-1124,2025-07-12,542,359009
LEX-1124,2025-07-13,560,359569
LEX-1124,2025-07-14,928,360497
LEX-1124,2025-07-15,1108,361605
LEX-1124,2025-07-16,1109,362714
LEX-1124,2025-07-17,1034,363748
LEX-1124,2025-07-18,1109,364857
LEX-1124,2025-07-19,552,365409
LEX-1124,2025-07-20,611,366020
LEX-1124,2025-07-21,1017,367037
LEX-1124,2025-07-22,1006,368043
LEX-1124,2025-07-23,1009,369052
LEX-1124,2025-07-24,1045,370097
LEX-1124,2025-07-25,945,371042
LEX-1124,2025-07-26,530,371572
LEX-1124,2025-07-27,543,372115
LEX-1124,2025-07-28,1213,373328
LEX-1124,2025-07-29,1072,374400
LEX-1124,2025-07-30,1193,375593
LEX-1124,2025-07-31,1155,376748
LEX-1124,2025-08-01,1095,377843
LEX-1124,2025-08-02,535,378378
LEX-1124,2025-08-03,565,378943
LEX-1124,2025-08-04,1139,380082
LEX-1124,2025-08-05,1037,381119
LEX-1124,2025-08-06,1134,382253
LEX-1124,2025-08-07,1075,383328
LEX-1124,2025-08-08,1130,384458
LEX-1124,2025-08-09,537,384995
LEX-1124,2025-08-10,583,385578
LEX-1124,2025-08-11,1177,386755
LEX-1124,2025-08-12,1088,387843
LEX-1124,2025-08-13,1083,388926
LEX-1124,2025-08-14,1064,389990
LEX-1124,2025-08-15,991,390981
LEX-1124,2025-08-16,558,391539
LEX-1124,2025-08-17,544,392083
LEX-1124,2025-08-18,1018,393101
LEX-1124,2025-08-19,913,394014
LEX-1124,2025-08-20,1131,395145
LEX-1124,2025-08-21,1052,396197
LEX-1124,2025-08-22,1142,397339
LEX-1124,2025-08-23,482,397821
LEX-1124,2025-08-24,544,398365
LEX-1124,2025-08-25,1080,399445
LEX-1124,2025-08-26,1065,400510
LEX-1124,2025-08-27,1220,401730
LEX-1124,2025-08-28,1097,402827
LEX-1124,2025-08-29,933,403760
LEX-1124,2025-08-30,524,404284
LEX-1124,2025-08-31,471,404755
LEX-1125,2024-09-01,2151,2151
LEX-1125,2024-09-02,3941,6092
LEX-1125,2024-09-03,3816,9908
LEX-1125,2024-09-04,3429,13337
LEX-1125,2024-09-05,3919,17256
LEX-1125,2024-09-06,4189,21445
LEX-1125,2024-09-07,2024,23469
LEX-1125,2024-09-08,2018,25487
LEX-1125,2024-09-09,4309,29796
LEX-1125,2024-09-10,4338,34134
LEX-1125,2024-09-11,3899,38033
LEX-1125,2024-09-12,4047,42080
LEX-1125,2024-09-13,4395,46475
LEX-1125,2024-09-14,1777,48252
LEX-1125,2024-09-15,2006,50258
LEX-1125,2024-09-16,3549,53807
LEX-1125,2024-09-17,3750,57557
LEX-1125,2024-09-18,4279,61836
LEX-1125,2024-09-19,3604,65440
LEX-1125,2024-09-20,4202,69642
LEX-1125,2024-09-21,1838,71480
LEX-1125,2024-09-22,2102,73582
LEX-1125,2024-09-23,4318,77900
LEX-1125,2024-09-24,3585,81485
LEX-1125,2024-09-25,4062,85547
LEX-1125,2024-09-26,4208,89755
LEX-1125,2024-09-27,3731,93486
LEX-1125,2024-09-28,2020,95506
LEX-1125,2024-09-29,1747,97253
LEX-1125,2024-09-30,4543,101796
LEX-1125,2024-10-01,2272,104068
LEX-1125,2024-10-02,2360,106428
LEX-1125,2024-10-03,2390,108818
LEX-1125,2024-10-04,2431,111249
LEX-1125,2024-10-05,1251,112500
LEX-1125,2024-10-06,1249,113749
LEX-1125,2024-10-07,2201,115950
LEX-1125,2024-10-08,2174,118124
LEX-1125,2024-10-09,2744,120868
LEX-1125,2024-10-10,2639,123507
LEX-1125,2024-10-11,2164,125671
LEX-1125,2024-10-12,1246,126917
LEX-1125,2024-10-13,1286,128203
LEX-1125,2024-10-14,2814,131017
LEX-1125,2024-10-15,2324,133341
LEX-1125,2024-10-16,2613,135954
LEX-1125,2024-10-17,2556,138510
LEX-1125,2024-10-18,2282,140792
LEX-1125,2024-10-19,1174,141966
LEX-1125,2024-10-20,1135,143101
LEX-1125,2024-10-21,2485,145586
LEX-1125,2024-10-22,2117,147703
LEX-1125,2024-10-23,2373,150076
LEX-1125,2024-10-24,2346,152422
LEX-1125,2024-10-25,2021,154443
LEX-1125,2024-10-26,1237,155680
LEX-1125,2024-10-27,1273,156953
LEX-1125,2024-10-28,2135,159088
LEX-1125,2024-10-29,2416,161504
LEX-1125,2024-10-30,2150,163654
LEX-1125,2024-10-31,2439,166093
LEX-1125,2024-11-01,2641,168734
LEX-1125,2024-11-02,1158,169892
LEX-1125,2024-11-03,1179,171071
LEX-1125,2024-11-04,2824,173895
LEX-1125,2024-11-05,2272,176167
LEX-1125,2024-11-06,2235,178402
LEX-1125,2024-11-07,2414,180816
LEX-1125,2024-11-08,2883,183699
LEX-1125,2024-11-09,1232,184931
LEX-1125,2024-11-10,1144,186075
LEX-1125,2024-11-11,2531,188606
LEX-1125,2024-11-12,2560,191166
LEX-1125,2024-11-13,2533,193699
LEX-1125,2024-11-14,2567,196266
LEX-1125,2024-11-15,2380,198646
LEX-1125,2024-11-16,1287,199933
LEX-1125,2024-11-17,1258,201191
LEX-1125,2024-11-18,2719,203910
LEX-1125,2024-11-19,2175,206085
LEX-1125,2024-11-20,2137,208222
LEX-1125,2024-11-21,2347,210569
LEX-1125,2024-11-22,2372,212941
LEX-1125,2024-11-23,1200,214141
LEX-1125,2024-11-24,1354,215495
LEX-1125,2024-11-25,2480,217975
LEX-1125,2024-11-26,2458,220433
LEX-1125,2024-11-27,2309,222742
LEX-1125,2024-11-28,2387,225129
LEX-1125,2024-11-29,2443,227572
LEX-1125,2024-11-30,1194,228766
LEX-1125,2024-12-01,1958,230724
LEX-1125,2024-12-02,3994,234718
LEX-1125,2024-12-03,4149,238867
LEX-1125,2024-12-04,4150,243017
LEX-1125,2024-12-05,3979,246996
LEX-1125,2024-12-06,4255,251251
LEX-1125,2024-12-07,1982,253233
LEX-1125,2024-12-08,1811,255044
LEX-1125,2024-12-09,3369,258413
LEX-1125,2024-12-10,4292,262705
LEX-1125,2024-12-11,3690,266395
LEX-1125,2024-12-12,4150,270545
LEX-1125,2024-12-13,4326,274871
LEX-1125,2024-12-14,1789,276660
LEX-1125,2024-12-15,1803,278463
LEX-1125,2024-12-16,4152,282615
LEX-1125,2024-12-17,4000,286615
LEX-1125,2024-12-18,3786,290401
LEX-1125,2024-12-19,3959,294360
LEX-1125,2024-12-20,4096,298456
LEX-1125,2024-12-21,2064,300520
LEX-1125,2024-12-22,2160,302680
LEX-1125,2024-12-23,3668,306348
LEX-1125,2024-12-24,4234,310582
LEX-1125,2024-12-25,4473,315055
LEX-1125,2024-12-26,4032,319087
LEX-1125,2024-12-27,4341,323428
LEX-1125,2024-12-28,1905,325333
LEX-1125,2024-12-29,1963,327296
LEX-1125,2024-12-30,4026,331322
LEX-1125,2024-12-31,3921,335243
LEX-1125,2025-01-01,2281,337524
LEX-1125,2025-01-02,2206,339730
LEX-1125,2025-01-03,2606,342336
LEX-1125,2025-01-04,1294,343630
LEX-1125,2025-01-05,1045,344675
LEX-1125,2025-01-06,2551,347226
LEX-1125,2025-01-07,2491,349717
LEX-1125,2025-01-08,2314,352031
LEX-1125,2025-01-09,2488,354519
LEX-1125,2025-01-10,2232,356751
LEX-1125,2025-01-11,1168,357919
LEX-1125,2025-01-12,1129,359048
LEX-1125,2025-01-13,2588,361636
LEX-1125,2025-01-14,2355,363991
LEX-1125,2025-01-15,2323,366314
LEX-1125,2025-01-16,2281,368595
LEX-1125,2025-01-17,2560,371155
LEX-1125,2025-01-18,1268,372423
LEX-1125,2025-01-19,1173,373596
LEX-1125,2025-01-20,2501,376097
LEX-1125,2025-01-21,1855,377952
LEX-1125,2025-01-22,2254,380206
LEX-1125,2025-01-23,2648,382854
LEX-1125,2025-01-24,2371,385225
LEX-1125,2025-01-25,1098,386323
LEX-1125,2025-01-26,1378,387701
LEX-1125,2025-01-27,2101,389802
LEX-1125,2025-01-28,2076,391878
LEX-1125,2025-01-29,2221,394099
LEX-1125,2025-01-30,2404,396503
LEX-1125,2025-01-31,2378,398881
LEX-1125,2025-02-01,1193,400074
LEX-1125,2025-02-02,1235,401309
LEX-1125,2025-02-03,2092,403401
LEX-1125,2025-02-04,2552,405953
LEX-1125,2025-02-05,2354,408307
LEX-1125,2025-02-06,2300,410607
LEX-1125,2025-02-07,2055,412662
LEX-1125,2025-02-08,1182,413844
LEX-1125,2025-02-09,1257,415101
LEX-1125,2025-02-10,2443,417544
LEX-1125,2025-02-11,2449,419993
LEX-1125,2025-02-12,2350,422343
LEX-1125,2025-02-13,2404,424747
LEX-1125,2025-02-14,2201,426948
LEX-1125,2025-02-15,1207,428155
LEX-1125,2025-02-16,1160,429315
LEX-1125,2025-02-17,2198,431513
LEX-1125,2025-02-18,2561,434074
LEX-1125,2025-02-19,2111,436185
LEX-1125,2025-02-20,2517,438702
LEX-1125,2025-02-21,2529,441231
LEX-1125,2025-02-22,1157,442388
LEX-1125,2025-02-23,1307,443695
LEX-1125,2025-02-24,2310,446005
LEX-1125,2025-02-25,2297,448302
LEX-1125,2025-02-26,2183,450485
LEX-1125,2025-02-27,2414,452899
LEX-1125,2025-02-28,2230,455129
LEX-1125,2025-03-01,1810,456939
LEX-1125,2025-03-02,1922,458861
LEX-1125,2025-03-03,3858,462719
LEX-1125,2025-03-04,4253,466972
LEX-1125,2025-03-05,4153,471125
LEX-1125,2025-03-06,4035,475160
LEX-1125,2025-03-07,3820,478980
LEX-1125,2025-03-08,1870,480850
LEX-1125,2025-03-09,1928,482778
LEX-1125,2025-03-10,3693,486471
LEX-1125,2025-03-11,3648,490119
LEX-1125,2025-03-12,3841,493960
LEX-1125,2025-03-13,3593,497553
LEX-1125,2025-03-14,3612,501165
LEX-1125,2025-03-15,2080,503245
LEX-1125,2025-03-16,1719,504964
LEX-1125,2025-03-17,3544,508508
LEX-1125,2025-03-18,4259,512767
LEX-1125,2025-03-19,3744,516511
LEX-1125,2025-03-20,4291,520802
LEX-1125,2025-03-21,3504,524306
LEX-1125,2025-03-22,1944,526250
LEX-1125,2025-03-23,2052,528302
LEX-1125,2025-03-24,3585,531887
LEX-1125,2025-03-25,4383,536270
LEX-1125,2025-03-26,3744,540014
LEX-1125,2025-03-27,4023,544037
LEX-1125,2025-03-28,3655,547692
LEX-1125,2025-03-29,2163,549855
LEX-1125,2025-03-30,1979,551834
LEX-1125,2025-03-31,4514,556348
LEX-1125,2025-04-01,2643,558991
LEX-1125,2025-04-02,2577,561568
LEX-1125,2025-04-03,2231,563799
LEX-1125,2025-04-04,2432,566231
LEX-1125,2025-04-05,1177,567408
LEX-1125,2025-04-06,1210,568618
LEX-1125,2025-04-07,2444,571062
LEX-1125,2025-04-08,2241,573303
LEX-1125,2025-04-09,2385,575688
LEX-1125,2025-04-10,2397,578085
LEX-1125,2025-04-11,2220,580305
LEX-1125,2025-04-12,1285,581590
LEX-1125,2025-04-13,1229,582819
LEX-1125,2025-04-14,2860,585679
LEX-1125,2025-04-15,2295,587974
LEX-1125,2025-04-16,2200,590174
LEX-1125,2025-04-17,2965,593139
LEX-1125,2025-04-18,2629,595768
LEX-1125,2025-04-19,1280,597048
LEX-1125,2025-04-20,1089,598137
LEX-1125,2025-04-21,2727,600864
LEX-1125,2025-04-22,2248,603112
LEX-1125,2025-04-23,2380,605492
LEX-1125,2025-04-24,2682,608174
LEX-1125,2025-04-25,2336,610510
LEX-1125,2025-04-26,1230,611740
LEX-1125,2025-04-27,1321,613061
LEX-1125,2025-04-28,2181,615242
LEX-1125,2025-04-29,2640,617882
LEX-1125,2025-04-30,2726,620608
LEX-1125,2025-05-01,2402,623010
LEX-1125,2025-05-02,2654,625664
LEX-1125,2025-05-03,1132,626796
LEX-1125,2025-05-04,1059,627855
LEX-1125,2025-05-05,2033,629888
LEX-1125,2025-05-06,2515,632403
LEX-1125,2025-05-07,2503,634906
LEX-1125,2025-05-08,2303,637209
LEX-1125,2025-05-09,2642,639851
LEX-1125,2025-05-10,1145,640996
LEX-1125,2025-05-11,1087,642083
LEX-1125,2025-05-12,2232,644315
LEX-1125,2025-05-13,2688,647003
LEX-1125,2025-05-14,2578,649581
LEX-1125,2025-05-15,2383,651964
LEX-1125,2025-05-16,2363,654327
LEX-1125,2025-05-17,1153,655480
LEX-1125,2025-05-18,972,656452
LEX-1125,2025-05-19,2106,658558
LEX-1125,2025-05-20,2389,660947
LEX-1125,2025-05-21,2530,663477
LEX-1125,2025-05-22,2352,665829
LEX-1125,2025-05-23,2116,667945
LEX-1125,2025-05-24,1365,669310
LEX-1125,2025-05-25,1075,670385
LEX-1125,2025-05-26,2419,672804
LEX-1125,2025-05-27,2446,675250
LEX-1125,2025-05-28,2869,678119
LEX-1125,2025-05-29,2233,680352
LEX-1125,2025-05-30,2424,682776
LEX-1125,2025-05-31,1225,684001
LEX-1125,2025-06-01,1756,685757
LEX-1125,2025-06-02,3959,689716
LEX-1125,2025-06-03,3730,693446
LEX-1125,2025-06-04,3769,697215
LEX-1125,2025-06-05,3642,700857
LEX-1125,2025-06-06,4229,705086
LEX-1125,2025-06-07,1913,706999
LEX-1125,2025-06-08,1808,708807
LEX-1125,2025-06-09,3195,712002
LEX-1125,2025-06-10,4447,716449
LEX-1125,2025-06-11,3888,720337
LEX-1125,2025-06-12,4263,724600
LEX-1125,2025-06-13,4248,728848
LEX-1125,2025-06-14,1990,730838
LEX-1125,2025-06-15,2073,732911
LEX-1125,2025-06-16,4257,737168
LEX-1125,2025-06-17,3544,740712
LEX-1125,2025-06-18,4142,744854
LEX-1125,2025-06-19,3953,748807
LEX-1125,2025-06-20,3590,752397
LEX-1125,2025-06-21,2065,754462
LEX-1125,2025-06-22,1784,756246
LEX-1125,2025-06-23,4036,760282
LEX-1125,2025-06-24,3953,764235
LEX-1125,2025-06-25,3665,767900
LEX-1125,2025-06-26,4448,772348
LEX-1125,2025-06-27,4133,776481
LEX-1125,2025-06-28,1808,778289
LEX-1125,2025-06-29,1987,780276
LEX-1125,2025-06-30,3964,784240
LEX-1125,2025-07-01,2158,786398
LEX-1125,2025-07-02,2171,788569
LEX-1125,2025-07-03,2378,790947
LEX-1125,2025-07-04,2565,793512
LEX-1125,2025-07-05,1123,794635
LEX-1125,2025-07-06,1350,795985
LEX-1125,2025-07-07,2267,798252
LEX-1125,2025-07-08,2521,800773
LEX-1125,2025-07-09,2286,803059
LEX-1125,2025-07-10,2659,805718
LEX-1125,2025-07-11,2789,808507
LEX-1125,2025-07-12,1268,809775
LEX-1125,2025-07-13,1148,810923
LEX-1125,2025-07-14,2247,813170
LEX-1125,2025-07-15,2280,815450
LEX-1125,2025-07-16,2328,817778
LEX-1125,2025-07-17,2307,820085
LEX-1125,2025-07-18,2666,822751
LEX-1125,2025-07-19,1220,823971
LEX-1125,2025-07-20,1262,825233
LEX-1125,2025-07-21,2177,827410
LEX-1125,2025-07-22,2353,829763
LEX-1125,2025-07-23,2537,832300
LEX-1125,2025-07-24,2332,834632
LEX-1125,2025-07-25,2478,837110
LEX-1125,2025-07-26,1170,838280
LEX-1125,2025-07-27,1324,839604
LEX-1125,2025-07-28,2420,842024
LEX-1125,2025-07-29,2300,844324
LEX-1125,2025-07-30,2477,846801
LEX-1125,2025-07-31,2478,849279
LEX-1125,2025-08-01,2603,851882
LEX-1125,2025-08-02,1090,852972
LEX-1125,2025-08-03,1118,854090
LEX-1125,2025-08-04,2462,856552
LEX-1125,2025-08-05,2311,858863
LEX-1125,2025-08-06,2445,861308
LEX-1125,2025-08-07,2463,863771
LEX-1125,2025-08-08,2241,866012
LEX-1125,2025-08-09,1235,867247
LEX-1125,2025-08-10,1156,868403
LEX-1125,2025-08-11,2111,870514
LEX-1125,2025-08-12,2413,872927
LEX-1125,2025-08-13,2336,875263
LEX-1125,2025-08-14,2293,877556
LEX-1125,2025-08-15,2437,879993
LEX-1125,2025-08-16,1255,881248
LEX-1125,2025-08-17,1154,882402
LEX-1125,2025-08-18,2580,884982
LEX-1125,2025-08-19,2234,887216
LEX-1125,2025-08-20,2308,889524
LEX-1125,2025-08-21,2703,892227
LEX-1125,2025-08-22,2264,894491
LEX-1125,2025-08-23,1206,895697
LEX-1125,2025-08-24,1134,896831
LEX-1125,2025-08-25,2695,899526
LEX-1125,2025-08-26,2252,901778
LEX-1125,2025-08-27,2742,904520
LEX-1125,2025-08-28,2625,907145
LEX-1125,2025-08-29,2496,909641
LEX-1125,2025-08-30,1291,910932
LEX-1125,2025-08-31,1397,912329
LEX-1126,2024-09-01,217,217
LEX-1126,2024-09-02,460,677
LEX-1126,2024-09-03,454,1131
LEX-1126,2024-09-04,426,1557
LEX-1126,2024-09-05,439,1996
LEX-1126,2024-09-06,464,2460
LEX-1126,2024-09-07,268,2728
LEX-1126,2024-09-08,207,2935
LEX-1126,2024-09-09,453,3388
LEX-1126,2024-09-10,441,3829
LEX-1126,2024-09-11,475,4304
LEX-1126,2024-09-12,475,4779
LEX-1126,2024-09-13,406,5185
LEX-1126,2024-09-14,230,5415
LEX-1126,2024-09-15,189,5604
LEX-1126,2024-09-16,495,6099
LEX-1126,2024-09-17,391,6490
LEX-1126,2024-09-18,421,6911
LEX-1126,2024-09-19,470,7381
LEX-1126,2024-09-20,430,7811
LEX-1126,2024-09-21,233,8044
LEX-1126,2024-09-22,260,8304
LEX-1126,2024-09-23,493,8797
LEX-1126,2024-09-24,436,9233
LEX-1126,2024-09-25,446,9679
LEX-1126,2024-09-26,411,10090
LEX-1126,2024-09-27,492,10582
LEX-1126,2024-09-28,236,10818
LEX-1126,2024-09-29,212,11030
LEX-1126,2024-09-30,466,11496
LEX-1126,2024-10-01,248,11744
LEX-1126,2024-10-02,292,12036
LEX-1126,2024-10-03,313,12349
LEX-1126,2024-10-04,300,12649
LEX-1126,2024-10-05,145,12794
LEX-1126,2024-10-06,154,12948
LEX-1126,2024-10-07,274,13222
LEX-1126,2024-10-08,234,13456
LEX-1126,2024-10-09,315,13771
LEX-1126,2024-10-10,304,14075
LEX-1126,2024-10-11,291,14366
LEX-1126,2024-10-12,143,14509
LEX-1126,2024-10-13,151,14660
LEX-1126,2024-10-14,302,14962
LEX-1126,2024-10-15,280,15242
LEX-1126,2024-10-16,313,15555
LEX-1126,2024-10-17,301,15856
LEX-1126,2024-10-18,270,16126
LEX-1126,2024-10-19,168,16294
LEX-1126,2024-10-20,133,16427
LEX-1126,2024-10-21,239,16666
LEX-1126,2024-10-22,254,16920
LEX-1126,2024-10-23,311,17231
LEX-1126,2024-10-24,312,17543
LEX-1126,2024-10-25,262,17805
LEX-1126,2024-10-26,135,17940
LEX-1126,2024-10-27,135,18075
LEX-1126,2024-10-28,303,18378
LEX-1126,2024-10-29,257,18635
LEX-1126,2024-10-30,306,18941
LEX-1126,2024-10-31,288,19229
LEX-1126,2024-11-01,271,19500
LEX-1126,2024-11-02,137,19637
LEX-1126,2024-11-03,139,19776
LEX-1126,2024-11-04,279,20055
LEX-1126,2024-11-05,268,20323
LEX-1126,2024-11-06,331,20654
LEX-1126,2024-11-07,297,20951
LEX-1126,2024-11-08,304,21255
LEX-1126,2024-11-09,143,21398
LEX-1126,2024-11-10,145,21543
LEX-1126,2024-11-11,276,21819
LEX-1126,2024-11-12,309,22128
LEX-1126,2024-11-13,285,22413
LEX-1126,2024-11-14,268,22681
LEX-1126,2024-11-15,223,22904
LEX-1126,2024-11-16,132,23036
LEX-1126,2024-11-17,140,23176
LEX-1126,2024-11-18,285,23461
LEX-1126,2024-11-19,257,23718
LEX-1126,2024-11-20,235,23953
LEX-1126,2024-11-21,334,24287
LEX-1126,2024-11-22,284,24571
LEX-1126,2024-11-23,138,24709
LEX-1126,2024-11-24,144,24853
LEX-1126,2024-11-25,259,25112
LEX-1126,2024-11-26,308,25420
LEX-1126,2024-11-27,273,25693
LEX-1126,2024-11-28,267,25960
LEX-1126,2024-11-29,270,26230
LEX-1126,2024-11-30,134,26364
LEX-1126,2024-12-01,206,26570
LEX-1126,2024-12-02,470,27040
LEX-1126,2024-12-03,475,27515
LEX-1126,2024-12-04,406,27921
LEX-1126,2024-12-05,444,28365
LEX-1126,2024-12-06,459,28824
LEX-1126,2024-12-07,217,29041
LEX-1126,2024-12-08,241,29282
LEX-1126,2024-12-09,510,29792
LEX-1126,2024-12-10,471,30263
LEX-1126,2024-12-11,454,30717
LEX-1126,2024-12-12,426,31143
LEX-1126,2024-12-13,401,31544
LEX-1126,2024-12-14,212,31756
LEX-1126,2024-12-15,240,31996
LEX-1126,2024-12-16,418,32414
LEX-1126,2024-12-17,499,32913
LEX-1126,2024-12-18,440,33353
LEX-1126,2024-12-19,413,33766
LEX-1126,2024-12-20,462,34228
LEX-1126,2024-12-21,211,34439
LEX-1126,2024-12-22,242,34681
LEX-1126,2024-12-23,424,35105
LEX-1126,2024-12-24,380,35485
LEX-1126,2024-12-25,435,35920
LEX-1126,2024-12-26,396,36316
LEX-1126,2024-12-27,482,36798
LEX-1126,2024-12-28,246,37044
LEX-1126,2024-12-29,216,37260
LEX-1126,2024-12-30,511,37771
LEX-1126,2024-12-31,423,38194
LEX-1126,2025-01-01,276,38470
LEX-1126,2025-01-02,259,38729
LEX-1126,2025-01-03,245,38974
LEX-1126,2025-01-04,146,39120
LEX-1126,2025-01-05,158,39278
LEX-1126,2025-01-06,273,39551
LEX-1126,2025-01-07,284,39835
LEX-1126,2025-01-08,255,40090
LEX-1126,2025-01-09,270,40360
LEX-1126,2025-01-10,249,40609
LEX-1126,2025-01-11,158,40767
LEX-1126,2025-01-12,128,40895
LEX-1126,2025-01-13,283,41178
LEX-1126,2025-01-14,319,41497
LEX-1126,2025-01-15,286,41783
LEX-1126,2025-01-16,281,42064
LEX-1126,2025-01-17,291,42355
LEX-1126,2025-01-18,127,42482
LEX-1126,2025-01-19,121,42603
LEX-1126,2025-01-20,289,42892
LEX-1126,2025-01-21,286,43178
LEX-1126,2025-01-22,291,43469
LEX-1126,2025-01-23,226,43695
LEX-1126,2025-01-24,253,43948
LEX-1126,2025-01-25,143,44091
LEX-1126,2025-01-26,140,44231
LEX-1126,2025-01-27,304,44535
LEX-1126,2025-01-28,290,44825
LEX-1126,2025-01-29,311,45136
LEX-1126,2025-01-30,309,45445
LEX-1126,2025-01-31,297,45742
LEX-1126,2025-02-01,140,45882
LEX-1126,2025-02-02,145,46027
LEX-1126,2025-02-03,293,46320
LEX-1126,2025-02-04,311,46631
LEX-1126,2025-02-05,275,46906
LEX-1126,2025-02-06,293,47199
LEX-1126,2025-02-07,252,47451
LEX-1126,2025-02-08,137,47588
LEX-1126,2025-02-09,144,47732
LEX-1126,2025-02-10,292,48024
LEX-1126,2025-02-11,298,48322
LEX-1126,2025-02-12,267,48589
LEX-1126,2025-02-13,285,48874
LEX-1126,2025-02-14,272,49146
LEX-1126,2025-02-15,162,49308
LEX-1126,2025-02-16,124,49432
LEX-1126,2025-02-17,332,49764
LEX-1126,2025-02-18,299,50063
LEX-1126,2025-02-19,222,50285
LEX-1126,2025-02-20,272,50557
LEX-1126,2025-02-21,289,50846
LEX-1126,2025-02-22,141,50987
LEX-1126,2025-02-23,123,51110
LEX-1126,2025-02-24,257,51367
LEX-1126,2025-02-25,286,51653
LEX-1126,2025-02-26,252,51905
LEX-1126,2025-02-27,302,52207
LEX-1126,2025-02-28,277,52484
LEX-1126,2025-03-01,237,52721
LEX-1126,2025-03-02,207,52928
LEX-1126,2025-03-03,405,53333
LEX-1126,2025-03-04,491,53824
LEX-1126,2025-03-05,451,54275
LEX-1126,2025-03-06,394,54669
LEX-1126,2025-03-07,424,55093
LEX-1126,2025-03-08,230,55323
LEX-1126,2025-03-09,200,55523
LEX-1126,2025-03-10,350,55873
LEX-1126,2025-03-11,399,56272
LEX-1126,2025-03-12,482,56754
LEX-1126,2025-03-13,391,57145
LEX-1126,2025-03-14,489,57634
LEX-1126,2025-03-15,232,57866
LEX-1126,2025-03-16,213,58079
LEX-1126,2025-03-17,496,58575
LEX-1126,2025-03-18,405,58980
LEX-1126,2025-03-19,431,59411
LEX-1126,2025-03-20,451,59862
LEX-1126,2025-03-21,437,60299
LEX-1126,2025-03-22,228,60527
LEX-1126,2025-03-23,237,60764
LEX-1126,2025-03-24,431,61195
LEX-1126,2025-03-25,508,61703
LEX-1126,2025-03-26,420,62123
LEX-1126,2025-03-27,443,62566
LEX-1126,2025-03-28,469,63035
LEX-1126,2025-03-29,223,63258
LEX-1126,2025-03-30,200,63458
LEX-1126,2025-03-31,452,63910
LEX-1126,2025-04-01,261,64171
LEX-1126,2025-04-02,322,64493
LEX-1126,2025-04-03,316,64809
LEX-1126,2025-04-04,286,65095
LEX-1126,2025-04-05,138,65233
LEX-1126,2025-04-06,154,65387
LEX-1126,2025-04-07,310,65697
LEX-1126,2025-04-08,294,65991
LEX-1126,2025-04-09,315,66306
LEX-1126,2025-04-10,291,66597
LEX-1126,2025-04-11,286,66883
LEX-1126,2025-04-12,145,67028
LEX-1126,2025-04-13,135,67163
LEX-1126,2025-04-14,301,67464
LEX-1126,2025-04-15,278,67742
LEX-1126,2025-04-16,290,68032
LEX-1126,2025-04-17,277,68309
LEX-1126,2025-04-18,293,68602
LEX-1126,2025-04-19,144,68746
LEX-1126,2025-04-20,153,68899
LEX-1126,2025-04-21,270,69169
LEX-1126,2025-04-22,270,69439
LEX-1126,2025-04-23,299,69738
LEX-1126,2025-04-24,322,70060
LEX-1126,2025-04-25,277,70337
LEX-1126,2025-04-26,148,70485
LEX-1126,2025-04-27,131,70616
LEX-1126,2025-04-28,272,70888
LEX-1126,2025-04-29,284,71172
LEX-1126,2025-04-30,290,71462
LEX-1126,2025-05-01,289,71751
LEX-1126,2025-05-02,278,72029
LEX-1126,2025-05-03,125,72154
LEX-1126,2025-05-04,127,72281
LEX-1126,2025-05-05,313,72594
LEX-1126,2025-05-06,274,72868
LEX-1126,2025-05-07,283,73151
LEX-1126,2025-05-08,288,73439
LEX-1126,2025-05-09,336,73775
LEX-1126,2025-05-10,138,73913
LEX-1126,2025-05-11,153,74066
LEX-1126,2025-05-12,261,74327
LEX-1126,2025-05-13,272,74599
LEX-1126,2025-05-14,294,74893
LEX-1126,2025-05-15,298,75191
LEX-1126,2025-05-16,292,75483
LEX-1126,2025-05-17,142,75625
LEX-1126,2025-05-18,141,75766
LEX-1126,2025-05-19,312,76078
LEX-1126,2025-05-20,317,76395
LEX-1126,2025-05-21,281,76676
LEX-1126,2025-05-22,282,76958
LEX-1126,2025-05-23,277,77235
LEX-1126,2025-05-24,136,77371
LEX-1126,2025-05-25,150,77521
LEX-1126,2025-05-26,280,77801
LEX-1126,2025-05-27,288,78089
LEX-1126,2025-05-28,293,78382
LEX-1126,2025-05-29,212,78594
LEX-1126,2025-05-30,269,78863
LEX-1126,2025-05-31,142,79005
LEX-1126,2025-06-01,240,79245
LEX-1126,2025-06-02,510,79755
LEX-1126,2025-06-03,454,80209
LEX-1126,2025-06-04,400,80609
LEX-1126,2025-06-05,474,81083
LEX-1126,2025-06-06,450,81533
LEX-1126,2025-06-07,263,81796
LEX-1126,2025-06-08,249,82045
LEX-1126,2025-06-09,407,82452
LEX-1126,2025-06-10,430,82882
LEX-1126,2025-06-11,508,83390
LEX-1126,2025-06-12,458,83848
LEX-1126,2025-06-13,475,84323
LEX-1126,2025-06-14,222,84545
LEX-1126,2025-06-15,259,84804
LEX-1126,2025-06-16,459,85263
LEX-1126,2025-06-17,483,85746
LEX-1126,2025-06-18,401,86147
LEX-1126,2025-06-19,410,86557
LEX-1126,2025-06-20,529,87086
LEX-1126,2025-06-21,206,87292
LEX-1126,2025-06-22,238,87530
LEX-1126,2025-06-23,488,88018
LEX-1126,2025-06-24,464,88482
LEX-1126,2025-06-25,489,88971
LEX-1126,2025-06-26,387,89358
LEX-1126,2025-06-27,498,89856
LEX-1126,2025-06-28,184,90040
LEX-1126,2025-06-29,242,90282
LEX-1126,2025-06-30,552,90834
LEX-1126,2025-07-01,312,91146
LEX-1126,2025-07-02,285,91431
LEX-1126,2025-07-03,278,91709
LEX-1126,2025-07-04,283,91992
LEX-1126,2025-07-05,129,92121
LEX-1126,2025-07-06,139,92260
LEX-1126,2025-07-07,250,92510
LEX-1126,2025-07-08,264,92774
LEX-1126,2025-07-09,304,93078
LEX-1126,2025-07-10,302,93380
LEX-1126,2025-07-11,293,93673
LEX-1126,2025-07-12,143,93816
LEX-1126,2025-07-13,122,93938
LEX-1126,2025-07-14,275,94213
LEX-1126,2025-07-15,282,94495
LEX-1126,2025-07-16,247,94742
LEX-1126,2025-07-17,252,94994
LEX-1126,2025-07-18,305,95299
LEX-1126,2025-07-19,145,95444
LEX-1126,2025-07-20,128,95572
LEX-1126,2025-07-21,315,95887
LEX-1126,2025-07-22,306,96193
LEX-1126,2025-07-23,281,96474
LEX-1126,2025-07-24,255,96729
LEX-1126,2025-07-25,320,97049
LEX-1126,2025-07-26,161,97210
LEX-1126,2025-07-27,155,97365
LEX-1126,2025-07-28,309,97674
LEX-1126,2025-07-29,282,97956
LEX-1126,2025-07-30,286,98242
LEX-1126,2025-07-31,314,98556
LEX-1126,2025-08-01,289,98845
LEX-1126,2025-08-02,132,98977
LEX-1126,2025-08-03,131,99108
LEX-1126,2025-08-04,308,99416
LEX-1126,2025-08-05,331,99747
LEX-1126,2025-08-06,296,100043
LEX-1126,2025-08-07,334,100377
LEX-1126,2025-08-08,239,100616
LEX-1126,2025-08-09,127,100743
LEX-1126,2025-08-10,136,100879
LEX-1126,2025-08-11,238,101117
LEX-1126,2025-08-12,279,101396
LEX-1126,2025-08-13,310,101706
LEX-1126,2025-08-14,237,101943
LEX-1126,2025-08-15,304,102247
LEX-1126,2025-08-16,128,102375
LEX-1126,2025-08-17,132,102507
LEX-1126,2025-08-18,280,102787
LEX-1126,2025-08-19,282,103069
LEX-1126,2025-08-20,306,103375
LEX-1126,2025-08-21,279,103654
LEX-1126,2025-08-22,299,103953
LEX-1126,2025-08-23,154,104107
LEX-1126,2025-08-24,143,104250
LEX-1126,2025-08-25,333,104583
LEX-1126,2025-08-26,269,104852
LEX-1126,2025-08-27,265,105117
LEX-1126,2025-08-28,266,105383
LEX-1126,2025-08-29,334,105717
LEX-1126,2025-08-30,151,105868
LEX-1126,2025-08-31,155,106023
LEX-1127,2024-09-01,290,290
LEX-1127,2024-09-02,545,835
LEX-1127,2024-09-03,556,1391
LEX-1127,2024-09-04,506,1897
LEX-1127,2024-09-05,641,2538
LEX-1127,2024-09-06,545,3083
LEX-1127,2024-09-07,255,3338
LEX-1127,2024-09-08,242,3580
LEX-1127,2024-09-09,625,4205
LEX-1127,2024-09-10,596,4801
LEX-1127,2024-09-11,572,5373
LEX-1127,2024-09-12,467,5840
LEX-1127,2024-09-13,567,6407
LEX-1127,2024-09-14,269,6676
LEX-1127,2024-09-15,263,6939
LEX-1127,2024-09-16,611,7550
LEX-1127,2024-09-17,490,8040
LEX-1127,2024-09-18,486,8526
LEX-1127,2024-09-19,476,9002
LEX-1127,2024-09-20,509,9511
LEX-1127,2024-09-21,244,9755
LEX-1127,2024-09-22,294,10049
LEX-1127,2024-09-23,509,10558
LEX-1127,2024-09-24,558,11116
LEX-1127,2024-09-25,521,11637
LEX-1127,2024-09-26,593,12230
LEX-1127,2024-09-27,581,12811
LEX-1127,2024-09-28,276,13087
LEX-1127,2024-09-29,310,13397
LEX-1127,2024-09-30,525,13922
LEX-1127,2024-10-01,334,14256
LEX-1127,2024-10-02,348,14604
LEX-1127,2024-10-03,361,14965
LEX-1127,2024-10-04,291,15256
LEX-1127,2024-10-05,187,15443
LEX-1127,2024-10-06,163,15606
LEX-1127,2024-10-07,361,15967
LEX-1127,2024-10-08,322,16289
LEX-1127,2024-10-09,380,16669
LEX-1127,2024-10-10,372,17041
LEX-1127,2024-10-11,372,17413
LEX-1127,2024-10-12,177,17590
LEX-1127,2024-10-13,169,17759
LEX-1127,2024-10-14,296,18055
LEX-1127,2024-10-15,345,18400
LEX-1127,2024-10-16,375,18775
LEX-1127,2024-10-17,365,19140
LEX-1127,2024-10-18,323,19463
LEX-1127,2024-10-19,214,19677
LEX-1127,2024-10-20,186,19863
LEX-1127,2024-10-21,323,20186
LEX-1127,2024-10-22,327,20513
LEX-1127,2024-10-23,315,20828
LEX-1127,2024-10-24,340,21168
LEX-1127,2024-10-25,387,21555
LEX-1127,2024-10-26,178,21733
LEX-1127,2024-10-27,194,21927
LEX-1127,2024-10-28,387,22314
LEX-1127,2024-10-29,381,22695
LEX-1127,2024-10-30,390,23085
LEX-1127,2024-10-31,343,23428
LEX-1127,2024-11-01,348,23776
LEX-1127,2024-11-02,152,23928
LEX-1127,2024-11-03,179,24107
LEX-1127,2024-11-04,350,24457
LEX-1127,2024-11-05,398,24855
LEX-1127,2024-11-06,333,25188
LEX-1127,2024-11-07,315,25503
LEX-1127,2024-11-08,303,25806
LEX-1127,2024-11-09,190,25996
LEX-1127,2024-11-10,174,26170
LEX-1127,2024-11-11,335,26505
LEX-1127,2024-11-12,350,26855
LEX-1127,2024-11-13,308,27163
LEX-1127,2024-11-14,307,27470
LEX-1127,2024-11-15,391,27861
LEX-1127,2024-11-16,174,28035
LEX-1127,2024-11-17,177,28212
LEX-1127,2024-11-18,343,28555
LEX-1127,2024-11-19,326,28881
LEX-1127,2024-11-20,326,29207
LEX-1127,2024-11-21,315,29522
LEX-1127,2024-11-22,375,29897
LEX-1127,2024-11-23,178,30075
LEX-1127,2024-11-24,164,30239
LEX-1127,2024-11-25,364,30603
LEX-1127,2024-11-26,321,30924
LEX-1127,2024-11-27,371,31295
LEX-1127,2024-11-28,320,31615
LEX-1127,2024-11-29,347,31962
LEX-1127,2024-11-30,162,32124
LEX-1127,2024-12-01,307,32431
LEX-1127,2024-12-02,613,33044
LEX-1127,2024-12-03,582,33626
LEX-1127,2024-12-04,546,34172
LEX-1127,2024-12-05,529,34701
LEX-1127,2024-12-06,559,35260
LEX-1127,2024-12-07,259,35519
LEX-1127,2024-12-08,294,35813
LEX-1127,2024-12-09,541,36354
LEX-1127,2024-12-10,554,36908
LEX-1127,2024-12-11,560,37468
LEX-1127,2024-12-12,618,38086
LEX-1127,2024-12-13,547,38633
LEX-1127,2024-12-14,314,38947
LEX-1127,2024-12-15,294,39241
LEX-1127,2024-12-16,587,39828
LEX-1127,2024-12-17,522,40350
LEX-1127,2024-12-18,497,40847
LEX-1127,2024-12-19,553,41400
LEX-1127,2024-12-20,503,41903
LEX-1127,2024-12-21,235,42138
LEX-1127,2024-12-22,264,42402
LEX-1127,2024-12-23,478,42880
LEX-1127,2024-12-24,592,43472
LEX-1127,2024-12-25,500,43972
LEX-1127,2024-12-26,477,44449
LEX-1127,2024-12-27,525,44974
LEX-1127,2024-12-28,287,45261
LEX-1127,2024-12-29,265,45526
LEX-1127,2024-12-30,585,46111
LEX-1127,2024-12-31,577,46688
LEX-1127,2025-01-01,352,47040
LEX-1127,2025-01-02,326,47366
LEX-1127,2025-01-03,355,47721
LEX-1127,2025-01-04,138,47859
LEX-1127,2025-01-05,170,48029
LEX-1127,2025-01-06,375,48404
LEX-1127,2025-01-07,326,48730
LEX-1127,2025-01-08,352,49082
LEX-1127,2025-01-09,293,49375
LEX-1127,2025-01-10,364,49739
LEX-1127,2025-01-11,167,49906
LEX-1127,2025-01-12,167,50073
LEX-1127,2025-01-13,334,50407
LEX-1127,2025-01-14,351,50758
LEX-1127,2025-01-15,331,51089
LEX-1127,2025-01-16,347,51436
LEX-1127,2025-01-17,309,51745
LEX-1127,2025-01-18,166,51911
LEX-1127,2025-01-19,175,52086
LEX-1127,2025-01-20,338,52424
LEX-1127,2025-01-21,353,52777
LEX-1127,2025-01-22,360,53137
LEX-1127,2025-01-23,360,53497
LEX-1127,2025-01-24,362,53859
LEX-1127,2025-01-25,144,54003
LEX-1127,2025-01-26,155,54158
LEX-1127,2025-01-27,393,54551
LEX-1127,2025-01-28,370,54921
LEX-1127,2025-01-29,332,55253
LEX-1127,2025-01-30,359,55612
LEX-1127,2025-01-31,327,55939
LEX-1127,2025-02-01,180,56119
LEX-1127,2025-02-02,158,56277
LEX-1127,2025-02-03,354,56631
LEX-1127,2025-02-04,338,56969
LEX-1127,2025-02-05,364,57333
LEX-1127,2025-02-06,408,57741
LEX-1127,2025-02-07,345,58086
LEX-1127,2025-02-08,145,58231
LEX-1127,2025-02-09,174,58405
LEX-1127,2025-02-10,341,58746
LEX-1127,2025-02-11,278,59024
LEX-1127,2025-02-12,322,59346
LEX-1127,2025-02-13,363,59709
LEX-1127,2025-02-14,372,60081
LEX-1127,2025-02-15,186,60267
LEX-1127,2025-02-16,194,60461
LEX-1127,2025-02-17,335,60796
LEX-1127,2025-02-18,316,61112
LEX-1127,2025-02-19,300,61412
LEX-1127,2025-02-20,343,61755
LEX-1127,2025-02-21,327,62082
LEX-1127,2025-02-22,159,62241
LEX-1127,2025-02-23,149,62390
LEX-1127,2025-02-24,333,62723
LEX-1127,2025-02-25,321,63044
LEX-1127,2025-02-26,323,63367
LEX-1127,2025-02-27,391,63758
LEX-1127,2025-02-28,343,64101
LEX-1127,2025-03-01,271,64372
LEX-1127,2025-03-02,292,64664
LEX-1127,2025-03-03,528,65192
LEX-1127,2025-03-04,571,65763
LEX-1127,2025-03-05,579,66342
LEX-1127,2025-03-06,507,66849
LEX-1127,2025-03-07,538,67387
LEX-1127,2025-03-08,242,67629
LEX-1127,2025-03-09,250,67879
LEX-1127,2025-03-10,517,68396
LEX-1127,2025-03-11,565,68961
LEX-1127,2025-03-12,502,69463
LEX-1127,2025-03-13,555,70018
LEX-1127,2025-03-14,537,70555
LEX-1127,2025-03-15,268,70823
LEX-1127,2025-03-16,291,71114
LEX-1127,2025-03-17,624,71738
LEX-1127,2025-03-18,478,72216
LEX-1127,2025-03-19,573,72789
LEX-1127,2025-03-20,637,73426
LEX-1127,2025-03-21,592,74018
LEX-1127,2025-03-22,288,74306
LEX-1127,2025-03-23,235,74541
LEX-1127,2025-03-24,604,75145
LEX-1127,2025-03-25,622,75767
LEX-1127,2025-03-26,578,76345
LEX-1127,2025-03-27,590,76935
LEX-1127,2025-03-28,596,77531
LEX-1127,2025-03-29,289,77820
LEX-1127,2025-03-30,292,78112
LEX-1127,2025-03-31,478,78590
LEX-1127,2025-04-01,412,79002
LEX-1127,2025-04-02,370,79372
LEX-1127,2025-04-03,368,79740
LEX-1127,2025-04-04,353,80093
LEX-1127,2025-04-05,145,80238
LEX-1127,2025-04-06,140,80378
LEX-1127,2025-04-07,357,80735
LEX-1127,2025-04-08,342,81077
LEX-1127,2025-04-09,364,81441
LEX-1127,2025-04-10,335,81776
LEX-1127,2025-04-11,333,82109
LEX-1127,2025-04-12,168,82277
LEX-1127,2025-04-13,165,82442
LEX-1127,2025-04-14,314,82756
LEX-1127,2025-04-15,309,83065
LEX-1127,2025-04-16,357,83422
LEX-1127,2025-04-17,360,83782
LEX-1127,2025-04-18,262,84044
LEX-1127,2025-04-19,169,84213
LEX-1127,2025-04-20,168,84381
LEX-1127,2025-04-21,356,84737
LEX-1127,2025-04-22,357,85094
LEX-1127,2025-04-23,362,85456
LEX-1127,2025-04-24,334,85790
LEX-1127,2025-04-25,324,86114
LEX-1127,2025-04-26,148,86262
LEX-1127,2025-04-27,170,86432
LEX-1127,2025-04-28,300,86732
LEX-1127,2025-04-29,324,87056
LEX-1127,2025-04-30,305,87361
LEX-1127,2025-05-01,380,87741
LEX-1127,2025-05-02,308,88049
LEX-1127,2025-05-03,159,88208
LEX-1127,2025-05-04,179,88387
LEX-1127,2025-05-05,375,88762
LEX-1127,2025-05-06,323,89085
LEX-1127,2025-05-07,385,89470
LEX-1127,2025-05-08,335,89805
LEX-1127,2025-05-09,375,90180
LEX-1127,2025-05-10,172,90352
LEX-1127,2025-05-11,153,90505
LEX-1127,2025-05-12,319,90824
LEX-1127,2025-05-13,340,91164
LEX-1127,2025-05-14,372,91536
LEX-1127,2025-05-15,358,91894
LEX-1127,2025-05-16,378,92272
LEX-1127,2025-05-17,162,92434
LEX-1127,2025-05-18,149,92583
LEX-1127,2025-05-19,360,92943
LEX-1127,2025-05-20,356,93299
LEX-1127,2025-05-21,339,93638
LEX-1127,2025-05-22,329,93967
LEX-1127,2025-05-23,332,94299
LEX-1127,2025-05-24,161,94460
LEX-1127,2025-05-25,176,94636
LEX-1127,2025-05-26,361,94997
LEX-1127,2025-05-27,379,95376
LEX-1127,2025-05-28,343,95719
LEX-1127,2025-05-29,352,96071
LEX-1127,2025-05-30,298,96369
LEX-1127,2025-05-31,173,96542
LEX-1127,2025-06-01,288,96830
LEX-1127,2025-06-02,514,97344
LEX-1127,2025-06-03,612,97956
LEX-1127,2025-06-04,514,98470
LEX-1127,2025-06-05,561,99031
LEX-1127,2025-06-06,557,99588
LEX-1127,2025-06-07,255,99843
LEX-1127,2025-06-08,271,100114
LEX-1127,2025-06-09,552,100666
LEX-1127,2025-06-10,554,101220
LEX-1127,2025-06-11,481,101701
LEX-1127,2025-06-12,565,102266
LEX-1127,2025-06-13,593,102859
LEX-1127,2025-06-14,294,103153
LEX-1127,2025-06-15,291,103444
LEX-1127,2025-06-16,506,103950
LEX-1127,2025-06-17,580,104530
LEX-1127,2025-06-18,483,105013
LEX-1127,2025-06-19,541,105554
LEX-1127,2025-06-20,500,106054
LEX-1127,2025-06-21,296,106350
LEX-1127,2025-06-22,277,106627
LEX-1127,2025-06-23,463,107090
LEX-1127,2025-06-24,534,107624
LEX-1127,2025-06-25,486,108110
LEX-1127,2025-06-26,525,108635
LEX-1127,2025-06-27,534,109169
LEX-1127,2025-06-28,289,109458
LEX-1127,2025-06-29,294,109752
LEX-1127,2025-06-30,487,110239
LEX-1127,2025-07-01,335,110574
LEX-1127,2025-07-02,332,110906
LEX-1127,2025-07-03,308,111214
LEX-1127,2025-07-04,335,111549
LEX-1127,2025-07-05,183,111732
LEX-1127,2025-07-06,157,111889
LEX-1127,2025-07-07,367,112256
LEX-1127,2025-07-08,305,112561
LEX-1127,2025-07-09,387,112948
LEX-1127,2025-07-10,342,113290
LEX-1127,2025-07-11,322,113612
LEX-1127,2025-07-12,180,113792
LEX-1127,2025-07-13,205,113997
LEX-1127,2025-07-14,380,114377
LEX-1127,2025-07-15,341,114718
LEX-1127,2025-07-16,379,115097
LEX-1127,2025-07-17,406,115503
LEX-1127,2025-07-18,333,115836
LEX-1127,2025-07-19,174,116010
LEX-1127,2025-07-20,160,116170
LEX-1127,2025-07-21,333,116503
LEX-1127,2025-07-22,336,116839
LEX-1127,2025-07-23,331,117170
LEX-1127,2025-07-24,376,117546
LEX-1127,2025-07-25,292,117838
LEX-1127,2025-07-26,172,118010
LEX-1127,2025-07-27,171,118181
LEX-1127,2025-07-28,330,118511
LEX-1127,2025-07-29,366,118877
LEX-1127,2025-07-30,365,119242
LEX-1127,2025-07-31,344,119586
LEX-1127,2025-08-01,352,119938
LEX-1127,2025-08-02,171,120109
LEX-1127,2025-08-03,180,120289
LEX-1127,2025-08-04,387,120676
LEX-1127,2025-08-05,373,121049
LEX-1127,2025-08-06,405,121454
LEX-1127,2025-08-07,366,121820
LEX-1127,2025-08-08,293,122113
LEX-1127,2025-08-09,180,122293
LEX-1127,2025-08-10,161,122454
LEX-1127,2025-08-11,379,122833
LEX-1127,2025-08-12,336,123169
LEX-1127,2025-08-13,307,123476
LEX-1127,2025-08-14,353,123829
LEX-1127,2025-08-15,336,124165
LEX-1127,2025-08-16,177,124342
LEX-1127,2025-08-17,176,124518
LEX-1127,2025-08-18,353,124871
LEX-1127,2025-08-19,354,125225
LEX-1127,2025-08-20,367,125592
LEX-1127,2025-08-21,348,125940
LEX-1127,2025-08-22,340,126280
LEX-1127,2025-08-23,168,126448
LEX-1127,2025-08-24,166,126614
LEX-1127,2025-08-25,336,126950
LEX-1127,2025-08-26,367,127317
LEX-1127,2025-08-27,380,127697
LEX-1127,2025-08-28,365,128062
LEX-1127,2025-08-29,352,128414
LEX-1127,2025-08-30,173,128587
LEX-1127,2025-08-31,175,128762
LEX-1128,2024-09-01,378,378
LEX-1128,2024-09-02,707,1085
LEX-1128,2024-09-03,699,1784
LEX-1128,2024-09-04,747,2531
LEX-1128,2024-09-05,691,3222
LEX-1128,2024-09-06,695,3917
LEX-1128,2024-09-07,351,4268
LEX-1128,2024-09-08,406,4674
LEX-1128,2024-09-09,830,5504
LEX-1128,2024-09-10,742,6246
LEX-1128,2024-09-11,745,6991
LEX-1128,2024-09-12,785,7776
LEX-1128,2024-09-13,689,8465
LEX-1128,2024-09-14,374,8839
LEX-1128,2024-09-15,429,9268
LEX-1128,2024-09-16,738,10006
LEX-1128,2024-09-17,735,10741
LEX-1128,2024-09-18,737,11478
LEX-1128,2024-09-19,728,12206
LEX-1128,2024-09-20,767,12973
LEX-1128,2024-09-21,380,13353
LEX-1128,2024-09-22,310,13663
LEX-1128,2024-09-23,776,14439
LEX-1128,2024-09-24,684,15123
LEX-1128,2024-09-25,781,15904
LEX-1128,2024-09-26,744,16648
LEX-1128,2024-09-27,750,17398
LEX-1128,2024-09-28,377,17775
LEX-1128,2024-09-29,355,18130
LEX-1128,2024-09-30,706,18836
LEX-1128,2024-10-01,491,19327
LEX-1128,2024-10-02,444,19771
LEX-1128,2024-10-03,424,20195
LEX-1128,2024-10-04,481,20676
LEX-1128,2024-10-05,239,20915
LEX-1128,2024-10-06,231,21146
LEX-1128,2024-10-07,471,21617
LEX-1128,2024-10-08,468,22085
LEX-1128,2024-10-09,486,22571
LEX-1128,2024-10-10,494,23065
LEX-1128,2024-10-11,483,23548
LEX-1128,2024-10-12,248,23796
LEX-1128,2024-10-13,262,24058
LEX-1128,2024-10-14,481,24539
LEX-1128,2024-10-15,461,25000
LEX-1128,2024-10-16,405,25405
LEX-1128,2024-10-17,415,25820
LEX-1128,2024-10-18,477,26297
LEX-1128,2024-10-19,227,26524
LEX-1128,2024-10-20,222,26746
LEX-1128,2024-10-21,485,27231
LEX-1128,2024-10-22,490,27721
LEX-1128,2024-10-23,476,28197
LEX-1128,2024-10-24,449,28646
LEX-1128,2024-10-25,537,29183
LEX-1128,2024-10-26,230,29413
LEX-1128,2024-10-27,248,29661
LEX-1128,2024-10-28,455,30116
LEX-1128,2024-10-29,424,30540
LEX-1128,2024-10-30,466,31006
LEX-1128,2024-10-31,556,31562
LEX-1128,2024-11-01,500,32062
LEX-1128,2024-11-02,230,32292
LEX-1128,2024-11-03,242,32534
LEX-1128,2024-11-04,452,32986
LEX-1128,2024-11-05,489,33475
LEX-1128,2024-11-06,535,34010
LEX-1128,2024-11-07,444,34454
LEX-1128,2024-11-08,473,34927
LEX-1128,2024-11-09,239,35166
LEX-1128,2024-11-10,224,35390
LEX-1128,2024-11-11,448,35838
LEX-1128,2024-11-12,470,36308
LEX-1128,2024-11-13,440,36748
LEX-1128,2024-11-14,502,37250
LEX-1128,2024-11-15,457,37707
LEX-1128,2024-11-16,229,37936
LEX-1128,2024-11-17,214,38150
LEX-1128,2024-11-18,433,38583
LEX-1128,2024-11-19,445,39028
LEX-1128,2024-11-20,445,39473
LEX-1128,2024-11-21,425,39898
LEX-1128,2024-11-22,495,40393
LEX-1128,2024-11-23,258,40651
LEX-1128,2024-11-24,229,40880
LEX-1128,2024-11-25,430,41310
LEX-1128,2024-11-26,433,41743
LEX-1128,2024-11-27,472,42215
LEX-1128,2024-11-28,467,42682
LEX-1128,2024-11-29,406,43088
LEX-1128,2024-11-30,192,43280
LEX-1128,2024-12-01,373,43653
LEX-1128,2024-12-02,785,44438
LEX-1128,2024-12-03,813,45251
LEX-1128,2024-12-04,705,45956
LEX-1128,2024-12-05,809,46765
LEX-1128,2024-12-06,727,47492
LEX-1128,2024-12-07,336,47828
LEX-1128,2024-12-08,425,48253
LEX-1128,2024-12-09,646,48899
LEX-1128,2024-12-10,732,49631
LEX-1128,2024-12-11,704,50335
LEX-1128,2024-12-12,765,51100
LEX-1128,2024-12-13,798,51898
LEX-1128,2024-12-14,317,52215
LEX-1128,2024-12-15,352,52567
LEX-1128,2024-12-16,798,53365
LEX-1128,2024-12-17,691,54056
LEX-1128,2024-12-18,650,54706
LEX-1128,2024-12-19,716,55422
LEX-1128,2024-12-20,706,56128
LEX-1128,2024-12-21,394,56522
LEX-1128,2024-12-22,373,56895
LEX-1128,2024-12-23,699,57594
LEX-1128,2024-12-24,799,58393
LEX-1128,2024-12-25,742,59135
LEX-1128,2024-12-26,660,59795
LEX-1128,2024-12-27,703,60498
LEX-1128,2024-12-28,356,60854
LEX-1128,2024-12-29,429,61283
LEX-1128,2024-12-30,731,62014
LEX-1128,2024-12-31,666,62680
LEX-1128,2025-01-01,458,63138
LEX-1128,2025-01-02,489,63627
LEX-1128,2025-01-03,461,64088
LEX-1128,2025-01-04,252,64340
LEX-1128,2025-01-05,246,64586
LEX-1128,2025-01-06,489,65075
LEX-1128,2025-01-07,489,65564
LEX-1128,2025-01-08,511,66075
LEX-1128,2025-01-09,503,66578
LEX-1128,2025-01-10,423,67001
LEX-1128,2025-01-11,211,67212
LEX-1128,2025-01-12,242,67454
LEX-1128,2025-01-13,430,67884
LEX-1128,2025-01-14,422,68306
LEX-1128,2025-01-15,496,68802
LEX-1128,2025-01-16,448,69250
LEX-1128,2025-01-17,490,69740
LEX-1128,2025-01-18,243,69983
LEX-1128,2025-01-19,232,70215
LEX-1128,2025-01-20,496,70711
LEX-1128,2025-01-21,482,71193
LEX-1128,2025-01-22,496,71689
LEX-1128,2025-01-23,412,72101
LEX-1128,2025-01-24,457,72558
LEX-1128,2025-01-25,206,72764
LEX-1128,2025-01-26,225,72989
LEX-1128,2025-01-27,426,73415
LEX-1128,2025-01-28,427,73842
LEX-1128,2025-01-29,465,74307
LEX-1128,2025-01-30,523,74830
LEX-1128,2025-01-31,476,75306
LEX-1128,2025-02-01,236,75542
LEX-1128,2025-02-02,205,75747
LEX-1128,2025-02-03,527,76274
LEX-1128,2025-02-04,471,76745
LEX-1128,2025-02-05,505,77250
LEX-1128,2025-02-06,447,77697
LEX-1128,2025-02-07,488,78185
LEX-1128,2025-02-08,205,78390
LEX-1128,2025-02-09,237,78627
LEX-1128,2025-02-10,491,79118
LEX-1128,2025-02-11,525,79643
LEX-1128,2025-02-12,539,80182
LEX-1128,2025-02-13,494,80676
LEX-1128,2025-02-14,419,81095
LEX-1128,2025-02-15,223,81318
LEX-1128,2025-02-16,223,81541
LEX-1128,2025-02-17,508,82049
LEX-1128,2025-02-18,463,82512
LEX-1128,2025-02-19,474,82986
LEX-1128,2025-02-20,539,83525
LEX-1128,2025-02-21,459,83984
LEX-1128,2025-02-22,213,84197
LEX-1128,2025-02-23,241,84438
LEX-1128,2025-02-24,430,84868
LEX-1128,2025-02-25,435,85303
LEX-1128,2025-02-26,463,85766
LEX-1128,2025-02-27,546,86312
LEX-1128,2025-02-28,452,86764
LEX-1128,2025-03-01,389,87153
LEX-1128,2025-03-02,364,87517
LEX-1128,2025-03-03,751,88268
LEX-1128,2025-03-04,824,89092
LEX-1128,2025-03-05,786,89878
LEX-1128,2025-03-06,744,90622
LEX-1128,2025-03-07,726,91348
LEX-1128,2025-03-08,416,91764
LEX-1128,2025-03-09,423,92187
LEX-1128,2025-03-10,747,92934
LEX-1128,2025-03-11,794,93728
LEX-1128,2025-03-12,807,94535
LEX-1128,2025-03-13,699,95234
LEX-1128,2025-03-14,732,95966
LEX-1128,2025-03-15,393,96359
LEX-1128,2025-03-16,379,96738
LEX-1128,2025-03-17,705,97443
LEX-1128,2025-03-18,706,98149
LEX-1128,2025-03-19,789,98938
LEX-1128,2025-03-20,686,99624
LEX-1128,2025-03-21,720,100344
LEX-1128,2025-03-22,346,100690
LEX-1128,2025-03-23,386,101076
LEX-1128,2025-03-24,811,101887
LEX-1128,2025-03-25,593,102480
LEX-1128,2025-03-26,680,103160
LEX-1128,2025-03-27,721,103881
LEX-1128,2025-03-28,795,104676
LEX-1128,2025-03-29,329,105005
LEX-1128,2025-03-30,393,105398
LEX-1128,2025-03-31,829,106227
LEX-1128,2025-04-01,467,106694
LEX-1128,2025-04-02,478,107172
LEX-1128,2025-04-03,461,107633
LEX-1128,2025-04-04,406,108039
LEX-1128,2025-04-05,222,108261
LEX-1128,2025-04-06,249,108510
LEX-1128,2025-04-07,495,109005
LEX-1128,2025-04-08,489,109494
LEX-1128,2025-04-09,458,109952
LEX-1128,2025-04-10,488,110440
LEX-1128,2025-04-11,465,110905
LEX-1128,2025-04-12,200,111105
LEX-1128,2025-04-13,215,111320
LEX-1128,2025-04-14,440,111760
LEX-1128,2025-04-15,416,112176
LEX-1128,2025-04-16,460,112636
LEX-1128,2025-04-17,491,113127
LEX-1128,2025-04-18,531,113658
LEX-1128,2025-04-19,220,113878
LEX-1128,2025-04-20,220,114098
LEX-1128,2025-04-21,498,114596
LEX-1128,2025-04-22,439,115035
LEX-1128,2025-04-23,505,115540
LEX-1128,2025-04-24,464,116004
LEX-1128,2025-04-25,451,116455
LEX-1128,2025-04-26,227,116682
LEX-1128,2025-04-27,264,116946
LEX-1128,2025-04-28,461,117407
LEX-1128,2025-04-29,416,117823
LEX-1128,2025-04-30,531,118354
LEX-1128,2025-05-01,493,118847
LEX-1128,2025-05-02,471,119318
LEX-1128,2025-05-03,178,119496
LEX-1128,2025-05-04,219,119715
LEX-1128,2025-05-05,461,120176
LEX-1128,2025-05-06,414,120590
LEX-1128,2025-05-07,446,121036
LEX-1128,2025-05-08,425,121461
LEX-1128,2025-05-09,475,121936
LEX-1128,2025-05-10,247,122183
LEX-1128,2025-05-11,246,122429
LEX-1128,2025-05-12,492,122921
LEX-1128,2025-05-13,439,123360
LEX-1128,2025-05-14,527,123887
LEX-1128,2025-05-15,473,124360
LEX-1128,2025-05-16,390,124750
LEX-1128,2025-05-17,242,124992
LEX-1128,2025-05-18,216,125208
LEX-1128,2025-05-19,454,125662
LEX-1128,2025-05-20,473,126135
LEX-1128,2025-05-21,478,126613
LEX-1128,2025-05-22,503,127116
LEX-1128,2025-05-23,471,127587
LEX-1128,2025-05-24,256,127843
LEX-1128,2025-05-25,224,128067
LEX-1128,2025-05-26,503,128570
LEX-1128,2025-05-27,415,128985
LEX-1128,2025-05-28,415,129400
LEX-1128,2025-05-29,482,129882
LEX-1128,2025-05-30,418,130300
LEX-1128,2025-05-31,248,130548
LEX-1128,2025-06-01,382,130930
LEX-1128,2025-06-02,802,131732
LEX-1128,2025-06-03,784,132516
LEX-1128,2025-06-04,808,133324
LEX-1128,2025-06-05,806,134130
LEX-1128,2025-06-06,755,134885
LEX-1128,2025-06-07,368,135253
LEX-1128,2025-06-08,404,135657
LEX-1128,2025-06-09,848,136505
LEX-1128,2025-06-10,726,137231
LEX-1128,2025-06-11,809,138040
LEX-1128,2025-06-12,729,138769
LEX-1128,2025-06-13,722,139491
LEX-1128,2025-06-14,389,139880
LEX-1128,2025-06-15,395,140275
LEX-1128,2025-06-16,777,141052
LEX-1128,2025-06-17,751,141803
LEX-1128,2025-06-18,753,142556
LEX-1128,2025-06-19,666,143222
LEX-1128,2025-06-20,749,143971
LEX-1128,2025-06-21,411,144382
LEX-1128,2025-06-22,405,144787
LEX-1128,2025-06-23,706,145493
LEX-1128,2025-06-24,778,146271
LEX-1128,2025-06-25,771,147042
LEX-1128,2025-06-26,842,147884
LEX-1128,2025-06-27,798,148682
LEX-1128,2025-06-28,381,149063
LEX-1128,2025-06-29,391,149454
LEX-1128,2025-06-30,702,150156
LEX-1128,2025-07-01,475,150631
LEX-1128,2025-07-02,540,151171
LEX-1128,2025-07-03,466,151637
LEX-1128,2025-07-04,450,152087
LEX-1128,2025-07-05,255,152342
LEX-1128,2025-07-06,226,152568
LEX-1128,2025-07-07,430,152998
LEX-1128,2025-07-08,521,153519
LEX-1128,2025-07-09,447,153966
LEX-1128,2025-07-10,461,154427
LEX-1128,2025-07-11,455,154882
LEX-1128,2025-07-12,267,155149
LEX-1128,2025-07-13,194,155343
LEX-1128,2025-07-14,486,155829
LEX-1128,2025-07-15,417,156246
LEX-1128,2025-07-16,503,156749
LEX-1128,2025-07-17,443,157192
LEX-1128,2025-07-18,454,157646
LEX-1128,2025-07-19,227,157873
LEX-1128,2025-07-20,233,158106
LEX-1128,2025-07-21,429,158535
LEX-1128,2025-07-22,503,159038
LEX-1128,2025-07-23,441,159479
LEX-1128,2025-07-24,448,159927
LEX-1128,2025-07-25,426,160353
LEX-1128,2025-07-26,219,160572
LEX-1128,2025-07-27,221,160793
LEX-1128,2025-07-28,409,161202
LEX-1128,2025-07-29,445,161647
LEX-1128,2025-07-30,425,162072
LEX-1128,2025-07-31,493,162565
LEX-1128,2025-08-01,476,163041
LEX-1128,2025-08-02,238,163279
LEX-1128,2025-08-03,250,163529
LEX-1128,2025-08-04,433,163962
LEX-1128,2025-08-05,473,164435
LEX-1128,2025-08-06,503,164938
LEX-1128,2025-08-07,430,165368
LEX-1128,2025-08-08,388,165756
LEX-1128,2025-08-09,219,165975
LEX-1128,2025-08-10,249,166224
LEX-1128,2025-08-11,428,166652
LEX-1128,2025-08-12,446,167098
LEX-1128,2025-08-13,434,167532
LEX-1128,2025-08-14,456,167988
LEX-1128,2025-08-15,424,168412
LEX-1128,2025-08-16,204,168616
LEX-1128,2025-08-17,223,168839
LEX-1128,2025-08-18,453,169292
LEX-1128,2025-08-19,505,169797
LEX-1128,2025-08-20,466,170263
LEX-1128,2025-08-21,420,170683
LEX-1128,2025-08-22,436,171119
LEX-1128,2025-08-23,245,171364
LEX-1128,2025-08-24,224,171588
LEX-1128,2025-08-25,423,172011
LEX-1128,2025-08-26,466,172477
LEX-1128,2025-08-27,434,172911
LEX-1128,2025-08-28,481,173392
LEX-1128,2025-08-29,477,173869
LEX-1128,2025-08-30,210,174079
LEX-1128,2025-08-31,265,174344
LEX-1129,2024-09-01,497,497
LEX-1129,2024-09-02,790,1287
LEX-1129,2024-09-03,1035,2322
LEX-1129,2024-09-04,796,3118
LEX-1129,2024-09-05,1088,4206
LEX-1129,2024-09-06,1009,5215
LEX-1129,2024-09-07,496,5711
LEX-1129,2024-09-08,499,6210
LEX-1129,2024-09-09,1045,7255
LEX-1129,2024-09-10,959,8214
LEX-1129,2024-09-11,997,9211
LEX-1129,2024-09-12,1007,10218
LEX-1129,2024-09-13,766,10984
LEX-1129,2024-09-14,523,11507
LEX-1129,2024-09-15,529,12036
LEX-1129,2024-09-16,1034,13070
LEX-1129,2024-09-17,1029,14099
LEX-1129,2024-09-18,1126,15225
LEX-1129,2024-09-19,994,16219
LEX-1129,2024-09-20,997,17216
LEX-1129,2024-09-21,472,17688
LEX-1129,2024-09-22,422,18110
LEX-1129,2024-09-23,1035,19145
LEX-1129,2024-09-24,954,20099
LEX-1129,2024-09-25,843,20942
LEX-1129,2024-09-26,992,21934
LEX-1129,2024-09-27,990,22924
LEX-1129,2024-09-28,489,23413
LEX-1129,2024-09-29,504,23917
LEX-1129,2024-09-30,872,24789
LEX-1129,2024-10-01,673,25462
LEX-1129,2024-10-02,645,26107
LEX-1129,2024-10-03,686,26793
LEX-1129,2024-10-04,596,27389
LEX-1129,2024-10-05,322,27711
LEX-1129,2024-10-06,265,27976
LEX-1129,2024-10-07,582,28558
LEX-1129,2024-10-08,554,29112
LEX-1129,2024-10-09,637,29749
LEX-1129,2024-10-10,568,30317
LEX-1129,2024-10-11,601,30918
LEX-1129,2024-10-12,311,31229
LEX-1129,2024-10-13,301,31530
LEX-1129,2024-10-14,557,32087
LEX-1129,2024-10-15,706,32793
LEX-1129,2024-10-16,629,33422
LEX-1129,2024-10-17,707,34129
LEX-1129,2024-10-18,572,34701
LEX-1129,2024-10-19,302,35003
LEX-1129,2024-10-20,314,35317
LEX-1129,2024-10-21,700,36017
LEX-1129,2024-10-22,706,36723
LEX-1129,2024-10-23,602,37325
LEX-1129,2024-10-24,587,37912
LEX-1129,2024-10-25,623,38535
LEX-1129,2024-10-26,342,38877
LEX-1129,2024-10-27,315,39192
LEX-1129,2024-10-28,639,39831
LEX-1129,2024-10-29,683,40514
LEX-1129,2024-10-30,675,41189
LEX-1129,2024-10-31,677,41866
LEX-1129,2024-11-01,659,42525
LEX-1129,2024-11-02,348,42873
LEX-1129,2024-11-03,283,43156
LEX-1129,2024-11-04,741,43897
LEX-1129,2024-11-05,681,44578
LEX-1129,2024-11-06,620,45198
LEX-1129,2024-11-07,684,45882
LEX-1129,2024-11-08,610,46492
LEX-1129,2024-11-09,326,46818
LEX-1129,2024-11-10,328,47146
LEX-1129,2024-11-11,671,47817
LEX-1129,2024-11-12,605,48422
LEX-1129,2024-11-13,672,49094
LEX-1129,2024-11-14,606,49700
LEX-1129,2024-11-15,664,50364
LEX-1129,2024-11-16,313,50677
LEX-1129,2024-11-17,268,50945
LEX-1129,2024-11-18,591,51536
LEX-1129,2024-11-19,670,52206
LEX-1129,2024-11-20,612,52818
LEX-1129,2024-11-21,689,53507
LEX-1129,2024-11-22,567,54074
LEX-1129,2024-11-23,331,54405
LEX-1129,2024-11-24,312,54717
LEX-1129,2024-11-25,615,55332
LEX-1129,2024-11-26,569,55901
LEX-1129,2024-11-27,638,56539
LEX-1129,2024-11-28,577,57116
LEX-1129,2024-11-29,596,57712
LEX-1129,2024-11-30,310,58022
LEX-1129,2024-12-01,487,58509
LEX-1129,2024-12-02,1087,59596
LEX-1129,2024-12-03,796,60392
LEX-1129,2024-12-04,990,61382
LEX-1129,2024-12-05,975,62357
LEX-1129,2024-12-06,1004,63361
LEX-1129,2024-12-07,480,63841
LEX-1129,2024-12-08,543,64384
LEX-1129,2024-12-09,984,65368
LEX-1129,2024-12-10,1015,66383
LEX-1129,2024-12-11,1076,67459
LEX-1129,2024-12-12,1009,68468
LEX-1129,2024-12-13,903,69371
LEX-1129,2024-12-14,485,69856
LEX-1129,2024-12-15,497,70353
LEX-1129,2024-12-16,872,71225
LEX-1129,2024-12-17,947,72172
LEX-1129,2024-12-18,999,73171
LEX-1129,2024-12-19,1166,74337
LEX-1129,2024-12-20,1035,75372
LEX-1129,2024-12-21,508,75880
LEX-1129,2024-12-22,570,76450
LEX-1129,2024-12-23,1052,77502
LEX-1129,2024-12-24,1063,78565
LEX-1129,2024-12-25,972,79537
LEX-1129,2024-12-26,903,80440
LEX-1129,2024-12-27,1026,81466
LEX-1129,2024-12-28,575,82041
LEX-1129,2024-12-29,563,82604
LEX-1129,2024-12-30,1058,83662
LEX-1129,2024-12-31,949,84611
LEX-1129,2025-01-01,550,85161
LEX-1129,2025-01-02,586,85747
LEX-1129,2025-01-03,639,86386
LEX-1129,2025-01-04,302,86688
LEX-1129,2025-01-05,339,87027
LEX-1129,2025-01-06,553,87580
LEX-1129,2025-01-07,621,88201
LEX-1129,2025-01-08,589,88790
LEX-1129,2025-01-09,678,89468
LEX-1129,2025-01-10,655,90123
LEX-1129,2025-01-11,293,90416
LEX-1129,2025-01-12,335,90751
LEX-1129,2025-01-13,546,91297
LEX-1129,2025-01-14,538,91835
LEX-1129,2025-01-15,583,92418
LEX-1129,2025-01-16,528,92946
LEX-1129,2025-01-17,622,93568
LEX-1129,2025-01-18,312,93880
LEX-1129,2025-01-19,303,94183
LEX-1129,2025-01-20,655,94838
LEX-1129,2025-01-21,591,95429
LEX-1129,2025-01-22,563,95992
LEX-1129,2025-01-23,588,96580
LEX-1129,2025-01-24,566,97146
LEX-1129,2025-01-25,298,97444
LEX-1129,2025-01-26,329,97773
LEX-1129,2025-01-27,539,98312
LEX-1129,2025-01-28,611,98923
LEX-1129,2025-01-29,676,99599
LEX-1129,2025-01-30,682,100281
LEX-1129,2025-01-31,593,100874
LEX-1129,2025-02-01,369,101243
LEX-1129,2025-02-02,287,101530
LEX-1129,2025-02-03,616,102146
LEX-1129,2025-02-04,569,102715
LEX-1129,2025-02-05,649,103364
LEX-1129,2025-02-06,769,104133
LEX-1129,2025-02-07,720,104853
LEX-1129,2025-02-08,335,105188
LEX-1129,2025-02-09,298,105486
LEX-1129,2025-02-10,619,106105
LEX-1129,2025-02-11,684,106789
LEX-1129,2025-02-12,665,107454
LEX-1129,2025-02-13,632,108086
LEX-1129,2025-02-14,635,108721
LEX-1129,2025-02-15,340,109061
LEX-1129,2025-02-16,346,109407
LEX-1129,2025-02-17,552,109959
LEX-1129,2025-02-18,639,110598
LEX-1129,2025-02-19,657,111255
LEX-1129,2025-02-20,601,111856
LEX-1129,2025-02-21,692,112548
LEX-1129,2025-02-22,306,112854
LEX-1129,2025-02-23,346,113200
LEX-1129,2025-02-24,609,113809
LEX-1129,2025-02-25,641,114450
LEX-1129,2025-02-26,640,115090
LEX-1129,2025-02-27,711,115801
LEX-1129,2025-02-28,665,116466
LEX-1129,2025-03-01,484,116950
LEX-1129,2025-03-02,491,117441
LEX-1129,2025-03-03,982,118423
LEX-1129,2025-03-04,1006,119429
LEX-1129,2025-03-05,929,120358
LEX-1129,2025-03-06,998,121356
LEX-1129,2025-03-07,1115,122471
LEX-1129,2025-03-08,555,123026
LEX-1129,2025-03-09,439,123465
LEX-1129,2025-03-10,866,124331
LEX-1129,2025-03-11,957,125288
LEX-1129,2025-03-12,862,126150
LEX-1129,2025-03-13,903,127053
LEX-1129,2025-03-14,1033,128086
LEX-1129,2025-03-15,501,128587
LEX-1129,2025-03-16,433,129020
LEX-1129,2025-03-17,1099,130119
LEX-1129,2025-03-18,971,131090
LEX-1129,2025-03-19,963,132053
LEX-1129,2025-03-20,1086,133139
LEX-1129,2025-03-21,1038,134177
LEX-1129,2025-03-22,500,134677
LEX-1129,2025-03-23,482,135159
LEX-1129,2025-03-24,1050,136209
LEX-1129,2025-03-25,970,137179
LEX-1129,2025-03-26,986,138165
LEX-1129,2025-03-27,910,139075
LEX-1129,2025-03-28,1097,140172
LEX-1129,2025-03-29,565,140737
LEX-1129,2025-03-30,511,141248
LEX-1129,2025-03-31,966,142214
LEX-1129,2025-04-01,675,142889
LEX-1129,2025-04-02,657,143546
LEX-1129,2025-04-03,605,144151
LEX-1129,2025-04-04,686,144837
LEX-1129,2025-04-05,303,145140
LEX-1129,2025-04-06,281,145421
LEX-1129,2025-04-07,624,146045
LEX-1129,2025-04-08,682,146727
LEX-1129,2025-04-09,633,147360
LEX-1129,2025-04-10,569,147929
LEX-1129,2025-04-11,607,148536
LEX-1129,2025-04-12,344,148880
LEX-1129,2025-04-13,320,149200
LEX-1129,2025-04-14,627,149827
LEX-1129,2025-04-15,621,150448
LEX-1129,2025-04-16,682,151130
LEX-1129,2025-04-17,679,151809
LEX-1129,2025-04-18,557,152366
LEX-1129,2025-04-19,337,152703
LEX-1129,2025-04-20,327,153030
LEX-1129,2025-04-21,708,153738
LEX-1129,2025-04-22,624,154362
LEX-1129,2025-04-23,685,155047
LEX-1129,2025-04-24,651,155698
LEX-1129,2025-04-25,572,156270
LEX-1129,2025-04-26,339,156609
LEX-1129,2025-04-27,334,156943
LEX-1129,2025-04-28,595,157538
LEX-1129,2025-04-29,642,158180
LEX-1129,2025-04-30,734,158914
LEX-1129,2025-05-01,603,159517
LEX-1129,2025-05-02,664,160181
LEX-1129,2025-05-03,286,160467
LEX-1129,2025-05-04,299,160766
LEX-1129,2025-05-05,668,161434
LEX-1129,2025-05-06,641,162075
LEX-1129,2025-05-07,618,162693
LEX-1129,2025-05-08,713,163406
LEX-1129,2025-05-09,581,163987
LEX-1129,2025-05-10,310,164297
LEX-1129,2025-05-11,326,164623
LEX-1129,2025-05-12,584,165207
LEX-1129,2025-05-13,653,165860
LEX-1129,2025-05-14,682,166542
LEX-1129,2025-05-15,622,167164
LEX-1129,2025-05-16,593,167757
LEX-1129,2025-05-17,306,168063
LEX-1129,2025-05-18,246,168309
LEX-1129,2025-05-19,678,168987
LEX-1129,2025-05-20,641,169628
LEX-1129,2025-05-21,619,170247
LEX-1129,2025-05-22,544,170791
LEX-1129,2025-05-23,683,171474
LEX-1129,2025-05-24,303,171777
LEX-1129,2025-05-25,328,172105
LEX-1129,2025-05-26,627,172732
LEX-1129,2025-05-27,547,173279
LEX-1129,2025-05-28,691,173970
LEX-1129,2025-05-29,682,174652
LEX-1129,2025-05-30,666,175318
LEX-1129,2025-05-31,322,175640
LEX-1129,2025-06-01,454,176094
LEX-1129,2025-06-02,1075,177169
LEX-1129,2025-06-03,1182,178351
LEX-1129,2025-06-04,1014,179365
LEX-1129,2025-06-05,1016,180381
LEX-1129,2025-06-06,916,181297
LEX-1129,2025-06-07,419,181716
LEX-1129,2025-06-08,488,182204
LEX-1129,2025-06-09,1124,183328
LEX-1129,2025-06-10,1113,184441
LEX-1129,2025-06-11,999,185440
LEX-1129,2025-06-12,1039,186479
LEX-1129,2025-06-13,907,187386
LEX-1129,2025-06-14,507,187893
LEX-1129,2025-06-15,481,188374
LEX-1129,2025-06-16,1009,189383
LEX-1129,2025-06-17,983,190366
LEX-1129,2025-06-18,981,191347
LEX-1129,2025-06-19,1085,192432
LEX-1129,2025-06-20,1163,193595
LEX-1129,2025-06-21,430,194025
LEX-1129,2025-06-22,399,194424
LEX-1129,2025-06-23,1045,195469
LEX-1129,2025-06-24,949,196418
LEX-1129,2025-06-25,1051,197469
LEX-1129,2025-06-26,952,198421
LEX-1129,2025-06-27,1101,199522
LEX-1129,2025-06-28,543,200065
LEX-1129,2025-06-29,519,200584
LEX-1129,2025-06-30,932,201516
LEX-1129,2025-07-01,598,202114
LEX-1129,2025-07-02,615,202729
LEX-1129,2025-07-03,575,203304
LEX-1129,2025-07-04,661,203965
LEX-1129,2025-07-05,305,204270
LEX-1129,2025-07-06,309,204579
LEX-1129,2025-07-07,602,205181
LEX-1129,2025-07-08,627,205808
LEX-1129,2025-07-09,637,206445
LEX-1129,2025-07-10,600,207045
LEX-1129,2025-07-11,616,207661
LEX-1129,2025-07-12,302,207963
LEX-1129,2025-07-13,302,208265
LEX-1129,2025-07-14,629,208894
LEX-1129,2025-07-15,499,209393
LEX-1129,2025-07-16,698,210091
LEX-1129,2025-07-17,666,210757
LEX-1129,2025-07-18,636,211393
LEX-1129,2025-07-19,335,211728
LEX-1129,2025-07-20,280,212008
LEX-1129,2025-07-21,540,212548
LEX-1129,2025-07-22,533,213081
LEX-1129,2025-07-23,649,213730
LEX-1129,2025-07-24,635,214365
LEX-1129,2025-07-25,646,215011
LEX-1129,2025-07-26,337,215348
LEX-1129,2025-07-27,254,215602
LEX-1129,2025-07-28,567,216169
LEX-1129,2025-07-29,595,216764
LEX-1129,2025-07-30,661,217425
LEX-1129,2025-07-31,635,218060
LEX-1129,2025-08-01,760,218820
LEX-1129,2025-08-02,286,219106
LEX-1129,2025-08-03,327,219433
LEX-1129,2025-08-04,675,220108
LEX-1129,2025-08-05,701,220809
LEX-1129,2025-08-06,617,221426
LEX-1129,2025-08-07,562,221988
LEX-1129,2025-08-08,661,222649
LEX-1129,2025-08-09,321,222970
LEX-1129,2025-08-10,328,223298
LEX-1129,2025-08-11,696,223994
LEX-1129,2025-08-12,616,224610
LEX-1129,2025-08-13,576,225186
LEX-1129,2025-08-14,656,225842
LEX-1129,2025-08-15,643,226485
LEX-1129,2025-08-16,306,226791
LEX-1129,2025-08-17,288,227079
LEX-1129,2025-08-18,645,227724
LEX-1129,2025-08-19,671,228395
LEX-1129,2025-08-20,548,228943
LEX-1129,2025-08-21,630,229573
LEX-1129,2025-08-22,657,230230
LEX-1129,2025-08-23,359,230589
LEX-1129,2025-08-24,315,230904
LEX-1129,2025-08-25,706,231610
LEX-1129,2025-08-26,670,232280
LEX-1129,2025-08-27,671,232951
LEX-1129,2025-08-28,587,233538
LEX-1129,2025-08-29,752,234290
LEX-1129,2025-08-30,315,234605
LEX-1129,2025-08-31,319,234924
LEX-1130,2024-09-01,176,176
LEX-1130,2024-09-02,388,564
LEX-1130,2024-09-03,408,972
LEX-1130,2024-09-04,371,1343
LEX-1130,2024-09-05,342,1685
LEX-1130,2024-09-06,401,2086
LEX-1130,2024-09-07,158,2244
LEX-1130,2024-09-08,166,2410
LEX-1130,2024-09-09,313,2723
LEX-1130,2024-09-10,342,3065
LEX-1130,2024-09-11,381,3446
LEX-1130,2024-09-12,346,3792
LEX-1130,2024-09-13,354,4146
LEX-1130,2024-09-14,181,4327
LEX-1130,2024-09-15,173,4500
LEX-1130,2024-09-16,321,4821
LEX-1130,2024-09-17,306,5127
LEX-1130,2024-09-18,390,5517
LEX-1130,2024-09-19,335,5852
LEX-1130,2024-09-20,333,6185
LEX-1130,2024-09-21,155,6340
LEX-1130,2024-09-22,174,6514
LEX-1130,2024-09-23,368,6882
LEX-1130,2024-09-24,342,7224
LEX-1130,2024-09-25,363,7587
LEX-1130,2024-09-26,297,7884
LEX-1130,2024-09-27,357,8241
LEX-1130,2024-09-28,170,8411
LEX-1130,2024-09-29,156,8567
LEX-1130,2024-09-30,307,8874
LEX-1130,2024-10-01,205,9079
LEX-1130,2024-10-02,199,9278
LEX-1130,2024-10-03,226,9504
LEX-1130,2024-10-04,228,9732
LEX-1130,2024-10-05,111,9843
LEX-1130,2024-10-06,113,9956
LEX-1130,2024-10-07,192,10148
LEX-1130,2024-10-08,229,10377
LEX-1130,2024-10-09,232,10609
LEX-1130,2024-10-10,225,10834
LEX-1130,2024-10-11,218,11052
LEX-1130,2024-10-12,103,11155
LEX-1130,2024-10-13,113,11268
LEX-1130,2024-10-14,213,11481
LEX-1130,2024-10-15,237,11718
LEX-1130,2024-10-16,225,11943
LEX-1130,2024-10-17,217,12160
LEX-1130,2024-10-18,214,12374
LEX-1130,2024-10-19,108,12482
LEX-1130,2024-10-20,108,12590
LEX-1130,2024-10-21,219,12809
LEX-1130,2024-10-22,197,13006
LEX-1130,2024-10-23,224,13230
LEX-1130,2024-10-24,223,13453
LEX-1130,2024-10-25,199,13652
LEX-1130,2024-10-26,112,13764
LEX-1130,2024-10-27,110,13874
LEX-1130,2024-10-28,206,14080
LEX-1130,2024-10-29,231,14311
LEX-1130,2024-10-30,244,14555
LEX-1130,2024-10-31,210,14765
LEX-1130,2024-11-01,222,14987
LEX-1130,2024-11-02,121,15108
LEX-1130,2024-11-03,90,15198
LEX-1130,2024-11-04,254,15452
LEX-1130,2024-11-05,222,15674
LEX-1130,2024-11-06,234,15908
LEX-1130,2024-11-07,190,16098
LEX-1130,2024-11-08,196,16294
LEX-1130,2024-11-09,101,16395
LEX-1130,2024-11-10,101,16496
LEX-1130,2024-11-11,179,16675
LEX-1130,2024-11-12,199,16874
LEX-1130,2024-11-13,206,17080
LEX-1130,2024-11-14,195,17275
LEX-1130,2024-11-15,246,17521
LEX-1130,2024-11-16,115,17636
LEX-1130,2024-11-17,103,17739
LEX-1130,2024-11-18,230,17969
LEX-1130,2024-11-19,226,18195
LEX-1130,2024-11-20,190,18385
LEX-1130,2024-11-21,228,18613
LEX-1130,2024-11-22,213,18826
LEX-1130,2024-11-23,116,18942
LEX-1130,2024-11-24,100,19042
LEX-1130,2024-11-25,230,19272
LEX-1130,2024-11-26,239,19511
LEX-1130,2024-11-27,227,19738
LEX-1130,2024-11-28,189,19927
LEX-1130,2024-11-29,264,20191
LEX-1130,2024-11-30,115,20306
LEX-1130,2024-12-01,173,20479
LEX-1130,2024-12-02,370,20849
LEX-1130,2024-12-03,412,21261
LEX-1130,2024-12-04,313,21574
LEX-1130,2024-12-05,384,21958
LEX-1130,2024-12-06,348,22306
LEX-1130,2024-12-07,172,22478
LEX-1130,2024-12-08,172,22650
LEX-1130,2024-12-09,294,22944
LEX-1130,2024-12-10,366,23310
LEX-1130,2024-12-11,284,23594
LEX-1130,2024-12-12,338,23932
LEX-1130,2024-12-13,338,24270
LEX-1130,2024-12-14,171,24441
LEX-1130,2024-12-15,146,24587
LEX-1130,2024-12-16,378,24965
LEX-1130,2024-12-17,301,25266
LEX-1130,2024-12-18,326,25592
LEX-1130,2024-12-19,337,25929
LEX-1130,2024-12-20,344,26273
LEX-1130,2024-12-21,181,26454
LEX-1130,2024-12-22,176,26630
LEX-1130,2024-12-23,407,27037
LEX-1130,2024-12-24,362,27399
LEX-1130,2024-12-25,360,27759
LEX-1130,2024-12-26,336,28095
LEX-1130,2024-12-27,361,28456
LEX-1130,2024-12-28,169,28625
LEX-1130,2024-12-29,169,28794
LEX-1130,2024-12-30,442,29236
LEX-1130,2024-12-31,396,29632
LEX-1130,2025-01-01,205,29837
LEX-1130,2025-01-02,232,30069
LEX-1130,2025-01-03,225,30294
LEX-1130,2025-01-04,104,30398
LEX-1130,2025-01-05,128,30526
LEX-1130,2025-01-06,217,30743
LEX-1130,2025-01-07,245,30988
LEX-1130,2025-01-08,209,31197
LEX-1130,2025-01-09,240,31437
LEX-1130,2025-01-10,244,31681
LEX-1130,2025-01-11,101,31782
LEX-1130,2025-01-12,107,31889
LEX-1130,2025-01-13,219,32108
LEX-1130,2025-01-14,249,32357
LEX-1130,2025-01-15,248,32605
LEX-1130,2025-01-16,213,32818
LEX-1130,2025-01-17,213,33031
LEX-1130,2025-01-18,112,33143
LEX-1130,2025-01-19,96,33239
LEX-1130,2025-01-20,243,33482
LEX-1130,2025-01-21,205,33687
LEX-1130,2025-01-22,222,33909
LEX-1130,2025-01-23,245,34154
LEX-1130,2025-01-24,228,34382
LEX-1130,2025-01-25,106,34488
LEX-1130,2025-01-26,101,34589
LEX-1130,2025-01-27,219,34808
LEX-1130,2025-01-28,215,35023
LEX-1130,2025-01-29,267,35290
LEX-1130,2025-01-30,206,35496
LEX-1130,2025-01-31,211,35707
LEX-1130,2025-02-01,101,35808
LEX-1130,2025-02-02,108,35916
LEX-1130,2025-02-03,229,36145
LEX-1130,2025-02-04,204,36349
LEX-1130,2025-02-05,226,36575
LEX-1130,2025-02-06,199,36774
LEX-1130,2025-02-07,237,37011
LEX-1130,2025-02-08,106,37117
LEX-1130,2025-02-09,107,37224
LEX-1130,2025-02-10,245,37469
LEX-1130,2025-02-11,213,37682
LEX-1130,2025-02-12,227,37909
LEX-1130,2025-02-13,233,38142
LEX-1130,2025-02-14,243,38385
LEX-1130,2025-02-15,113,38498
LEX-1130,2025-02-16,107,38605
LEX-1130,2025-02-17,211,38816
LEX-1130,2025-02-18,226,39042
LEX-1130,2025-02-19,207,39249
LEX-1130,2025-02-20,230,39479
LEX-1130,2025-02-21,224,39703
LEX-1130,2025-02-22,100,39803
LEX-1130,2025-02-23,99,39902
LEX-1130,2025-02-24,222,40124
LEX-1130,2025-02-25,215,40339
LEX-1130,2025-02-26,235,40574
LEX-1130,2025-02-27,204,40778
LEX-1130,2025-02-28,233,41011
LEX-1130,2025-03-01,187,41198
LEX-1130,2025-03-02,159,41357
LEX-1130,2025-03-03,346,41703
LEX-1130,2025-03-04,391,42094
LEX-1130,2025-03-05,364,42458
LEX-1130,2025-03-06,350,42808
LEX-1130,2025-03-07,377,43185
LEX-1130,2025-03-08,169,43354
LEX-1130,2025-03-09,171,43525
LEX-1130,2025-03-10,357,43882
LEX-1130,2025-03-11,393,44275
LEX-1130,2025-03-12,327,44602
LEX-1130,2025-03-13,366,44968
LEX-1130,2025-03-14,341,45309
LEX-1130,2025-03-15,194,45503
LEX-1130,2025-03-16,187,45690
LEX-1130,2025-03-17,350,46040
LEX-1130,2025-03-18,370,46410
LEX-1130,2025-03-19,336,46746
LEX-1130,2025-03-20,335,47081
LEX-1130,2025-03-21,424,47505
LEX-1130,2025-03-22,171,47676
LEX-1130,2025-03-23,179,47855
LEX-1130,2025-03-24,342,48197
LEX-1130,2025-03-25,316,48513
LEX-1130,2025-03-26,324,48837
LEX-1130,2025-03-27,362,49199
LEX-1130,2025-03-28,313,49512
LEX-1130,2025-03-29,166,49678
LEX-1130,2025-03-30,185,49863
LEX-1130,2025-03-31,359,50222
LEX-1130,2025-04-01,213,50435
LEX-1130,2025-04-02,212,50647
LEX-1130,2025-04-03,202,50849
LEX-1130,2025-04-04,260,51109
LEX-1130,2025-04-05,101,51210
LEX-1130,2025-04-06,119,51329
LEX-1130,2025-04-07,181,51510
LEX-1130,2025-04-08,236,51746
LEX-1130,2025-04-09,237,51983
LEX-1130,2025-04-10,204,52187
LEX-1130,2025-04-11,209,52396
LEX-1130,2025-04-12,119,52515
LEX-1130,2025-04-13,100,52615
LEX-1130,2025-04-14,228,52843
LEX-1130,2025-04-15,208,53051
LEX-1130,2025-04-16,236,53287
LEX-1130,2025-04-17,253,53540
LEX-1130,2025-04-18,202,53742
LEX-1130,2025-04-19,115,53857
LEX-1130,2025-04-20,118,53975
LEX-1130,2025-04-21,185,54160
LEX-1130,2025-04-22,238,54398
LEX-1130,2025-04-23,226,54624
LEX-1130,2025-04-24,232,54856
LEX-1130,2025-04-25,188,55044
LEX-1130,2025-04-26,116,55160
LEX-1130,2025-04-27,108,55268
LEX-1130,2025-04-28,200,55468
LEX-1130,2025-04-29,233,55701
LEX-1130,2025-04-30,235,55936
LEX-1130,2025-05-01,219,56155
LEX-1130,2025-05-02,227,56382
LEX-1130,2025-05-03,108,56490
LEX-1130,2025-05-04,98,56588
LEX-1130,2025-05-05,218,56806
LEX-1130,2025-05-06,241,57047
LEX-1130,2025-05-07,242,57289
LEX-1130,2025-05-08,206,57495
LEX-1130,2025-05-09,224,57719
LEX-1130,2025-05-10,111,57830
LEX-1130,2025-05-11,114,57944
LEX-1130,2025-05-12,221,58165
LEX-1130,2025-05-13,233,58398
LEX-1130,2025-05-14,213,58611
LEX-1130,2025-05-15,240,58851
LEX-1130,2025-05-16,211,59062
LEX-1130,2025-05-17,112,59174
LEX-1130,2025-05-18,116,59290
LEX-1130,2025-05-19,224,59514
LEX-1130,2025-05-20,179,59693
LEX-1130,2025-05-21,225,59918
LEX-1130,2025-05-22,232,60150
LEX-1130,2025-05-23,225,60375
LEX-1130,2025-05-24,118,60493
LEX-1130,2025-05-25,120,60613
LEX-1130,2025-05-26,208,60821
LEX-1130,2025-05-27,190,61011
LEX-1130,2025-05-28,199,61210
LEX-1130,2025-05-29,221,61431
LEX-1130,2025-05-30,231,61662
LEX-1130,2025-05-31,109,61771
LEX-1130,2025-06-01,157,61928
LEX-1130,2025-06-02,361,62289
LEX-1130,2025-06-03,353,62642
LEX-1130,2025-06-04,357,62999
LEX-1130,2025-06-05,404,63403
LEX-1130,2025-06-06,376,63779
LEX-1130,2025-06-07,174,63953
LEX-1130,2025-06-08,157,64110
LEX-1130,2025-06-09,391,64501
LEX-1130,2025-06-10,303,64804
LEX-1130,2025-06-11,345,65149
LEX-1130,2025-06-12,319,65468
LEX-1130,2025-06-13,341,65809
LEX-1130,2025-06-14,175,65984
LEX-1130,2025-06-15,157,66141
LEX-1130,2025-06-16,283,66424
LEX-1130,2025-06-17,325,66749
LEX-1130,2025-06-18,314,67063
LEX-1130,2025-06-19,326,67389
LEX-1130,2025-06-20,345,67734
LEX-1130,2025-06-21,198,67932
LEX-1130,2025-06-22,168,68100
LEX-1130,2025-06-23,338,68438
LEX-1130,2025-06-24,350,68788
LEX-1130,2025-06-25,371,69159
LEX-1130,2025-06-26,368,69527
LEX-1130,2025-06-27,298,69825
LEX-1130,2025-06-28,161,69986
LEX-1130,2025-06-29,192,70178
LEX-1130,2025-06-30,338,70516
LEX-1130,2025-07-01,237,70753
LEX-1130,2025-07-02,233,70986
LEX-1130,2025-07-03,181,71167
LEX-1130,2025-07-04,191,71358
LEX-1130,2025-07-05,107,71465
LEX-1130,2025-07-06,113,71578
LEX-1130,2025-07-07,215,71793
LEX-1130,2025-07-08,217,72010
LEX-1130,2025-07-09,221,72231
LEX-1130,2025-07-10,218,72449
LEX-1130,2025-07-11,220,72669
LEX-1130,2025-07-12,89,72758
LEX-1130,2025-07-13,107,72865
LEX-1130,2025-07-14,215,73080
LEX-1130,2025-07-15,201,73281
LEX-1130,2025-07-16,207,73488
LEX-1130,2025-07-17,191,73679
LEX-1130,2025-07-18,227,73906
LEX-1130,2025-07-19,100,74006
LEX-1130,2025-07-20,109,74115
LEX-1130,2025-07-21,212,74327
LEX-1130,2025-07-22,217,74544
LEX-1130,2025-07-23,236,74780
LEX-1130,2025-07-24,207,74987
LEX-1130,2025-07-25,218,75205
LEX-1130,2025-07-26,115,75320
LEX-1130,2025-07-27,111,75431
LEX-1130,2025-07-28,206,75637
LEX-1130,2025-07-29,193,75830
LEX-1130,2025-07-30,205,76035
LEX-1130,2025-07-31,223,76258
LEX-1130,2025-08-01,219,76477
LEX-1130,2025-08-02,115,76592
LEX-1130,2025-08-03,107,76699
LEX-1130,2025-08-04,207,76906
LEX-1130,2025-08-05,194,77100
LEX-1130,2025-08-06,199,77299
LEX-1130,2025-08-07,202,77501
LEX-1130,2025-08-08,243,77744
LEX-1130,2025-08-09,99,77843
LEX-1130,2025-08-10,100,77943
LEX-1130,2025-08-11,208,78151
LEX-1130,2025-08-12,238,78389
LEX-1130,2025-08-13,229,78618
LEX-1130,2025-08-14,216,78834
LEX-1130,2025-08-15,192,79026
LEX-1130,2025-08-16,109,79135
LEX-1130,2025-08-17,116,79251
LEX-1130,2025-08-18,242,79493
LEX-1130,2025-08-19,179,79672
LEX-1130,2025-08-20,204,79876
LEX-1130,2025-08-21,219,80095
LEX-1130,2025-08-22,239,80334
LEX-1130,2025-08-23,97,80431
LEX-1130,2025-08-24,99,80530
LEX-1130,2025-08-25,209,80739
LEX-1130,2025-08-26,192,80931
LEX-1130,2025-08-27,182,81113
LEX-1130,2025-08-28,255,81368
LEX-1130,2025-08-29,213,81581
LEX-1130,2025-08-30,103,81684
LEX-1130,2025-08-31,98,81782
LEX-1131,2024-09-01,657,657
LEX-1131,2024-09-02,1259,1916
LEX-1131,2024-09-03,1403,3319
LEX-1131,2024-09-04,1203,4522
LEX-1131,2024-09-05,1316,5838
LEX-1131,2024-09-06,1312,7150
LEX-1131,2024-09-07,687,7837
LEX-1131,2024-09-08,649,8486
LEX-1131,2024-09-09,1380,9866
LEX-1131,2024-09-10,1350,11216
LEX-1131,2024-09-11,1410,12626
LEX-1131,2024-09-12,1381,14007
LEX-1131,2024-09-13,1298,15305
LEX-1131,2024-09-14,747,16052
LEX-1131,2024-09-15,631,16683
LEX-1131,2024-09-16,1482,18165
LEX-1131,2024-09-17,1434,19599
LEX-1131,2024-09-18,1391,20990
LEX-1131,2024-09-19,1318,22308
LEX-1131,2024-09-20,1253,23561
LEX-1131,2024-09-21,674,24235
LEX-1131,2024-09-22,674,24909
LEX-1131,2024-09-23,1318,26227
LEX-1131,2024-09-24,1387,27614
LEX-1131,2024-09-25,1425,29039
LEX-1131,2024-09-26,1239,30278
LEX-1131,2024-09-27,1258,31536
LEX-1131,2024-09-28,596,32132
LEX-1131,2024-09-29,684,32816
LEX-1131,2024-09-30,1497,34313
LEX-1131,2024-10-01,742,35055
LEX-1131,2024-10-02,780,35835
LEX-1131,2024-10-03,739,36574
LEX-1131,2024-10-04,795,37369
LEX-1131,2024-10-05,346,37715
LEX-1131,2024-10-06,454,38169
LEX-1131,2024-10-07,881,39050
LEX-1131,2024-10-08,848,39898
LEX-1131,2024-10-09,896,40794
LEX-1131,2024-10-10,892,41686
LEX-1131,2024-10-11,831,42517
LEX-1131,2024-10-12,373,42890
LEX-1131,2024-10-13,392,43282
LEX-1131,2024-10-14,830,44112
LEX-1131,2024-10-15,784,44896
LEX-1131,2024-10-16,951,45847
LEX-1131,2024-10-17,846,46693
LEX-1131,2024-10-18,843,47536
LEX-1131,2024-10-19,449,47985
LEX-1131,2024-10-20,427,48412
LEX-1131,2024-10-21,818,49230
LEX-1131,2024-10-22,937,50167
LEX-1131,2024-10-23,865,51032
LEX-1131,2024-10-24,803,51835
LEX-1131,2024-10-25,848,52683
LEX-1131,2024-10-26,400,53083
LEX-1131,2024-10-27,390,53473
LEX-1131,2024-10-28,889,54362
LEX-1131,2024-10-29,802,55164
LEX-1131,2024-10-30,784,55948
LEX-1131,2024-10-31,848,56796
LEX-1131,2024-11-01,906,57702
LEX-1131,2024-11-02,347,58049
LEX-1131,2024-11-03,393,58442
LEX-1131,2024-11-04,686,59128
LEX-1131,2024-11-05,609,59737
LEX-1131,2024-11-06,839,60576
LEX-1131,2024-11-07,748,61324
LEX-1131,2024-11-08,887,62211
LEX-1131,2024-11-09,377,62588
LEX-1131,2024-11-10,437,63025
LEX-1131,2024-11-11,855,63880
LEX-1131,2024-11-12,773,64653
LEX-1131,2024-11-13,802,65455
LEX-1131,2024-11-14,847,66302
LEX-1131,2024-11-15,871,67173
LEX-1131,2024-11-16,463,67636
LEX-1131,2024-11-17,425,68061
LEX-1131,2024-11-18,833,68894
LEX-1131,2024-11-19,837,69731
LEX-1131,2024-11-20,819,70550
LEX-1131,2024-11-21,804,71354
LEX-1131,2024-11-22,773,72127
LEX-1131,2024-11-23,431,72558
LEX-1131,2024-11-24,389,72947
LEX-1131,2024-11-25,847,73794
LEX-1131,2024-11-26,833,74627
LEX-1131,2024-11-27,879,75506
LEX-1131,2024-11-28,852,76358
LEX-1131,2024-11-29,784,77142
LEX-1131,2024-11-30,381,77523
LEX-1131,2024-12-01,724,78247
LEX-1131,2024-12-02,1292,79539
LEX-1131,2024-12-03,1487,81026
LEX-1131,2024-12-04,1057,82083
LEX-1131,2024-12-05,1357,83440
LEX-1131,2024-12-06,1429,84869
LEX-1131,2024-12-07,673,85542
LEX-1131,2024-12-08,680,86222
LEX-1131,2024-12-09,1399,87621
LEX-1131,2024-12-10,1426,89047
LEX-1131,2024-12-11,1402,90449
LEX-1131,2024-12-12,1469,91918
LEX-1131,2024-12-13,1287,93205
LEX-1131,2024-12-14,758,93963
LEX-1131,2024-12-15,613,94576
LEX-1131,2024-12-16,1440,96016
LEX-1131,2024-12-17,1380,97396
LEX-1131,2024-12-18,1577,98973
LEX-1131,2024-12-19,1369,100342
LEX-1131,2024-12-20,1411,101753
LEX-1131,2024-12-21,580,102333
LEX-1131,2024-12-22,714,103047
LEX-1131,2024-12-23,1368,104415
LEX-1131,2024-12-24,1416,105831
LEX-1131,2024-12-25,1235,107066
LEX-1131,2024-12-26,1284,108350
LEX-1131,2024-12-27,1357,109707
LEX-1131,2024-12-28,665,110372
LEX-1131,2024-12-29,683,111055
LEX-1131,2024-12-30,1355,112410
LEX-1131,2024-12-31,1284,113694
LEX-1131,2025-01-01,820,114514
LEX-1131,2025-01-02,786,115300
LEX-1131,2025-01-03,1020,116320
LEX-1131,2025-01-04,429,116749
LEX-1131,2025-01-05,476,117225
LEX-1131,2025-01-06,766,117991
LEX-1131,2025-01-07,830,118821
LEX-1131,2025-01-08,806,119627
LEX-1131,2025-01-09,862,120489
LEX-1131,2025-01-10,849,121338
LEX-1131,2025-01-11,380,121718
LEX-1131,2025-01-12,434,122152
LEX-1131,2025-01-13,854,123006
LEX-1131,2025-01-14,855,123861
LEX-1131,2025-01-15,913,124774
LEX-1131,2025-01-16,899,125673
LEX-1131,2025-01-17,944,126617
LEX-1131,2025-01-18,429,127046
LEX-1131,2025-01-19,448,127494
LEX-1131,2025-01-20,823,128317
LEX-1131,2025-01-21,849,129166
LEX-1131,2025-01-22,875,130041
LEX-1131,2025-01-23,803,130844
LEX-1131,2025-01-24,840,131684
LEX-1131,2025-01-25,375,132059
LEX-1131,2025-01-26,459,132518
LEX-1131,2025-01-27,920,133438
LEX-1131,2025-01-28,755,134193
LEX-1131,2025-01-29,913,135106
LEX-1131,2025-01-30,900,136006
LEX-1131,2025-01-31,857,136863
LEX-1131,2025-02-01,428,137291
LEX-1131,2025-02-02,437,137728
LEX-1131,2025-02-03,748,138476
LEX-1131,2025-02-04,990,139466
LEX-1131,2025-02-05,691,140157
LEX-1131,2025-02-06,738,140895
LEX-1131,2025-02-07,907,141802
LEX-1131,2025-02-08,448,142250
LEX-1131,2025-02-09,475,142725
LEX-1131,2025-02-10,843,143568
LEX-1131,2025-02-11,774,144342
LEX-1131,2025-02-12,840,145182
LEX-1131,2025-02-13,893,146075
LEX-1131,2025-02-14,789,146864
LEX-1131,2025-02-15,382,147246
LEX-1131,2025-02-16,419,147665
LEX-1131,2025-02-17,787,148452
LEX-1131,2025-02-18,824,149276
LEX-1131,2025-02-19,794,150070
LEX-1131,2025-02-20,875,150945
LEX-1131,2025-02-21,806,151751
LEX-1131,2025-02-22,400,152151
LEX-1131,2025-02-23,441,152592
LEX-1131,2025-02-24,761,153353
LEX-1131,2025-02-25,775,154128
LEX-1131,2025-02-26,858,154986
LEX-1131,2025-02-27,777,155763
LEX-1131,2025-02-28,923,156686
LEX-1131,2025-03-01,612,157298
LEX-1131,2025-03-02,662,157960
LEX-1131,2025-03-03,1245,159205
LEX-1131,2025-03-04,1494,160699
LEX-1131,2025-03-05,1224,161923
LEX-1131,2025-03-06,1543,163466
LEX-1131,2025-03-07,1346,164812
LEX-1131,2025-03-08,659,165471
LEX-1131,2025-03-09,557,166028
LEX-1131,2025-03-10,1516,167544
LEX-1131,2025-03-11,1392,168936
LEX-1131,2025-03-12,1207,170143
LEX-1131,2025-03-13,1282,171425
LEX-1131,2025-03-14,1160,172585
LEX-1131,2025-03-15,627,173212
LEX-1131,2025-03-16,662,173874
LEX-1131,2025-03-17,1513,175387
LEX-1131,2025-03-18,1604,176991
LEX-1131,2025-03-19,1395,178386
LEX-1131,2025-03-20,1171,179557
LEX-1131,2025-03-21,1587,181144
LEX-1131,2025-03-22,574,181718
LEX-1131,2025-03-23,714,182432
LEX-1131,2025-03-24,1345,183777
LEX-1131,2025-03-25,1469,185246
LEX-1131,2025-03-26,1257,186503
LEX-1131,2025-03-27,1448,187951
LEX-1131,2025-03-28,1493,189444
LEX-1131,2025-03-29,690,190134
LEX-1131,2025-03-30,669,190803
LEX-1131,2025-03-31,1447,192250
LEX-1131,2025-04-01,926,193176
LEX-1131,2025-04-02,853,194029
LEX-1131,2025-04-03,820,194849
LEX-1131,2025-04-04,914,195763
LEX-1131,2025-04-05,451,196214
LEX-1131,2025-04-06,413,196627
LEX-1131,2025-04-07,845,197472
LEX-1131,2025-04-08,904,198376
LEX-1131,2025-04-09,884,199260
LEX-1131,2025-04-10,958,200218
LEX-1131,2025-04-11,854,201072
LEX-1131,2025-04-12,407,201479
LEX-1131,2025-04-13,389,201868
LEX-1131,2025-04-14,850,202718
LEX-1131,2025-04-15,773,203491
LEX-1131,2025-04-16,844,204335
LEX-1131,2025-04-17,952,205287
LEX-1131,2025-04-18,901,206188
LEX-1131,2025-04-19,372,206560
LEX-1131,2025-04-20,356,206916
LEX-1131,2025-04-21,722,207638
LEX-1131,2025-04-22,796,208434
LEX-1131,2025-04-23,814,209248
LEX-1131,2025-04-24,911,210159
LEX-1131,2025-04-25,890,211049
LEX-1131,2025-04-26,437,211486
LEX-1131,2025-04-27,397,211883
LEX-1131,2025-04-28,798,212681
LEX-1131,2025-04-29,791,213472
LEX-1131,2025-04-30,930,214402
LEX-1131,2025-05-01,794,215196
LEX-1131,2025-05-02,737,215933
LEX-1131,2025-05-03,412,216345
LEX-1131,2025-05-04,470,216815
LEX-1131,2025-05-05,831,217646
LEX-1131,2025-05-06,832,218478
LEX-1131,2025-05-07,747,219225
LEX-1131,2025-05-08,872,220097
LEX-1131,2025-05-09,902,220999
LEX-1131,2025-05-10,412,221411
LEX-1131,2025-05-11,443,221854
LEX-1131,2025-05-12,635,222489
LEX-1131,2025-05-13,943,223432
LEX-1131,2025-05-14,843,224275
LEX-1131,2025-05-15,789,225064
LEX-1131,2025-05-16,809,225873
LEX-1131,2025-05-17,490,226363
LEX-1131,2025-05-18,425,226788
LEX-1131,2025-05-19,861,227649
LEX-1131,2025-05-20,839,228488
LEX-1131,2025-05-21,799,229287
LEX-1131,2025-05-22,738,230025
LEX-1131,2025-05-23,886,230911
LEX-1131,2025-05-24,406,231317
LEX-1131,2025-05-25,414,231731
LEX-1131,2025-05-26,907,232638
LEX-1131,2025-05-27,886,233524
LEX-1131,2025-05-28,806,234330
LEX-1131,2025-05-29,870,235200
LEX-1131,2025-05-30,885,236085
LEX-1131,2025-05-31,393,236478
LEX-1131,2025-06-01,646,237124
LEX-1131,2025-06-02,1370,238494
LEX-1131,2025-06-03,1419,239913
LEX-1131,2025-06-04,1381,241294
LEX-1131,2025-06-05,1380,242674
LEX-1131,2025-06-06,1292,243966
LEX-1131,2025-06-07,620,244586
LEX-1131,2025-06-08,695,245281
LEX-1131,2025-06-09,1264,246545
LEX-1131,2025-06-10,1289,247834
LEX-1131,2025-06-11,1143,248977
LEX-1131,2025-06-12,1275,250252
LEX-1131,2025-06-13,1293,251545
LEX-1131,2025-06-14,616,252161
LEX-1131,2025-06-15,620,252781
LEX-1131,2025-06-16,1347,254128
LEX-1131,2025-06-17,1395,255523
LEX-1131,2025-06-18,1397,256920
LEX-1131,2025-06-19,1405,258325
LEX-1131,2025-06-20,1445,259770
LEX-1131,2025-06-21,735,260505
LEX-1131,2025-06-22,660,261165
LEX-1131,2025-06-23,1288,262453
LEX-1131,2025-06-24,1418,263871
LEX-1131,2025-06-25,1184,265055
LEX-1131,2025-06-26,1328,266383
LEX-1131,2025-06-27,1247,267630
LEX-1131,2025-06-28,626,268256
LEX-1131,2025-06-29,640,268896
LEX-1131,2025-06-30,1413,270309
LEX-1131,2025-07-01,979,271288
LEX-1131,2025-07-02,888,272176
LEX-1131,2025-07-03,712,272888
LEX-1131,2025-07-04,821,273709
LEX-1131,2025-07-05,396,274105
LEX-1131,2025-07-06,383,274488
LEX-1131,2025-07-07,824,275312
LEX-1131,2025-07-08,787,276099
LEX-1131,2025-07-09,782,276881
LEX-1131,2025-07-10,882,277763
LEX-1131,2025-07-11,848,278611
LEX-1131,2025-07-12,472,279083
LEX-1131,2025-07-13,377,279460
LEX-1131,2025-07-14,739,280199
LEX-1131,2025-07-15,814,281013
LEX-1131,2025-07-16,803,281816
LEX-1131,2025-07-17,879,282695
LEX-1131,2025-07-18,864,283559
LEX-1131,2025-07-19,437,283996
LEX-1131,2025-07-20,366,284362
LEX-1131,2025-07-21,818,285180
LEX-1131,2025-07-22,709,285889
LEX-1131,2025-07-23,907,286796
LEX-1131,2025-07-24,780,287576
LEX-1131,2025-07-25,834,288410
LEX-1131,2025-07-26,368,288778
LEX-1131,2025-07-27,390,289168
LEX-1131,2025-07-28,815,289983
LEX-1131,2025-07-29,828,290811
LEX-1131,2025-07-30,842,291653
LEX-1131,2025-07-31,883,292536
LEX-1131,2025-08-01,905,293441
LEX-1131,2025-08-02,440,293881
LEX-1131,2025-08-03,422,294303
LEX-1131,2025-08-04,793,295096
LEX-1131,2025-08-05,817,295913
LEX-1131,2025-08-06,833,296746
LEX-1131,2025-08-07,859,297605
LEX-1131,2025-08-08,779,298384
LEX-1131,2025-08-09,413,298797
LEX-1131,2025-08-10,447,299244
LEX-1131,2025-08-11,900,300144
LEX-1131,2025-08-12,808,300952
LEX-1131,2025-08-13,799,301751
LEX-1131,2025-08-14,844,302595
LEX-1131,2025-08-15,831,303426
LEX-1131,2025-08-16,357,303783
LEX-1131,2025-08-17,476,304259
LEX-1131,2025-08-18,791,305050
LEX-1131,2025-08-19,804,305854
LEX-1131,2025-08-20,752,306606
LEX-1131,2025-08-21,904,307510
LEX-1131,2025-08-22,789,308299
LEX-1131,2025-08-23,431,308730
LEX-1131,2025-08-24,439,309169
LEX-1131,2025-08-25,793,309962
LEX-1131,2025-08-26,785,310747
LEX-1131,2025-08-27,853,311600
LEX-1131,2025-08-28,702,312302
LEX-1131,2025-08-29,880,313182
LEX-1131,2025-08-30,409,313591
LEX-1131,2025-08-31,393,313984
LEX-1132,2024-09-01,363,363
LEX-1132,2024-09-02,746,1109
LEX-1132,2024-09-03,734,1843
LEX-1132,2024-09-04,844,2687
LEX-1132,2024-09-05,690,3377
LEX-1132,2024-09-06,702,4079
LEX-1132,2024-09-07,380,4459
LEX-1132,2024-09-08,414,4873
LEX-1132,2024-09-09,737,5610
LEX-1132,2024-09-10,702,6312
LEX-1132,2024-09-11,764,7076
LEX-1132,2024-09-12,800,7876
LEX-1132,2024-09-13,797,8673
LEX-1132,2024-09-14,339,9012
LEX-1132,2024-09-15,398,9410
LEX-1132,2024-09-16,732,10142
LEX-1132,2024-09-17,672,10814
LEX-1132,2024-09-18,817,11631
LEX-1132,2024-09-19,662,12293
LEX-1132,2024-09-20,676,12969
LEX-1132,2024-09-21,411,13380
LEX-1132,2024-09-22,335,13715
LEX-1132,2024-09-23,720,14435
LEX-1132,2024-09-24,703,15138
LEX-1132,2024-09-25,746,15884
LEX-1132,2024-09-26,715,16599
LEX-1132,2024-09-27,698,17297
LEX-1132,2024-09-28,393,17690
LEX-1132,2024-09-29,399,18089
LEX-1132,2024-09-30,707,18796
LEX-1132,2024-10-01,488,19284
LEX-1132,2024-10-02,571,19855
LEX-1132,2024-10-03,474,20329
LEX-1132,2024-10-04,474,20803
LEX-1132,2024-10-05,235,21038
LEX-1132,2024-10-06,238,21276
LEX-1132,2024-10-07,472,21748
LEX-1132,2024-10-08,406,22154
LEX-1132,2024-10-09,486,22640
LEX-1132,2024-10-10,450,23090
LEX-1132,2024-10-11,433,23523
LEX-1132,2024-10-12,210,23733
LEX-1132,2024-10-13,215,23948
LEX-1132,2024-10-14,538,24486
LEX-1132,2024-10-15,451,24937
LEX-1132,2024-10-16,455,25392
LEX-1132,2024-10-17,510,25902
LEX-1132,2024-10-18,507,26409
LEX-1132,2024-10-19,226,26635
LEX-1132,2024-10-20,218,26853
LEX-1132,2024-10-21,531,27384
LEX-1132,2024-10-22,493,27877
LEX-1132,2024-10-23,451,28328
LEX-1132,2024-10-24,530,28858
LEX-1132,2024-10-25,459,29317
LEX-1132,2024-10-26,223,29540
LEX-1132,2024-10-27,216,29756
LEX-1132,2024-10-28,424,30180
LEX-1132,2024-10-29,480,30660
LEX-1132,2024-10-30,350,31010
LEX-1132,2024-10-31,427,31437
LEX-1132,2024-11-01,472,31909
LEX-1132,2024-11-02,259,32168
LEX-1132,2024-11-03,248,32416
LEX-1132,2024-11-04,521,32937
LEX-1132,2024-11-05,469,33406
LEX-1132,2024-11-06,552,33958
LEX-1132,2024-11-07,411,34369
LEX-1132,2024-11-08,446,34815
LEX-1132,2024-11-09,252,35067
LEX-1132,2024-11-10,240,35307
LEX-1132,2024-11-11,442,35749
LEX-1132,2024-11-12,485,36234
LEX-1132,2024-11-13,451,36685
LEX-1132,2024-11-14,457,37142
LEX-1132,2024-11-15,546,37688
LEX-1132,2024-11-16,256,37944
LEX-1132,2024-11-17,249,38193
LEX-1132,2024-11-18,496,38689
LEX-1132,2024-11-19,432,39121
LEX-1132,2024-11-20,438,39559
LEX-1132,2024-11-21,498,40057
LEX-1132,2024-11-22,510,40567
LEX-1132,2024-11-23,256,40823
LEX-1132,2024-11-24,228,41051
LEX-1132,2024-11-25,441,41492
LEX-1132,2024-11-26,491,41983
LEX-1132,2024-11-27,419,42402
LEX-1132,2024-11-28,457,42859
LEX-1132,2024-11-29,518,43377
LEX-1132,2024-11-30,226,43603
LEX-1132,2024-12-01,401,44004
LEX-1132,2024-12-02,633,44637
LEX-1132,2024-12-03,746,45383
LEX-1132,2024-12-04,691,46074
LEX-1132,2024-12-05,640,46714
LEX-1132,2024-12-06,717,47431
LEX-1132,2024-12-07,376,47807
LEX-1132,2024-12-08,369,48176
LEX-1132,2024-12-09,768,48944
LEX-1132,2024-12-10,790,49734
LEX-1132,2024-12-11,782,50516
LEX-1132,2024-12-12,756,51272
LEX-1132,2024-12-13,779,52051
LEX-1132,2024-12-14,335,52386
LEX-1132,2024-12-15,341,52727
LEX-1132,2024-12-16,692,53419
LEX-1132,2024-12-17,760,54179
LEX-1132,2024-12-18,810,54989
LEX-1132,2024-12-19,860,55849
LEX-1132,2024-12-20,785,56634
LEX-1132,2024-12-21,330,56964
LEX-1132,2024-12-22,389,57353
LEX-1132,2024-12-23,807,58160
LEX-1132,2024-12-24,728,58888
LEX-1132,2024-12-25,740,59628
LEX-1132,2024-12-26,815,60443
LEX-1132,2024-12-27,750,61193
LEX-1132,2024-12-28,383,61576
LEX-1132,2024-12-29,368,61944
LEX-1132,2024-12-30,827,62771
LEX-1132,2024-12-31,668,63439
LEX-1132,2025-01-01,464,63903
LEX-1132,2025-01-02,456,64359
LEX-1132,2025-01-03,453,64812
LEX-1132,2025-01-04,215,65027
LEX-1132,2025-01-05,262,65289
LEX-1132,2025-01-06,461,65750
LEX-1132,2025-01-07,447,66197
LEX-1132,2025-01-08,505,66702
LEX-1132,2025-01-09,474,67176
LEX-1132,2025-01-10,409,67585
LEX-1132,2025-01-11,200,67785
LEX-1132,2025-01-12,234,68019
LEX-1132,2025-01-13,495,68514
LEX-1132,2025-01-14,471,68985
LEX-1132,2025-01-15,420,69405
LEX-1132,2025-01-16,510,69915
LEX-1132,2025-01-17,444,70359
LEX-1132,2025-01-18,278,70637
LEX-1132,2025-01-19,234,70871
LEX-1132,2025-01-20,493,71364
LEX-1132,2025-01-21,517,71881
LEX-1132,2025-01-22,485,72366
LEX-1132,2025-01-23,472,72838
LEX-1132,2025-01-24,502,73340
LEX-1132,2025-01-25,231,73571
LEX-1132,2025-01-26,241,73812
LEX-1132,2025-01-27,467,74279
LEX-1132,2025-01-28,476,74755
LEX-1132,2025-01-29,506,75261
LEX-1132,2025-01-30,429,75690
LEX-1132,2025-01-31,457,76147
LEX-1132,2025-02-01,227,76374
LEX-1132,2025-02-02,256,76630
LEX-1132,2025-02-03,470,77100
LEX-1132,2025-02-04,439,77539
LEX-1132,2025-02-05,400,77939
LEX-1132,2025-02-06,518,78457
LEX-1132,2025-02-07,474,78931
LEX-1132,2025-02-08,233,79164
LEX-1132,2025-02-09,235,79399
LEX-1132,2025-02-10,517,79916
LEX-1132,2025-02-11,491,80407
LEX-1132,2025-02-12,403,80810
LEX-1132,2025-02-13,497,81307
LEX-1132,2025-02-14,407,81714
LEX-1132,2025-02-15,251,81965
LEX-1132,2025-02-16,228,82193
LEX-1132,2025-02-17,503,82696
LEX-1132,2025-02-18,505,83201
LEX-1132,2025-02-19,451,83652
LEX-1132,2025-02-20,474,84126
LEX-1132,2025-02-21,483,84609
LEX-1132,2025-02-22,223,84832
LEX-1132,2025-02-23,223,85055
LEX-1132,2025-02-24,492,85547
LEX-1132,2025-02-25,523,86070
LEX-1132,2025-02-26,430,86500
LEX-1132,2025-02-27,494,86994
LEX-1132,2025-02-28,466,87460
LEX-1132,2025-03-01,400,87860
LEX-1132,2025-03-02,394,88254
LEX-1132,2025-03-03,778,89032
LEX-1132,2025-03-04,672,89704
LEX-1132,2025-03-05,873,90577
LEX-1132,2025-03-06,754,91331
LEX-1132,2025-03-07,743,92074
LEX-1132,2025-03-08,400,92474
LEX-1132,2025-03-09,324,92798
LEX-1132,2025-03-10,807,93605
LEX-1132,2025-03-11,819,94424
LEX-1132,2025-03-12,685,95109
LEX-1132,2025-03-13,785,95894
LEX-1132,2025-03-14,755,96649
LEX-1132,2025-03-15,391,97040
LEX-1132,2025-03-16,334,97374
LEX-1132,2025-03-17,836,98210
LEX-1132,2025-03-18,802,99012
LEX-1132,2025-03-19,696,99708
LEX-1132,2025-03-20,729,100437
LEX-1132,2025-03-21,822,101259
LEX-1132,2025-03-22,391,101650
LEX-1132,2025-03-23,360,102010
LEX-1132,2025-03-24,773,102783
LEX-1132,2025-03-25,736,103519
LEX-1132,2025-03-26,686,104205
LEX-1132,2025-03-27,745,104950
LEX-1132,2025-03-28,789,105739
LEX-1132,2025-03-29,359,106098
LEX-1132,2025-03-30,395,106493
LEX-1132,2025-03-31,816,107309
LEX-1132,2025-04-01,503,107812
LEX-1132,2025-04-02,492,108304
LEX-1132,2025-04-03,428,108732
LEX-1132,2025-04-04,465,109197
LEX-1132,2025-04-05,241,109438
LEX-1132,2025-04-06,236,109674
LEX-1132,2025-04-07,505,110179
LEX-1132,2025-04-08,471,110650
LEX-1132,2025-04-09,514,111164
LEX-1132,2025-04-10,508,111672
LEX-1132,2025-04-11,456,112128
LEX-1132,2025-04-12,215,112343
LEX-1132,2025-04-13,253,112596
LEX-1132,2025-04-14,523,113119
LEX-1132,2025-04-15,462,113581
LEX-1132,2025-04-16,491,114072
LEX-1132,2025-04-17,510,114582
LEX-1132,2025-04-18,420,115002
LEX-1132,2025-04-19,266,115268
LEX-1132,2025-04-20,230,115498
LEX-1132,2025-04-21,535,116033
LEX-1132,2025-04-22,503,116536
LEX-1132,2025-04-23,488,117024
LEX-1132,2025-04-24,539,117563
LEX-1132,2025-04-25,488,118051
LEX-1132,2025-04-26,261,118312
LEX-1132,2025-04-27,252,118564
LEX-1132,2025-04-28,457,119021
LEX-1132,2025-04-29,435,119456
LEX-1132,2025-04-30,527,119983
LEX-1132,2025-05-01,479,120462
LEX-1132,2025-05-02,500,120962
LEX-1132,2025-05-03,246,121208
LEX-1132,2025-05-04,247,121455
LEX-1132,2025-05-05,503,121958
LEX-1132,2025-05-06,473,122431
LEX-1132,2025-05-07,531,122962
LEX-1132,2025-05-08,521,123483
LEX-1132,2025-05-09,458,123941
LEX-1132,2025-05-10,229,124170
LEX-1132,2025-05-11,217,124387
LEX-1132,2025-05-12,545,124932
LEX-1132,2025-05-13,463,125395
LEX-1132,2025-05-14,495,125890
LEX-1132,2025-05-15,458,126348
LEX-1132,2025-05-16,490,126838
LEX-1132,2025-05-17,253,127091
LEX-1132,2025-05-18,260,127351
LEX-1132,2025-05-19,513,127864
LEX-1132,2025-05-20,420,128284
LEX-1132,2025-05-21,503,128787
LEX-1132,2025-05-22,547,129334
LEX-1132,2025-05-23,463,129797
LEX-1132,2025-05-24,261,130058
LEX-1132,2025-05-25,219,130277
LEX-1132,2025-05-26,496,130773
LEX-1132,2025-05-27,475,131248
LEX-1132,2025-05-28,403,131651
LEX-1132,2025-05-29,454,132105
LEX-1132,2025-05-30,514,132619
LEX-1132,2025-05-31,248,132867
LEX-1132,2025-06-01,377,133244
LEX-1132,2025-06-02,809,134053
LEX-1132,2025-06-03,670,134723
LEX-1132,2025-06-04,748,135471
LEX-1132,2025-06-05,706,136177
LEX-1132,2025-06-06,653,136830
LEX-1132,2025-06-07,407,137237
LEX-1132,2025-06-08,394,137631
LEX-1132,2025-06-09,742,138373
LEX-1132,2025-06-10,730,139103
LEX-1132,2025-06-11,674,139777
LEX-1132,2025-06-12,750,140527
LEX-1132,2025-06-13,797,141324
LEX-1132,2025-06-14,362,141686
LEX-1132,2025-06-15,415,142101
LEX-1132,2025-06-16,669,142770
LEX-1132,2025-06-17,637,143407
LEX-1132,2025-06-18,764,144171
LEX-1132,2025-06-19,799,144970
LEX-1132,2025-06-20,791,145761
LEX-1132,2025-06-21,340,146101
LEX-1132,2025-06-22,373,146474
LEX-1132,2025-06-23,778,147252
LEX-1132,2025-06-24,809,148061
LEX-1132,2025-06-25,646,148707
LEX-1132,2025-06-26,758,149465
LEX-1132,2025-06-27,778,150243
LEX-1132,2025-06-28,348,150591
LEX-1132,2025-06-29,387,150978
LEX-1132,2025-06-30,713,151691
LEX-1132,2025-07-01,501,152192
LEX-1132,2025-07-02,521,152713
LEX-1132,2025-07-03,437,153150
LEX-1132,2025-07-04,437,153587
LEX-1132,2025-07-05,259,153846
LEX-1132,2025-07-06,244,154090
LEX-1132,2025-07-07,492,154582
LEX-1132,2025-07-08,430,155012
LEX-1132,2025-07-09,490,155502
LEX-1132,2025-07-10,477,155979
LEX-1132,2025-07-11,509,156488
LEX-1132,2025-07-12,250,156738
LEX-1132,2025-07-13,233,156971
LEX-1132,2025-07-14,449,157420
LEX-1132,2025-07-15,504,157924
LEX-1132,2025-07-16,492,158416
LEX-1132,2025-07-17,414,158830
LEX-1132,2025-07-18,442,159272
LEX-1132,2025-07-19,254,159526
LEX-1132,2025-07-20,203,159729
LEX-1132,2025-07-21,439,160168
LEX-1132,2025-07-22,515,160683
LEX-1132,2025-07-23,440,161123
LEX-1132,2025-07-24,411,161534
LEX-1132,2025-07-25,446,161980
LEX-1132,2025-07-26,224,162204
LEX-1132,2025-07-27,227,162431
LEX-1132,2025-07-28,462,162893
LEX-1132,2025-07-29,490,163383
LEX-1132,2025-07-30,526,163909
LEX-1132,2025-07-31,430,164339
LEX-1132,2025-08-01,436,164775
LEX-1132,2025-08-02,254,165029
LEX-1132,2025-08-03,267,165296
LEX-1132,2025-08-04,421,165717
LEX-1132,2025-08-05,480,166197
LEX-1132,2025-08-06,494,166691
LEX-1132,2025-08-07,470,167161
LEX-1132,2025-08-08,411,167572
LEX-1132,2025-08-09,267,167839
LEX-1132,2025-08-10,191,168030
LEX-1132,2025-08-11,389,168419
LEX-1132,2025-08-12,487,168906
LEX-1132,2025-08-13,460,169366
LEX-1132,2025-08-14,506,169872
LEX-1132,2025-08-15,410,170282
LEX-1132,2025-08-16,241,170523
LEX-1132,2025-08-17,272,170795
LEX-1132,2025-08-18,449,171244
LEX-1132,2025-08-19,502,171746
LEX-1132,2025-08-20,498,172244
LEX-1132,2025-08-21,466,172710
LEX-1132,2025-08-22,539,173249
LEX-1132,2025-08-23,238,173487
LEX-1132,2025-08-24,227,173714
LEX-1132,2025-08-25,477,174191
LEX-1132,2025-08-26,384,174575
LEX-1132,2025-08-27,402,174977
LEX-1132,2025-08-28,472,175449
LEX-1132,2025-08-29,495,175944
LEX-1132,2025-08-30,216,176160
LEX-1132,2025-08-31,202,176362
LEX-1133,2024-09-01,777,777
LEX-1133,2024-09-02,1612,2389
LEX-1133,2024-09-03,1891,4280
LEX-1133,2024-09-04,1697,5977
LEX-1133,2024-09-05,1719,7696
LEX-1133,2024-09-06,1853,9549
LEX-1133,2024-09-07,948,10497
LEX-1133,2024-09-08,875,11372
LEX-1133,2024-09-09,1752,13124
LEX-1133,2024-09-10,1542,14666
LEX-1133,2024-09-11,1598,16264
LEX-1133,2024-09-12,1544,17808
LEX-1133,2024-09-13,1730,19538
LEX-1133,2024-09-14,852,20390
LEX-1133,2024-09-15,901,21291
LEX-1133,2024-09-16,1765,23056
LEX-1133,2024-09-17,1586,24642
LEX-1133,2024-09-18,1696,26338
LEX-1133,2024-09-19,1884,28222
LEX-1133,2024-09-20,1622,29844
LEX-1133,2024-09-21,826,30670
LEX-1133,2024-09-22,803,31473
LEX-1133,2024-09-23,1664,33137
LEX-1133,2024-09-24,1675,34812
LEX-1133,2024-09-25,1767,36579
LEX-1133,2024-09-26,1566,38145
LEX-1133,2024-09-27,1673,39818
LEX-1133,2024-09-28,738,40556
LEX-1133,2024-09-29,743,41299
LEX-1133,2024-09-30,1768,43067
LEX-1133,2024-10-01,906,43973
LEX-1133,2024-10-02,1067,45040
LEX-1133,2024-10-03,953,45993
LEX-1133,2024-10-04,919,46912
LEX-1133,2024-10-05,530,47442
LEX-1133,2024-10-06,607,48049
LEX-1133,2024-10-07,1061,49110
LEX-1133,2024-10-08,990,50100
LEX-1133,2024-10-09,970,51070
LEX-1133,2024-10-10,951,52021
LEX-1133,2024-10-11,1006,53027
LEX-1133,2024-10-12,547,53574
LEX-1133,2024-10-13,516,54090
LEX-1133,2024-10-14,1009,55099
LEX-1133,2024-10-15,889,55988
LEX-1133,2024-10-16,917,56905
LEX-1133,2024-10-17,937,57842
LEX-1133,2024-10-18,994,58836
LEX-1133,2024-10-19,508,59344
LEX-1133,2024-10-20,580,59924
LEX-1133,2024-10-21,1042,60966
LEX-1133,2024-10-22,991,61957
LEX-1133,2024-10-23,1092,63049
LEX-1133,2024-10-24,1102,64151
LEX-1133,2024-10-25,1034,65185
LEX-1133,2024-10-26,505,65690
LEX-1133,2024-10-27,569,66259
LEX-1133,2024-10-28,1041,67300
LEX-1133,2024-10-29,923,68223
LEX-1133,2024-10-30,995,69218
LEX-1133,2024-10-31,1055,70273
LEX-1133,2024-11-01,991,71264
LEX-1133,2024-11-02,534,71798
LEX-1133,2024-11-03,451,72249
LEX-1133,2024-11-04,1095,73344
LEX-1133,2024-11-05,991,74335
LEX-1133,2024-11-06,977,75312
LEX-1133,2024-11-07,1091,76403
LEX-1133,2024-11-08,1019,77422
LEX-1133,2024-11-09,488,77910
LEX-1133,2024-11-10,506,78416
LEX-1133,2024-11-11,1011,79427
LEX-1133,2024-11-12,982,80409
LEX-1133,2024-11-13,1050,81459
LEX-1133,2024-11-14,1017,82476
LEX-1133,2024-11-15,1091,83567
LEX-1133,2024-11-16,445,84012
LEX-1133,2024-11-17,514,84526
LEX-1133,2024-11-18,1133,85659
LEX-1133,2024-11-19,980,86639
LEX-1133,2024-11-20,1006,87645
LEX-1133,2024-11-21,1135,88780
LEX-1133,2024-11-22,832,89612
LEX-1133,2024-11-23,576,90188
LEX-1133,2024-11-24,533,90721
LEX-1133,2024-11-25,1023,91744
LEX-1133,2024-11-26,1102,92846
LEX-1133,2024-11-27,1000,93846
LEX-1133,2024-11-28,936,94782
LEX-1133,2024-11-29,995,95777
LEX-1133,2024-11-30,496,96273
LEX-1133,2024-12-01,790,97063
LEX-1133,2024-12-02,1673,98736
LEX-1133,2024-12-03,1647,100383
LEX-1133,2024-12-04,1666,102049
LEX-1133,2024-12-05,1827,103876
LEX-1133,2024-12-06,1600,105476
LEX-1133,2024-12-07,911,106387
LEX-1133,2024-12-08,903,107290
LEX-1133,2024-12-09,1367,108657
LEX-1133,2024-12-10,1483,110140
LEX-1133,2024-12-11,1473,111613
LEX-1133,2024-12-12,1845,113458
LEX-1133,2024-12-13,1632,115090
LEX-1133,2024-12-14,791,115881
LEX-1133,2024-12-15,735,116616
LEX-1133,2024-12-16,1772,118388
LEX-1133,2024-12-17,1589,119977
LEX-1133,2024-12-18,1362,121339
LEX-1133,2024-12-19,1861,123200
LEX-1133,2024-12-20,1633,124833
LEX-1133,2024-12-21,898,125731
LEX-1133,2024-12-22,819,126550
LEX-1133,2024-12-23,1571,128121
LEX-1133,2024-12-24,1635,129756
LEX-1133,2024-12-25,1695,131451
LEX-1133,2024-12-26,1544,132995
LEX-1133,2024-12-27,1400,134395
LEX-1133,2024-12-28,671,135066
LEX-1133,2024-12-29,822,135888
LEX-1133,2024-12-30,1686,137574
LEX-1133,2024-12-31,1615,139189
LEX-1133,2025-01-01,942,140131
LEX-1133,2025-01-02,981,141112
LEX-1133,2025-01-03,1029,142141
LEX-1133,2025-01-04,524,142665
LEX-1133,2025-01-05,508,143173
LEX-1133,2025-01-06,967,144140
LEX-1133,2025-01-07,1134,145274
LEX-1133,2025-01-08,950,146224
LEX-1133,2025-01-09,943,147167
LEX-1133,2025-01-10,995,148162
LEX-1133,2025-01-11,560,148722
LEX-1133,2025-01-12,539,149261
LEX-1133,2025-01-13,1019,150280
LEX-1133,2025-01-14,937,151217
LEX-1133,2025-01-15,952,152169
LEX-1133,2025-01-16,1000,153169
LEX-1133,2025-01-17,988,154157
LEX-1133,2025-01-18,491,154648
LEX-1133,2025-01-19,569,155217
LEX-1133,2025-01-20,1276,156493
LEX-1133,2025-01-21,961,157454
LEX-1133,2025-01-22,1078,158532
LEX-1133,2025-01-23,1098,159630
LEX-1133,2025-01-24,981,160611
LEX-1133,2025-01-25,479,161090
LEX-1133,2025-01-26,474,161564
LEX-1133,2025-01-27,1069,162633
LEX-1133,2025-01-28,1070,163703
LEX-1133,2025-01-29,1113,164816
LEX-1133,2025-01-30,1198,166014
LEX-1133,2025-01-31,1068,167082
LEX-1133,2025-02-01,516,167598
LEX-1133,2025-02-02,474,168072
LEX-1133,2025-02-03,1087,169159
LEX-1133,2025-02-04,784,169943
LEX-1133,2025-02-05,990,170933
LEX-1133,2025-02-06,854,171787
LEX-1133,2025-02-07,997,172784
LEX-1133,2025-02-08,545,173329
LEX-1133,2025-02-09,583,173912
LEX-1133,2025-02-10,829,174741
LEX-1133,2025-02-11,1125,175866
LEX-1133,2025-02-12,1001,176867
LEX-1133,2025-02-13,1021,177888
LEX-1133,2025-02-14,1094,178982
LEX-1133,2025-02-15,506,179488
LEX-1133,2025-02-16,481,179969
LEX-1133,2025-02-17,976,180945
LEX-1133,2025-02-18,954,181899
LEX-1133,2025-02-19,1034,182933
LEX-1133,2025-02-20,1127,184060
LEX-1133,2025-02-21,1094,185154
LEX-1133,2025-02-22,515,185669
LEX-1133,2025-02-23,485,186154
LEX-1133,2025-02-24,1048,187202
LEX-1133,2025-02-25,1171,188373
LEX-1133,2025-02-26,947,189320
LEX-1133,2025-02-27,1085,190405
LEX-1133,2025-02-28,1058,191463
LEX-1133,2025-03-01,771,192234
LEX-1133,2025-03-02,835,193069
LEX-1133,2025-03-03,1583,194652
LEX-1133,2025-03-04,1524,196176
LEX-1133,2025-03-05,1510,197686
LEX-1133,2025-03-06,1543,199229
LEX-1133,2025-03-07,1484,200713
LEX-1133,2025-03-08,947,201660
LEX-1133,2025-03-09,756,202416
LEX-1133,2025-03-10,1842,204258
LEX-1133,2025-03-11,1688,205946
LEX-1133,2025-03-12,1413,207359
LEX-1133,2025-03-13,1529,208888
LEX-1133,2025-03-14,1683,210571
LEX-1133,2025-03-15,775,211346
LEX-1133,2025-03-16,831,212177
LEX-1133,2025-03-17,1393,213570
LEX-1133,2025-03-18,1645,215215
LEX-1133,2025-03-19,1622,216837
LEX-1133,2025-03-20,1887,218724
LEX-1133,2025-03-21,1550,220274
LEX-1133,2025-03-22,865,221139
LEX-1133,2025-03-23,904,222043
LEX-1133,2025-03-24,1780,223823
LEX-1133,2025-03-25,1788,225611
LEX-1133,2025-03-26,1628,227239
LEX-1133,2025-03-27,1606,228845
LEX-1133,2025-03-28,1659,230504
LEX-1133,2025-03-29,725,231229
LEX-1133,2025-03-30,783,232012
LEX-1133,2025-03-31,1368,233380
LEX-1133,2025-04-01,1210,234590
LEX-1133,2025-04-02,868,235458
LEX-1133,2025-04-03,981,236439
LEX-1133,2025-04-04,1012,237451
LEX-1133,2025-04-05,584,238035
LEX-1133,2025-04-06,521,238556
LEX-1133,2025-04-07,908,239464
LEX-1133,2025-04-08,999,240463
LEX-1133,2025-04-09,1028,241491
LEX-1133,2025-04-10,971,242462
LEX-1133,2025-04-11,963,243425
LEX-1133,2025-04-12,478,243903
LEX-1133,2025-04-13,479,244382
LEX-1133,2025-04-14,947,245329
LEX-1133,2025-04-15,950,246279
LEX-1133,2025-04-16,995,247274
LEX-1133,2025-04-17,1084,248358
LEX-1133,2025-04-18,918,249276
LEX-1133,2025-04-19,478,249754
LEX-1133,2025-04-20,513,250267
LEX-1133,2025-04-21,1065,251332
LEX-1133,2025-04-22,1143,252475
LEX-1133,2025-04-23,1080,253555
LEX-1133,2025-04-24,1035,254590
LEX-1133,2025-04-25,1020,255610
LEX-1133,2025-04-26,506,256116
LEX-1133,2025-04-27,463,256579
LEX-1133,2025-04-28,1054,257633
LEX-1133,2025-04-29,986,258619
LEX-1133,2025-04-30,1034,259653
LEX-1133,2025-05-01,945,260598
LEX-1133,2025-05-02,1014,261612
LEX-1133,2025-05-03,473,262085
LEX-1133,2025-05-04,532,262617
LEX-1133,2025-05-05,1001,263618
LEX-1133,2025-05-06,1036,264654
LEX-1133,2025-05-07,986,265640
LEX-1133,2025-05-08,1078,266718
LEX-1133,2025-05-09,1051,267769
LEX-1133,2025-05-10,476,268245
LEX-1133,2025-05-11,473,268718
LEX-1133,2025-05-12,1093,269811
LEX-1133,2025-05-13,834,270645
LEX-1133,2025-05-14,1134,271779
LEX-1133,2025-05-15,962,272741
LEX-1133,2025-05-16,1075,273816
LEX-1133,2025-05-17,526,274342
LEX-1133,2025-05-18,496,274838
LEX-1133,2025-05-19,1046,275884
LEX-1133,2025-05-20,1027,276911
LEX-1133,2025-05-21,1084,277995
LEX-1133,2025-05-22,958,278953
LEX-1133,2025-05-23,1076,280029
LEX-1133,2025-05-24,431,280460
LEX-1133,2025-05-25,535,280995
LEX-1133,2025-05-26,1021,282016
LEX-1133,2025-05-27,1060,283076
LEX-1133,2025-05-28,1071,284147
LEX-1133,2025-05-29,1141,285288
LEX-1133,2025-05-30,1031,286319
LEX-1133,2025-05-31,475,286794
LEX-1133,2025-06-01,936,287730
LEX-1133,2025-06-02,1681,289411
LEX-1133,2025-06-03,1747,291158
LEX-1133,2025-06-04,1584,292742
LEX-1133,2025-06-05,1582,294324
LEX-1133,2025-06-06,1653,295977
LEX-1133,2025-06-07,854,296831
LEX-1133,2025-06-08,837,297668
LEX-1133,2025-06-09,1507,299175
LEX-1133,2025-06-10,1837,301012
LEX-1133,2025-06-11,1481,302493
LEX-1133,2025-06-12,1681,304174
LEX-1133,2025-06-13,1641,305815
LEX-1133,2025-06-14,984,306799
LEX-1133,2025-06-15,790,307589
LEX-1133,2025-06-16,1477,309066
LEX-1133,2025-06-17,1723,310789
LEX-1133,2025-06-18,1572,312361
LEX-1133,2025-06-19,1777,314138
LEX-1133,2025-06-20,1753,315891
LEX-1133,2025-06-21,865,316756
LEX-1133,2025-06-22,768,317524
LEX-1133,2025-06-23,1751,319275
LEX-1133,2025-06-24,1940,321215
LEX-1133,2025-06-25,1588,322803
LEX-1133,2025-06-26,1612,324415
LEX-1133,2025-06-27,1619,326034
LEX-1133,2025-06-28,799,326833
LEX-1133,2025-06-29,828,327661
LEX-1133,2025-06-30,1641,329302
LEX-1133,2025-07-01,1019,330321
LEX-1133,2025-07-02,951,331272
LEX-1133,2025-07-03,1121,332393
LEX-1133,2025-07-04,1054,333447
LEX-1133,2025-07-05,551,333998
LEX-1133,2025-07-06,536,334534
LEX-1133,2025-07-07,806,335340
LEX-1133,2025-07-08,1098,336438
LEX-1133,2025-07-09,1090,337528
LEX-1133,2025-07-10,1043,338571
LEX-1133,2025-07-11,1201,339772
LEX-1133,2025-07-12,554,340326
LEX-1133,2025-07-13,553,340879
LEX-1133,2025-07-14,884,341763
LEX-1133,2025-07-15,1134,342897
LEX-1133,2025-07-16,1079,343976
LEX-1133,2025-07-17,914,344890
LEX-1133,2025-07-18,1050,345940
LEX-1133,2025-07-19,442,346382
LEX-1133,2025-07-20,540,346922
LEX-1133,2025-07-21,1038,347960
LEX-1133,2025-07-22,974,348934
LEX-1133,2025-07-23,1081,350015
LEX-1133,2025-07-24,961,350976
LEX-1133,2025-07-25,1033,352009
LEX-1133,2025-07-26,557,352566
LEX-1133,2025-07-27,498,353064
LEX-1133,2025-07-28,946,354010
LEX-1133,2025-07-29,1113,355123
LEX-1133,2025-07-30,1033,356156
LEX-1133,2025-07-31,1188,357344
LEX-1133,2025-08-01,1066,358410
LEX-1133,2025-08-02,543,358953
LEX-1133,2025-08-03,526,359479
LEX-1133,2025-08-04,1069,360548
LEX-1133,2025-08-05,1073,361621
LEX-1133,2025-08-06,1079,362700
LEX-1133,2025-08-07,932,363632
LEX-1133,2025-08-08,953,364585
LEX-1133,2025-08-09,539,365124
LEX-1133,2025-08-10,515,365639
LEX-1133,2025-08-11,961,366600
LEX-1133,2025-08-12,1048,367648
LEX-1133,2025-08-13,1156,368804
LEX-1133,2025-08-14,1039,369843
LEX-1133,2025-08-15,1058,370901
LEX-1133,2025-08-16,530,371431
LEX-1133,2025-08-17,486,371917
LEX-1133,2025-08-18,1019,372936
LEX-1133,2025-08-19,852,373788
LEX-1133,2025-08-20,946,374734
LEX-1133,2025-08-21,1017,375751
LEX-1133,2025-08-22,926,376677
LEX-1133,2025-08-23,511,377188
LEX-1133,2025-08-24,499,377687
LEX-1133,2025-08-25,1132,378819
LEX-1133,2025-08-26,1189,380008
LEX-1133,2025-08-27,1019,381027
LEX-1133,2025-08-28,1054,382081
LEX-1133,2025-08-29,1123,383204
LEX-1133,2025-08-30,511,383715
LEX-1133,2025-08-31,529,384244
LEX-1134,2024-09-01,362,362
LEX-1134,2024-09-02,850,1212
LEX-1134,2024-09-03,899,2111
LEX-1134,2024-09-04,743,2854
LEX-1134,2024-09-05,708,3562
LEX-1134,2024-09-06,900,4462
LEX-1134,2024-09-07,397,4859
LEX-1134,2024-09-08,382,5241
LEX-1134,2024-09-09,822,6063
LEX-1134,2024-09-10,780,6843
LEX-1134,2024-09-11,748,7591
LEX-1134,2024-09-12,716,8307
LEX-1134,2024-09-13,934,9241
LEX-1134,2024-09-14,462,9703
LEX-1134,2024-09-15,400,10103
LEX-1134,2024-09-16,987,11090
LEX-1134,2024-09-17,903,11993
LEX-1134,2024-09-18,813,12806
LEX-1134,2024-09-19,964,13770
LEX-1134,2024-09-20,682,14452
LEX-1134,2024-09-21,401,14853
LEX-1134,2024-09-22,465,15318
LEX-1134,2024-09-23,794,16112
LEX-1134,2024-09-24,893,17005
LEX-1134,2024-09-25,752,17757
LEX-1134,2024-09-26,773,18530
LEX-1134,2024-09-27,841,19371
LEX-1134,2024-09-28,429,19800
LEX-1134,2024-09-29,415,20215
LEX-1134,2024-09-30,789,21004
LEX-1134,2024-10-01,472,21476
LEX-1134,2024-10-02,606,22082
LEX-1134,2024-10-03,524,22606
LEX-1134,2024-10-04,555,23161
LEX-1134,2024-10-05,275,23436
LEX-1134,2024-10-06,245,23681
LEX-1134,2024-10-07,512,24193
LEX-1134,2024-10-08,478,24671
LEX-1134,2024-10-09,541,25212
LEX-1134,2024-10-10,503,25715
LEX-1134,2024-10-11,576,26291
LEX-1134,2024-10-12,222,26513
LEX-1134,2024-10-13,265,26778
LEX-1134,2024-10-14,614,27392
LEX-1134,2024-10-15,480,27872
LEX-1134,2024-10-16,516,28388
LEX-1134,2024-10-17,496,28884
LEX-1134,2024-10-18,546,29430
LEX-1134,2024-10-19,214,29644
LEX-1134,2024-10-20,230,29874
LEX-1134,2024-10-21,469,30343
LEX-1134,2024-10-22,546,30889
LEX-1134,2024-10-23,502,31391
LEX-1134,2024-10-24,484,31875
LEX-1134,2024-10-25,526,32401
LEX-1134,2024-10-26,259,32660
LEX-1134,2024-10-27,251,32911
LEX-1134,2024-10-28,489,33400
LEX-1134,2024-10-29,473,33873
LEX-1134,2024-10-30,568,34441
LEX-1134,2024-10-31,571,35012
LEX-1134,2024-11-01,456,35468
LEX-1134,2024-11-02,247,35715
LEX-1134,2024-11-03,264,35979
LEX-1134,2024-11-04,473,36452
LEX-1134,2024-11-05,540,36992
LEX-1134,2024-11-06,519,37511
LEX-1134,2024-11-07,544,38055
LEX-1134,2024-11-08,604,38659
LEX-1134,2024-11-09,221,38880
LEX-1134,2024-11-10,285,39165
LEX-1134,2024-11-11,488,39653
LEX-1134,2024-11-12,539,40192
LEX-1134,2024-11-13,533,40725
LEX-1134,2024-11-14,568,41293
LEX-1134,2024-11-15,514,41807
LEX-1134,2024-11-16,239,42046
LEX-1134,2024-11-17,261,42307
LEX-1134,2024-11-18,581,42888
LEX-1134,2024-11-19,526,43414
LEX-1134,2024-11-20,488,43902
LEX-1134,2024-11-21,505,44407
LEX-1134,2024-11-22,522,44929
LEX-1134,2024-11-23,258,45187
LEX-1134,2024-11-24,255,45442
LEX-1134,2024-11-25,552,45994
LEX-1134,2024-11-26,594,46588
LEX-1134,2024-11-27,551,47139
LEX-1134,2024-11-28,537,47676
LEX-1134,2024-11-29,554,48230
LEX-1134,2024-11-30,269,48499
LEX-1134,2024-12-01,414,48913
LEX-1134,2024-12-02,781,49694
LEX-1134,2024-12-03,781,50475
LEX-1134,2024-12-04,818,51293
LEX-1134,2024-12-05,838,52131
LEX-1134,2024-12-06,894,53025
LEX-1134,2024-12-07,406,53431
LEX-1134,2024-12-08,398,53829
LEX-1134,2024-12-09,837,54666
LEX-1134,2024-12-10,847,55513
LEX-1134,2024-12-11,781,56294
LEX-1134,2024-12-12,772,57066
LEX-1134,2024-12-13,861,57927
LEX-1134,2024-12-14,405,58332
LEX-1134,2024-12-15,448,58780
LEX-1134,2024-12-16,837,59617
LEX-1134,2024-12-17,815,60432
LEX-1134,2024-12-18,742,61174
LEX-1134,2024-12-19,820,61994
LEX-1134,2024-12-20,755,62749
LEX-1134,2024-12-21,368,63117
LEX-1134,2024-12-22,459,63576
LEX-1134,2024-12-23,787,64363
LEX-1134,2024-12-24,878,65241
LEX-1134,2024-12-25,747,65988
LEX-1134,2024-12-26,773,66761
LEX-1134,2024-12-27,767,67528
LEX-1134,2024-12-28,432,67960
LEX-1134,2024-12-29,424,68384
LEX-1134,2024-12-30,733,69117
LEX-1134,2024-12-31,727,69844
LEX-1134,2025-01-01,532,70376
LEX-1134,2025-01-02,565,70941
LEX-1134,2025-01-03,563,71504
LEX-1134,2025-01-04,240,71744
LEX-1134,2025-01-05,247,71991
LEX-1134,2025-01-06,531,72522
LEX-1134,2025-01-07,534,73056
LEX-1134,2025-01-08,520,73576
LEX-1134,2025-01-09,495,74071
LEX-1134,2025-01-10,529,74600
LEX-1134,2025-01-11,258,74858
LEX-1134,2025-01-12,259,75117
LEX-1134,2025-01-13,546,75663
LEX-1134,2025-01-14,555,76218
LEX-1134,2025-01-15,524,76742
LEX-1134,2025-01-16,522,77264
LEX-1134,2025-01-17,503,77767
LEX-1134,2025-01-18,257,78024
LEX-1134,2025-01-19,270,78294
LEX-1134,2025-01-20,530,78824
LEX-1134,2025-01-21,488,79312
LEX-1134,2025-01-22,485,79797
LEX-1134,2025-01-23,484,80281
LEX-1134,2025-01-24,557,80838
LEX-1134,2025-01-25,221,81059
LEX-1134,2025-01-26,227,81286
LEX-1134,2025-01-27,485,81771
LEX-1134,2025-01-28,541,82312
LEX-1134,2025-01-29,499,82811
LEX-1134,2025-01-30,476,83287
LEX-1134,2025-01-31,524,83811
LEX-1134,2025-02-01,263,84074
LEX-1134,2025-02-02,271,84345
LEX-1134,2025-02-03,565,84910
LEX-1134,2025-02-04,560,85470
LEX-1134,2025-02-05,532,86002
LEX-1134,2025-02-06,506,86508
LEX-1134,2025-02-07,527,87035
LEX-1134,2025-02-08,246,87281
LEX-1134,2025-02-09,273,87554
LEX-1134,2025-02-10,489,88043
LEX-1134,2025-02-11,479,88522
LEX-1134,2025-02-12,549,89071
LEX-1134,2025-02-13,451,89522
LEX-1134,2025-02-14,485,90007
LEX-1134,2025-02-15,267,90274
LEX-1134,2025-02-16,253,90527
LEX-1134,2025-02-17,505,91032
LEX-1134,2025-02-18,467,91499
LEX-1134,2025-02-19,470,91969
LEX-1134,2025-02-20,502,92471
LEX-1134,2025-02-21,448,92919
LEX-1134,2025-02-22,254,93173
LEX-1134,2025-02-23,278,93451
LEX-1134,2025-02-24,553,94004
LEX-1134,2025-02-25,532,94536
LEX-1134,2025-02-26,518,95054
LEX-1134,2025-02-27,506,95560
LEX-1134,2025-02-28,512,96072
LEX-1134,2025-03-01,380,96452
LEX-1134,2025-03-02,389,96841
LEX-1134,2025-03-03,718,97559
LEX-1134,2025-03-04,871,98430
LEX-1134,2025-03-05,809,99239
LEX-1134,2025-03-06,934,100173
LEX-1134,2025-03-07,781,100954
LEX-1134,2025-03-08,407,101361
LEX-1134,2025-03-09,429,101790
LEX-1134,2025-03-10,841,102631
LEX-1134,2025-03-11,811,103442
LEX-1134,2025-03-12,920,104362
LEX-1134,2025-03-13,761,105123
LEX-1134,2025-03-14,853,105976
LEX-1134,2025-03-15,395,106371
LEX-1134,2025-03-16,404,106775
LEX-1134,2025-03-17,831,107606
LEX-1134,2025-03-18,809,108415
LEX-1134,2025-03-19,806,109221
LEX-1134,2025-03-20,726,109947
LEX-1134,2025-03-21,869,110816
LEX-1134,2025-03-22,362,111178
LEX-1134,2025-03-23,450,111628
LEX-1134,2025-03-24,810,112438
LEX-1134,2025-03-25,870,113308
LEX-1134,2025-03-26,673,113981
LEX-1134,2025-03-27,814,114795
LEX-1134,2025-03-28,815,115610
LEX-1134,2025-03-29,382,115992
LEX-1134,2025-03-30,433,116425
LEX-1134,2025-03-31,779,117204
LEX-1134,2025-04-01,478,117682
LEX-1134,2025-04-02,497,118179
LEX-1134,2025-04-03,545,118724
LEX-1134,2025-04-04,520,119244
LEX-1134,2025-04-05,262,119506
LEX-1134,2025-04-06,269,119775
LEX-1134,2025-04-07,502,120277
LEX-1134,2025-04-08,548,120825
LEX-1134,2025-04-09,524,121349
LEX-1134,2025-04-10,540,121889
LEX-1134,2025-04-11,481,122370
LEX-1134,2025-04-12,256,122626
LEX-1134,2025-04-13,272,122898
LEX-1134,2025-04-14,577,123475
LEX-1134,2025-04-15,548,124023
LEX-1134,2025-04-16,550,124573
LEX-1134,2025-04-17,453,125026
LEX-1134,2025-04-18,499,125525
LEX-1134,2025-04-19,266,125791
LEX-1134,2025-04-20,229,126020
LEX-1134,2025-04-21,526,126546
LEX-1134,2025-04-22,496,127042
LEX-1134,2025-04-23,498,127540
LEX-1134,2025-04-24,512,128052
LEX-1134,2025-04-25,524,128576
LEX-1134,2025-04-26,270,128846
LEX-1134,2025-04-27,233,129079
LEX-1134,2025-04-28,548,129627
LEX-1134,2025-04-29,536,130163
LEX-1134,2025-04-30,500,130663
LEX-1134,2025-05-01,549,131212
LEX-1134,2025-05-02,442,131654
LEX-1134,2025-05-03,258,131912
LEX-1134,2025-05-04,243,132155
LEX-1134,2025-05-05,467,132622
LEX-1134,2025-05-06,449,133071
LEX-1134,2025-05-07,536,133607
LEX-1134,2025-05-08,531,134138
LEX-1134,2025-05-09,559,134697
LEX-1134,2025-05-10,268,134965
LEX-1134,2025-05-11,249,135214
LEX-1134,2025-05-12,621,135835
LEX-1134,2025-05-13,551,136386
LEX-1134,2025-05-14,463,136849
LEX-1134,2025-05-15,504,137353
LEX-1134,2025-05-16,519,137872
LEX-1134,2025-05-17,249,138121
LEX-1134,2025-05-18,297,138418
LEX-1134,2025-05-19,498,138916
LEX-1134,2025-05-20,494,139410
LEX-1134,2025-05-21,540,139950
LEX-1134,2025-05-22,515,140465
LEX-1134,2025-05-23,501,140966
LEX-1134,2025-05-24,299,141265
LEX-1134,2025-05-25,286,141551
LEX-1134,2025-05-26,452,142003
LEX-1134,2025-05-27,586,142589
LEX-1134,2025-05-28,502,143091
LEX-1134,2025-05-29,556,143647
LEX-1134,2025-05-30,591,144238
LEX-1134,2025-05-31,271,144509
LEX-1134,2025-06-01,482,144991
LEX-1134,2025-06-02,872,145863
LEX-1134,2025-06-03,857,146720
LEX-1134,2025-06-04,882,147602
LEX-1134,2025-06-05,735,148337
LEX-1134,2025-06-06,803,149140
LEX-1134,2025-06-07,373,149513
LEX-1134,2025-06-08,402,149915
LEX-1134,2025-06-09,845,150760
LEX-1134,2025-06-10,806,151566
LEX-1134,2025-06-11,807,152373
LEX-1134,2025-06-12,727,153100
LEX-1134,2025-06-13,782,153882
LEX-1134,2025-06-14,462,154344
LEX-1134,2025-06-15,390,154734
LEX-1134,2025-06-16,793,155527
LEX-1134,2025-06-17,831,156358
LEX-1134,2025-06-18,840,157198
LEX-1134,2025-06-19,807,158005
LEX-1134,2025-06-20,725,158730
LEX-1134,2025-06-21,425,159155
LEX-1134,2025-06-22,470,159625
LEX-1134,2025-06-23,936,160561
LEX-1134,2025-06-24,769,161330
LEX-1134,2025-06-25,842,162172
LEX-1134,2025-06-26,981,163153
LEX-1134,2025-06-27,816,163969
LEX-1134,2025-06-28,416,164385
LEX-1134,2025-06-29,359,164744
LEX-1134,2025-06-30,884,165628
LEX-1134,2025-07-01,521,166149
LEX-1134,2025-07-02,473,166622
LEX-1134,2025-07-03,538,167160
LEX-1134,2025-07-04,550,167710
LEX-1134,2025-07-05,240,167950
LEX-1134,2025-07-06,221,168171
LEX-1134,2025-07-07,515,168686
LEX-1134,2025-07-08,538,169224
LEX-1134,2025-07-09,521,169745
LEX-1134,2025-07-10,557,170302
LEX-1134,2025-07-11,440,170742
LEX-1134,2025-07-12,234,170976
LEX-1134,2025-07-13,259,171235
LEX-1134,2025-07-14,446,171681
LEX-1134,2025-07-15,479,172160
LEX-1134,2025-07-16,488,172648
LEX-1134,2025-07-17,551,173199
LEX-1134,2025-07-18,563,173762
LEX-1134,2025-07-19,269,174031
LEX-1134,2025-07-20,293,174324
LEX-1134,2025-07-21,567,174891
LEX-1134,2025-07-22,542,175433
LEX-1134,2025-07-23,541,175974
LEX-1134,2025-07-24,486,176460
LEX-1134,2025-07-25,453,176913
LEX-1134,2025-07-26,240,177153
LEX-1134,2025-07-27,272,177425
LEX-1134,2025-07-28,497,177922
LEX-1134,2025-07-29,535,178457
LEX-1134,2025-07-30,435,178892
LEX-1134,2025-07-31,531,179423
LEX-1134,2025-08-01,475,179898
LEX-1134,2025-08-02,240,180138
LEX-1134,2025-08-03,289,180427
LEX-1134,2025-08-04,598,181025
LEX-1134,2025-08-05,466,181491
LEX-1134,2025-08-06,500,181991
LEX-1134,2025-08-07,505,182496
LEX-1134,2025-08-08,540,183036
LEX-1134,2025-08-09,245,183281
LEX-1134,2025-08-10,238,183519
LEX-1134,2025-08-11,522,184041
LEX-1134,2025-08-12,513,184554
LEX-1134,2025-08-13,545,185099
LEX-1134,2025-08-14,482,185581
LEX-1134,2025-08-15,501,186082
LEX-1134,2025-08-16,270,186352
LEX-1134,2025-08-17,253,186605
LEX-1134,2025-08-18,441,187046
LEX-1134,2025-08-19,576,187622
LEX-1134,2025-08-20,506,188128
LEX-1134,2025-08-21,507,188635
LEX-1134,2025-08-22,613,189248
LEX-1134,2025-08-23,298,189546
LEX-1134,2025-08-24,274,189820
LEX-1134,2025-08-25,465,190285
LEX-1134,2025-08-26,566,190851
LEX-1134,2025-08-27,437,191288
LEX-1134,2025-08-28,515,191803
LEX-1134,2025-08-29,491,192294
LEX-1134,2025-08-30,240,192534
LEX-1134,2025-08-31,265,192799
LEX-1135,2024-09-01,645,645
LEX-1135,2024-09-02,1406,2051
LEX-1135,2024-09-03,1625,3676
LEX-1135,2024-09-04,1470,5146
LEX-1135,2024-09-05,1478,6624
LEX-1135,2024-09-06,1330,7954
LEX-1135,2024-09-07,677,8631
LEX-1135,2024-09-08,665,9296
LEX-1135,2024-09-09,1428,10724
LEX-1135,2024-09-10,1444,12168
LEX-1135,2024-09-11,1439,13607
LEX-1135,2024-09-12,1549,15156
LEX-1135,2024-09-13,1446,16602
LEX-1135,2024-09-14,598,17200
LEX-1135,2024-09-15,687,17887
LEX-1135,2024-09-16,1410,19297
LEX-1135,2024-09-17,1364,20661
LEX-1135,2024-09-18,1400,22061
LEX-1135,2024-09-19,1349,23410
LEX-1135,2024-09-20,1568,24978
LEX-1135,2024-09-21,636,25614
LEX-1135,2024-09-22,636,26250
LEX-1135,2024-09-23,1249,27499
LEX-1135,2024-09-24,1513,29012
LEX-1135,2024-09-25,1250,30262
LEX-1135,2024-09-26,1487,31749
LEX-1135,2024-09-27,1409,33158
LEX-1135,2024-09-28,697,33855
LEX-1135,2024-09-29,735,34590
LEX-1135,2024-09-30,1620,36210
LEX-1135,2024-10-01,803,37013
LEX-1135,2024-10-02,839,37852
LEX-1135,2024-10-03,778,38630
LEX-1135,2024-10-04,904,39534
LEX-1135,2024-10-05,427,39961
LEX-1135,2024-10-06,406,40367
LEX-1135,2024-10-07,857,41224
LEX-1135,2024-10-08,817,42041
LEX-1135,2024-10-09,948,42989
LEX-1135,2024-10-10,749,43738
LEX-1135,2024-10-11,992,44730
LEX-1135,2024-10-12,494,45224
LEX-1135,2024-10-13,414,45638
LEX-1135,2024-10-14,911,46549
LEX-1135,2024-10-15,1062,47611
LEX-1135,2024-10-16,907,48518
LEX-1135,2024-10-17,818,49336
LEX-1135,2024-10-18,957,50293
LEX-1135,2024-10-19,465,50758
LEX-1135,2024-10-20,407,51165
LEX-1135,2024-10-21,826,51991
LEX-1135,2024-10-22,875,52866
LEX-1135,2024-10-23,1008,53874
LEX-1135,2024-10-24,809,54683
LEX-1135,2024-10-25,868,55551
LEX-1135,2024-10-26,504,56055
LEX-1135,2024-10-27,428,56483
LEX-1135,2024-10-28,966,57449
LEX-1135,2024-10-29,880,58329
LEX-1135,2024-10-30,1002,59331
LEX-1135,2024-10-31,965,60296
LEX-1135,2024-11-01,902,61198
LEX-1135,2024-11-02,442,61640
LEX-1135,2024-11-03,412,62052
LEX-1135,2024-11-04,767,62819
LEX-1135,2024-11-05,889,63708
LEX-1135,2024-11-06,921,64629
LEX-1135,2024-11-07,947,65576
LEX-1135,2024-11-08,1051,66627
LEX-1135,2024-11-09,396,67023
LEX-1135,2024-11-10,440,67463
LEX-1135,2024-11-11,924,68387
LEX-1135,2024-11-12,819,69206
LEX-1135,2024-11-13,931,70137
LEX-1135,2024-11-14,912,71049
LEX-1135,2024-11-15,863,71912
LEX-1135,2024-11-16,391,72303
LEX-1135,2024-11-17,443,72746
LEX-1135,2024-11-18,921,73667
LEX-1135,2024-11-19,762,74429
LEX-1135,2024-11-20,866,75295
LEX-1135,2024-11-21,867,76162
LEX-1135,2024-11-22,956,77118
LEX-1135,2024-11-23,405,77523
LEX-1135,2024-11-24,462,77985
LEX-1135,2024-11-25,935,78920
LEX-1135,2024-11-26,902,79822
LEX-1135,2024-11-27,954,80776
LEX-1135,2024-11-28,1035,81811
LEX-1135,2024-11-29,958,82769
LEX-1135,2024-11-30,429,83198
LEX-1135,2024-12-01,746,83944
LEX-1135,2024-12-02,1557,85501
LEX-1135,2024-12-03,1337,86838
LEX-1135,2024-12-04,1495,88333
LEX-1135,2024-12-05,1451,89784
LEX-1135,2024-12-06,1492,91276
LEX-1135,2024-12-07,633,91909
LEX-1135,2024-12-08,704,92613
LEX-1135,2024-12-09,1352,93965
LEX-1135,2024-12-10,1458,95423
LEX-1135,2024-12-11,1509,96932
LEX-1135,2024-12-12,1220,98152
LEX-1135,2024-12-13,1467,99619
LEX-1135,2024-12-14,797,100416
LEX-1135,2024-12-15,799,101215
LEX-1135,2024-12-16,1606,102821
LEX-1135,2024-12-17,1521,104342
LEX-1135,2024-12-18,1575,105917
LEX-1135,2024-12-19,1382,107299
LEX-1135,2024-12-20,1420,108719
LEX-1135,2024-12-21,626,109345
LEX-1135,2024-12-22,684,110029
LEX-1135,2024-12-23,1527,111556
LEX-1135,2024-12-24,1487,113043
LEX-1135,2024-12-25,1133,114176
LEX-1135,2024-12-26,1436,115612
LEX-1135,2024-12-27,1372,116984
LEX-1135,2024-12-28,697,117681
LEX-1135,2024-12-29,796,118477
LEX-1135,2024-12-30,1304,119781
LEX-1135,2024-12-31,1320,121101
LEX-1135,2025-01-01,1015,122116
LEX-1135,2025-01-02,878,122994
LEX-1135,2025-01-03,963,123957
LEX-1135,2025-01-04,451,124408
LEX-1135,2025-01-05,449,124857
LEX-1135,2025-01-06,828,125685
LEX-1135,2025-01-07,971,126656
LEX-1135,2025-01-08,947,127603
LEX-1135,2025-01-09,861,128464
LEX-1135,2025-01-10,891,129355
LEX-1135,2025-01-11,467,129822
LEX-1135,2025-01-12,415,130237
LEX-1135,2025-01-13,772,131009
LEX-1135,2025-01-14,899,131908
LEX-1135,2025-01-15,836,132744
LEX-1135,2025-01-16,953,133697
LEX-1135,2025-01-17,870,134567
LEX-1135,2025-01-18,398,134965
LEX-1135,2025-01-19,452,135417
LEX-1135,2025-01-20,801,136218
LEX-1135,2025-01-21,923,137141
LEX-1135,2025-01-22,740,137881
LEX-1135,2025-01-23,892,138773
LEX-1135,2025-01-24,919,139692
LEX-1135,2025-01-25,402,140094
LEX-1135,2025-01-26,490,140584
LEX-1135,2025-01-27,780,141364
LEX-1135,2025-01-28,912,142276
LEX-1135,2025-01-29,777,143053
LEX-1135,2025-01-30,814,143867
LEX-1135,2025-01-31,914,144781
LEX-1135,2025-02-01,462,145243
LEX-1135,2025-02-02,450,145693
LEX-1135,2025-02-03,943,146636
LEX-1135,2025-02-04,800,147436
LEX-1135,2025-02-05,782,148218
LEX-1135,2025-02-06,936,149154
LEX-1135,2025-02-07,766,149920
LEX-1135,2025-02-08,402,150322
LEX-1135,2025-02-09,441,150763
LEX-1135,2025-02-10,912,151675
LEX-1135,2025-02-11,911,152586
LEX-1135,2025-02-12,795,153381
LEX-1135,2025-02-13,892,154273
LEX-1135,2025-02-14,814,155087
LEX-1135,2025-02-15,458,155545
LEX-1135,2025-02-16,450,155995
LEX-1135,2025-02-17,952,156947
LEX-1135,2025-02-18,874,157821
LEX-1135,2025-02-19,857,158678
LEX-1135,2025-02-20,1013,159691
LEX-1135,2025-02-21,759,160450
LEX-1135,2025-02-22,511,160961
LEX-1135,2025-02-23,493,161454
LEX-1135,2025-02-24,875,162329
LEX-1135,2025-02-25,948,163277
LEX-1135,2025-02-26,795,164072
LEX-1135,2025-02-27,948,165020
LEX-1135,2025-02-28,898,165918
LEX-1135,2025-03-01,670,166588
LEX-1135,2025-03-02,787,167375
LEX-1135,2025-03-03,1522,168897
LEX-1135,2025-03-04,1439,170336
LEX-1135,2025-03-05,1408,171744
LEX-1135,2025-03-06,1249,172993
LEX-1135,2025-03-07,1377,174370
LEX-1135,2025-03-08,631,175001
LEX-1135,2025-03-09,715,175716
LEX-1135,2025-03-10,1467,177183
LEX-1135,2025-03-11,1491,178674
LEX-1135,2025-03-12,1433,180107
LEX-1135,2025-03-13,1607,181714
LEX-1135,2025-03-14,1264,182978
LEX-1135,2025-03-15,713,183691
LEX-1135,2025-03-16,784,184475
LEX-1135,2025-03-17,1496,185971
LEX-1135,2025-03-18,1361,187332
LEX-1135,2025-03-19,1508,188840
LEX-1135,2025-03-20,1370,190210
LEX-1135,2025-03-21,1433,191643
LEX-1135,2025-03-22,750,192393
LEX-1135,2025-03-23,629,193022
LEX-1135,2025-03-24,1542,194564
LEX-1135,2025-03-25,1521,196085
LEX-1135,2025-03-26,1221,197306
LEX-1135,2025-03-27,1039,198345
LEX-1135,2025-03-28,1187,199532
LEX-1135,2025-03-29,715,200247
LEX-1135,2025-03-30,817,201064
LEX-1135,2025-03-31,1522,202586
LEX-1135,2025-04-01,972,203558
LEX-1135,2025-04-02,954,204512
LEX-1135,2025-04-03,920,205432
LEX-1135,2025-04-04,734,206166
LEX-1135,2025-04-05,488,206654
LEX-1135,2025-04-06,425,207079
LEX-1135,2025-04-07,812,207891
LEX-1135,2025-04-08,864,208755
LEX-1135,2025-04-09,951,209706
LEX-1135,2025-04-10,893,210599
LEX-1135,2025-04-11,901,211500
LEX-1135,2025-04-12,444,211944
LEX-1135,2025-04-13,493,212437
LEX-1135,2025-04-14,767,213204
LEX-1135,2025-04-15,890,214094
LEX-1135,2025-04-16,936,215030
LEX-1135,2025-04-17,907,215937
LEX-1135,2025-04-18,990,216927
LEX-1135,2025-04-19,452,217379
LEX-1135,2025-04-20,432,217811
LEX-1135,2025-04-21,844,218655
LEX-1135,2025-04-22,776,219431
LEX-1135,2025-04-23,844,220275
LEX-1135,2025-04-24,803,221078
LEX-1135,2025-04-25,882,221960
LEX-1135,2025-04-26,377,222337
LEX-1135,2025-04-27,448,222785
LEX-1135,2025-04-28,860,223645
LEX-1135,2025-04-29,976,224621
LEX-1135,2025-04-30,931,225552
LEX-1135,2025-05-01,974,226526
LEX-1135,2025-05-02,895,227421
LEX-1135,2025-05-03,478,227899
LEX-1135,2025-05-04,447,228346
LEX-1135,2025-05-05,829,229175
LEX-1135,2025-05-06,855,230030
LEX-1135,2025-05-07,930,230960
LEX-1135,2025-05-08,925,231885
LEX-1135,2025-05-09,908,232793
LEX-1135,2025-05-10,448,233241
LEX-1135,2025-05-11,453,233694
LEX-1135,2025-05-12,830,234524
LEX-1135,2025-05-13,901,235425
LEX-1135,2025-05-14,867,236292
LEX-1135,2025-05-15,878,237170
LEX-1135,2025-05-16,753,237923
LEX-1135,2025-05-17,459,238382
LEX-1135,2025-05-18,397,238779
LEX-1135,2025-05-19,796,239575
LEX-1135,2025-05-20,919,240494
LEX-1135,2025-05-21,772,241266
LEX-1135,2025-05-22,946,242212
LEX-1135,2025-05-23,835,243047
LEX-1135,2025-05-24,465,243512
LEX-1135,2025-05-25,397,243909
LEX-1135,2025-05-26,853,244762
LEX-1135,2025-05-27,944,245706
LEX-1135,2025-05-28,873,246579
LEX-1135,2025-05-29,824,247403
LEX-1135,2025-05-30,922,248325
LEX-1135,2025-05-31,354,248679
LEX-1135,2025-06-01,777,249456
LEX-1135,2025-06-02,1297,250753
LEX-1135,2025-06-03,1596,252349
LEX-1135,2025-06-04,1507,253856
LEX-1135,2025-06-05,1391,255247
LEX-1135,2025-06-06,1474,256721
LEX-1135,2025-06-07,608,257329
LEX-1135,2025-06-08,667,257996
LEX-1135,2025-06-09,1368,259364
LEX-1135,2025-06-10,1465,260829
LEX-1135,2025-06-11,1420,262249
LEX-1135,2025-06-12,1390,263639
LEX-1135,2025-06-13,1371,265010
LEX-1135,2025-06-14,701,265711
LEX-1135,2025-06-15,710,266421
LEX-1135,2025-06-16,1506,267927
LEX-1135,2025-06-17,1468,269395
LEX-1135,2025-06-18,1475,270870
LEX-1135,2025-06-19,1599,272469
LEX-1135,2025-06-20,1480,273949
LEX-1135,2025-06-21,719,274668
LEX-1135,2025-06-22,754,275422
LEX-1135,2025-06-23,1406,276828
LEX-1135,2025-06-24,1425,278253
LEX-1135,2025-06-25,1576,279829
LEX-1135,2025-06-26,1445,281274
LEX-1135,2025-06-27,1504,282778
LEX-1135,2025-06-28,783,283561
LEX-1135,2025-06-29,815,284376
LEX-1135,2025-06-30,1222,285598
LEX-1135,2025-07-01,772,286370
LEX-1135,2025-07-02,810,287180
LEX-1135,2025-07-03,767,287947
LEX-1135,2025-07-04,1137,289084
LEX-1135,2025-07-05,486,289570
LEX-1135,2025-07-06,426,289996
LEX-1135,2025-07-07,899,290895
LEX-1135,2025-07-08,832,291727
LEX-1135,2025-07-09,803,292530
LEX-1135,2025-07-10,732,293262
LEX-1135,2025-07-11,762,294024
LEX-1135,2025-07-12,473,294497
LEX-1135,2025-07-13,425,294922
LEX-1135,2025-07-14,824,295746
LEX-1135,2025-07-15,1022,296768
LEX-1135,2025-07-16,918,297686
LEX-1135,2025-07-17,978,298664
LEX-1135,2025-07-18,841,299505
LEX-1135,2025-07-19,484,299989
LEX-1135,2025-07-20,465,300454
LEX-1135,2025-07-21,790,301244
LEX-1135,2025-07-22,890,302134
LEX-1135,2025-07-23,751,302885
LEX-1135,2025-07-24,872,303757
LEX-1135,2025-07-25,835,304592
LEX-1135,2025-07-26,460,305052
LEX-1135,2025-07-27,432,305484
LEX-1135,2025-07-28,979,306463
LEX-1135,2025-07-29,872,307335
LEX-1135,2025-07-30,903,308238
LEX-1135,2025-07-31,919,309157
LEX-1135,2025-08-01,865,310022
LEX-1135,2025-08-02,489,310511
LEX-1135,2025-08-03,476,310987
LEX-1135,2025-08-04,917,311904
LEX-1135,2025-08-05,854,312758
LEX-1135,2025-08-06,808,313566
LEX-1135,2025-08-07,891,314457
LEX-1135,2025-08-08,881,315338
LEX-1135,2025-08-09,415,315753
LEX-1135,2025-08-10,434,316187
LEX-1135,2025-08-11,804,316991
LEX-1135,2025-08-12,1005,317996
LEX-1135,2025-08-13,960,318956
LEX-1135,2025-08-14,800,319756
LEX-1135,2025-08-15,909,320665
LEX-1135,2025-08-16,374,321039
LEX-1135,2025-08-17,434,321473
LEX-1135,2025-08-18,997,322470
LEX-1135,2025-08-19,780,323250
LEX-1135,2025-08-20,920,324170
LEX-1135,2025-08-21,786,324956
LEX-1135,2025-08-22,853,325809
LEX-1135,2025-08-23,487,326296
LEX-1135,2025-08-24,466,326762
LEX-1135,2025-08-25,918,327680
LEX-1135,2025-08-26,962,328642
LEX-1135,2025-08-27,890,329532
LEX-1135,2025-08-28,902,330434
LEX-1135,2025-08-29,882,331316
LEX-1135,2025-08-30,461,331777
LEX-1135,2025-08-31,459,332236
LEX-1136,2024-09-01,281,281
LEX-1136,2024-09-02,437,718
LEX-1136,2024-09-03,493,1211
LEX-1136,2024-09-04,490,1701
LEX-1136,2024-09-05,551,2252
LEX-1136,2024-09-06,462,2714
LEX-1136,2024-09-07,243,2957
LEX-1136,2024-09-08,250,3207
LEX-1136,2024-09-09,517,3724
LEX-1136,2024-09-10,491,4215
LEX-1136,2024-09-11,476,4691
LEX-1136,2024-09-12,472,5163
LEX-1136,2024-09-13,455,5618
LEX-1136,2024-09-14,231,5849
LEX-1136,2024-09-15,242,6091
LEX-1136,2024-09-16,469,6560
LEX-1136,2024-09-17,577,7137
LEX-1136,2024-09-18,516,7653
LEX-1136,2024-09-19,457,8110
LEX-1136,2024-09-20,516,8626
LEX-1136,2024-09-21,218,8844
LEX-1136,2024-09-22,274,9118
LEX-1136,2024-09-23,480,9598
LEX-1136,2024-09-24,542,10140
LEX-1136,2024-09-25,501,10641
LEX-1136,2024-09-26,509,11150
LEX-1136,2024-09-27,503,11653
LEX-1136,2024-09-28,193,11846
LEX-1136,2024-09-29,259,12105
LEX-1136,2024-09-30,460,12565
LEX-1136,2024-10-01,312,12877
LEX-1136,2024-10-02,325,13202
LEX-1136,2024-10-03,346,13548
LEX-1136,2024-10-04,339,13887
LEX-1136,2024-10-05,142,14029
LEX-1136,2024-10-06,139,14168
LEX-1136,2024-10-07,315,14483
LEX-1136,2024-10-08,325,14808
LEX-1136,2024-10-09,329,15137
LEX-1136,2024-10-10,333,15470
LEX-1136,2024-10-11,298,15768
LEX-1136,2024-10-12,157,15925
LEX-1136,2024-10-13,140,16065
LEX-1136,2024-10-14,344,16409
LEX-1136,2024-10-15,341,16750
LEX-1136,2024-10-16,309,17059
LEX-1136,2024-10-17,293,17352
LEX-1136,2024-10-18,284,17636
LEX-1136,2024-10-19,158,17794
LEX-1136,2024-10-20,142,17936
LEX-1136,2024-10-21,328,18264
LEX-1136,2024-10-22,313,18577
LEX-1136,2024-10-23,304,18881
LEX-1136,2024-10-24,331,19212
LEX-1136,2024-10-25,266,19478
LEX-1136,2024-10-26,161,19639
LEX-1136,2024-10-27,155,19794
LEX-1136,2024-10-28,306,20100
LEX-1136,2024-10-29,329,20429
LEX-1136,2024-10-30,344,20773
LEX-1136,2024-10-31,317,21090
LEX-1136,2024-11-01,323,21413
LEX-1136,2024-11-02,150,21563
LEX-1136,2024-11-03,147,21710
LEX-1136,2024-11-04,318,22028
LEX-1136,2024-11-05,303,22331
LEX-1136,2024-11-06,302,22633
LEX-1136,2024-11-07,349,22982
LEX-1136,2024-11-08,344,23326
LEX-1136,2024-11-09,140,23466
LEX-1136,2024-11-10,167,23633
LEX-1136,2024-11-11,330,23963
LEX-1136,2024-11-12,316,24279
LEX-1136,2024-11-13,338,24617
LEX-1136,2024-11-14,350,24967
LEX-1136,2024-11-15,330,25297
LEX-1136,2024-11-16,151,25448
LEX-1136,2024-11-17,150,25598
LEX-1136,2024-11-18,298,25896
LEX-1136,2024-11-19,321,26217
LEX-1136,2024-11-20,342,26559
LEX-1136,2024-11-21,280,26839
LEX-1136,2024-11-22,334,27173
LEX-1136,2024-11-23,173,27346
LEX-1136,2024-11-24,135,27481
LEX-1136,2024-11-25,302,27783
LEX-1136,2024-11-26,282,28065
LEX-1136,2024-11-27,322,28387
LEX-1136,2024-11-28,290,28677
LEX-1136,2024-11-29,286,28963
LEX-1136,2024-11-30,172,29135
LEX-1136,2024-12-01,230,29365
LEX-1136,2024-12-02,510,29875
LEX-1136,2024-12-03,497,30372
LEX-1136,2024-12-04,477,30849
LEX-1136,2024-12-05,494,31343
LEX-1136,2024-12-06,490,31833
LEX-1136,2024-12-07,271,32104
LEX-1136,2024-12-08,269,32373
LEX-1136,2024-12-09,515,32888
LEX-1136,2024-12-10,557,33445
LEX-1136,2024-12-11,525,33970
LEX-1136,2024-12-12,468,34438
LEX-1136,2024-12-13,474,34912
LEX-1136,2024-12-14,290,35202
LEX-1136,2024-12-15,265,35467
LEX-1136,2024-12-16,505,35972
LEX-1136,2024-12-17,506,36478
LEX-1136,2024-12-18,501,36979
LEX-1136,2024-12-19,593,37572
LEX-1136,2024-12-20,467,38039
LEX-1136,2024-12-21,266,38305
LEX-1136,2024-12-22,273,38578
LEX-1136,2024-12-23,471,39049
LEX-1136,2024-12-24,468,39517
LEX-1136,2024-12-25,440,39957
LEX-1136,2024-12-26,460,40417
LEX-1136,2024-12-27,531,40948
LEX-1136,2024-12-28,247,41195
LEX-1136,2024-12-29,262,41457
LEX-1136,2024-12-30,531,41988
LEX-1136,2024-12-31,498,42486
LEX-1136,2025-01-01,289,42775
LEX-1136,2025-01-02,327,43102
LEX-1136,2025-01-03,250,43352
LEX-1136,2025-01-04,171,43523
LEX-1136,2025-01-05,128,43651
LEX-1136,2025-01-06,280,43931
LEX-1136,2025-01-07,301,44232
LEX-1136,2025-01-08,282,44514
LEX-1136,2025-01-09,265,44779
LEX-1136,2025-01-10,314,45093
LEX-1136,2025-01-11,149,45242
LEX-1136,2025-01-12,149,45391
LEX-1136,2025-01-13,305,45696
LEX-1136,2025-01-14,277,45973
LEX-1136,2025-01-15,328,46301
LEX-1136,2025-01-16,289,46590
LEX-1136,2025-01-17,323,46913
LEX-1136,2025-01-18,153,47066
LEX-1136,2025-01-19,153,47219
LEX-1136,2025-01-20,301,47520
LEX-1136,2025-01-21,333,47853
LEX-1136,2025-01-22,339,48192
LEX-1136,2025-01-23,337,48529
LEX-1136,2025-01-24,306,48835
LEX-1136,2025-01-25,156,48991
LEX-1136,2025-01-26,146,49137
LEX-1136,2025-01-27,299,49436
LEX-1136,2025-01-28,281,49717
LEX-1136,2025-01-29,296,50013
LEX-1136,2025-01-30,319,50332
LEX-1136,2025-01-31,309,50641
LEX-1136,2025-02-01,149,50790
LEX-1136,2025-02-02,167,50957
LEX-1136,2025-02-03,287,51244
LEX-1136,2025-02-04,312,51556
LEX-1136,2025-02-05,371,51927
LEX-1136,2025-02-06,349,52276
LEX-1136,2025-02-07,298,52574
LEX-1136,2025-02-08,171,52745
LEX-1136,2025-02-09,147,52892
LEX-1136,2025-02-10,322,53214
LEX-1136,2025-02-11,356,53570
LEX-1136,2025-02-12,303,53873
LEX-1136,2025-02-13,331,54204
LEX-1136,2025-02-14,307,54511
LEX-1136,2025-02-15,148,54659
LEX-1136,2025-02-16,164,54823
LEX-1136,2025-02-17,324,55147
LEX-1136,2025-02-18,278,55425
LEX-1136,2025-02-19,303,55728
LEX-1136,2025-02-20,282,56010
LEX-1136,2025-02-21,270,56280
LEX-1136,2025-02-22,153,56433
LEX-1136,2025-02-23,160,56593
LEX-1136,2025-02-24,336,56929
LEX-1136,2025-02-25,273,57202
LEX-1136,2025-02-26,283,57485
LEX-1136,2025-02-27,348,57833
LEX-1136,2025-02-28,292,58125
LEX-1136,2025-03-01,220,58345
LEX-1136,2025-03-02,283,58628
LEX-1136,2025-03-03,493,59121
LEX-1136,2025-03-04,480,59601
LEX-1136,2025-03-05,470,60071
LEX-1136,2025-03-06,460,60531
LEX-1136,2025-03-07,493,61024
LEX-1136,2025-03-08,256,61280
LEX-1136,2025-03-09,258,61538
LEX-1136,2025-03-10,427,61965
LEX-1136,2025-03-11,559,62524
LEX-1136,2025-03-12,492,63016
LEX-1136,2025-03-13,512,63528
LEX-1136,2025-03-14,529,64057
LEX-1136,2025-03-15,242,64299
LEX-1136,2025-03-16,259,64558
LEX-1136,2025-03-17,504,65062
LEX-1136,2025-03-18,487,65549
LEX-1136,2025-03-19,502,66051
LEX-1136,2025-03-20,476,66527
LEX-1136,2025-03-21,465,66992
LEX-1136,2025-03-22,252,67244
LEX-1136,2025-03-23,252,67496
LEX-1136,2025-03-24,509,68005
LEX-1136,2025-03-25,555,68560
LEX-1136,2025-03-26,511,69071
LEX-1136,2025-03-27,484,69555
LEX-1136,2025-03-28,507,70062
LEX-1136,2025-03-29,294,70356
LEX-1136,2025-03-30,227,70583
LEX-1136,2025-03-31,567,71150
LEX-1136,2025-04-01,322,71472
LEX-1136,2025-04-02,313,71785
LEX-1136,2025-04-03,304,72089
LEX-1136,2025-04-04,301,72390
LEX-1136,2025-04-05,134,72524
LEX-1136,2025-04-06,157,72681
LEX-1136,2025-04-07,333,73014
LEX-1136,2025-04-08,308,73322
LEX-1136,2025-04-09,300,73622
LEX-1136,2025-04-10,293,73915
LEX-1136,2025-04-11,313,74228
LEX-1136,2025-04-12,163,74391
LEX-1136,2025-04-13,168,74559
LEX-1136,2025-04-14,264,74823
LEX-1136,2025-04-15,299,75122
LEX-1136,2025-04-16,329,75451
LEX-1136,2025-04-17,282,75733
LEX-1136,2025-04-18,307,76040
LEX-1136,2025-04-19,165,76205
LEX-1136,2025-04-20,154,76359
LEX-1136,2025-04-21,313,76672
LEX-1136,2025-04-22,283,76955
LEX-1136,2025-04-23,298,77253
LEX-1136,2025-04-24,319,77572
LEX-1136,2025-04-25,331,77903
LEX-1136,2025-04-26,151,78054
LEX-1136,2025-04-27,170,78224
LEX-1136,2025-04-28,312,78536
LEX-1136,2025-04-29,311,78847
LEX-1136,2025-04-30,346,79193
LEX-1136,2025-05-01,260,79453
LEX-1136,2025-05-02,250,79703
LEX-1136,2025-05-03,166,79869
LEX-1136,2025-05-04,152,80021
LEX-1136,2025-05-05,323,80344
LEX-1136,2025-05-06,312,80656
LEX-1136,2025-05-07,323,80979
LEX-1136,2025-05-08,328,81307
LEX-1136,2025-05-09,338,81645
LEX-1136,2025-05-10,161,81806
LEX-1136,2025-05-11,170,81976
LEX-1136,2025-05-12,298,82274
LEX-1136,2025-05-13,322,82596
LEX-1136,2025-05-14,276,82872
LEX-1136,2025-05-15,294,83166
LEX-1136,2025-05-16,329,83495
LEX-1136,2025-05-17,165,83660
LEX-1136,2025-05-18,153,83813
LEX-1136,2025-05-19,341,84154
LEX-1136,2025-05-20,270,84424
LEX-1136,2025-05-21,337,84761
LEX-1136,2025-05-22,307,85068
LEX-1136,2025-05-23,264,85332
LEX-1136,2025-05-24,143,85475
LEX-1136,2025-05-25,149,85624
LEX-1136,2025-05-26,285,85909
LEX-1136,2025-05-27,287,86196
LEX-1136,2025-05-28,324,86520
LEX-1136,2025-05-29,297,86817
LEX-1136,2025-05-30,256,87073
LEX-1136,2025-05-31,159,87232
LEX-1136,2025-06-01,236,87468
LEX-1136,2025-06-02,553,88021
LEX-1136,2025-06-03,468,88489
LEX-1136,2025-06-04,429,88918
LEX-1136,2025-06-05,488,89406
LEX-1136,2025-06-06,455,89861
LEX-1136,2025-06-07,229,90090
LEX-1136,2025-06-08,243,90333
LEX-1136,2025-06-09,492,90825
LEX-1136,2025-06-10,486,91311
LEX-1136,2025-06-11,489,91800
LEX-1136,2025-06-12,522,92322
LEX-1136,2025-06-13,490,92812
LEX-1136,2025-06-14,254,93066
LEX-1136,2025-06-15,265,93331
LEX-1136,2025-06-16,474,93805
LEX-1136,2025-06-17,498,94303
LEX-1136,2025-06-18,502,94805
LEX-1136,2025-06-19,442,95247
LEX-1136,2025-06-20,412,95659
LEX-1136,2025-06-21,250,95909
LEX-1136,2025-06-22,228,96137
LEX-1136,2025-06-23,563,96700
LEX-1136,2025-06-24,526,97226
LEX-1136,2025-06-25,457,97683
LEX-1136,2025-06-26,426,98109
LEX-1136,2025-06-27,449,98558
LEX-1136,2025-06-28,251,98809
LEX-1136,2025-06-29,243,99052
LEX-1136,2025-06-30,526,99578
LEX-1136,2025-07-01,285,99863
LEX-1136,2025-07-02,323,100186
LEX-1136,2025-07-03,319,100505
LEX-1136,2025-07-04,343,100848
LEX-1136,2025-07-05,158,101006
LEX-1136,2025-07-06,145,101151
LEX-1136,2025-07-07,344,101495
LEX-1136,2025-07-08,305,101800
LEX-1136,2025-07-09,301,102101
LEX-1136,2025-07-10,314,102415
LEX-1136,2025-07-11,341,102756
LEX-1136,2025-07-12,169,102925
LEX-1136,2025-07-13,163,103088
LEX-1136,2025-07-14,333,103421
LEX-1136,2025-07-15,322,103743
LEX-1136,2025-07-16,288,104031
LEX-1136,2025-07-17,335,104366
LEX-1136,2025-07-18,250,104616
LEX-1136,2025-07-19,155,104771
LEX-1136,2025-07-20,156,104927
LEX-1136,2025-07-21,365,105292
LEX-1136,2025-07-22,287,105579
LEX-1136,2025-07-23,336,105915
LEX-1136,2025-07-24,317,106232
LEX-1136,2025-07-25,303,106535
LEX-1136,2025-07-26,132,106667
LEX-1136,2025-07-27,158,106825
LEX-1136,2025-07-28,317,107142
LEX-1136,2025-07-29,305,107447
LEX-1136,2025-07-30,352,107799
LEX-1136,2025-07-31,340,108139
LEX-1136,2025-08-01,307,108446
LEX-1136,2025-08-02,169,108615
LEX-1136,2025-08-03,172,108787
LEX-1136,2025-08-04,295,109082
LEX-1136,2025-08-05,286,109368
LEX-1136,2025-08-06,281,109649
LEX-1136,2025-08-07,337,109986
LEX-1136,2025-08-08,303,110289
LEX-1136,2025-08-09,146,110435
LEX-1136,2025-08-10,167,110602
LEX-1136,2025-08-11,303,110905
LEX-1136,2025-08-12,285,111190
LEX-1136,2025-08-13,349,111539
LEX-1136,2025-08-14,338,111877
LEX-1136,2025-08-15,295,112172
LEX-1136,2025-08-16,146,112318
LEX-1136,2025-08-17,153,112471
LEX-1136,2025-08-18,328,112799
LEX-1136,2025-08-19,340,113139
LEX-1136,2025-08-20,284,113423
LEX-1136,2025-08-21,271,113694
LEX-1136,2025-08-22,306,114000
LEX-1136,2025-08-23,142,114142
LEX-1136,2025-08-24,152,114294
LEX-1136,2025-08-25,296,114590
LEX-1136,2025-08-26,271,114861
LEX-1136,2025-08-27,354,115215
LEX-1136,2025-08-28,314,115529
LEX-1136,2025-08-29,333,115862
LEX-1136,2025-08-30,128,115990
LEX-1136,2025-08-31,146,116136
LEX-1137,2024-09-01,520,520
LEX-1137,2024-09-02,1188,1708
LEX-1137,2024-09-03,1250,2958
LEX-1137,2024-09-04,995,3953
LEX-1137,2024-09-05,1114,5067
LEX-1137,2024-09-06,1214,6281
LEX-1137,2024-09-07,520,6801
LEX-1137,2024-09-08,516,7317
LEX-1137,2024-09-09,1146,8463
LEX-1137,2024-09-10,959,9422
LEX-1137,2024-09-11,920,10342
LEX-1137,2024-09-12,827,11169
LEX-1137,2024-09-13,1161,12330
LEX-1137,2024-09-14,610,12940
LEX-1137,2024-09-15,550,13490
LEX-1137,2024-09-16,1189,14679
LEX-1137,2024-09-17,911,15590
LEX-1137,2024-09-18,1153,16743
LEX-1137,2024-09-19,1113,17856
LEX-1137,2024-09-20,1024,18880
LEX-1137,2024-09-21,566,19446
LEX-1137,2024-09-22,629,20075
LEX-1137,2024-09-23,1181,21256
LEX-1137,2024-09-24,1047,22303
LEX-1137,2024-09-25,1047,23350
LEX-1137,2024-09-26,1137,24487
LEX-1137,2024-09-27,1153,25640
LEX-1137,2024-09-28,515,26155
LEX-1137,2024-09-29,628,26783
LEX-1137,2024-09-30,1095,27878
LEX-1137,2024-10-01,750,28628
LEX-1137,2024-10-02,669,29297
LEX-1137,2024-10-03,808,30105
LEX-1137,2024-10-04,707,30812
LEX-1137,2024-10-05,293,31105
LEX-1137,2024-10-06,320,31425
LEX-1137,2024-10-07,713,32138
LEX-1137,2024-10-08,771,32909
LEX-1137,2024-10-09,697,33606
LEX-1137,2024-10-10,620,34226
LEX-1137,2024-10-11,683,34909
LEX-1137,2024-10-12,354,35263
LEX-1137,2024-10-13,366,35629
LEX-1137,2024-10-14,766,36395
LEX-1137,2024-10-15,756,37151
LEX-1137,2024-10-16,685,37836
LEX-1137,2024-10-17,597,38433
LEX-1137,2024-10-18,739,39172
LEX-1137,2024-10-19,330,39502
LEX-1137,2024-10-20,388,39890
LEX-1137,2024-10-21,724,40614
LEX-1137,2024-10-22,676,41290
LEX-1137,2024-10-23,804,42094
LEX-1137,2024-10-24,713,42807
LEX-1137,2024-10-25,755,43562
LEX-1137,2024-10-26,323,43885
LEX-1137,2024-10-27,317,44202
LEX-1137,2024-10-28,568,44770
LEX-1137,2024-10-29,738,45508
LEX-1137,2024-10-30,670,46178
LEX-1137,2024-10-31,815,46993
LEX-1137,2024-11-01,704,47697
LEX-1137,2024-11-02,352,48049
LEX-1137,2024-11-03,381,48430
LEX-1137,2024-11-04,676,49106
LEX-1137,2024-11-05,661,49767
LEX-1137,2024-11-06,622,50389
LEX-1137,2024-11-07,691,51080
LEX-1137,2024-11-08,709,51789
LEX-1137,2024-11-09,329,52118
LEX-1137,2024-11-10,382,52500
LEX-1137,2024-11-11,580,53080
LEX-1137,2024-11-12,731,53811
LEX-1137,2024-11-13,630,54441
LEX-1137,2024-11-14,732,55173
LEX-1137,2024-11-15,695,55868
LEX-1137,2024-11-16,348,56216
LEX-1137,2024-11-17,359,56575
LEX-1137,2024-11-18,731,57306
LEX-1137,2024-11-19,672,57978
LEX-1137,2024-11-20,708,58686
LEX-1137,2024-11-21,727,59413
LEX-1137,2024-11-22,774,60187
LEX-1137,2024-11-23,358,60545
LEX-1137,2024-11-24,333,60878
LEX-1137,2024-11-25,791,61669
LEX-1137,2024-11-26,759,62428
LEX-1137,2024-11-27,742,63170
LEX-1137,2024-11-28,703,63873
LEX-1137,2024-11-29,685,64558
LEX-1137,2024-11-30,301,64859
LEX-1137,2024-12-01,603,65462
LEX-1137,2024-12-02,830,66292
LEX-1137,2024-12-03,1119,67411
LEX-1137,2024-12-04,1075,68486
LEX-1137,2024-12-05,1147,69633
LEX-1137,2024-12-06,1078,70711
LEX-1137,2024-12-07,556,71267
LEX-1137,2024-12-08,527,71794
LEX-1137,2024-12-09,1112,72906
LEX-1137,2024-12-10,1032,73938
LEX-1137,2024-12-11,1097,75035
LEX-1137,2024-12-12,1027,76062
LEX-1137,2024-12-13,1257,77319
LEX-1137,2024-12-14,480,77799
LEX-1137,2024-12-15,509,78308
LEX-1137,2024-12-16,1067,79375
LEX-1137,2024-12-17,1057,80432
LEX-1137,2024-12-18,1173,81605
LEX-1137,2024-12-19,1100,82705
LEX-1137,2024-12-20,1033,83738
LEX-1137,2024-12-21,534,84272
LEX-1137,2024-12-22,578,84850
LEX-1137,2024-12-23,906,85756
LEX-1137,2024-12-24,1002,86758
LEX-1137,2024-12-25,1070,87828
LEX-1137,2024-12-26,1119,88947
LEX-1137,2024-12-27,1097,90044
LEX-1137,2024-12-28,560,90604
LEX-1137,2024-12-29,544,91148
LEX-1137,2024-12-30,1163,92311
LEX-1137,2024-12-31,1074,93385
LEX-1137,2025-01-01,646,94031
LEX-1137,2025-01-02,619,94650
LEX-1137,2025-01-03,670,95320
LEX-1137,2025-01-04,340,95660
LEX-1137,2025-01-05,334,95994
LEX-1137,2025-01-06,596,96590
LEX-1137,2025-01-07,702,97292
LEX-1137,2025-01-08,686,97978
LEX-1137,2025-01-09,720,98698
LEX-1137,2025-01-10,674,99372
LEX-1137,2025-01-11,315,99687
LEX-1137,2025-01-12,340,100027
LEX-1137,2025-01-13,790,100817
LEX-1137,2025-01-14,648,101465
LEX-1137,2025-01-15,670,102135
LEX-1137,2025-01-16,637,102772
LEX-1137,2025-01-17,682,103454
LEX-1137,2025-01-18,319,103773
LEX-1137,2025-01-19,335,104108
LEX-1137,2025-01-20,748,104856
LEX-1137,2025-01-21,727,105583
LEX-1137,2025-01-22,680,106263
LEX-1137,2025-01-23,683,106946
LEX-1137,2025-01-24,730,107676
LEX-1137,2025-01-25,289,107965
LEX-1137,2025-01-26,329,108294
LEX-1137,2025-01-27,765,109059
LEX-1137,2025-01-28,728,109787
LEX-1137,2025-01-29,674,110461
LEX-1137,2025-01-30,577,111038
LEX-1137,2025-01-31,582,111620
LEX-1137,2025-02-01,295,111915
LEX-1137,2025-02-02,311,112226
LEX-1137,2025-02-03,636,112862
LEX-1137,2025-02-04,741,113603
LEX-1137,2025-02-05,607,114210
LEX-1137,2025-02-06,643,114853
LEX-1137,2025-02-07,716,115569
LEX-1137,2025-02-08,346,115915
LEX-1137,2025-02-09,354,116269
LEX-1137,2025-02-10,682,116951
LEX-1137,2025-02-11,749,117700
LEX-1137,2025-02-12,720,118420
LEX-1137,2025-02-13,625,119045
LEX-1137,2025-02-14,650,119695
LEX-1137,2025-02-15,348,120043
LEX-1137,2025-02-16,344,120387
LEX-1137,2025-02-17,743,121130
LEX-1137,2025-02-18,751,121881
LEX-1137,2025-02-19,744,122625
LEX-1137,2025-02-20,680,123305
LEX-1137,2025-02-21,746,124051
LEX-1137,2025-02-22,376,124427
LEX-1137,2025-02-23,348,124775
LEX-1137,2025-02-24,596,125371
LEX-1137,2025-02-25,630,126001
LEX-1137,2025-02-26,659,126660
LEX-1137,2025-02-27,663,127323
LEX-1137,2025-02-28,645,127968
LEX-1137,2025-03-01,532,128500
LEX-1137,2025-03-02,572,129072
LEX-1137,2025-03-03,1120,130192
LEX-1137,2025-03-04,1054,131246
LEX-1137,2025-03-05,1143,132389
LEX-1137,2025-03-06,1147,133536
LEX-1137,2025-03-07,1139,134675
LEX-1137,2025-03-08,552,135227
LEX-1137,2025-03-09,563,135790
LEX-1137,2025-03-10,1098,136888
LEX-1137,2025-03-11,1072,137960
LEX-1137,2025-03-12,1156,139116
LEX-1137,2025-03-13,1182,140298
LEX-1137,2025-03-14,1029,141327
LEX-1137,2025-03-15,652,141979
LEX-1137,2025-03-16,502,142481
LEX-1137,2025-03-17,1095,143576
LEX-1137,2025-03-18,1154,144730
LEX-1137,2025-03-19,1124,145854
LEX-1137,2025-03-20,1014,146868
LEX-1137,2025-03-21,1119,147987
LEX-1137,2025-03-22,616,148603
LEX-1137,2025-03-23,541,149144
LEX-1137,2025-03-24,975,150119
LEX-1137,2025-03-25,976,151095
LEX-1137,2025-03-26,1198,152293
LEX-1137,2025-03-27,1069,153362
LEX-1137,2025-03-28,1097,154459
LEX-1137,2025-03-29,564,155023
LEX-1137,2025-03-30,436,155459
LEX-1137,2025-03-31,1192,156651
LEX-1137,2025-04-01,787,157438
LEX-1137,2025-04-02,665,158103
LEX-1137,2025-04-03,681,158784
LEX-1137,2025-04-04,726,159510
LEX-1137,2025-04-05,331,159841
LEX-1137,2025-04-06,373,160214
LEX-1137,2025-04-07,716,160930
LEX-1137,2025-04-08,757,161687
LEX-1137,2025-04-09,623,162310
LEX-1137,2025-04-10,707,163017
LEX-1137,2025-04-11,710,163727
LEX-1137,2025-04-12,363,164090
LEX-1137,2025-04-13,340,164430
LEX-1137,2025-04-14,637,165067
LEX-1137,2025-04-15,606,165673
LEX-1137,2025-04-16,657,166330
LEX-1137,2025-04-17,652,166982
LEX-1137,2025-04-18,664,167646
LEX-1137,2025-04-19,338,167984
LEX-1137,2025-04-20,308,168292
LEX-1137,2025-04-21,631,168923
LEX-1137,2025-04-22,662,169585
LEX-1137,2025-04-23,709,170294
LEX-1137,2025-04-24,652,170946
LEX-1137,2025-04-25,709,171655
LEX-1137,2025-04-26,391,172046
LEX-1137,2025-04-27,343,172389
LEX-1137,2025-04-28,777,173166
LEX-1137,2025-04-29,753,173919
LEX-1137,2025-04-30,717,174636
LEX-1137,2025-05-01,661,175297
LEX-1137,2025-05-02,674,175971
LEX-1137,2025-05-03,368,176339
LEX-1137,2025-05-04,345,176684
LEX-1137,2025-05-05,793,177477
LEX-1137,2025-05-06,670,178147
LEX-1137,2025-05-07,681,178828
LEX-1137,2025-05-08,791,179619
LEX-1137,2025-05-09,632,180251
LEX-1137,2025-05-10,400,180651
LEX-1137,2025-05-11,284,180935
LEX-1137,2025-05-12,641,181576
LEX-1137,2025-05-13,625,182201
LEX-1137,2025-05-14,595,182796
LEX-1137,2025-05-15,649,183445
LEX-1137,2025-05-16,662,184107
LEX-1137,2025-05-17,348,184455
LEX-1137,2025-05-18,286,184741
LEX-1137,2025-05-19,786,185527
LEX-1137,2025-05-20,657,186184
LEX-1137,2025-05-21,699,186883
LEX-1137,2025-05-22,654,187537
LEX-1137,2025-05-23,688,188225
LEX-1137,2025-05-24,351,188576
LEX-1137,2025-05-25,362,188938
LEX-1137,2025-05-26,591,189529
LEX-1137,2025-05-27,786,190315
LEX-1137,2025-05-28,548,190863
LEX-1137,2025-05-29,701,191564
LEX-1137,2025-05-30,703,192267
LEX-1137,2025-05-31,324,192591
LEX-1137,2025-06-01,545,193136
LEX-1137,2025-06-02,1117,194253
LEX-1137,2025-06-03,1023,195276
LEX-1137,2025-06-04,862,196138
LEX-1137,2025-06-05,1058,197196
LEX-1137,2025-06-06,1265,198461
LEX-1137,2025-06-07,503,198964
LEX-1137,2025-06-08,525,199489
LEX-1137,2025-06-09,1057,200546
LEX-1137,2025-06-10,1056,201602
LEX-1137,2025-06-11,965,202567
LEX-1137,2025-06-12,1173,203740
LEX-1137,2025-06-13,1128,204868
LEX-1137,2025-06-14,536,205404
LEX-1137,2025-06-15,497,205901
LEX-1137,2025-06-16,1041,206942
LEX-1137,2025-06-17,1143,208085
LEX-1137,2025-06-18,1134,209219
LEX-1137,2025-06-19,1092,210311
LEX-1137,2025-06-20,1145,211456
LEX-1137,2025-06-21,640,212096
LEX-1137,2025-06-22,598,212694
LEX-1137,2025-06-23,986,213680
LEX-1137,2025-06-24,1249,214929
LEX-1137,2025-06-25,1078,216007
LEX-1137,2025-06-26,1166,217173
LEX-1137,2025-06-27,1074,218247
LEX-1137,2025-06-28,472,218719
LEX-1137,2025-06-29,560,219279
LEX-1137,2025-06-30,1219,220498
LEX-1137,2025-07-01,632,221130
LEX-1137,2025-07-02,664,221794
LEX-1137,2025-07-03,800,222594
LEX-1137,2025-07-04,758,223352
LEX-1137,2025-07-05,368,223720
LEX-1137,2025-07-06,362,224082
LEX-1137,2025-07-07,654,224736
LEX-1137,2025-07-08,742,225478
LEX-1137,2025-07-09,668,226146
LEX-1137,2025-07-10,655,226801
LEX-1137,2025-07-11,656,227457
LEX-1137,2025-07-12,315,227772
LEX-1137,2025-07-13,345,228117
LEX-1137,2025-07-14,653,228770
LEX-1137,2025-07-15,657,229427
LEX-1137,2025-07-16,650,230077
LEX-1137,2025-07-17,705,230782
LEX-1137,2025-07-18,618,231400
LEX-1137,2025-07-19,360,231760
LEX-1137,2025-07-20,357,232117
LEX-1137,2025-07-21,715,232832
LEX-1137,2025-07-22,633,233465
LEX-1137,2025-07-23,701,234166
LEX-1137,2025-07-24,759,234925
LEX-1137,2025-07-25,621,235546
LEX-1137,2025-07-26,348,235894
LEX-1137,2025-07-27,313,236207
LEX-1137,2025-07-28,672,236879
LEX-1137,2025-07-29,686,237565
LEX-1137,2025-07-30,653,238218
LEX-1137,2025-07-31,646,238864
LEX-1137,2025-08-01,701,239565
LEX-1137,2025-08-02,316,239881
LEX-1137,2025-08-03,358,240239
LEX-1137,2025-08-04,783,241022
LEX-1137,2025-08-05,617,241639
LEX-1137,2025-08-06,614,242253
LEX-1137,2025-08-07,604,242857
LEX-1137,2025-08-08,661,243518
LEX-1137,2025-08-09,367,243885
LEX-1137,2025-08-10,370,244255
LEX-1137,2025-08-11,711,244966
LEX-1137,2025-08-12,698,245664
LEX-1137,2025-08-13,758,246422
LEX-1137,2025-08-14,660,247082
LEX-1137,2025-08-15,718,247800
LEX-1137,2025-08-16,398,248198
LEX-1137,2025-08-17,377,248575
LEX-1137,2025-08-18,626,249201
LEX-1137,2025-08-19,656,249857
LEX-1137,2025-08-20,799,250656
LEX-1137,2025-08-21,656,251312
LEX-1137,2025-08-22,775,252087
LEX-1137,2025-08-23,332,252419
LEX-1137,2025-08-24,338,252757
LEX-1137,2025-08-25,637,253394
LEX-1137,2025-08-26,646,254040
LEX-1137,2025-08-27,677,254717
LEX-1137,2025-08-28,698,255415
LEX-1137,2025-08-29,665,256080
LEX-1137,2025-08-30,363,256443
LEX-1137,2025-08-31,332,256775
LEX-1138,2024-09-01,427,427
LEX-1138,2024-09-02,1006,1433
LEX-1138,2024-09-03,984,2417
LEX-1138,2024-09-04,1144,3561
LEX-1138,2024-09-05,1096,4657
LEX-1138,2024-09-06,1104,5761
LEX-1138,2024-09-07,540,6301
LEX-1138,2024-09-08,529,6830
LEX-1138,2024-09-09,1058,7888
LEX-1138,2024-09-10,1098,8986
LEX-1138,2024-09-11,1070,10056
LEX-1138,2024-09-12,980,11036
LEX-1138,2024-09-13,907,11943
LEX-1138,2024-09-14,434,12377
LEX-1138,2024-09-15,476,12853
LEX-1138,2024-09-16,962,13815
LEX-1138,2024-09-17,1015,14830
LEX-1138,2024-09-18,1013,15843
LEX-1138,2024-09-19,1165,17008
LEX-1138,2024-09-20,1069,18077
LEX-1138,2024-09-21,481,18558
LEX-1138,2024-09-22,567,19125
LEX-1138,2024-09-23,1004,20129
LEX-1138,2024-09-24,1069,21198
LEX-1138,2024-09-25,1061,22259
LEX-1138,2024-09-26,1026,23285
LEX-1138,2024-09-27,1138,24423
LEX-1138,2024-09-28,487,24910
LEX-1138,2024-09-29,516,25426
LEX-1138,2024-09-30,949,26375
LEX-1138,2024-10-01,657,27032
LEX-1138,2024-10-02,660,27692
LEX-1138,2024-10-03,643,28335
LEX-1138,2024-10-04,643,28978
LEX-1138,2024-10-05,315,29293
LEX-1138,2024-10-06,329,29622
LEX-1138,2024-10-07,671,30293
LEX-1138,2024-10-08,577,30870
LEX-1138,2024-10-09,625,31495
LEX-1138,2024-10-10,621,32116
LEX-1138,2024-10-11,673,32789
LEX-1138,2024-10-12,350,33139
LEX-1138,2024-10-13,330,33469
LEX-1138,2024-10-14,646,34115
LEX-1138,2024-10-15,600,34715
LEX-1138,2024-10-16,734,35449
LEX-1138,2024-10-17,592,36041
LEX-1138,2024-10-18,575,36616
LEX-1138,2024-10-19,338,36954
LEX-1138,2024-10-20,306,37260
LEX-1138,2024-10-21,678,37938
LEX-1138,2024-10-22,712,38650
LEX-1138,2024-10-23,625,39275
LEX-1138,2024-10-24,662,39937
LEX-1138,2024-10-25,616,40553
LEX-1138,2024-10-26,321,40874
LEX-1138,2024-10-27,316,41190
LEX-1138,2024-10-28,688,41878
LEX-1138,2024-10-29,611,42489
LEX-1138,2024-10-30,605,43094
LEX-1138,2024-10-31,629,43723
LEX-1138,2024-11-01,673,44396
LEX-1138,2024-11-02,299,44695
LEX-1138,2024-11-03,289,44984
LEX-1138,2024-11-04,699,45683
LEX-1138,2024-11-05,525,46208
LEX-1138,2024-11-06,572,46780
LEX-1138,2024-11-07,750,47530
LEX-1138,2024-11-08,549,48079
LEX-1138,2024-11-09,308,48387
LEX-1138,2024-11-10,303,48690
LEX-1138,2024-11-11,522,49212
LEX-1138,2024-11-12,588,49800
LEX-1138,2024-11-13,653,50453
LEX-1138,2024-11-14,678,51131
LEX-1138,2024-11-15,695,51826
LEX-1138,2024-11-16,310,52136
LEX-1138,2024-11-17,272,52408
LEX-1138,2024-11-18,642,53050
LEX-1138,2024-11-19,709,53759
LEX-1138,2024-11-20,717,54476
LEX-1138,2024-11-21,689,55165
LEX-1138,2024-11-22,569,55734
LEX-1138,2024-11-23,314,56048
LEX-1138,2024-11-24,325,56373
LEX-1138,2024-11-25,659,57032
LEX-1138,2024-11-26,548,57580
LEX-1138,2024-11-27,744,58324
LEX-1138,2024-11-28,707,59031
LEX-1138,2024-11-29,639,59670
LEX-1138,2024-11-30,323,59993
LEX-1138,2024-12-01,491,60484
LEX-1138,2024-12-02,1124,61608
LEX-1138,2024-12-03,928,62536
LEX-1138,2024-12-04,1032,63568
LEX-1138,2024-12-05,954,64522
LEX-1138,2024-12-06,1021,65543
LEX-1138,2024-12-07,559,66102
LEX-1138,2024-12-08,485,66587
LEX-1138,2024-12-09,1038,67625
LEX-1138,2024-12-10,1012,68637
LEX-1138,2024-12-11,963,69600
LEX-1138,2024-12-12,972,70572
LEX-1138,2024-12-13,973,71545
LEX-1138,2024-12-14,437,71982
LEX-1138,2024-12-15,505,72487
LEX-1138,2024-12-16,1029,73516
LEX-1138,2024-12-17,899,74415
LEX-1138,2024-12-18,986,75401
LEX-1138,2024-12-19,1004,76405
LEX-1138,2024-12-20,1089,77494
LEX-1138,2024-12-21,582,78076
LEX-1138,2024-12-22,527,78603
LEX-1138,2024-12-23,910,79513
LEX-1138,2024-12-24,947,80460
LEX-1138,2024-12-25,1029,81489
LEX-1138,2024-12-26,986,82475
LEX-1138,2024-12-27,1019,83494
LEX-1138,2024-12-28,545,84039
LEX-1138,2024-12-29,504,84543
LEX-1138,2024-12-30,1223,85766
LEX-1138,2024-12-31,894,86660
LEX-1138,2025-01-01,667,87327
LEX-1138,2025-01-02,554,87881
LEX-1138,2025-01-03,595,88476
LEX-1138,2025-01-04,341,88817
LEX-1138,2025-01-05,267,89084
LEX-1138,2025-01-06,654,89738
LEX-1138,2025-01-07,575,90313
LEX-1138,2025-01-08,635,90948
LEX-1138,2025-01-09,607,91555
LEX-1138,2025-01-10,640,92195
LEX-1138,2025-01-11,329,92524
LEX-1138,2025-01-12,346,92870
LEX-1138,2025-01-13,646,93516
LEX-1138,2025-01-14,671,94187
LEX-1138,2025-01-15,636,94823
LEX-1138,2025-01-16,570,95393
LEX-1138,2025-01-17,581,95974
LEX-1138,2025-01-18,357,96331
LEX-1138,2025-01-19,288,96619
LEX-1138,2025-01-20,649,97268
LEX-1138,2025-01-21,648,97916
LEX-1138,2025-01-22,645,98561
LEX-1138,2025-01-23,691,99252
LEX-1138,2025-01-24,606,99858
LEX-1138,2025-01-25,314,100172
LEX-1138,2025-01-26,311,100483
LEX-1138,2025-01-27,523,101006
LEX-1138,2025-01-28,600,101606
LEX-1138,2025-01-29,694,102300
LEX-1138,2025-01-30,743,103043
LEX-1138,2025-01-31,688,103731
LEX-1138,2025-02-01,329,104060
LEX-1138,2025-02-02,284,104344
LEX-1138,2025-02-03,649,104993
LEX-1138,2025-02-04,644,105637
LEX-1138,2025-02-05,759,106396
LEX-1138,2025-02-06,550,106946
LEX-1138,2025-02-07,575,107521
LEX-1138,2025-02-08,350,107871
LEX-1138,2025-02-09,359,108230
LEX-1138,2025-02-10,656,108886
LEX-1138,2025-02-11,620,109506
LEX-1138,2025-02-12,668,110174
LEX-1138,2025-02-13,750,110924
LEX-1138,2025-02-14,606,111530
LEX-1138,2025-02-15,331,111861
LEX-1138,2025-02-16,314,112175
LEX-1138,2025-02-17,658,112833
LEX-1138,2025-02-18,679,113512
LEX-1138,2025-02-19,609,114121
LEX-1138,2025-02-20,689,114810
LEX-1138,2025-02-21,614,115424
LEX-1138,2025-02-22,334,115758
LEX-1138,2025-02-23,270,116028
LEX-1138,2025-02-24,678,116706
LEX-1138,2025-02-25,594,117300
LEX-1138,2025-02-26,613,117913
LEX-1138,2025-02-27,524,118437
LEX-1138,2025-02-28,628,119065
LEX-1138,2025-03-01,565,119630
LEX-1138,2025-03-02,447,120077
LEX-1138,2025-03-03,1039,121116
LEX-1138,2025-03-04,856,121972
LEX-1138,2025-03-05,1010,122982
LEX-1138,2025-03-06,1093,124075
LEX-1138,2025-03-07,1014,125089
LEX-1138,2025-03-08,543,125632
LEX-1138,2025-03-09,491,126123
LEX-1138,2025-03-10,1234,127357
LEX-1138,2025-03-11,1113,128470
LEX-1138,2025-03-12,1040,129510
LEX-1138,2025-03-13,1163,130673
LEX-1138,2025-03-14,1137,131810
LEX-1138,2025-03-15,489,132299
LEX-1138,2025-03-16,532,132831
LEX-1138,2025-03-17,999,133830
LEX-1138,2025-03-18,1098,134928
LEX-1138,2025-03-19,1151,136079
LEX-1138,2025-03-20,902,136981
LEX-1138,2025-03-21,1032,138013
LEX-1138,2025-03-22,571,138584
LEX-1138,2025-03-23,542,139126
LEX-1138,2025-03-24,1058,140184
LEX-1138,2025-03-25,1111,141295
LEX-1138,2025-03-26,913,142208
LEX-1138,2025-03-27,1069,143277
LEX-1138,2025-03-28,1124,144401
LEX-1138,2025-03-29,534,144935
LEX-1138,2025-03-30,461,145396
LEX-1138,2025-03-31,992,146388
LEX-1138,2025-04-01,640,147028
LEX-1138,2025-04-02,597,147625
LEX-1138,2025-04-03,593,148218
LEX-1138,2025-04-04,664,148882
LEX-1138,2025-04-05,361,149243
LEX-1138,2025-04-06,271,149514
LEX-1138,2025-04-07,614,150128
LEX-1138,2025-04-08,602,150730
LEX-1138,2025-04-09,716,151446
LEX-1138,2025-04-10,676,152122
LEX-1138,2025-04-11,710,152832
LEX-1138,2025-04-12,342,153174
LEX-1138,2025-04-13,349,153523
LEX-1138,2025-04-14,654,154177
LEX-1138,2025-04-15,663,154840
LEX-1138,2025-04-16,666,155506
LEX-1138,2025-04-17,641,156147
LEX-1138,2025-04-18,639,156786
LEX-1138,2025-04-19,331,157117
LEX-1138,2025-04-20,331,157448
LEX-1138,2025-04-21,650,158098
LEX-1138,2025-04-22,648,158746
LEX-1138,2025-04-23,675,159421
LEX-1138,2025-04-24,632,160053
LEX-1138,2025-04-25,577,160630
LEX-1138,2025-04-26,325,160955
LEX-1138,2025-04-27,294,161249
LEX-1138,2025-04-28,602,161851
LEX-1138,2025-04-29,635,162486
LEX-1138,2025-04-30,720,163206
LEX-1138,2025-05-01,637,163843
LEX-1138,2025-05-02,658,164501
LEX-1138,2025-05-03,342,164843
LEX-1138,2025-05-04,310,165153
LEX-1138,2025-05-05,618,165771
LEX-1138,2025-05-06,693,166464
LEX-1138,2025-05-07,668,167132
LEX-1138,2025-05-08,610,167742
LEX-1138,2025-05-09,618,168360
LEX-1138,2025-05-10,321,168681
LEX-1138,2025-05-11,328,169009
LEX-1138,2025-05-12,703,169712
LEX-1138,2025-05-13,666,170378
LEX-1138,2025-05-14,589,170967
LEX-1138,2025-05-15,599,171566
LEX-1138,2025-05-16,655,172221
LEX-1138,2025-05-17,323,172544
LEX-1138,2025-05-18,298,172842
LEX-1138,2025-05-19,693,173535
LEX-1138,2025-05-20,524,174059
LEX-1138,2025-05-21,656,174715
LEX-1138,2025-05-22,560,175275
LEX-1138,2025-05-23,684,175959
LEX-1138,2025-05-24,312,176271
LEX-1138,2025-05-25,338,176609
LEX-1138,2025-05-26,619,177228
LEX-1138,2025-05-27,707,177935
LEX-1138,2025-05-28,544,178479
LEX-1138,2025-05-29,684,179163
LEX-1138,2025-05-30,608,179771
LEX-1138,2025-05-31,329,180100
LEX-1138,2025-06-01,528,180628
LEX-1138,2025-06-02,909,181537
LEX-1138,2025-06-03,1104,182641
LEX-1138,2025-06-04,1055,183696
LEX-1138,2025-06-05,1032,184728
LEX-1138,2025-06-06,1054,185782
LEX-1138,2025-06-07,516,186298
LEX-1138,2025-06-08,545,186843
LEX-1138,2025-06-09,984,187827
LEX-1138,2025-06-10,1091,188918
LEX-1138,2025-06-11,1070,189988
LEX-1138,2025-06-12,1009,190997
LEX-1138,2025-06-13,1174,192171
LEX-1138,2025-06-14,530,192701
LEX-1138,2025-06-15,519,193220
LEX-1138,2025-06-16,1070,194290
LEX-1138,2025-06-17,1014,195304
LEX-1138,2025-06-18,1121,196425
LEX-1138,2025-06-19,1021,197446
LEX-1138,2025-06-20,1090,198536
LEX-1138,2025-06-21,467,199003
LEX-1138,2025-06-22,438,199441
LEX-1138,2025-06-23,1056,200497
LEX-1138,2025-06-24,991,201488
LEX-1138,2025-06-25,1007,202495
LEX-1138,2025-06-26,831,203326
LEX-1138,2025-06-27,1162,204488
LEX-1138,2025-06-28,515,205003
LEX-1138,2025-06-29,566,205569
LEX-1138,2025-06-30,909,206478
LEX-1138,2025-07-01,644,207122
LEX-1138,2025-07-02,660,207782
LEX-1138,2025-07-03,646,208428
LEX-1138,2025-07-04,651,209079
LEX-1138,2025-07-05,284,209363
LEX-1138,2025-07-06,327,209690
LEX-1138,2025-07-07,596,210286
LEX-1138,2025-07-08,607,210893
LEX-1138,2025-07-09,640,211533
LEX-1138,2025-07-10,621,212154
LEX-1138,2025-07-11,624,212778
LEX-1138,2025-07-12,348,213126
LEX-1138,2025-07-13,315,213441
LEX-1138,2025-07-14,619,214060
LEX-1138,2025-07-15,633,214693
LEX-1138,2025-07-16,582,215275
LEX-1138,2025-07-17,647,215922
LEX-1138,2025-07-18,676,216598
LEX-1138,2025-07-19,327,216925
LEX-1138,2025-07-20,320,217245
LEX-1138,2025-07-21,670,217915
LEX-1138,2025-07-22,611,218526
LEX-1138,2025-07-23,641,219167
LEX-1138,2025-07-24,711,219878
LEX-1138,2025-07-25,624,220502
LEX-1138,2025-07-26,335,220837
LEX-1138,2025-07-27,335,221172
LEX-1138,2025-07-28,600,221772
LEX-1138,2025-07-29,674,222446
LEX-1138,2025-07-30,608,223054
LEX-1138,2025-07-31,661,223715
LEX-1138,2025-08-01,607,224322
LEX-1138,2025-08-02,326,224648
LEX-1138,2025-08-03,323,224971
LEX-1138,2025-08-04,645,225616
LEX-1138,2025-08-05,653,226269
LEX-1138,2025-08-06,612,226881
LEX-1138,2025-08-07,579,227460
LEX-1138,2025-08-08,643,228103
LEX-1138,2025-08-09,347,228450
LEX-1138,2025-08-10,334,228784
LEX-1138,2025-08-11,662,229446
LEX-1138,2025-08-12,613,230059
LEX-1138,2025-08-13,649,230708
LEX-1138,2025-08-14,597,231305
LEX-1138,2025-08-15,617,231922
LEX-1138,2025-08-16,328,232250
LEX-1138,2025-08-17,273,232523
LEX-1138,2025-08-18,728,233251
LEX-1138,2025-08-19,571,233822
LEX-1138,2025-08-20,736,234558
LEX-1138,2025-08-21,596,235154
LEX-1138,2025-08-22,596,235750
LEX-1138,2025-08-23,309,236059
LEX-1138,2025-08-24,308,236367
LEX-1138,2025-08-25,608,236975
LEX-1138,2025-08-26,620,237595
LEX-1138,2025-08-27,644,238239
LEX-1138,2025-08-28,593,238832
LEX-1138,2025-08-29,682,239514
LEX-1138,2025-08-30,355,239869
LEX-1138,2025-08-31,270,240139
LEX-1139,2024-09-01,234,234
LEX-1139,2024-09-02,432,666
LEX-1139,2024-09-03,416,1082
LEX-1139,2024-09-04,389,1471
LEX-1139,2024-09-05,413,1884
LEX-1139,2024-09-06,437,2321
LEX-1139,2024-09-07,246,2567
LEX-1139,2024-09-08,239,2806
LEX-1139,2024-09-09,357,3163
LEX-1139,2024-09-10,401,3564
LEX-1139,2024-09-11,410,3974
LEX-1139,2024-09-12,451,4425
LEX-1139,2024-09-13,405,4830
LEX-1139,2024-09-14,191,5021
LEX-1139,2024-09-15,204,5225
LEX-1139,2024-09-16,395,5620
LEX-1139,2024-09-17,439,6059
LEX-1139,2024-09-18,485,6544
LEX-1139,2024-09-19,437,6981
LEX-1139,2024-09-20,438,7419
LEX-1139,2024-09-21,224,7643
LEX-1139,2024-09-22,211,7854
LEX-1139,2024-09-23,394,8248
LEX-1139,2024-09-24,397,8645
LEX-1139,2024-09-25,443,9088
LEX-1139,2024-09-26,417,9505
LEX-1139,2024-09-27,375,9880
LEX-1139,2024-09-28,225,10105
LEX-1139,2024-09-29,191,10296
LEX-1139,2024-09-30,371,10667
LEX-1139,2024-10-01,236,10903
LEX-1139,2024-10-02,261,11164
LEX-1139,2024-10-03,274,11438
LEX-1139,2024-10-04,260,11698
LEX-1139,2024-10-05,121,11819
LEX-1139,2024-10-06,119,11938
LEX-1139,2024-10-07,270,12208
LEX-1139,2024-10-08,252,12460
LEX-1139,2024-10-09,261,12721
LEX-1139,2024-10-10,252,12973
LEX-1139,2024-10-11,260,13233
LEX-1139,2024-10-12,131,13364
LEX-1139,2024-10-13,152,13516
LEX-1139,2024-10-14,263,13779
LEX-1139,2024-10-15,246,14025
LEX-1139,2024-10-16,258,14283
LEX-1139,2024-10-17,235,14518
LEX-1139,2024-10-18,235,14753
LEX-1139,2024-10-19,140,14893
LEX-1139,2024-10-20,130,15023
LEX-1139,2024-10-21,277,15300
LEX-1139,2024-10-22,221,15521
LEX-1139,2024-10-23,234,15755
LEX-1139,2024-10-24,260,16015
LEX-1139,2024-10-25,238,16253
LEX-1139,2024-10-26,112,16365
LEX-1139,2024-10-27,116,16481
LEX-1139,2024-10-28,248,16729
LEX-1139,2024-10-29,263,16992
LEX-1139,2024-10-30,289,17281
LEX-1139,2024-10-31,233,17514
LEX-1139,2024-11-01,234,17748
LEX-1139,2024-11-02,112,17860
LEX-1139,2024-11-03,133,17993
LEX-1139,2024-11-04,257,18250
LEX-1139,2024-11-05,235,18485
LEX-1139,2024-11-06,237,18722
LEX-1139,2024-11-07,252,18974
LEX-1139,2024-11-08,253,19227
LEX-1139,2024-11-09,116,19343
LEX-1139,2024-11-10,129,19472
LEX-1139,2024-11-11,226,19698
LEX-1139,2024-11-12,255,19953
LEX-1139,2024-11-13,251,20204
LEX-1139,2024-11-14,263,20467
LEX-1139,2024-11-15,279,20746
LEX-1139,2024-11-16,123,20869
LEX-1139,2024-11-17,127,20996
LEX-1139,2024-11-18,214,21210
LEX-1139,2024-11-19,295,21505
LEX-1139,2024-11-20,216,21721
LEX-1139,2024-11-21,253,21974
LEX-1139,2024-11-22,202,22176
LEX-1139,2024-11-23,119,22295
LEX-1139,2024-11-24,145,22440
LEX-1139,2024-11-25,278,22718
LEX-1139,2024-11-26,274,22992
LEX-1139,2024-11-27,250,23242
LEX-1139,2024-11-28,288,23530
LEX-1139,2024-11-29,260,23790
LEX-1139,2024-11-30,134,23924
LEX-1139,2024-12-01,247,24171
LEX-1139,2024-12-02,443,24614
LEX-1139,2024-12-03,405,25019
LEX-1139,2024-12-04,424,25443
LEX-1139,2024-12-05,453,25896
LEX-1139,2024-12-06,428,26324
LEX-1139,2024-12-07,216,26540
LEX-1139,2024-12-08,224,26764
LEX-1139,2024-12-09,490,27254
LEX-1139,2024-12-10,377,27631
LEX-1139,2024-12-11,430,28061
LEX-1139,2024-12-12,422,28483
LEX-1139,2024-12-13,395,28878
LEX-1139,2024-12-14,193,29071
LEX-1139,2024-12-15,230,29301
LEX-1139,2024-12-16,374,29675
LEX-1139,2024-12-17,361,30036
LEX-1139,2024-12-18,389,30425
LEX-1139,2024-12-19,349,30774
LEX-1139,2024-12-20,380,31154
LEX-1139,2024-12-21,186,31340
LEX-1139,2024-12-22,205,31545
LEX-1139,2024-12-23,454,31999
LEX-1139,2024-12-24,388,32387
LEX-1139,2024-12-25,436,32823
LEX-1139,2024-12-26,432,33255
LEX-1139,2024-12-27,335,33590
LEX-1139,2024-12-28,194,33784
LEX-1139,2024-12-29,197,33981
LEX-1139,2024-12-30,420,34401
LEX-1139,2024-12-31,426,34827
LEX-1139,2025-01-01,261,35088
LEX-1139,2025-01-02,236,35324
LEX-1139,2025-01-03,241,35565
LEX-1139,2025-01-04,112,35677
LEX-1139,2025-01-05,128,35805
LEX-1139,2025-01-06,247,36052
LEX-1139,2025-01-07,265,36317
LEX-1139,2025-01-08,269,36586
LEX-1139,2025-01-09,248,36834
LEX-1139,2025-01-10,260,37094
LEX-1139,2025-01-11,125,37219
LEX-1139,2025-01-12,116,37335
LEX-1139,2025-01-13,238,37573
LEX-1139,2025-01-14,208,37781
LEX-1139,2025-01-15,246,38027
LEX-1139,2025-01-16,242,38269
LEX-1139,2025-01-17,232,38501
LEX-1139,2025-01-18,135,38636
LEX-1139,2025-01-19,132,38768
LEX-1139,2025-01-20,266,39034
LEX-1139,2025-01-21,268,39302
LEX-1139,2025-01-22,254,39556
LEX-1139,2025-01-23,254,39810
LEX-1139,2025-01-24,271,40081
LEX-1139,2025-01-25,134,40215
LEX-1139,2025-01-26,137,40352
LEX-1139,2025-01-27,253,40605
LEX-1139,2025-01-28,234,40839
LEX-1139,2025-01-29,259,41098
LEX-1139,2025-01-30,243,41341
LEX-1139,2025-01-31,268,41609
LEX-1139,2025-02-01,130,41739
LEX-1139,2025-02-02,127,41866
LEX-1139,2025-02-03,246,42112
LEX-1139,2025-02-04,275,42387
LEX-1139,2025-02-05,273,42660
LEX-1139,2025-02-06,243,42903
LEX-1139,2025-02-07,229,43132
LEX-1139,2025-02-08,129,43261
LEX-1139,2025-02-09,139,43400
LEX-1139,2025-02-10,229,43629
LEX-1139,2025-02-11,264,43893
LEX-1139,2025-02-12,238,44131
LEX-1139,2025-02-13,234,44365
LEX-1139,2025-02-14,273,44638
LEX-1139,2025-02-15,134,44772
LEX-1139,2025-02-16,125,44897
LEX-1139,2025-02-17,270,45167
LEX-1139,2025-02-18,268,45435
LEX-1139,2025-02-19,224,45659
LEX-1139,2025-02-20,256,45915
LEX-1139,2025-02-21,283,46198
LEX-1139,2025-02-22,132,46330
LEX-1139,2025-02-23,100,46430
LEX-1139,2025-02-24,233,46663
LEX-1139,2025-02-25,275,46938
LEX-1139,2025-02-26,243,47181
LEX-1139,2025-02-27,277,47458
LEX-1139,2025-02-28,296,47754
LEX-1139,2025-03-01,200,47954
LEX-1139,2025-03-02,193,48147
LEX-1139,2025-03-03,374,48521
LEX-1139,2025-03-04,432,48953
LEX-1139,2025-03-05,388,49341
LEX-1139,2025-03-06,394,49735
LEX-1139,2025-03-07,371,50106
LEX-1139,2025-03-08,196,50302
LEX-1139,2025-03-09,192,50494
LEX-1139,2025-03-10,343,50837
LEX-1139,2025-03-11,380,51217
LEX-1139,2025-03-12,432,51649
LEX-1139,2025-03-13,451,52100
LEX-1139,2025-03-14,404,52504
LEX-1139,2025-03-15,204,52708
LEX-1139,2025-03-16,208,52916
LEX-1139,2025-03-17,471,53387
LEX-1139,2025-03-18,374,53761
LEX-1139,2025-03-19,366,54127
LEX-1139,2025-03-20,406,54533
LEX-1139,2025-03-21,420,54953
LEX-1139,2025-03-22,203,55156
LEX-1139,2025-03-23,181,55337
LEX-1139,2025-03-24,436,55773
LEX-1139,2025-03-25,403,56176
LEX-1139,2025-03-26,425,56601
LEX-1139,2025-03-27,458,57059
LEX-1139,2025-03-28,360,57419
LEX-1139,2025-03-29,175,57594
LEX-1139,2025-03-30,213,57807
LEX-1139,2025-03-31,341,58148
LEX-1139,2025-04-01,246,58394
LEX-1139,2025-04-02,243,58637
LEX-1139,2025-04-03,262,58899
LEX-1139,2025-04-04,241,59140
LEX-1139,2025-04-05,132,59272
LEX-1139,2025-04-06,116,59388
LEX-1139,2025-04-07,229,59617
LEX-1139,2025-04-08,255,59872
LEX-1139,2025-04-09,257,60129
LEX-1139,2025-04-10,260,60389
LEX-1139,2025-04-11,285,60674
LEX-1139,2025-04-12,140,60814
LEX-1139,2025-04-13,132,60946
LEX-1139,2025-04-14,271,61217
LEX-1139,2025-04-15,260,61477
LEX-1139,2025-04-16,278,61755
LEX-1139,2025-04-17,262,62017
LEX-1139,2025-04-18,243,62260
LEX-1139,2025-04-19,119,62379
LEX-1139,2025-04-20,139,62518
LEX-1139,2025-04-21,251,62769
LEX-1139,2025-04-22,293,63062
LEX-1139,2025-04-23,232,63294
LEX-1139,2025-04-24,280,63574
LEX-1139,2025-04-25,246,63820
LEX-1139,2025-04-26,131,63951
LEX-1139,2025-04-27,114,64065
LEX-1139,2025-04-28,217,64282
LEX-1139,2025-04-29,285,64567
LEX-1139,2025-04-30,245,64812
LEX-1139,2025-05-01,274,65086
LEX-1139,2025-05-02,241,65327
LEX-1139,2025-05-03,137,65464
LEX-1139,2025-05-04,123,65587
LEX-1139,2025-05-05,230,65817
LEX-1139,2025-05-06,268,66085
LEX-1139,2025-05-07,274,66359
LEX-1139,2025-05-08,267,66626
LEX-1139,2025-05-09,251,66877
LEX-1139,2025-05-10,109,66986
LEX-1139,2025-05-11,116,67102
LEX-1139,2025-05-12,240,67342
LEX-1139,2025-05-13,249,67591
LEX-1139,2025-05-14,277,67868
LEX-1139,2025-05-15,252,68120
LEX-1139,2025-05-16,211,68331
LEX-1139,2025-05-17,101,68432
LEX-1139,2025-05-18,120,68552
LEX-1139,2025-05-19,244,68796
LEX-1139,2025-05-20,262,69058
LEX-1139,2025-05-21,225,69283
LEX-1139,2025-05-22,226,69509
LEX-1139,2025-05-23,264,69773
LEX-1139,2025-05-24,141,69914
LEX-1139,2025-05-25,107,70021
LEX-1139,2025-05-26,239,70260
LEX-1139,2025-05-27,277,70537
LEX-1139,2025-05-28,273,70810
LEX-1139,2025-05-29,235,71045
LEX-1139,2025-05-30,278,71323
LEX-1139,2025-05-31,127,71450
LEX-1139,2025-06-01,214,71664
LEX-1139,2025-06-02,384,72048
LEX-1139,2025-06-03,417,72465
LEX-1139,2025-06-04,369,72834
LEX-1139,2025-06-05,389,73223
LEX-1139,2025-06-06,398,73621
LEX-1139,2025-06-07,206,73827
LEX-1139,2025-06-08,243,74070
LEX-1139,2025-06-09,491,74561
LEX-1139,2025-06-10,395,74956
LEX-1139,2025-06-11,456,75412
LEX-1139,2025-06-12,371,75783
LEX-1139,2025-06-13,420,76203
LEX-1139,2025-06-14,192,76395
LEX-1139,2025-06-15,196,76591
LEX-1139,2025-06-16,494,77085
LEX-1139,2025-06-17,395,77480
LEX-1139,2025-06-18,386,77866
LEX-1139,2025-06-19,375,78241
LEX-1139,2025-06-20,382,78623
LEX-1139,2025-06-21,180,78803
LEX-1139,2025-06-22,207,79010
LEX-1139,2025-06-23,414,79424
LEX-1139,2025-06-24,418,79842
LEX-1139,2025-06-25,407,80249
LEX-1139,2025-06-26,389,80638
LEX-1139,2025-06-27,386,81024
LEX-1139,2025-06-28,206,81230
LEX-1139,2025-06-29,203,81433
LEX-1139,2025-06-30,387,81820
LEX-1139,2025-07-01,249,82069
LEX-1139,2025-07-02,286,82355
LEX-1139,2025-07-03,295,82650
LEX-1139,2025-07-04,250,82900
LEX-1139,2025-07-05,119,83019
LEX-1139,2025-07-06,126,83145
LEX-1139,2025-07-07,278,83423
LEX-1139,2025-07-08,253,83676
LEX-1139,2025-07-09,262,83938
LEX-1139,2025-07-10,241,84179
LEX-1139,2025-07-11,231,84410
LEX-1139,2025-07-12,135,84545
LEX-1139,2025-07-13,129,84674
LEX-1139,2025-07-14,268,84942
LEX-1139,2025-07-15,219,85161
LEX-1139,2025-07-16,292,85453
LEX-1139,2025-07-17,260,85713
LEX-1139,2025-07-18,218,85931
LEX-1139,2025-07-19,137,86068
LEX-1139,2025-07-20,123,86191
LEX-1139,2025-07-21,255,86446
LEX-1139,2025-07-22,245,86691
LEX-1139,2025-07-23,252,86943
LEX-1139,2025-07-24,253,87196
LEX-1139,2025-07-25,220,87416
LEX-1139,2025-07-26,136,87552
LEX-1139,2025-07-27,128,87680
LEX-1139,2025-07-28,263,87943
LEX-1139,2025-07-29,271,88214
LEX-1139,2025-07-30,257,88471
LEX-1139,2025-07-31,261,88732
LEX-1139,2025-08-01,224,88956
LEX-1139,2025-08-02,118,89074
LEX-1139,2025-08-03,128,89202
LEX-1139,2025-08-04,258,89460
LEX-1139,2025-08-05,263,89723
LEX-1139,2025-08-06,283,90006
LEX-1139,2025-08-07,252,90258
LEX-1139,2025-08-08,262,90520
LEX-1139,2025-08-09,128,90648
LEX-1139,2025-08-10,124,90772
LEX-1139,2025-08-11,250,91022
LEX-1139,2025-08-12,238,91260
LEX-1139,2025-08-13,252,91512
LEX-1139,2025-08-14,250,91762
LEX-1139,2025-08-15,251,92013
LEX-1139,2025-08-16,109,92122
LEX-1139,2025-08-17,126,92248
LEX-1139,2025-08-18,236,92484
LEX-1139,2025-08-19,253,92737
LEX-1139,2025-08-20,232,92969
LEX-1139,2025-08-21,255,93224
LEX-1139,2025-08-22,248,93472
LEX-1139,2025-08-23,121,93593
LEX-1139,2025-08-24,130,93723
LEX-1139,2025-08-25,262,93985
LEX-1139,2025-08-26,253,94238
LEX-1139,2025-08-27,266,94504
LEX-1139,2025-08-28,246,94750
LEX-1139,2025-08-29,263,95013
LEX-1139,2025-08-30,127,95140
LEX-1139,2025-08-31,117,95257
LEX-1140,2024-09-01,677,677
LEX-1140,2024-09-02,1583,2260
LEX-1140,2024-09-03,1631,3891
LEX-1140,2024-09-04,1531,5422
LEX-1140,2024-09-05,1381,6803
LEX-1140,2024-09-06,1614,8417
LEX-1140,2024-09-07,759,9176
LEX-1140,2024-09-08,743,9919
LEX-1140,2024-09-09,1662,11581
LEX-1140,2024-09-10,1348,12929
LEX-1140,2024-09-11,1538,14467
LEX-1140,2024-09-12,1354,15821
LEX-1140,2024-09-13,1378,17199
LEX-1140,2024-09-14,875,18074
LEX-1140,2024-09-15,753,18827
LEX-1140,2024-09-16,1662,20489
LEX-1140,2024-09-17,1511,22000
LEX-1140,2024-09-18,1495,23495
LEX-1140,2024-09-19,1376,24871
LEX-1140,2024-09-20,1561,26432
LEX-1140,2024-09-21,725,27157
LEX-1140,2024-09-22,728,27885
LEX-1140,2024-09-23,1418,29303
LEX-1140,2024-09-24,1436,30739
LEX-1140,2024-09-25,1451,32190
LEX-1140,2024-09-26,1462,33652
LEX-1140,2024-09-27,1442,35094
LEX-1140,2024-09-28,634,35728
LEX-1140,2024-09-29,755,36483
LEX-1140,2024-09-30,1434,37917
LEX-1140,2024-10-01,665,38582
LEX-1140,2024-10-02,790,39372
LEX-1140,2024-10-03,871,40243
LEX-1140,2024-10-04,998,41241
LEX-1140,2024-10-05,474,41715
LEX-1140,2024-10-06,427,42142
LEX-1140,2024-10-07,891,43033
LEX-1140,2024-10-08,985,44018
LEX-1140,2024-10-09,860,44878
LEX-1140,2024-10-10,826,45704
LEX-1140,2024-10-11,969,46673
LEX-1140,2024-10-12,493,47166
LEX-1140,2024-10-13,430,47596
LEX-1140,2024-10-14,940,48536
LEX-1140,2024-10-15,902,49438
LEX-1140,2024-10-16,862,50300
LEX-1140,2024-10-17,990,51290
LEX-1140,2024-10-18,857,52147
LEX-1140,2024-10-19,480,52627
LEX-1140,2024-10-20,455,53082
LEX-1140,2024-10-21,892,53974
LEX-1140,2024-10-22,865,54839
LEX-1140,2024-10-23,833,55672
LEX-1140,2024-10-24,887,56559
LEX-1140,2024-10-25,868,57427
LEX-1140,2024-10-26,456,57883
LEX-1140,2024-10-27,409,58292
LEX-1140,2024-10-28,894,59186
LEX-1140,2024-10-29,934,60120
LEX-1140,2024-10-30,856,60976
LEX-1140,2024-10-31,959,61935
LEX-1140,2024-11-01,966,62901
LEX-1140,2024-11-02,408,63309
LEX-1140,2024-11-03,425,63734
LEX-1140,2024-11-04,808,64542
LEX-1140,2024-11-05,936,65478
LEX-1140,2024-11-06,914,66392
LEX-1140,2024-11-07,789,67181
LEX-1140,2024-11-08,858,68039
LEX-1140,2024-11-09,463,68502
LEX-1140,2024-11-10,456,68958
LEX-1140,2024-11-11,993,69951
LEX-1140,2024-11-12,821,70772
LEX-1140,2024-11-13,904,71676
LEX-1140,2024-11-14,832,72508
LEX-1140,2024-11-15,913,73421
LEX-1140,2024-11-16,446,73867
LEX-1140,2024-11-17,462,74329
LEX-1140,2024-11-18,875,75204
LEX-1140,2024-11-19,960,76164
LEX-1140,2024-11-20,853,77017
LEX-1140,2024-11-21,831,77848
LEX-1140,2024-11-22,921,78769
LEX-1140,2024-11-23,519,79288
LEX-1140,2024-11-24,397,79685
LEX-1140,2024-11-25,822,80507
LEX-1140,2024-11-26,922,81429
LEX-1140,2024-11-27,987,82416
LEX-1140,2024-11-28,927,83343
LEX-1140,2024-11-29,861,84204
LEX-1140,2024-11-30,467,84671
LEX-1140,2024-12-01,754,85425
LEX-1140,2024-12-02,1369,86794
LEX-1140,2024-12-03,1544,88338
LEX-1140,2024-12-04,1444,89782
LEX-1140,2024-12-05,1245,91027
LEX-1140,2024-12-06,1432,92459
LEX-1140,2024-12-07,691,93150
LEX-1140,2024-12-08,799,93949
LEX-1140,2024-12-09,1294,95243
LEX-1140,2024-12-10,1392,96635
LEX-1140,2024-12-11,1478,98113
LEX-1140,2024-12-12,1728,99841
LEX-1140,2024-12-13,1675,101516
LEX-1140,2024-12-14,721,102237
LEX-1140,2024-12-15,744,102981
LEX-1140,2024-12-16,1518,104499
LEX-1140,2024-12-17,1331,105830
LEX-1140,2024-12-18,1449,107279
LEX-1140,2024-12-19,1605,108884
LEX-1140,2024-12-20,1465,110349
LEX-1140,2024-12-21,837,111186
LEX-1140,2024-12-22,698,111884
LEX-1140,2024-12-23,1438,113322
LEX-1140,2024-12-24,1439,114761
LEX-1140,2024-12-25,1297,116058
LEX-1140,2024-12-26,1576,117634
LEX-1140,2024-12-27,1409,119043
LEX-1140,2024-12-28,739,119782
LEX-1140,2024-12-29,689,120471
LEX-1140,2024-12-30,1648,122119
LEX-1140,2024-12-31,1591,123710
LEX-1140,2025-01-01,909,124619
LEX-1140,2025-01-02,816,125435
LEX-1140,2025-01-03,959,126394
LEX-1140,2025-01-04,491,126885
LEX-1140,2025-01-05,419,127304
LEX-1140,2025-01-06,895,128199
LEX-1140,2025-01-07,910,129109
LEX-1140,2025-01-08,984,130093
LEX-1140,2025-01-09,894,130987
LEX-1140,2025-01-10,975,131962
LEX-1140,2025-01-11,424,132386
LEX-1140,2025-01-12,414,132800
LEX-1140,2025-01-13,1038,133838
LEX-1140,2025-01-14,810,134648
LEX-1140,2025-01-15,850,135498
LEX-1140,2025-01-16,962,136460
LEX-1140,2025-01-17,866,137326
LEX-1140,2025-01-18,432,137758
LEX-1140,2025-01-19,445,138203
LEX-1140,2025-01-20,749,138952
LEX-1140,2025-01-21,986,139938
LEX-1140,2025-01-22,918,140856
LEX-1140,2025-01-23,846,141702
LEX-1140,2025-01-24,781,142483
LEX-1140,2025-01-25,403,142886
LEX-1140,2025-01-26,394,143280
LEX-1140,2025-01-27,921,144201
LEX-1140,2025-01-28,922,145123
LEX-1140,2025-01-29,949,146072
LEX-1140,2025-01-30,958,147030
LEX-1140,2025-01-31,950,147980
LEX-1140,2025-02-01,508,148488
LEX-1140,2025-02-02,495,148983
LEX-1140,2025-02-03,974,149957
LEX-1140,2025-02-04,922,150879
LEX-1140,2025-02-05,957,151836
LEX-1140,2025-02-06,875,152711
LEX-1140,2025-02-07,889,153600
LEX-1140,2025-02-08,515,154115
LEX-1140,2025-02-09,432,154547
LEX-1140,2025-02-10,859,155406
LEX-1140,2025-02-11,879,156285
LEX-1140,2025-02-12,865,157150
LEX-1140,2025-02-13,871,158021
LEX-1140,2025-02-14,922,158943
LEX-1140,2025-02-15,462,159405
LEX-1140,2025-02-16,485,159890
LEX-1140,2025-02-17,1063,160953
LEX-1140,2025-02-18,878,161831
LEX-1140,2025-02-19,900,162731
LEX-1140,2025-02-20,772,163503
LEX-1140,2025-02-21,811,164314
LEX-1140,2025-02-22,447,164761
LEX-1140,2025-02-23,469,165230
LEX-1140,2025-02-24,940,166170
LEX-1140,2025-02-25,950,167120
LEX-1140,2025-02-26,996,168116
LEX-1140,2025-02-27,1028,169144
LEX-1140,2025-02-28,887,170031
LEX-1140,2025-03-01,677,170708
LEX-1140,2025-03-02,762,171470
LEX-1140,2025-03-03,1556,173026
LEX-1140,2025-03-04,1464,174490
LEX-1140,2025-03-05,1427,175917
LEX-1140,2025-03-06,1390,177307
LEX-1140,2025-03-07,1443,178750
LEX-1140,2025-03-08,764,179514
LEX-1140,2025-03-09,685,180199
LEX-1140,2025-03-10,1355,181554
LEX-1140,2025-03-11,1518,183072
LEX-1140,2025-03-12,1350,184422
LEX-1140,2025-03-13,1466,185888
LEX-1140,2025-03-14,1460,187348
LEX-1140,2025-03-15,724,188072
LEX-1140,2025-03-16,687,188759
LEX-1140,2025-03-17,1649,190408
LEX-1140,2025-03-18,1494,191902
LEX-1140,2025-03-19,1389,193291
LEX-1140,2025-03-20,1486,194777
LEX-1140,2025-03-21,1660,196437
LEX-1140,2025-03-22,729,197166
LEX-1140,2025-03-23,813,197979
LEX-1140,2025-03-24,1315,199294
LEX-1140,2025-03-25,1349,200643
LEX-1140,2025-03-26,1200,201843
LEX-1140,2025-03-27,1677,203520
LEX-1140,2025-03-28,1251,204771
LEX-1140,2025-03-29,734,205505
LEX-1140,2025-03-30,824,206329
LEX-1140,2025-03-31,1561,207890
LEX-1140,2025-04-01,932,208822
LEX-1140,2025-04-02,998,209820
LEX-1140,2025-04-03,856,210676
LEX-1140,2025-04-04,942,211618
LEX-1140,2025-04-05,448,212066
LEX-1140,2025-04-06,447,212513
LEX-1140,2025-04-07,919,213432
LEX-1140,2025-04-08,990,214422
LEX-1140,2025-04-09,1018,215440
LEX-1140,2025-04-10,886,216326
LEX-1140,2025-04-11,826,217152
LEX-1140,2025-04-12,423,217575
LEX-1140,2025-04-13,523,218098
LEX-1140,2025-04-14,1012,219110
LEX-1140,2025-04-15,826,219936
LEX-1140,2025-04-16,1025,220961
LEX-1140,2025-04-17,853,221814
LEX-1140,2025-04-18,953,222767
LEX-1140,2025-04-19,426,223193
LEX-1140,2025-04-20,531,223724
LEX-1140,2025-04-21,864,224588
LEX-1140,2025-04-22,829,225417
LEX-1140,2025-04-23,963,226380
LEX-1140,2025-04-24,892,227272
LEX-1140,2025-04-25,956,228228
LEX-1140,2025-04-26,497,228725
LEX-1140,2025-04-27,477,229202
LEX-1140,2025-04-28,837,230039
LEX-1140,2025-04-29,964,231003
LEX-1140,2025-04-30,962,231965
LEX-1140,2025-05-01,900,232865
LEX-1140,2025-05-02,839,233704
LEX-1140,2025-05-03,453,234157
LEX-1140,2025-05-04,457,234614
LEX-1140,2025-05-05,819,235433
LEX-1140,2025-05-06,967,236400
LEX-1140,2025-05-07,876,237276
LEX-1140,2025-05-08,902,238178
LEX-1140,2025-05-09,931,239109
LEX-1140,2025-05-10,459,239568
LEX-1140,2025-05-11,448,240016
LEX-1140,2025-05-12,833,240849
LEX-1140,2025-05-13,1012,241861
LEX-1140,2025-05-14,1005,242866
LEX-1140,2025-05-15,983,243849
LEX-1140,2025-05-16,905,244754
LEX-1140,2025-05-17,472,245226
LEX-1140,2025-05-18,413,245639
LEX-1140,2025-05-19,903,246542
LEX-1140,2025-05-20,780,247322
LEX-1140,2025-05-21,862,248184
LEX-1140,2025-05-22,944,249128
LEX-1140,2025-05-23,977,250105
LEX-1140,2025-05-24,418,250523
LEX-1140,2025-05-25,423,250946
LEX-1140,2025-05-26,933,251879
LEX-1140,2025-05-27,773,252652
LEX-1140,2025-05-28,1009,253661
LEX-1140,2025-05-29,839,254500
LEX-1140,2025-05-30,892,255392
LEX-1140,2025-05-31,476,255868
LEX-1140,2025-06-01,711,256579
LEX-1140,2025-06-02,1403,257982
LEX-1140,2025-06-03,1501,259483
LEX-1140,2025-06-04,1387,260870
LEX-1140,2025-06-05,1479,262349
LEX-1140,2025-06-06,1443,263792
LEX-1140,2025-06-07,652,264444
LEX-1140,2025-06-08,795,265239
LEX-1140,2025-06-09,1403,266642
LEX-1140,2025-06-10,1499,268141
LEX-1140,2025-06-11,1351,269492
LEX-1140,2025-06-12,1224,270716
LEX-1140,2025-06-13,1571,272287
LEX-1140,2025-06-14,723,273010
LEX-1140,2025-06-15,733,273743
LEX-1140,2025-06-16,1452,275195
LEX-1140,2025-06-17,1692,276887
LEX-1140,2025-06-18,1536,278423
LEX-1140,2025-06-19,1521,279944
LEX-1140,2025-06-20,1379,281323
LEX-1140,2025-06-21,713,282036
LEX-1140,2025-06-22,724,282760
LEX-1140,2025-06-23,1518,284278
LEX-1140,2025-06-24,1414,285692
LEX-1140,2025-06-25,1407,287099
LEX-1140,2025-06-26,1540,288639
LEX-1140,2025-06-27,1631,290270
LEX-1140,2025-06-28,598,290868
LEX-1140,2025-06-29,773,291641
LEX-1140,2025-06-30,1416,293057
LEX-1140,2025-07-01,948,294005
LEX-1140,2025-07-02,894,294899
LEX-1140,2025-07-03,877,295776
LEX-1140,2025-07-04,911,296687
LEX-1140,2025-07-05,400,297087
LEX-1140,2025-07-06,415,297502
LEX-1140,2025-07-07,871,298373
LEX-1140,2025-07-08,907,299280
LEX-1140,2025-07-09,993,300273
LEX-1140,2025-07-10,961,301234
LEX-1140,2025-07-11,889,302123
LEX-1140,2025-07-12,411,302534
LEX-1140,2025-07-13,453,302987
LEX-1140,2025-07-14,938,303925
LEX-1140,2025-07-15,870,304795
LEX-1140,2025-07-16,885,305680
LEX-1140,2025-07-17,989,306669
LEX-1140,2025-07-18,916,307585
LEX-1140,2025-07-19,452,308037
LEX-1140,2025-07-20,450,308487
LEX-1140,2025-07-21,999,309486
LEX-1140,2025-07-22,768,310254
LEX-1140,2025-07-23,935,311189
LEX-1140,2025-07-24,769,311958
LEX-1140,2025-07-25,870,312828
LEX-1140,2025-07-26,390,313218
LEX-1140,2025-07-27,466,313684
LEX-1140,2025-07-28,753,314437
LEX-1140,2025-07-29,793,315230
LEX-1140,2025-07-30,900,316130
LEX-1140,2025-07-31,906,317036
LEX-1140,2025-08-01,1018,318054
LEX-1140,2025-08-02,512,318566
LEX-1140,2025-08-03,401,318967
LEX-1140,2025-08-04,861,319828
LEX-1140,2025-08-05,872,320700
LEX-1140,2025-08-06,976,321676
LEX-1140,2025-08-07,878,322554
LEX-1140,2025-08-08,766,323320
LEX-1140,2025-08-09,481,323801
LEX-1140,2025-08-10,433,324234
LEX-1140,2025-08-11,1018,325252
LEX-1140,2025-08-12,934,326186
LEX-1140,2025-08-13,963,327149
LEX-1140,2025-08-14,954,328103
LEX-1140,2025-08-15,832,328935
LEX-1140,2025-08-16,376,329311
LEX-1140,2025-08-17,511,329822
LEX-1140,2025-08-18,953,330775
LEX-1140,2025-08-19,828,331603
LEX-1140,2025-08-20,716,332319
LEX-1140,2025-08-21,1008,333327
LEX-1140,2025-08-22,920,334247
LEX-1140,2025-08-23,496,334743
LEX-1140,2025-08-24,468,335211
LEX-1140,2025-08-25,858,336069
LEX-1140,2025-08-26,860,336929
LEX-1140,2025-08-27,899,337828
LEX-1140,2025-08-28,900,338728
LEX-1140,2025-08-29,828,339556
LEX-1140,2025-08-30,447,340003
LEX-1140,2025-08-31,481,340484
LEX-1141,2024-09-01,639,639
LEX-1141,2024-09-02,1341,1980
LEX-1141,2024-09-03,1310,3290
LEX-1141,2024-09-04,1397,4687
LEX-1141,2024-09-05,1326,6013
LEX-1141,2024-09-06,1181,7194
LEX-1141,2024-09-07,564,7758
LEX-1141,2024-09-08,732,8490
LEX-1141,2024-09-09,1179,9669
LEX-1141,2024-09-10,1250,10919
LEX-1141,2024-09-11,1271,12190
LEX-1141,2024-09-12,1214,13404
LEX-1141,2024-09-13,1390,14794
LEX-1141,2024-09-14,640,15434
LEX-1141,2024-09-15,559,15993
LEX-1141,2024-09-16,1308,17301
LEX-1141,2024-09-17,1260,18561
LEX-1141,2024-09-18,1331,19892
LEX-1141,2024-09-19,1474,21366
LEX-1141,2024-09-20,1201,22567
LEX-1141,2024-09-21,573,23140
LEX-1141,2024-09-22,788,23928
LEX-1141,2024-09-23,1159,25087
LEX-1141,2024-09-24,1470,26557
LEX-1141,2024-09-25,1486,28043
LEX-1141,2024-09-26,1242,29285
LEX-1141,2024-09-27,1398,30683
LEX-1141,2024-09-28,584,31267
LEX-1141,2024-09-29,667,31934
LEX-1141,2024-09-30,1376,33310
LEX-1141,2024-10-01,732,34042
LEX-1141,2024-10-02,880,34922
LEX-1141,2024-10-03,858,35780
LEX-1141,2024-10-04,909,36689
LEX-1141,2024-10-05,406,37095
LEX-1141,2024-10-06,324,37419
LEX-1141,2024-10-07,813,38232
LEX-1141,2024-10-08,790,39022
LEX-1141,2024-10-09,871,39893
LEX-1141,2024-10-10,718,40611
LEX-1141,2024-10-11,954,41565
LEX-1141,2024-10-12,406,41971
LEX-1141,2024-10-13,447,42418
LEX-1141,2024-10-14,691,43109
LEX-1141,2024-10-15,785,43894
LEX-1141,2024-10-16,919,44813
LEX-1141,2024-10-17,746,45559
LEX-1141,2024-10-18,714,46273
LEX-1141,2024-10-19,400,46673
LEX-1141,2024-10-20,431,47104
LEX-1141,2024-10-21,775,47879
LEX-1141,2024-10-22,789,48668
LEX-1141,2024-10-23,805,49473
LEX-1141,2024-10-24,779,50252
LEX-1141,2024-10-25,835,51087
LEX-1141,2024-10-26,356,51443
LEX-1141,2024-10-27,360,51803
LEX-1141,2024-10-28,822,52625
LEX-1141,2024-10-29,762,53387
LEX-1141,2024-10-30,866,54253
LEX-1141,2024-10-31,772,55025
LEX-1141,2024-11-01,832,55857
LEX-1141,2024-11-02,417,56274
LEX-1141,2024-11-03,385,56659
LEX-1141,2024-11-04,795,57454
LEX-1141,2024-11-05,803,58257
LEX-1141,2024-11-06,734,58991
LEX-1141,2024-11-07,866,59857
LEX-1141,2024-11-08,769,60626
LEX-1141,2024-11-09,370,60996
LEX-1141,2024-11-10,403,61399
LEX-1141,2024-11-11,882,62281
LEX-1141,2024-11-12,792,63073
LEX-1141,2024-11-13,788,63861
LEX-1141,2024-11-14,809,64670
LEX-1141,2024-11-15,783,65453
LEX-1141,2024-11-16,372,65825
LEX-1141,2024-11-17,403,66228
LEX-1141,2024-11-18,782,67010
LEX-1141,2024-11-19,710,67720
LEX-1141,2024-11-20,783,68503
LEX-1141,2024-11-21,779,69282
LEX-1141,2024-11-22,786,70068
LEX-1141,2024-11-23,360,70428
LEX-1141,2024-11-24,418,70846
LEX-1141,2024-11-25,871,71717
LEX-1141,2024-11-26,794,72511
LEX-1141,2024-11-27,779,73290
LEX-1141,2024-11-28,815,74105
LEX-1141,2024-11-29,815,74920
LEX-1141,2024-11-30,378,75298
LEX-1141,2024-12-01,671,75969
LEX-1141,2024-12-02,1210,77179
LEX-1141,2024-12-03,1158,78337
LEX-1141,2024-12-04,1255,79592
LEX-1141,2024-12-05,1297,80889
LEX-1141,2024-12-06,1253,82142
LEX-1141,2024-12-07,675,82817
LEX-1141,2024-12-08,634,83451
LEX-1141,2024-12-09,1407,84858
LEX-1141,2024-12-10,1369,86227
LEX-1141,2024-12-11,1115,87342
LEX-1141,2024-12-12,1230,88572
LEX-1141,2024-12-13,1193,89765
LEX-1141,2024-12-14,666,90431
LEX-1141,2024-12-15,675,91106
LEX-1141,2024-12-16,1346,92452
LEX-1141,2024-12-17,1139,93591
LEX-1141,2024-12-18,1251,94842
LEX-1141,2024-12-19,1379,96221
LEX-1141,2024-12-20,1315,97536
LEX-1141,2024-12-21,514,98050
LEX-1141,2024-12-22,733,98783
LEX-1141,2024-12-23,1280,100063
LEX-1141,2024-12-24,1318,101381
LEX-1141,2024-12-25,1277,102658
LEX-1141,2024-12-26,1223,103881
LEX-1141,2024-12-27,1096,104977
LEX-1141,2024-12-28,614,105591
LEX-1141,2024-12-29,663,106254
LEX-1141,2024-12-30,1257,107511
LEX-1141,2024-12-31,1315,108826
LEX-1141,2025-01-01,765,109591
LEX-1141,2025-01-02,781,110372
LEX-1141,2025-01-03,826,111198
LEX-1141,2025-01-04,393,111591
LEX-1141,2025-01-05,385,111976
LEX-1141,2025-01-06,836,112812
LEX-1141,2025-01-07,792,113604
LEX-1141,2025-01-08,743,114347
LEX-1141,2025-01-09,789,115136
LEX-1141,2025-01-10,773,115909
LEX-1141,2025-01-11,368,116277
LEX-1141,2025-01-12,462,116739
LEX-1141,2025-01-13,755,117494
LEX-1141,2025-01-14,815,118309
LEX-1141,2025-01-15,782,119091
LEX-1141,2025-01-16,875,119966
LEX-1141,2025-01-17,880,120846
LEX-1141,2025-01-18,415,121261
LEX-1141,2025-01-19,424,121685
LEX-1141,2025-01-20,694,122379
LEX-1141,2025-01-21,876,123255
LEX-1141,2025-01-22,842,124097
LEX-1141,2025-01-23,755,124852
LEX-1141,2025-01-24,759,125611
LEX-1141,2025-01-25,394,126005
LEX-1141,2025-01-26,467,126472
LEX-1141,2025-01-27,781,127253
LEX-1141,2025-01-28,753,128006
LEX-1141,2025-01-29,753,128759
LEX-1141,2025-01-30,676,129435
LEX-1141,2025-01-31,845,130280
LEX-1141,2025-02-01,423,130703
LEX-1141,2025-02-02,306,131009
LEX-1141,2025-02-03,892,131901
LEX-1141,2025-02-04,786,132687
LEX-1141,2025-02-05,758,133445
LEX-1141,2025-02-06,697,134142
LEX-1141,2025-02-07,715,134857
LEX-1141,2025-02-08,412,135269
LEX-1141,2025-02-09,428,135697
LEX-1141,2025-02-10,730,136427
LEX-1141,2025-02-11,679,137106
LEX-1141,2025-02-12,782,137888
LEX-1141,2025-02-13,732,138620
LEX-1141,2025-02-14,803,139423
LEX-1141,2025-02-15,429,139852
LEX-1141,2025-02-16,366,140218
LEX-1141,2025-02-17,826,141044
LEX-1141,2025-02-18,872,141916
LEX-1141,2025-02-19,808,142724
LEX-1141,2025-02-20,828,143552
LEX-1141,2025-02-21,750,144302
LEX-1141,2025-02-22,440,144742
LEX-1141,2025-02-23,414,145156
LEX-1141,2025-02-24,734,145890
LEX-1141,2025-02-25,912,146802
LEX-1141,2025-02-26,655,147457
LEX-1141,2025-02-27,869,148326
LEX-1141,2025-02-28,721,149047
LEX-1141,2025-03-01,641,149688
LEX-1141,2025-03-02,700,150388
LEX-1141,2025-03-03,1138,151526
LEX-1141,2025-03-04,1315,152841
LEX-1141,2025-03-05,1075,153916
LEX-1141,2025-03-06,1248,155164
LEX-1141,2025-03-07,1424,156588
LEX-1141,2025-03-08,628,157216
LEX-1141,2025-03-09,686,157902
LEX-1141,2025-03-10,1361,159263
LEX-1141,2025-03-11,1145,160408
LEX-1141,2025-03-12,1126,161534
LEX-1141,2025-03-13,1438,162972
LEX-1141,2025-03-14,1273,164245
LEX-1141,2025-03-15,550,164795
LEX-1141,2025-03-16,690,165485
LEX-1141,2025-03-17,1360,166845
LEX-1141,2025-03-18,1196,168041
LEX-1141,2025-03-19,1358,169399
LEX-1141,2025-03-20,1264,170663
LEX-1141,2025-03-21,1425,172088
LEX-1141,2025-03-22,760,172848
LEX-1141,2025-03-23,659,173507
LEX-1141,2025-03-24,1356,174863
LEX-1141,2025-03-25,1441,176304
LEX-1141,2025-03-26,1376,177680
LEX-1141,2025-03-27,1324,179004
LEX-1141,2025-03-28,1266,180270
LEX-1141,2025-03-29,580,180850
LEX-1141,2025-03-30,624,181474
LEX-1141,2025-03-31,1253,182727
LEX-1141,2025-04-01,799,183526
LEX-1141,2025-04-02,681,184207
LEX-1141,2025-04-03,775,184982
LEX-1141,2025-04-04,782,185764
LEX-1141,2025-04-05,354,186118
LEX-1141,2025-04-06,412,186530
LEX-1141,2025-04-07,857,187387
LEX-1141,2025-04-08,798,188185
LEX-1141,2025-04-09,719,188904
LEX-1141,2025-04-10,791,189695
LEX-1141,2025-04-11,845,190540
LEX-1141,2025-04-12,421,190961
LEX-1141,2025-04-13,397,191358
LEX-1141,2025-04-14,824,192182
LEX-1141,2025-04-15,758,192940
LEX-1141,2025-04-16,846,193786
LEX-1141,2025-04-17,772,194558
LEX-1141,2025-04-18,749,195307
LEX-1141,2025-04-19,429,195736
LEX-1141,2025-04-20,403,196139
LEX-1141,2025-04-21,803,196942
LEX-1141,2025-04-22,832,197774
LEX-1141,2025-04-23,794,198568
LEX-1141,2025-04-24,739,199307
LEX-1141,2025-04-25,784,200091
LEX-1141,2025-04-26,351,200442
LEX-1141,2025-04-27,436,200878
LEX-1141,2025-04-28,727,201605
LEX-1141,2025-04-29,922,202527
LEX-1141,2025-04-30,748,203275
LEX-1141,2025-05-01,837,204112
LEX-1141,2025-05-02,918,205030
LEX-1141,2025-05-03,407,205437
LEX-1141,2025-05-04,389,205826
LEX-1141,2025-05-05,800,206626
LEX-1141,2025-05-06,743,207369
LEX-1141,2025-05-07,669,208038
LEX-1141,2025-05-08,836,208874
LEX-1141,2025-05-09,669,209543
LEX-1141,2025-05-10,355,209898
LEX-1141,2025-05-11,401,210299
LEX-1141,2025-05-12,756,211055
LEX-1141,2025-05-13,829,211884
LEX-1141,2025-05-14,900,212784
LEX-1141,2025-05-15,782,213566
LEX-1141,2025-05-16,759,214325
LEX-1141,2025-05-17,455,214780
LEX-1141,2025-05-18,421,215201
LEX-1141,2025-05-19,857,216058
LEX-1141,2025-05-20,852,216910
LEX-1141,2025-05-21,782,217692
LEX-1141,2025-05-22,774,218466
LEX-1141,2025-05-23,737,219203
LEX-1141,2025-05-24,422,219625
LEX-1141,2025-05-25,411,220036
LEX-1141,2025-05-26,839,220875
LEX-1141,2025-05-27,679,221554
LEX-1141,2025-05-28,858,222412
LEX-1141,2025-05-29,769,223181
LEX-1141,2025-05-30,664,223845
LEX-1141,2025-05-31,357,224202
LEX-1141,2025-06-01,613,224815
LEX-1141,2025-06-02,1204,226019
LEX-1141,2025-06-03,1279,227298
LEX-1141,2025-06-04,1324,228622
LEX-1141,2025-06-05,1266,229888
LEX-1141,2025-06-06,1229,231117
LEX-1141,2025-06-07,646,231763
LEX-1141,2025-06-08,646,232409
LEX-1141,2025-06-09,1407,233816
LEX-1141,2025-06-10,1215,235031
LEX-1141,2025-06-11,1266,236297
LEX-1141,2025-06-12,1446,237743
LEX-1141,2025-06-13,1153,238896
LEX-1141,2025-06-14,620,239516
LEX-1141,2025-06-15,592,240108
LEX-1141,2025-06-16,1149,241257
LEX-1141,2025-06-17,1300,242557
LEX-1141,2025-06-18,1413,243970
LEX-1141,2025-06-19,1492,245462
LEX-1141,2025-06-20,1273,246735
LEX-1141,2025-06-21,664,247399
LEX-1141,2025-06-22,666,248065
LEX-1141,2025-06-23,1256,249321
LEX-1141,2025-06-24,1408,250729
LEX-1141,2025-06-25,1260,251989
LEX-1141,2025-06-26,1388,253377
LEX-1141,2025-06-27,1241,254618
LEX-1141,2025-06-28,579,255197
LEX-1141,2025-06-29,583,255780
LEX-1141,2025-06-30,1112,256892
LEX-1141,2025-07-01,879,257771
LEX-1141,2025-07-02,880,258651
LEX-1141,2025-07-03,752,259403
LEX-1141,2025-07-04,730,260133
LEX-1141,2025-07-05,374,260507
LEX-1141,2025-07-06,404,260911
LEX-1141,2025-07-07,738,261649
LEX-1141,2025-07-08,833,262482
LEX-1141,2025-07-09,779,263261
LEX-1141,2025-07-10,867,264128
LEX-1141,2025-07-11,841,264969
LEX-1141,2025-07-12,363,265332
LEX-1141,2025-07-13,359,265691
LEX-1141,2025-07-14,811,266502
LEX-1141,2025-07-15,786,267288
LEX-1141,2025-07-16,879,268167
LEX-1141,2025-07-17,823,268990
LEX-1141,2025-07-18,769,269759
LEX-1141,2025-07-19,453,270212
LEX-1141,2025-07-20,385,270597
LEX-1141,2025-07-21,713,271310
LEX-1141,2025-07-22,785,272095
LEX-1141,2025-07-23,747,272842
LEX-1141,2025-07-24,861,273703
LEX-1141,2025-07-25,726,274429
LEX-1141,2025-07-26,426,274855
LEX-1141,2025-07-27,390,275245
LEX-1141,2025-07-28,697,275942
LEX-1141,2025-07-29,825,276767
LEX-1141,2025-07-30,874,277641
LEX-1141,2025-07-31,805,278446
LEX-1141,2025-08-01,786,279232
LEX-1141,2025-08-02,458,279690
LEX-1141,2025-08-03,437,280127
LEX-1141,2025-08-04,847,280974
LEX-1141,2025-08-05,670,281644
LEX-1141,2025-08-06,754,282398
LEX-1141,2025-08-07,784,283182
LEX-1141,2025-08-08,828,284010
LEX-1141,2025-08-09,427,284437
LEX-1141,2025-08-10,366,284803
LEX-1141,2025-08-11,835,285638
LEX-1141,2025-08-12,724,286362
LEX-1141,2025-08-13,844,287206
LEX-1141,2025-08-14,728,287934
LEX-1141,2025-08-15,877,288811
LEX-1141,2025-08-16,407,289218
LEX-1141,2025-08-17,387,289605
LEX-1141,2025-08-18,817,290422
LEX-1141,2025-08-19,756,291178
LEX-1141,2025-08-20,800,291978
LEX-1141,2025-08-21,734,292712
LEX-1141,2025-08-22,817,293529
LEX-1141,2025-08-23,391,293920
LEX-1141,2025-08-24,392,294312
LEX-1141,2025-08-25,795,295107
LEX-1141,2025-08-26,741,295848
LEX-1141,2025-08-27,931,296779
LEX-1141,2025-08-28,785,297564
LEX-1141,2025-08-29,868,298432
LEX-1141,2025-08-30,362,298794
LEX-1141,2025-08-31,327,299121
LEX-1142,2024-09-01,175,175
LEX-1142,2024-09-02,373,548
LEX-1142,2024-09-03,377,925
LEX-1142,2024-09-04,369,1294
LEX-1142,2024-09-05,338,1632
LEX-1142,2024-09-06,360,1992
LEX-1142,2024-09-07,163,2155
LEX-1142,2024-09-08,163,2318
LEX-1142,2024-09-09,350,2668
LEX-1142,2024-09-10,350,3018
LEX-1142,2024-09-11,329,3347
LEX-1142,2024-09-12,349,3696
LEX-1142,2024-09-13,375,4071
LEX-1142,2024-09-14,159,4230
LEX-1142,2024-09-15,181,4411
LEX-1142,2024-09-16,306,4717
LEX-1142,2024-09-17,297,5014
LEX-1142,2024-09-18,352,5366
LEX-1142,2024-09-19,342,5708
LEX-1142,2024-09-20,347,6055
LEX-1142,2024-09-21,173,6228
LEX-1142,2024-09-22,185,6413
LEX-1142,2024-09-23,358,6771
LEX-1142,2024-09-24,357,7128
LEX-1142,2024-09-25,382,7510
LEX-1142,2024-09-26,369,7879
LEX-1142,2024-09-27,349,8228
LEX-1142,2024-09-28,186,8414
LEX-1142,2024-09-29,168,8582
LEX-1142,2024-09-30,337,8919
LEX-1142,2024-10-01,237,9156
LEX-1142,2024-10-02,211,9367
LEX-1142,2024-10-03,222,9589
LEX-1142,2024-10-04,221,9810
LEX-1142,2024-10-05,108,9918
LEX-1142,2024-10-06,123,10041
LEX-1142,2024-10-07,213,10254
LEX-1142,2024-10-08,245,10499
LEX-1142,2024-10-09,196,10695
LEX-1142,2024-10-10,214,10909
LEX-1142,2024-10-11,211,11120
LEX-1142,2024-10-12,114,11234
LEX-1142,2024-10-13,95,11329
LEX-1142,2024-10-14,221,11550
LEX-1142,2024-10-15,231,11781
LEX-1142,2024-10-16,209,11990
LEX-1142,2024-10-17,204,12194
LEX-1142,2024-10-18,204,12398
LEX-1142,2024-10-19,111,12509
LEX-1142,2024-10-20,93,12602
LEX-1142,2024-10-21,192,12794
LEX-1142,2024-10-22,216,13010
LEX-1142,2024-10-23,225,13235
LEX-1142,2024-10-24,219,13454
LEX-1142,2024-10-25,225,13679
LEX-1142,2024-10-26,98,13777
LEX-1142,2024-10-27,92,13869
LEX-1142,2024-10-28,230,14099
LEX-1142,2024-10-29,193,14292
LEX-1142,2024-10-30,224,14516
LEX-1142,2024-10-31,183,14699
LEX-1142,2024-11-01,226,14925
LEX-1142,2024-11-02,107,15032
LEX-1142,2024-11-03,116,15148
LEX-1142,2024-11-04,228,15376
LEX-1142,2024-11-05,209,15585
LEX-1142,2024-11-06,205,15790
LEX-1142,2024-11-07,220,16010
LEX-1142,2024-11-08,206,16216
LEX-1142,2024-11-09,79,16295
LEX-1142,2024-11-10,105,16400
LEX-1142,2024-11-11,200,16600
LEX-1142,2024-11-12,205,16805
LEX-1142,2024-11-13,220,17025
LEX-1142,2024-11-14,236,17261
LEX-1142,2024-11-15,246,17507
LEX-1142,2024-11-16,111,17618
LEX-1142,2024-11-17,102,17720
LEX-1142,2024-11-18,231,17951
LEX-1142,2024-11-19,189,18140
LEX-1142,2024-11-20,203,18343
LEX-1142,2024-11-21,211,18554
LEX-1142,2024-11-22,182,18736
LEX-1142,2024-11-23,109,18845
LEX-1142,2024-11-24,100,18945
LEX-1142,2024-11-25,219,19164
LEX-1142,2024-11-26,210,19374
LEX-1142,2024-11-27,200,19574
LEX-1142,2024-11-28,197,19771
LEX-1142,2024-11-29,214,19985
LEX-1142,2024-11-30,113,20098
LEX-1142,2024-12-01,181,20279
LEX-1142,2024-12-02,352,20631
LEX-1142,2024-12-03,359,20990
LEX-1142,2024-12-04,346,21336
LEX-1142,2024-12-05,326,21662
LEX-1142,2024-12-06,382,22044
LEX-1142,2024-12-07,163,22207
LEX-1142,2024-12-08,193,22400
LEX-1142,2024-12-09,361,22761
LEX-1142,2024-12-10,337,23098
LEX-1142,2024-12-11,308,23406
LEX-1142,2024-12-12,353,23759
LEX-1142,2024-12-13,342,24101
LEX-1142,2024-12-14,188,24289
LEX-1142,2024-12-15,157,24446
LEX-1142,2024-12-16,373,24819
LEX-1142,2024-12-17,384,25203
LEX-1142,2024-12-18,324,25527
LEX-1142,2024-12-19,364,25891
LEX-1142,2024-12-20,382,26273
LEX-1142,2024-12-21,190,26463
LEX-1142,2024-12-22,186,26649
LEX-1142,2024-12-23,391,27040
LEX-1142,2024-12-24,346,27386
LEX-1142,2024-12-25,342,27728
LEX-1142,2024-12-26,387,28115
LEX-1142,2024-12-27,279,28394
LEX-1142,2024-12-28,168,28562
LEX-1142,2024-12-29,160,28722
LEX-1142,2024-12-30,345,29067
LEX-1142,2024-12-31,355,29422
LEX-1142,2025-01-01,225,29647
LEX-1142,2025-01-02,216,29863
LEX-1142,2025-01-03,218,30081
LEX-1142,2025-01-04,115,30196
LEX-1142,2025-01-05,102,30298
LEX-1142,2025-01-06,209,30507
LEX-1142,2025-01-07,199,30706
LEX-1142,2025-01-08,214,30920
LEX-1142,2025-01-09,187,31107
LEX-1142,2025-01-10,237,31344
LEX-1142,2025-01-11,114,31458
LEX-1142,2025-01-12,99,31557
LEX-1142,2025-01-13,236,31793
LEX-1142,2025-01-14,210,32003
LEX-1142,2025-01-15,203,32206
LEX-1142,2025-01-16,221,32427
LEX-1142,2025-01-17,186,32613
LEX-1142,2025-01-18,104,32717
LEX-1142,2025-01-19,110,32827
LEX-1142,2025-01-20,245,33072
LEX-1142,2025-01-21,193,33265
LEX-1142,2025-01-22,194,33459
LEX-1142,2025-01-23,211,33670
LEX-1142,2025-01-24,209,33879
LEX-1142,2025-01-25,114,33993
LEX-1142,2025-01-26,120,34113
LEX-1142,2025-01-27,232,34345
LEX-1142,2025-01-28,207,34552
LEX-1142,2025-01-29,240,34792
LEX-1142,2025-01-30,213,35005
LEX-1142,2025-01-31,224,35229
LEX-1142,2025-02-01,111,35340
LEX-1142,2025-02-02,111,35451
LEX-1142,2025-02-03,230,35681
LEX-1142,2025-02-04,229,35910
LEX-1142,2025-02-05,227,36137
LEX-1142,2025-02-06,206,36343
LEX-1142,2025-02-07,200,36543
LEX-1142,2025-02-08,113,36656
LEX-1142,2025-02-09,110,36766
LEX-1142,2025-02-10,230,36996
LEX-1142,2025-02-11,207,37203
LEX-1142,2025-02-12,227,37430
LEX-1142,2025-02-13,209,37639
LEX-1142,2025-02-14,208,37847
LEX-1142,2025-02-15,117,37964
LEX-1142,2025-02-16,117,38081
LEX-1142,2025-02-17,218,38299
LEX-1142,2025-02-18,209,38508
LEX-1142,2025-02-19,213,38721
LEX-1142,2025-02-20,217,38938
LEX-1142,2025-02-21,208,39146
LEX-1142,2025-02-22,110,39256
LEX-1142,2025-02-23,103,39359
LEX-1142,2025-02-24,241,39600
LEX-1142,2025-02-25,181,39781
LEX-1142,2025-02-26,204,39985
LEX-1142,2025-02-27,228,40213
LEX-1142,2025-02-28,242,40455
LEX-1142,2025-03-01,163,40618
LEX-1142,2025-03-02,168,40786
LEX-1142,2025-03-03,356,41142
LEX-1142,2025-03-04,357,41499
LEX-1142,2025-03-05,347,41846
LEX-1142,2025-03-06,365,42211
LEX-1142,2025-03-07,352,42563
LEX-1142,2025-03-08,176,42739
LEX-1142,2025-03-09,193,42932
LEX-1142,2025-03-10,339,43271
LEX-1142,2025-03-11,337,43608
LEX-1142,2025-03-12,335,43943
LEX-1142,2025-03-13,327,44270
LEX-1142,2025-03-14,341,44611
LEX-1142,2025-03-15,163,44774
LEX-1142,2025-03-16,178,44952
LEX-1142,2025-03-17,357,45309
LEX-1142,2025-03-18,350,45659
LEX-1142,2025-03-19,355,46014
LEX-1142,2025-03-20,366,46380
LEX-1142,2025-03-21,315,46695
LEX-1142,2025-03-22,175,46870
LEX-1142,2025-03-23,194,47064
LEX-1142,2025-03-24,329,47393
LEX-1142,2025-03-25,413,47806
LEX-1142,2025-03-26,335,48141
LEX-1142,2025-03-27,351,48492
LEX-1142,2025-03-28,352,48844
LEX-1142,2025-03-29,152,48996
LEX-1142,2025-03-30,161,49157
LEX-1142,2025-03-31,362,49519
LEX-1142,2025-04-01,211,49730
LEX-1142,2025-04-02,200,49930
LEX-1142,2025-04-03,236,50166
LEX-1142,2025-04-04,220,50386
LEX-1142,2025-04-05,106,50492
LEX-1142,2025-04-06,127,50619
LEX-1142,2025-04-07,197,50816
LEX-1142,2025-04-08,197,51013
LEX-1142,2025-04-09,208,51221
LEX-1142,2025-04-10,219,51440
LEX-1142,2025-04-11,222,51662
LEX-1142,2025-04-12,101,51763
LEX-1142,2025-04-13,95,51858
LEX-1142,2025-04-14,225,52083
LEX-1142,2025-04-15,207,52290
LEX-1142,2025-04-16,215,52505
LEX-1142,2025-04-17,216,52721
LEX-1142,2025-04-18,231,52952
LEX-1142,2025-04-19,103,53055
LEX-1142,2025-04-20,121,53176
LEX-1142,2025-04-21,212,53388
LEX-1142,2025-04-22,192,53580
LEX-1142,2025-04-23,197,53777
LEX-1142,2025-04-24,197,53974
LEX-1142,2025-04-25,202,54176
LEX-1142,2025-04-26,109,54285
LEX-1142,2025-04-27,116,54401
LEX-1142,2025-04-28,176,54577
LEX-1142,2025-04-29,230,54807
LEX-1142,2025-04-30,239,55046
LEX-1142,2025-05-01,250,55296
LEX-1142,2025-05-02,222,55518
LEX-1142,2025-05-03,92,55610
LEX-1142,2025-05-04,96,55706
LEX-1142,2025-05-05,230,55936
LEX-1142,2025-05-06,216,56152
LEX-1142,2025-05-07,204,56356
LEX-1142,2025-05-08,189,56545
LEX-1142,2025-05-09,196,56741
LEX-1142,2025-05-10,112,56853
LEX-1142,2025-05-11,111,56964
LEX-1142,2025-05-12,231,57195
LEX-1142,2025-05-13,237,57432
LEX-1142,2025-05-14,200,57632
LEX-1142,2025-05-15,231,57863
LEX-1142,2025-05-16,202,58065
LEX-1142,2025-05-17,106,58171
LEX-1142,2025-05-18,101,58272
LEX-1142,2025-05-19,228,58500
LEX-1142,2025-05-20,205,58705
LEX-1142,2025-05-21,226,58931
LEX-1142,2025-05-22,223,59154
LEX-1142,2025-05-23,234,59388
LEX-1142,2025-05-24,112,59500
LEX-1142,2025-05-25,123,59623
LEX-1142,2025-05-26,204,59827
LEX-1142,2025-05-27,228,60055
LEX-1142,2025-05-28,222,60277
LEX-1142,2025-05-29,202,60479
LEX-1142,2025-05-30,231,60710
LEX-1142,2025-05-31,114,60824
LEX-1142,2025-06-01,163,60987
LEX-1142,2025-06-02,298,61285
LEX-1142,2025-06-03,341,61626
LEX-1142,2025-06-04,325,61951
LEX-1142,2025-06-05,348,62299
LEX-1142,2025-06-06,344,62643
LEX-1142,2025-06-07,196,62839
LEX-1142,2025-06-08,161,63000
LEX-1142,2025-06-09,360,63360
LEX-1142,2025-06-10,306,63666
LEX-1142,2025-06-11,317,63983
LEX-1142,2025-06-12,332,64315
LEX-1142,2025-06-13,320,64635
LEX-1142,2025-06-14,178,64813
LEX-1142,2025-06-15,171,64984
LEX-1142,2025-06-16,366,65350
LEX-1142,2025-06-17,315,65665
LEX-1142,2025-06-18,349,66014
LEX-1142,2025-06-19,323,66337
LEX-1142,2025-06-20,379,66716
LEX-1142,2025-06-21,157,66873
LEX-1142,2025-06-22,147,67020
LEX-1142,2025-06-23,328,67348
LEX-1142,2025-06-24,313,67661
LEX-1142,2025-06-25,348,68009
LEX-1142,2025-06-26,360,68369
LEX-1142,2025-06-27,364,68733
LEX-1142,2025-06-28,142,68875
LEX-1142,2025-06-29,182,69057
LEX-1142,2025-06-30,350,69407
LEX-1142,2025-07-01,227,69634
LEX-1142,2025-07-02,230,69864
LEX-1142,2025-07-03,204,70068
LEX-1142,2025-07-04,199,70267
LEX-1142,2025-07-05,110,70377
LEX-1142,2025-07-06,115,70492
LEX-1142,2025-07-07,193,70685
LEX-1142,2025-07-08,216,70901
LEX-1142,2025-07-09,206,71107
LEX-1142,2025-07-10,206,71313
LEX-1142,2025-07-11,208,71521
LEX-1142,2025-07-12,113,71634
LEX-1142,2025-07-13,112,71746
LEX-1142,2025-07-14,199,71945
LEX-1142,2025-07-15,191,72136
LEX-1142,2025-07-16,233,72369
LEX-1142,2025-07-17,228,72597
LEX-1142,2025-07-18,236,72833
LEX-1142,2025-07-19,112,72945
LEX-1142,2025-07-20,119,73064
LEX-1142,2025-07-21,175,73239
LEX-1142,2025-07-22,213,73452
LEX-1142,2025-07-23,203,73655
LEX-1142,2025-07-24,249,73904
LEX-1142,2025-07-25,194,74098
LEX-1142,2025-07-26,96,74194
LEX-1142,2025-07-27,102,74296
LEX-1142,2025-07-28,206,74502
LEX-1142,2025-07-29,208,74710
LEX-1142,2025-07-30,230,74940
LEX-1142,2025-07-31,240,75180
LEX-1142,2025-08-01,231,75411
LEX-1142,2025-08-02,128,75539
LEX-1142,2025-08-03,118,75657
LEX-1142,2025-08-04,204,75861
LEX-1142,2025-08-05,213,76074
LEX-1142,2025-08-06,228,76302
LEX-1142,2025-08-07,195,76497
LEX-1142,2025-08-08,209,76706
LEX-1142,2025-08-09,113,76819
LEX-1142,2025-08-10,124,76943
LEX-1142,2025-08-11,215,77158
LEX-1142,2025-08-12,218,77376
LEX-1142,2025-08-13,224,77600
LEX-1142,2025-08-14,185,77785
LEX-1142,2025-08-15,208,77993
LEX-1142,2025-08-16,100,78093
LEX-1142,2025-08-17,114,78207
LEX-1142,2025-08-18,207,78414
LEX-1142,2025-08-19,236,78650
LEX-1142,2025-08-20,222,78872
LEX-1142,2025-08-21,212,79084
LEX-1142,2025-08-22,205,79289
LEX-1142,2025-08-23,101,79390
LEX-1142,2025-08-24,121,79511
LEX-1142,2025-08-25,180,79691
LEX-1142,2025-08-26,213,79904
LEX-1142,2025-08-27,216,80120
LEX-1142,2025-08-28,176,80296
LEX-1142,2025-08-29,237,80533
LEX-1142,2025-08-30,109,80642
LEX-1142,2025-08-31,113,80755
LEX-1143,2024-09-01,408,408
LEX-1143,2024-09-02,827,1235
LEX-1143,2024-09-03,820,2055
LEX-1143,2024-09-04,820,2875
LEX-1143,2024-09-05,795,3670
LEX-1143,2024-09-06,832,4502
LEX-1143,2024-09-07,469,4971
LEX-1143,2024-09-08,359,5330
LEX-1143,2024-09-09,802,6132
LEX-1143,2024-09-10,822,6954
LEX-1143,2024-09-11,676,7630
LEX-1143,2024-09-12,887,8517
LEX-1143,2024-09-13,811,9328
LEX-1143,2024-09-14,395,9723
LEX-1143,2024-09-15,374,10097
LEX-1143,2024-09-16,823,10920
LEX-1143,2024-09-17,702,11622
LEX-1143,2024-09-18,877,12499
LEX-1143,2024-09-19,835,13334
LEX-1143,2024-09-20,763,14097
LEX-1143,2024-09-21,429,14526
LEX-1143,2024-09-22,331,14857
LEX-1143,2024-09-23,708,15565
LEX-1143,2024-09-24,774,16339
LEX-1143,2024-09-25,777,17116
LEX-1143,2024-09-26,798,17914
LEX-1143,2024-09-27,784,18698
LEX-1143,2024-09-28,424,19122
LEX-1143,2024-09-29,340,19462
LEX-1143,2024-09-30,653,20115
LEX-1143,2024-10-01,428,20543
LEX-1143,2024-10-02,432,20975
LEX-1143,2024-10-03,483,21458
LEX-1143,2024-10-04,476,21934
LEX-1143,2024-10-05,247,22181
LEX-1143,2024-10-06,248,22429
LEX-1143,2024-10-07,493,22922
LEX-1143,2024-10-08,423,23345
LEX-1143,2024-10-09,474,23819
LEX-1143,2024-10-10,463,24282
LEX-1143,2024-10-11,530,24812
LEX-1143,2024-10-12,248,25060
LEX-1143,2024-10-13,277,25337
LEX-1143,2024-10-14,445,25782
LEX-1143,2024-10-15,471,26253
LEX-1143,2024-10-16,518,26771
LEX-1143,2024-10-17,464,27235
LEX-1143,2024-10-18,497,27732
LEX-1143,2024-10-19,229,27961
LEX-1143,2024-10-20,264,28225
LEX-1143,2024-10-21,429,28654
LEX-1143,2024-10-22,557,29211
LEX-1143,2024-10-23,512,29723
LEX-1143,2024-10-24,502,30225
LEX-1143,2024-10-25,498,30723
LEX-1143,2024-10-26,228,30951
LEX-1143,2024-10-27,255,31206
LEX-1143,2024-10-28,463,31669
LEX-1143,2024-10-29,402,32071
LEX-1143,2024-10-30,486,32557
LEX-1143,2024-10-31,454,33011
LEX-1143,2024-11-01,488,33499
LEX-1143,2024-11-02,241,33740
LEX-1143,2024-11-03,214,33954
LEX-1143,2024-11-04,545,34499
LEX-1143,2024-11-05,457,34956
LEX-1143,2024-11-06,524,35480
LEX-1143,2024-11-07,455,35935
LEX-1143,2024-11-08,483,36418
LEX-1143,2024-11-09,247,36665
LEX-1143,2024-11-10,202,36867
LEX-1143,2024-11-11,459,37326
LEX-1143,2024-11-12,493,37819
LEX-1143,2024-11-13,485,38304
LEX-1143,2024-11-14,484,38788
LEX-1143,2024-11-15,518,39306
LEX-1143,2024-11-16,225,39531
LEX-1143,2024-11-17,242,39773
LEX-1143,2024-11-18,430,40203
LEX-1143,2024-11-19,463,40666
LEX-1143,2024-11-20,530,41196
LEX-1143,2024-11-21,483,41679
LEX-1143,2024-11-22,464,42143
LEX-1143,2024-11-23,225,42368
LEX-1143,2024-11-24,214,42582
LEX-1143,2024-11-25,519,43101
LEX-1143,2024-11-26,564,43665
LEX-1143,2024-11-27,466,44131
LEX-1143,2024-11-28,412,44543
LEX-1143,2024-11-29,541,45084
LEX-1143,2024-11-30,223,45307
LEX-1143,2024-12-01,397,45704
LEX-1143,2024-12-02,803,46507
LEX-1143,2024-12-03,840,47347
LEX-1143,2024-12-04,757,48104
LEX-1143,2024-12-05,799,48903
LEX-1143,2024-12-06,751,49654
LEX-1143,2024-12-07,324,49978
LEX-1143,2024-12-08,372,50350
LEX-1143,2024-12-09,794,51144
LEX-1143,2024-12-10,709,51853
LEX-1143,2024-12-11,776,52629
LEX-1143,2024-12-12,787,53416
LEX-1143,2024-12-13,853,54269
LEX-1143,2024-12-14,356,54625
LEX-1143,2024-12-15,393,55018
LEX-1143,2024-12-16,703,55721
LEX-1143,2024-12-17,636,56357
LEX-1143,2024-12-18,741,57098
LEX-1143,2024-12-19,737,57835
LEX-1143,2024-12-20,792,58627
LEX-1143,2024-12-21,421,59048
LEX-1143,2024-12-22,388,59436
LEX-1143,2024-12-23,730,60166
LEX-1143,2024-12-24,720,60886
LEX-1143,2024-12-25,842,61728
LEX-1143,2024-12-26,813,62541
LEX-1143,2024-12-27,716,63257
LEX-1143,2024-12-28,343,63600
LEX-1143,2024-12-29,358,63958
LEX-1143,2024-12-30,832,64790
LEX-1143,2024-12-31,712,65502
LEX-1143,2025-01-01,499,66001
LEX-1143,2025-01-02,547,66548
LEX-1143,2025-01-03,451,66999
LEX-1143,2025-01-04,233,67232
LEX-1143,2025-01-05,240,67472
LEX-1143,2025-01-06,420,67892
LEX-1143,2025-01-07,454,68346
LEX-1143,2025-01-08,488,68834
LEX-1143,2025-01-09,444,69278
LEX-1143,2025-01-10,564,69842
LEX-1143,2025-01-11,231,70073
LEX-1143,2025-01-12,237,70310
LEX-1143,2025-01-13,459,70769
LEX-1143,2025-01-14,472,71241
LEX-1143,2025-01-15,454,71695
LEX-1143,2025-01-16,401,72096
LEX-1143,2025-01-17,468,72564
LEX-1143,2025-01-18,275,72839
LEX-1143,2025-01-19,272,73111
LEX-1143,2025-01-20,441,73552
LEX-1143,2025-01-21,420,73972
LEX-1143,2025-01-22,402,74374
LEX-1143,2025-01-23,444,74818
LEX-1143,2025-01-24,460,75278
LEX-1143,2025-01-25,248,75526
LEX-1143,2025-01-26,232,75758
LEX-1143,2025-01-27,515,76273
LEX-1143,2025-01-28,504,76777
LEX-1143,2025-01-29,495,77272
LEX-1143,2025-01-30,477,77749
LEX-1143,2025-01-31,519,78268
LEX-1143,2025-02-01,253,78521
LEX-1143,2025-02-02,212,78733
LEX-1143,2025-02-03,502,79235
LEX-1143,2025-02-04,459,79694
LEX-1143,2025-02-05,517,80211
LEX-1143,2025-02-06,507,80718
LEX-1143,2025-02-07,548,81266
LEX-1143,2025-02-08,202,81468
LEX-1143,2025-02-09,246,81714
LEX-1143,2025-02-10,456,82170
LEX-1143,2025-02-11,564,82734
LEX-1143,2025-02-12,364,83098
LEX-1143,2025-02-13,498,83596
LEX-1143,2025-02-14,503,84099
LEX-1143,2025-02-15,199,84298
LEX-1143,2025-02-16,250,84548
LEX-1143,2025-02-17,404,84952
LEX-1143,2025-02-18,453,85405
LEX-1143,2025-02-19,497,85902
LEX-1143,2025-02-20,444,86346
LEX-1143,2025-02-21,484,86830
LEX-1143,2025-02-22,240,87070
LEX-1143,2025-02-23,251,87321
LEX-1143,2025-02-24,440,87761
LEX-1143,2025-02-25,517,88278
LEX-1143,2025-02-26,370,88648
LEX-1143,2025-02-27,540,89188
LEX-1143,2025-02-28,471,89659
LEX-1143,2025-03-01,380,90039
LEX-1143,2025-03-02,395,90434
LEX-1143,2025-03-03,782,91216
LEX-1143,2025-03-04,770,91986
LEX-1143,2025-03-05,847,92833
LEX-1143,2025-03-06,676,93509
LEX-1143,2025-03-07,712,94221
LEX-1143,2025-03-08,398,94619
LEX-1143,2025-03-09,374,94993
LEX-1143,2025-03-10,850,95843
LEX-1143,2025-03-11,909,96752
LEX-1143,2025-03-12,771,97523
LEX-1143,2025-03-13,664,98187
LEX-1143,2025-03-14,716,98903
LEX-1143,2025-03-15,322,99225
LEX-1143,2025-03-16,404,99629
LEX-1143,2025-03-17,712,100341
LEX-1143,2025-03-18,761,101102
LEX-1143,2025-03-19,753,101855
LEX-1143,2025-03-20,840,102695
LEX-1143,2025-03-21,774,103469
LEX-1143,2025-03-22,377,103846
LEX-1143,2025-03-23,357,104203
LEX-1143,2025-03-24,808,105011
LEX-1143,2025-03-25,703,105714
LEX-1143,2025-03-26,693,106407
LEX-1143,2025-03-27,734,107141
LEX-1143,2025-03-28,899,108040
LEX-1143,2025-03-29,382,108422
LEX-1143,2025-03-30,383,108805
LEX-1143,2025-03-31,790,109595
LEX-1143,2025-04-01,490,110085
LEX-1143,2025-04-02,473,110558
LEX-1143,2025-04-03,444,111002
LEX-1143,2025-04-04,464,111466
LEX-1143,2025-04-05,236,111702
LEX-1143,2025-04-06,213,111915
LEX-1143,2025-04-07,473,112388
LEX-1143,2025-04-08,489,112877
LEX-1143,2025-04-09,461,113338
LEX-1143,2025-04-10,529,113867
LEX-1143,2025-04-11,492,114359
LEX-1143,2025-04-12,226,114585
LEX-1143,2025-04-13,232,114817
LEX-1143,2025-04-14,529,115346
LEX-1143,2025-04-15,458,115804
LEX-1143,2025-04-16,450,116254
LEX-1143,2025-04-17,449,116703
LEX-1143,2025-04-18,484,117187
LEX-1143,2025-04-19,245,117432
LEX-1143,2025-04-20,254,117686
LEX-1143,2025-04-21,453,118139
LEX-1143,2025-04-22,540,118679
LEX-1143,2025-04-23,501,119180
LEX-1143,2025-04-24,465,119645
LEX-1143,2025-04-25,513,120158
LEX-1143,2025-04-26,277,120435
LEX-1143,2025-04-27,250,120685
LEX-1143,2025-04-28,549,121234
LEX-1143,2025-04-29,442,121676
LEX-1143,2025-04-30,407,122083
LEX-1143,2025-05-01,502,122585
LEX-1143,2025-05-02,525,123110
LEX-1143,2025-05-03,215,123325
LEX-1143,2025-05-04,264,123589
LEX-1143,2025-05-05,465,124054
LEX-1143,2025-05-06,505,124559
LEX-1143,2025-05-07,492,125051
LEX-1143,2025-05-08,499,125550
LEX-1143,2025-05-09,503,126053
LEX-1143,2025-05-10,239,126292
LEX-1143,2025-05-11,232,126524
LEX-1143,2025-05-12,495,127019
LEX-1143,2025-05-13,471,127490
LEX-1143,2025-05-14,455,127945
LEX-1143,2025-05-15,494,128439
LEX-1143,2025-05-16,458,128897
LEX-1143,2025-05-17,237,129134
LEX-1143,2025-05-18,230,129364
LEX-1143,2025-05-19,542,129906
LEX-1143,2025-05-20,485,130391
LEX-1143,2025-05-21,420,130811
LEX-1143,2025-05-22,529,131340
LEX-1143,2025-05-23,412,131752
LEX-1143,2025-05-24,282,132034
LEX-1143,2025-05-25,241,132275
LEX-1143,2025-05-26,457,132732
LEX-1143,2025-05-27,467,133199
LEX-1143,2025-05-28,420,133619
LEX-1143,2025-05-29,477,134096
LEX-1143,2025-05-30,464,134560
LEX-1143,2025-05-31,239,134799
LEX-1143,2025-06-01,413,135212
LEX-1143,2025-06-02,789,136001
LEX-1143,2025-06-03,699,136700
LEX-1143,2025-06-04,709,137409
LEX-1143,2025-06-05,786,138195
LEX-1143,2025-06-06,801,138996
LEX-1143,2025-06-07,383,139379
LEX-1143,2025-06-08,402,139781
LEX-1143,2025-06-09,779,140560
LEX-1143,2025-06-10,781,141341
LEX-1143,2025-06-11,822,142163
LEX-1143,2025-06-12,889,143052
LEX-1143,2025-06-13,789,143841
LEX-1143,2025-06-14,480,144321
LEX-1143,2025-06-15,389,144710
LEX-1143,2025-06-16,778,145488
LEX-1143,2025-06-17,891,146379
LEX-1143,2025-06-18,760,147139
LEX-1143,2025-06-19,659,147798
LEX-1143,2025-06-20,703,148501
LEX-1143,2025-06-21,413,148914
LEX-1143,2025-06-22,400,149314
LEX-1143,2025-06-23,713,150027
LEX-1143,2025-06-24,650,150677
LEX-1143,2025-06-25,747,151424
LEX-1143,2025-06-26,844,152268
LEX-1143,2025-06-27,764,153032
LEX-1143,2025-06-28,374,153406
LEX-1143,2025-06-29,351,153757
LEX-1143,2025-06-30,751,154508
LEX-1143,2025-07-01,502,155010
LEX-1143,2025-07-02,474,155484
LEX-1143,2025-07-03,475,155959
LEX-1143,2025-07-04,525,156484
LEX-1143,2025-07-05,225,156709
LEX-1143,2025-07-06,250,156959
LEX-1143,2025-07-07,475,157434
LEX-1143,2025-07-08,545,157979
LEX-1143,2025-07-09,515,158494
LEX-1143,2025-07-10,533,159027
LEX-1143,2025-07-11,505,159532
LEX-1143,2025-07-12,231,159763
LEX-1143,2025-07-13,268,160031
LEX-1143,2025-07-14,495,160526
LEX-1143,2025-07-15,490,161016
LEX-1143,2025-07-16,451,161467
LEX-1143,2025-07-17,510,161977
LEX-1143,2025-07-18,465,162442
LEX-1143,2025-07-19,230,162672
LEX-1143,2025-07-20,246,162918
LEX-1143,2025-07-21,458,163376
LEX-1143,2025-07-22,452,163828
LEX-1143,2025-07-23,445,164273
LEX-1143,2025-07-24,521,164794
LEX-1143,2025-07-25,537,165331
LEX-1143,2025-07-26,277,165608
LEX-1143,2025-07-27,258,165866
LEX-1143,2025-07-28,392,166258
LEX-1143,2025-07-29,494,166752
LEX-1143,2025-07-30,472,167224
LEX-1143,2025-07-31,573,167797
LEX-1143,2025-08-01,497,168294
LEX-1143,2025-08-02,224,168518
LEX-1143,2025-08-03,226,168744
LEX-1143,2025-08-04,414,169158
LEX-1143,2025-08-05,479,169637
LEX-1143,2025-08-06,421,170058
LEX-1143,2025-08-07,404,170462
LEX-1143,2025-08-08,445,170907
LEX-1143,2025-08-09,221,171128
LEX-1143,2025-08-10,242,171370
LEX-1143,2025-08-11,496,171866
LEX-1143,2025-08-12,482,172348
LEX-1143,2025-08-13,477,172825
LEX-1143,2025-08-14,496,173321
LEX-1143,2025-08-15,526,173847
LEX-1143,2025-08-16,221,174068
LEX-1143,2025-08-17,247,174315
LEX-1143,2025-08-18,482,174797
LEX-1143,2025-08-19,497,175294
LEX-1143,2025-08-20,474,175768
LEX-1143,2025-08-21,447,176215
LEX-1143,2025-08-22,480,176695
LEX-1143,2025-08-23,197,176892
LEX-1143,2025-08-24,207,177099
LEX-1143,2025-08-25,498,177597
LEX-1143,2025-08-26,489,178086
LEX-1143,2025-08-27,413,178499
LEX-1143,2025-08-28,505,179004
LEX-1143,2025-08-29,465,179469
LEX-1143,2025-08-30,219,179688
LEX-1143,2025-08-31,245,179933
LEX-1144,2024-09-01,769,769
LEX-1144,2024-09-02,1393,2162
LEX-1144,2024-09-03,1547,3709
LEX-1144,2024-09-04,1381,5090
LEX-1144,2024-09-05,1409,6499
LEX-1144,2024-09-06,1178,7677
LEX-1144,2024-09-07,755,8432
LEX-1144,2024-09-08,638,9070
LEX-1144,2024-09-09,1355,10425
LEX-1144,2024-09-10,1411,11836
LEX-1144,2024-09-11,1601,13437
LEX-1144,2024-09-12,1406,14843
LEX-1144,2024-09-13,1610,16453
LEX-1144,2024-09-14,647,17100
LEX-1144,2024-09-15,764,17864
LEX-1144,2024-09-16,1572,19436
LEX-1144,2024-09-17,1462,20898
LEX-1144,2024-09-18,1598,22496
LEX-1144,2024-09-19,1432,23928
LEX-1144,2024-09-20,1480,25408
LEX-1144,2024-09-21,573,25981
LEX-1144,2024-09-22,706,26687
LEX-1144,2024-09-23,1339,28026
LEX-1144,2024-09-24,1582,29608
LEX-1144,2024-09-25,1569,31177
LEX-1144,2024-09-26,1611,32788
LEX-1144,2024-09-27,1195,33983
LEX-1144,2024-09-28,746,34729
LEX-1144,2024-09-29,755,35484
LEX-1144,2024-09-30,1250,36734
LEX-1144,2024-10-01,813,37547
LEX-1144,2024-10-02,1078,38625
LEX-1144,2024-10-03,975,39600
LEX-1144,2024-10-04,893,40493
LEX-1144,2024-10-05,500,40993
LEX-1144,2024-10-06,415,41408
LEX-1144,2024-10-07,939,42347
LEX-1144,2024-10-08,973,43320
LEX-1144,2024-10-09,815,44135
LEX-1144,2024-10-10,851,44986
LEX-1144,2024-10-11,917,45903
LEX-1144,2024-10-12,503,46406
LEX-1144,2024-10-13,520,46926
LEX-1144,2024-10-14,1037,47963
LEX-1144,2024-10-15,976,48939
LEX-1144,2024-10-16,924,49863
LEX-1144,2024-10-17,1129,50992
LEX-1144,2024-10-18,938,51930
LEX-1144,2024-10-19,481,52411
LEX-1144,2024-10-20,503,52914
LEX-1144,2024-10-21,852,53766
LEX-1144,2024-10-22,995,54761
LEX-1144,2024-10-23,857,55618
LEX-1144,2024-10-24,991,56609
LEX-1144,2024-10-25,999,57608
LEX-1144,2024-10-26,484,58092
LEX-1144,2024-10-27,468,58560
LEX-1144,2024-10-28,1028,59588
LEX-1144,2024-10-29,810,60398
LEX-1144,2024-10-30,883,61281
LEX-1144,2024-10-31,857,62138
LEX-1144,2024-11-01,907,63045
LEX-1144,2024-11-02,454,63499
LEX-1144,2024-11-03,453,63952
LEX-1144,2024-11-04,1106,65058
LEX-1144,2024-11-05,882,65940
LEX-1144,2024-11-06,910,66850
LEX-1144,2024-11-07,1062,67912
LEX-1144,2024-11-08,984,68896
LEX-1144,2024-11-09,474,69370
LEX-1144,2024-11-10,514,69884
LEX-1144,2024-11-11,847,70731
LEX-1144,2024-11-12,1009,71740
LEX-1144,2024-11-13,1024,72764
LEX-1144,2024-11-14,1038,73802
LEX-1144,2024-11-15,963,74765
LEX-1144,2024-11-16,445,75210
LEX-1144,2024-11-17,504,75714
LEX-1144,2024-11-18,829,76543
LEX-1144,2024-11-19,976,77519
LEX-1144,2024-11-20,956,78475
LEX-1144,2024-11-21,944,79419
LEX-1144,2024-11-22,916,80335
LEX-1144,2024-11-23,519,80854
LEX-1144,2024-11-24,481,81335
LEX-1144,2024-11-25,988,82323
LEX-1144,2024-11-26,928,83251
LEX-1144,2024-11-27,1006,84257
LEX-1144,2024-11-28,895,85152
LEX-1144,2024-11-29,835,85987
LEX-1144,2024-11-30,441,86428
LEX-1144,2024-12-01,701,87129
LEX-1144,2024-12-02,1205,88334
LEX-1144,2024-12-03,1474,89808
LEX-1144,2024-12-04,1313,91121
LEX-1144,2024-12-05,1439,92560
LEX-1144,2024-12-06,1477,94037
LEX-1144,2024-12-07,697,94734
LEX-1144,2024-12-08,745,95479
LEX-1144,2024-12-09,1451,96930
LEX-1144,2024-12-10,1353,98283
LEX-1144,2024-12-11,1388,99671
LEX-1144,2024-12-12,1551,101222
LEX-1144,2024-12-13,1526,102748
LEX-1144,2024-12-14,882,103630
LEX-1144,2024-12-15,694,104324
LEX-1144,2024-12-16,1447,105771
LEX-1144,2024-12-17,1388,107159
LEX-1144,2024-12-18,1348,108507
LEX-1144,2024-12-19,1386,109893
LEX-1144,2024-12-20,1370,111263
LEX-1144,2024-12-21,746,112009
LEX-1144,2024-12-22,699,112708
LEX-1144,2024-12-23,1413,114121
LEX-1144,2024-12-24,1398,115519
LEX-1144,2024-12-25,1396,116915
LEX-1144,2024-12-26,1446,118361
LEX-1144,2024-12-27,1746,120107
LEX-1144,2024-12-28,760,120867
LEX-1144,2024-12-29,773,121640
LEX-1144,2024-12-30,1242,122882
LEX-1144,2024-12-31,1470,124352
LEX-1144,2025-01-01,867,125219
LEX-1144,2025-01-02,944,126163
LEX-1144,2025-01-03,988,127151
LEX-1144,2025-01-04,462,127613
LEX-1144,2025-01-05,454,128067
LEX-1144,2025-01-06,913,128980
LEX-1144,2025-01-07,899,129879
LEX-1144,2025-01-08,765,130644
LEX-1144,2025-01-09,902,131546
LEX-1144,2025-01-10,845,132391
LEX-1144,2025-01-11,373,132764
LEX-1144,2025-01-12,467,133231
LEX-1144,2025-01-13,801,134032
LEX-1144,2025-01-14,927,134959
LEX-1144,2025-01-15,866,135825
LEX-1144,2025-01-16,823,136648
LEX-1144,2025-01-17,973,137621
LEX-1144,2025-01-18,481,138102
LEX-1144,2025-01-19,478,138580
LEX-1144,2025-01-20,884,139464
LEX-1144,2025-01-21,841,140305
LEX-1144,2025-01-22,875,141180
LEX-1144,2025-01-23,907,142087
LEX-1144,2025-01-24,818,142905
LEX-1144,2025-01-25,474,143379
LEX-1144,2025-01-26,514,143893
LEX-1144,2025-01-27,893,144786
LEX-1144,2025-01-28,918,145704
LEX-1144,2025-01-29,1057,146761
LEX-1144,2025-01-30,970,147731
LEX-1144,2025-01-31,940,148671
LEX-1144,2025-02-01,438,149109
LEX-1144,2025-02-02,497,149606
LEX-1144,2025-02-03,924,150530
LEX-1144,2025-02-04,939,151469
LEX-1144,2025-02-05,726,152195
LEX-1144,2025-02-06,997,153192
LEX-1144,2025-02-07,931,154123
LEX-1144,2025-02-08,436,154559
LEX-1144,2025-02-09,492,155051
LEX-1144,2025-02-10,948,155999
LEX-1144,2025-02-11,989,156988
LEX-1144,2025-02-12,866,157854
LEX-1144,2025-02-13,880,158734
LEX-1144,2025-02-14,887,159621
LEX-1144,2025-02-15,428,160049
LEX-1144,2025-02-16,449,160498
LEX-1144,2025-02-17,975,161473
LEX-1144,2025-02-18,863,162336
LEX-1144,2025-02-19,943,163279
LEX-1144,2025-02-20,766,164045
LEX-1144,2025-02-21,950,164995
LEX-1144,2025-02-22,475,165470
LEX-1144,2025-02-23,442,165912
LEX-1144,2025-02-24,877,166789
LEX-1144,2025-02-25,988,167777
LEX-1144,2025-02-26,837,168614
LEX-1144,2025-02-27,1040,169654
LEX-1144,2025-02-28,913,170567
LEX-1144,2025-03-01,703,171270
LEX-1144,2025-03-02,634,171904
LEX-1144,2025-03-03,1548,173452
LEX-1144,2025-03-04,1481,174933
LEX-1144,2025-03-05,1546,176479
LEX-1144,2025-03-06,1635,178114
LEX-1144,2025-03-07,1383,179497
LEX-1144,2025-03-08,711,180208
LEX-1144,2025-03-09,677,180885
LEX-1144,2025-03-10,1384,182269
LEX-1144,2025-03-11,1596,183865
LEX-1144,2025-03-12,1567,185432
LEX-1144,2025-03-13,1485,186917
LEX-1144,2025-03-14,1537,188454
LEX-1144,2025-03-15,841,189295
LEX-1144,2025-03-16,713,190008
LEX-1144,2025-03-17,1570,191578
LEX-1144,2025-03-18,1546,193124
LEX-1144,2025-03-19,1381,194505
LEX-1144,2025-03-20,1459,195964
LEX-1144,2025-03-21,1395,197359
LEX-1144,2025-03-22,825,198184
LEX-1144,2025-03-23,669,198853
LEX-1144,2025-03-24,1226,200079
LEX-1144,2025-03-25,1287,201366
LEX-1144,2025-03-26,1406,202772
LEX-1144,2025-03-27,1504,204276
LEX-1144,2025-03-28,1297,205573
LEX-1144,2025-03-29,750,206323
LEX-1144,2025-03-30,757,207080
LEX-1144,2025-03-31,1427,208507
LEX-1144,2025-04-01,907,209414
LEX-1144,2025-04-02,957,210371
LEX-1144,2025-04-03,940,211311
LEX-1144,2025-04-04,929,212240
LEX-1144,2025-04-05,387,212627
LEX-1144,2025-04-06,437,213064
LEX-1144,2025-04-07,835,213899
LEX-1144,2025-04-08,965,214864
LEX-1144,2025-04-09,885,215749
LEX-1144,2025-04-10,1027,216776
LEX-1144,2025-04-11,1008,217784
LEX-1144,2025-04-12,509,218293
LEX-1144,2025-04-13,446,218739
LEX-1144,2025-04-14,873,219612
LEX-1144,2025-04-15,893,220505
LEX-1144,2025-04-16,989,221494
LEX-1144,2025-04-17,1006,222500
LEX-1144,2025-04-18,900,223400
LEX-1144,2025-04-19,501,223901
LEX-1144,2025-04-20,451,224352
LEX-1144,2025-04-21,973,225325
LEX-1144,2025-04-22,812,226137
LEX-1144,2025-04-23,848,226985
LEX-1144,2025-04-24,884,227869
LEX-1144,2025-04-25,764,228633
LEX-1144,2025-04-26,459,229092
LEX-1144,2025-04-27,483,229575
LEX-1144,2025-04-28,1006,230581
LEX-1144,2025-04-29,925,231506
LEX-1144,2025-04-30,865,232371
LEX-1144,2025-05-01,936,233307
LEX-1144,2025-05-02,914,234221
LEX-1144,2025-05-03,488,234709
LEX-1144,2025-05-04,458,235167
LEX-1144,2025-05-05,985,236152
LEX-1144,2025-05-06,900,237052
LEX-1144,2025-05-07,1015,238067
LEX-1144,2025-05-08,933,239000
LEX-1144,2025-05-09,876,239876
LEX-1144,2025-05-10,447,240323
LEX-1144,2025-05-11,486,240809
LEX-1144,2025-05-12,826,241635
LEX-1144,2025-05-13,910,242545
LEX-1144,2025-05-14,998,243543
LEX-1144,2025-05-15,958,244501
LEX-1144,2025-05-16,835,245336
LEX-1144,2025-05-17,471,245807
LEX-1144,2025-05-18,410,246217
LEX-1144,2025-05-19,933,247150
LEX-1144,2025-05-20,1021,248171
LEX-1144,2025-05-21,925,249096
LEX-1144,2025-05-22,836,249932
LEX-1144,2025-05-23,906,250838
LEX-1144,2025-05-24,467,251305
LEX-1144,2025-05-25,500,251805
LEX-1144,2025-05-26,999,252804
LEX-1144,2025-05-27,840,253644
LEX-1144,2025-05-28,896,254540
LEX-1144,2025-05-29,949,255489
LEX-1144,2025-05-30,875,256364
LEX-1144,2025-05-31,478,256842
LEX-1144,2025-06-01,656,257498
LEX-1144,2025-06-02,1503,259001
LEX-1144,2025-06-03,1593,260594
LEX-1144,2025-06-04,1478,262072
LEX-1144,2025-06-05,1493,263565
LEX-1144,2025-06-06,1571,265136
LEX-1144,2025-06-07,709,265845
LEX-1144,2025-06-08,772,266617
LEX-1144,2025-06-09,1468,268085
LEX-1144,2025-06-10,1365,269450
LEX-1144,2025-06-11,1578,271028
LEX-1144,2025-06-12,1637,272665
LEX-1144,2025-06-13,1608,274273
LEX-1144,2025-06-14,789,275062
LEX-1144,2025-06-15,766,275828
LEX-1144,2025-06-16,1515,277343
LEX-1144,2025-06-17,1461,278804
LEX-1144,2025-06-18,1394,280198
LEX-1144,2025-06-19,1228,281426
LEX-1144,2025-06-20,1287,282713
LEX-1144,2025-06-21,737,283450
LEX-1144,2025-06-22,660,284110
LEX-1144,2025-06-23,1521,285631
LEX-1144,2025-06-24,1678,287309
LEX-1144,2025-06-25,1092,288401
LEX-1144,2025-06-26,1357,289758
LEX-1144,2025-06-27,1729,291487
LEX-1144,2025-06-28,785,292272
LEX-1144,2025-06-29,729,293001
LEX-1144,2025-06-30,1409,294410
LEX-1144,2025-07-01,963,295373
LEX-1144,2025-07-02,992,296365
LEX-1144,2025-07-03,826,297191
LEX-1144,2025-07-04,1030,298221
LEX-1144,2025-07-05,474,298695
LEX-1144,2025-07-06,494,299189
LEX-1144,2025-07-07,995,300184
LEX-1144,2025-07-08,943,301127
LEX-1144,2025-07-09,952,302079
LEX-1144,2025-07-10,958,303037
LEX-1144,2025-07-11,893,303930
LEX-1144,2025-07-12,483,304413
LEX-1144,2025-07-13,450,304863
LEX-1144,2025-07-14,920,305783
LEX-1144,2025-07-15,1035,306818
LEX-1144,2025-07-16,917,307735
LEX-1144,2025-07-17,950,308685
LEX-1144,2025-07-18,907,309592
LEX-1144,2025-07-19,446,310038
LEX-1144,2025-07-20,531,310569
LEX-1144,2025-07-21,812,311381
LEX-1144,2025-07-22,924,312305
LEX-1144,2025-07-23,831,313136
LEX-1144,2025-07-24,1012,314148
LEX-1144,2025-07-25,915,315063
LEX-1144,2025-07-26,442,315505
LEX-1144,2025-07-27,392,315897
LEX-1144,2025-07-28,1036,316933
LEX-1144,2025-07-29,822,317755
LEX-1144,2025-07-30,956,318711
LEX-1144,2025-07-31,988,319699
LEX-1144,2025-08-01,1080,320779
LEX-1144,2025-08-02,439,321218
LEX-1144,2025-08-03,428,321646
LEX-1144,2025-08-04,888,322534
LEX-1144,2025-08-05,876,323410
LEX-1144,2025-08-06,781,324191
LEX-1144,2025-08-07,1040,325231
LEX-1144,2025-08-08,889,326120
LEX-1144,2025-08-09,454,326574
LEX-1144,2025-08-10,483,327057
LEX-1144,2025-08-11,1022,328079
LEX-1144,2025-08-12,834,328913
LEX-1144,2025-08-13,946,329859
LEX-1144,2025-08-14,830,330689
LEX-1144,2025-08-15,944,331633
LEX-1144,2025-08-16,470,332103
LEX-1144,2025-08-17,442,332545
LEX-1144,2025-08-18,937,333482
LEX-1144,2025-08-19,938,334420
LEX-1144,2025-08-20,914,335334
LEX-1144,2025-08-21,905,336239
LEX-1144,2025-08-22,819,337058
LEX-1144,2025-08-23,419,337477
LEX-1144,2025-08-24,437,337914
LEX-1144,2025-08-25,845,338759
LEX-1144,2025-08-26,877,339636
LEX-1144,2025-08-27,914,340550
LEX-1144,2025-08-28,926,341476
LEX-1144,2025-08-29,961,342437
LEX-1144,2025-08-30,465,342902
LEX-1144,2025-08-31,464,343366
LEX-1145,2024-09-01,526,526
LEX-1145,2024-09-02,934,1460
LEX-1145,2024-09-03,941,2401
LEX-1145,2024-09-04,978,3379
LEX-1145,2024-09-05,952,4331
LEX-1145,2024-09-06,867,5198
LEX-1145,2024-09-07,527,5725
LEX-1145,2024-09-08,464,6189
LEX-1145,2024-09-09,1154,7343
LEX-1145,2024-09-10,1022,8365
LEX-1145,2024-09-11,887,9252
LEX-1145,2024-09-12,1062,10314
LEX-1145,2024-09-13,1011,11325
LEX-1145,2024-09-14,516,11841
LEX-1145,2024-09-15,484,12325
LEX-1145,2024-09-16,933,13258
LEX-1145,2024-09-17,890,14148
LEX-1145,2024-09-18,905,15053
LEX-1145,2024-09-19,898,15951
LEX-1145,2024-09-20,979,16930
LEX-1145,2024-09-21,502,17432
LEX-1145,2024-09-22,441,17873
LEX-1145,2024-09-23,1081,18954
LEX-1145,2024-09-24,1020,19974
LEX-1145,2024-09-25,1204,21178
LEX-1145,2024-09-26,976,22154
LEX-1145,2024-09-27,1188,23342
LEX-1145,2024-09-28,534,23876
LEX-1145,2024-09-29,425,24301
LEX-1145,2024-09-30,912,25213
LEX-1145,2024-10-01,646,25859
LEX-1145,2024-10-02,542,26401
LEX-1145,2024-10-03,585,26986
LEX-1145,2024-10-04,550,27536
LEX-1145,2024-10-05,369,27905
LEX-1145,2024-10-06,342,28247
LEX-1145,2024-10-07,613,28860
LEX-1145,2024-10-08,706,29566
LEX-1145,2024-10-09,693,30259
LEX-1145,2024-10-10,696,30955
LEX-1145,2024-10-11,602,31557
LEX-1145,2024-10-12,307,31864
LEX-1145,2024-10-13,287,32151
LEX-1145,2024-10-14,624,32775
LEX-1145,2024-10-15,589,33364
LEX-1145,2024-10-16,576,33940
LEX-1145,2024-10-17,687,34627
LEX-1145,2024-10-18,664,35291
LEX-1145,2024-10-19,292,35583
LEX-1145,2024-10-20,339,35922
LEX-1145,2024-10-21,646,36568
LEX-1145,2024-10-22,614,37182
LEX-1145,2024-10-23,710,37892
LEX-1145,2024-10-24,645,38537
LEX-1145,2024-10-25,720,39257
LEX-1145,2024-10-26,329,39586
LEX-1145,2024-10-27,331,39917
LEX-1145,2024-10-28,576,40493
LEX-1145,2024-10-29,602,41095
LEX-1145,2024-10-30,703,41798
LEX-1145,2024-10-31,689,42487
LEX-1145,2024-11-01,612,43099
LEX-1145,2024-11-02,281,43380
LEX-1145,2024-11-03,357,43737
LEX-1145,2024-11-04,684,44421
LEX-1145,2024-11-05,572,44993
LEX-1145,2024-11-06,572,45565
LEX-1145,2024-11-07,722,46287
LEX-1145,2024-11-08,604,46891
LEX-1145,2024-11-09,302,47193
LEX-1145,2024-11-10,298,47491
LEX-1145,2024-11-11,648,48139
LEX-1145,2024-11-12,559,48698
LEX-1145,2024-11-13,642,49340
LEX-1145,2024-11-14,559,49899
LEX-1145,2024-11-15,559,50458
LEX-1145,2024-11-16,280,50738
LEX-1145,2024-11-17,281,51019
LEX-1145,2024-11-18,666,51685
LEX-1145,2024-11-19,666,52351
LEX-1145,2024-11-20,622,52973
LEX-1145,2024-11-21,598,53571
LEX-1145,2024-11-22,700,54271
LEX-1145,2024-11-23,332,54603
LEX-1145,2024-11-24,285,54888
LEX-1145,2024-11-25,648,55536
LEX-1145,2024-11-26,645,56181
LEX-1145,2024-11-27,666,56847
LEX-1145,2024-11-28,769,57616
LEX-1145,2024-11-29,589,58205
LEX-1145,2024-11-30,329,58534
LEX-1145,2024-12-01,564,59098
LEX-1145,2024-12-02,1147,60245
LEX-1145,2024-12-03,1023,61268
LEX-1145,2024-12-04,903,62171
LEX-1145,2024-12-05,863,63034
LEX-1145,2024-12-06,1075,64109
LEX-1145,2024-12-07,518,64627
LEX-1145,2024-12-08,509,65136
LEX-1145,2024-12-09,1031,66167
LEX-1145,2024-12-10,1087,67254
LEX-1145,2024-12-11,1052,68306
LEX-1145,2024-12-12,1039,69345
LEX-1145,2024-12-13,960,70305
LEX-1145,2024-12-14,546,70851
LEX-1145,2024-12-15,481,71332
LEX-1145,2024-12-16,1086,72418
LEX-1145,2024-12-17,977,73395
LEX-1145,2024-12-18,1056,74451
LEX-1145,2024-12-19,1151,75602
LEX-1145,2024-12-20,1062,76664
LEX-1145,2024-12-21,561,77225
LEX-1145,2024-12-22,489,77714
LEX-1145,2024-12-23,1016,78730
LEX-1145,2024-12-24,980,79710
LEX-1145,2024-12-25,874,80584
LEX-1145,2024-12-26,1094,81678
LEX-1145,2024-12-27,1054,82732
LEX-1145,2024-12-28,524,83256
LEX-1145,2024-12-29,554,83810
LEX-1145,2024-12-30,917,84727
LEX-1145,2024-12-31,897,85624
LEX-1145,2025-01-01,693,86317
LEX-1145,2025-01-02,626,86943
LEX-1145,2025-01-03,641,87584
LEX-1145,2025-01-04,278,87862
LEX-1145,2025-01-05,352,88214
LEX-1145,2025-01-06,664,88878
LEX-1145,2025-01-07,601,89479
LEX-1145,2025-01-08,735,90214
LEX-1145,2025-01-09,561,90775
LEX-1145,2025-01-10,613,91388
LEX-1145,2025-01-11,340,91728
LEX-1145,2025-01-12,344,92072
LEX-1145,2025-01-13,555,92627
LEX-1145,2025-01-14,616,93243
LEX-1145,2025-01-15,668,93911
LEX-1145,2025-01-16,704,94615
LEX-1145,2025-01-17,700,95315
LEX-1145,2025-01-18,332,95647
LEX-1145,2025-01-19,317,95964
LEX-1145,2025-01-20,621,96585
LEX-1145,2025-01-21,655,97240
LEX-1145,2025-01-22,702,97942
LEX-1145,2025-01-23,619,98561
LEX-1145,2025-01-24,616,99177
LEX-1145,2025-01-25,344,99521
LEX-1145,2025-01-26,342,99863
LEX-1145,2025-01-27,605,100468
LEX-1145,2025-01-28,563,101031
LEX-1145,2025-01-29,544,101575
LEX-1145,2025-01-30,637,102212
LEX-1145,2025-01-31,574,102786
LEX-1145,2025-02-01,337,103123
LEX-1145,2025-02-02,271,103394
LEX-1145,2025-02-03,711,104105
LEX-1145,2025-02-04,613,104718
LEX-1145,2025-02-05,590,105308
LEX-1145,2025-02-06,603,105911
LEX-1145,2025-02-07,586,106497
LEX-1145,2025-02-08,353,106850
LEX-1145,2025-02-09,332,107182
LEX-1145,2025-02-10,635,107817
LEX-1145,2025-02-11,569,108386
LEX-1145,2025-02-12,627,109013
LEX-1145,2025-02-13,591,109604
LEX-1145,2025-02-14,497,110101
LEX-1145,2025-02-15,297,110398
LEX-1145,2025-02-16,330,110728
LEX-1145,2025-02-17,608,111336
LEX-1145,2025-02-18,623,111959
LEX-1145,2025-02-19,682,112641
LEX-1145,2025-02-20,673,113314
LEX-1145,2025-02-21,729,114043
LEX-1145,2025-02-22,259,114302
LEX-1145,2025-02-23,293,114595
LEX-1145,2025-02-24,676,115271
LEX-1145,2025-02-25,652,115923
LEX-1145,2025-02-26,635,116558
LEX-1145,2025-02-27,599,117157
LEX-1145,2025-02-28,641,117798
LEX-1145,2025-03-01,511,118309
LEX-1145,2025-03-02,429,118738
LEX-1145,2025-03-03,1025,119763
LEX-1145,2025-03-04,967,120730
LEX-1145,2025-03-05,1076,121806
LEX-1145,2025-03-06,1036,122842
LEX-1145,2025-03-07,1166,124008
LEX-1145,2025-03-08,504,124512
LEX-1145,2025-03-09,460,124972
LEX-1145,2025-03-10,807,125779
LEX-1145,2025-03-11,933,126712
LEX-1145,2025-03-12,1039,127751
LEX-1145,2025-03-13,1059,128810
LEX-1145,2025-03-14,959,129769
LEX-1145,2025-03-15,487,130256
LEX-1145,2025-03-16,507,130763
LEX-1145,2025-03-17,1039,131802
LEX-1145,2025-03-18,1091,132893
LEX-1145,2025-03-19,961,133854
LEX-1145,2025-03-20,948,134802
LEX-1145,2025-03-21,1172,135974
LEX-1145,2025-03-22,576,136550
LEX-1145,2025-03-23,483,137033
LEX-1145,2025-03-24,1100,138133
LEX-1145,2025-03-25,1186,139319
LEX-1145,2025-03-26,1115,140434
LEX-1145,2025-03-27,947,141381
LEX-1145,2025-03-28,1017,142398
LEX-1145,2025-03-29,433,142831
LEX-1145,2025-03-30,465,143296
LEX-1145,2025-03-31,1007,144303
LEX-1145,2025-04-01,641,144944
LEX-1145,2025-04-02,595,145539
LEX-1145,2025-04-03,491,146030
LEX-1145,2025-04-04,640,146670
LEX-1145,2025-04-05,333,147003
LEX-1145,2025-04-06,334,147337
LEX-1145,2025-04-07,620,147957
LEX-1145,2025-04-08,623,148580
LEX-1145,2025-04-09,642,149222
LEX-1145,2025-04-10,651,149873
LEX-1145,2025-04-11,625,150498
LEX-1145,2025-04-12,256,150754
LEX-1145,2025-04-13,350,151104
LEX-1145,2025-04-14,607,151711
LEX-1145,2025-04-15,568,152279
LEX-1145,2025-04-16,610,152889
LEX-1145,2025-04-17,636,153525
LEX-1145,2025-04-18,599,154124
LEX-1145,2025-04-19,301,154425
LEX-1145,2025-04-20,307,154732
LEX-1145,2025-04-21,648,155380
LEX-1145,2025-04-22,590,155970
LEX-1145,2025-04-23,647,156617
LEX-1145,2025-04-24,560,157177
LEX-1145,2025-04-25,731,157908
LEX-1145,2025-04-26,342,158250
LEX-1145,2025-04-27,308,158558
LEX-1145,2025-04-28,647,159205
LEX-1145,2025-04-29,571,159776
LEX-1145,2025-04-30,658,160434
LEX-1145,2025-05-01,673,161107
LEX-1145,2025-05-02,643,161750
LEX-1145,2025-05-03,337,162087
LEX-1145,2025-05-04,315,162402
LEX-1145,2025-05-05,625,163027
LEX-1145,2025-05-06,597,163624
LEX-1145,2025-05-07,658,164282
LEX-1145,2025-05-08,588,164870
LEX-1145,2025-05-09,651,165521
LEX-1145,2025-05-10,322,165843
LEX-1145,2025-05-11,349,166192
LEX-1145,2025-05-12,659,166851
LEX-1145,2025-05-13,541,167392
LEX-1145,2025-05-14,597,167989
LEX-1145,2025-05-15,595,168584
LEX-1145,2025-05-16,593,169177
LEX-1145,2025-05-17,339,169516
LEX-1145,2025-05-18,259,169775
LEX-1145,2025-05-19,702,170477
LEX-1145,2025-05-20,680,171157
LEX-1145,2025-05-21,639,171796
LEX-1145,2025-05-22,648,172444
LEX-1145,2025-05-23,634,173078
LEX-1145,2025-05-24,319,173397
LEX-1145,2025-05-25,343,173740
LEX-1145,2025-05-26,619,174359
LEX-1145,2025-05-27,660,175019
LEX-1145,2025-05-28,586,175605
LEX-1145,2025-05-29,657,176262
LEX-1145,2025-05-30,670,176932
LEX-1145,2025-05-31,368,177300
LEX-1145,2025-06-01,561,177861
LEX-1145,2025-06-02,1012,178873
LEX-1145,2025-06-03,988,179861
LEX-1145,2025-06-04,987,180848
LEX-1145,2025-06-05,830,181678
LEX-1145,2025-06-06,1024,182702
LEX-1145,2025-06-07,525,183227
LEX-1145,2025-06-08,467,183694
LEX-1145,2025-06-09,892,184586
LEX-1145,2025-06-10,1007,185593
LEX-1145,2025-06-11,1081,186674
LEX-1145,2025-06-12,931,187605
LEX-1145,2025-06-13,922,188527
LEX-1145,2025-06-14,479,189006
LEX-1145,2025-06-15,522,189528
LEX-1145,2025-06-16,949,190477
LEX-1145,2025-06-17,1132,191609
LEX-1145,2025-06-18,972,192581
LEX-1145,2025-06-19,964,193545
LEX-1145,2025-06-20,1013,194558
LEX-1145,2025-06-21,544,195102
LEX-1145,2025-06-22,528,195630
LEX-1145,2025-06-23,859,196489
LEX-1145,2025-06-24,1049,197538
LEX-1145,2025-06-25,1090,198628
LEX-1145,2025-06-26,1097,199725
LEX-1145,2025-06-27,1129,200854
LEX-1145,2025-06-28,595,201449
LEX-1145,2025-06-29,508,201957
LEX-1145,2025-06-30,981,202938
LEX-1145,2025-07-01,589,203527
LEX-1145,2025-07-02,570,204097
LEX-1145,2025-07-03,607,204704
LEX-1145,2025-07-04,604,205308
LEX-1145,2025-07-05,288,205596
LEX-1145,2025-07-06,320,205916
LEX-1145,2025-07-07,627,206543
LEX-1145,2025-07-08,634,207177
LEX-1145,2025-07-09,580,207757
LEX-1145,2025-07-10,652,208409
LEX-1145,2025-07-11,597,209006
LEX-1145,2025-07-12,352,209358
LEX-1145,2025-07-13,259,209617
LEX-1145,2025-07-14,601,210218
LEX-1145,2025-07-15,655,210873
LEX-1145,2025-07-16,564,211437
LEX-1145,2025-07-17,696,212133
LEX-1145,2025-07-18,681,212814
LEX-1145,2025-07-19,358,213172
LEX-1145,2025-07-20,347,213519
LEX-1145,2025-07-21,667,214186
LEX-1145,2025-07-22,637,214823
LEX-1145,2025-07-23,569,215392
LEX-1145,2025-07-24,698,216090
LEX-1145,2025-07-25,597,216687
LEX-1145,2025-07-26,309,216996
LEX-1145,2025-07-27,305,217301
LEX-1145,2025-07-28,602,217903
LEX-1145,2025-07-29,688,218591
LEX-1145,2025-07-30,676,219267
LEX-1145,2025-07-31,656,219923
LEX-1145,2025-08-01,630,220553
LEX-1145,2025-08-02,272,220825
LEX-1145,2025-08-03,313,221138
LEX-1145,2025-08-04,697,221835
LEX-1145,2025-08-05,605,222440
LEX-1145,2025-08-06,602,223042
LEX-1145,2025-08-07,673,223715
LEX-1145,2025-08-08,629,224344
LEX-1145,2025-08-09,346,224690
LEX-1145,2025-08-10,293,224983
LEX-1145,2025-08-11,640,225623
LEX-1145,2025-08-12,646,226269
LEX-1145,2025-08-13,626,226895
LEX-1145,2025-08-14,698,227593
LEX-1145,2025-08-15,632,228225
LEX-1145,2025-08-16,332,228557
LEX-1145,2025-08-17,313,228870
LEX-1145,2025-08-18,629,229499
LEX-1145,2025-08-19,648,230147
LEX-1145,2025-08-20,583,230730
LEX-1145,2025-08-21,600,231330
LEX-1145,2025-08-22,624,231954
LEX-1145,2025-08-23,316,232270
LEX-1145,2025-08-24,314,232584
LEX-1145,2025-08-25,542,233126
LEX-1145,2025-08-26,681,233807
LEX-1145,2025-08-27,627,234434
LEX-1145,2025-08-28,564,234998
LEX-1145,2025-08-29,610,235608
LEX-1145,2025-08-30,355,235963
LEX-1145,2025-08-31,298,236261
LEX-1146,2024-09-01,403,403
LEX-1146,2024-09-02,673,1076
LEX-1146,2024-09-03,783,1859
LEX-1146,2024-09-04,768,2627
LEX-1146,2024-09-05,704,3331
LEX-1146,2024-09-06,626,3957
LEX-1146,2024-09-07,324,4281
LEX-1146,2024-09-08,340,4621
LEX-1146,2024-09-09,715,5336
LEX-1146,2024-09-10,647,5983
LEX-1146,2024-09-11,604,6587
LEX-1146,2024-09-12,694,7281
LEX-1146,2024-09-13,644,7925
LEX-1146,2024-09-14,327,8252
LEX-1146,2024-09-15,329,8581
LEX-1146,2024-09-16,700,9281
LEX-1146,2024-09-17,732,10013
LEX-1146,2024-09-18,777,10790
LEX-1146,2024-09-19,623,11413
LEX-1146,2024-09-20,666,12079
LEX-1146,2024-09-21,365,12444
LEX-1146,2024-09-22,349,12793
LEX-1146,2024-09-23,639,13432
LEX-1146,2024-09-24,750,14182
LEX-1146,2024-09-25,698,14880
LEX-1146,2024-09-26,791,15671
LEX-1146,2024-09-27,703,16374
LEX-1146,2024-09-28,334,16708
LEX-1146,2024-09-29,334,17042
LEX-1146,2024-09-30,616,17658
LEX-1146,2024-10-01,485,18143
LEX-1146,2024-10-02,431,18574
LEX-1146,2024-10-03,372,18946
LEX-1146,2024-10-04,466,19412
LEX-1146,2024-10-05,198,19610
LEX-1146,2024-10-06,227,19837
LEX-1146,2024-10-07,418,20255
LEX-1146,2024-10-08,453,20708
LEX-1146,2024-10-09,386,21094
LEX-1146,2024-10-10,445,21539
LEX-1146,2024-10-11,407,21946
LEX-1146,2024-10-12,186,22132
LEX-1146,2024-10-13,228,22360
LEX-1146,2024-10-14,429,22789
LEX-1146,2024-10-15,413,23202
LEX-1146,2024-10-16,416,23618
LEX-1146,2024-10-17,458,24076
LEX-1146,2024-10-18,436,24512
LEX-1146,2024-10-19,227,24739
LEX-1146,2024-10-20,217,24956
LEX-1146,2024-10-21,469,25425
LEX-1146,2024-10-22,386,25811
LEX-1146,2024-10-23,384,26195
LEX-1146,2024-10-24,453,26648
LEX-1146,2024-10-25,470,27118
LEX-1146,2024-10-26,226,27344
LEX-1146,2024-10-27,237,27581
LEX-1146,2024-10-28,467,28048
LEX-1146,2024-10-29,445,28493
LEX-1146,2024-10-30,368,28861
LEX-1146,2024-10-31,431,29292
LEX-1146,2024-11-01,421,29713
LEX-1146,2024-11-02,226,29939
LEX-1146,2024-11-03,227,30166
LEX-1146,2024-11-04,381,30547
LEX-1146,2024-11-05,391,30938
LEX-1146,2024-11-06,351,31289
LEX-1146,2024-11-07,493,31782
LEX-1146,2024-11-08,454,32236
LEX-1146,2024-11-09,210,32446
LEX-1146,2024-11-10,221,32667
LEX-1146,2024-11-11,447,33114
LEX-1146,2024-11-12,460,33574
LEX-1146,2024-11-13,366,33940
LEX-1146,2024-11-14,406,34346
LEX-1146,2024-11-15,443,34789
LEX-1146,2024-11-16,218,35007
LEX-1146,2024-11-17,227,35234
LEX-1146,2024-11-18,389,35623
LEX-1146,2024-11-19,425,36048
LEX-1146,2024-11-20,432,36480
LEX-1146,2024-11-21,456,36936
LEX-1146,2024-11-22,444,37380
LEX-1146,2024-11-23,201,37581
LEX-1146,2024-11-24,236,37817
LEX-1146,2024-11-25,416,38233
LEX-1146,2024-11-26,402,38635
LEX-1146,2024-11-27,439,39074
LEX-1146,2024-11-28,406,39480
LEX-1146,2024-11-29,472,39952
LEX-1146,2024-11-30,242,40194
LEX-1146,2024-12-01,335,40529
LEX-1146,2024-12-02,644,41173
LEX-1146,2024-12-03,730,41903
LEX-1146,2024-12-04,700,42603
LEX-1146,2024-12-05,658,43261
LEX-1146,2024-12-06,678,43939
LEX-1146,2024-12-07,345,44284
LEX-1146,2024-12-08,304,44588
LEX-1146,2024-12-09,746,45334
LEX-1146,2024-12-10,645,45979
LEX-1146,2024-12-11,669,46648
LEX-1146,2024-12-12,701,47349
LEX-1146,2024-12-13,752,48101
LEX-1146,2024-12-14,400,48501
LEX-1146,2024-12-15,340,48841
LEX-1146,2024-12-16,750,49591
LEX-1146,2024-12-17,666,50257
LEX-1146,2024-12-18,727,50984
LEX-1146,2024-12-19,665,51649
LEX-1146,2024-12-20,603,52252
LEX-1146,2024-12-21,374,52626
LEX-1146,2024-12-22,328,52954
LEX-1146,2024-12-23,709,53663
LEX-1146,2024-12-24,605,54268
LEX-1146,2024-12-25,622,54890
LEX-1146,2024-12-26,593,55483
LEX-1146,2024-12-27,715,56198
LEX-1146,2024-12-28,321,56519
LEX-1146,2024-12-29,388,56907
LEX-1146,2024-12-30,611,57518
LEX-1146,2024-12-31,707,58225
LEX-1146,2025-01-01,364,58589
LEX-1146,2025-01-02,509,59098
LEX-1146,2025-01-03,392,59490
LEX-1146,2025-01-04,228,59718
LEX-1146,2025-01-05,208,59926
LEX-1146,2025-01-06,459,60385
LEX-1146,2025-01-07,398,60783
LEX-1146,2025-01-08,439,61222
LEX-1146,2025-01-09,414,61636
LEX-1146,2025-01-10,528,62164
LEX-1146,2025-01-11,200,62364
LEX-1146,2025-01-12,198,62562
LEX-1146,2025-01-13,489,63051
LEX-1146,2025-01-14,460,63511
LEX-1146,2025-01-15,406,63917
LEX-1146,2025-01-16,438,64355
LEX-1146,2025-01-17,439,64794
LEX-1146,2025-01-18,222,65016
LEX-1146,2025-01-19,230,65246
LEX-1146,2025-01-20,395,65641
LEX-1146,2025-01-21,443,66084
LEX-1146,2025-01-22,423,66507
LEX-1146,2025-01-23,346,66853
LEX-1146,2025-01-24,416,67269
LEX-1146,2025-01-25,208,67477
LEX-1146,2025-01-26,232,67709
LEX-1146,2025-01-27,478,68187
LEX-1146,2025-01-28,456,68643
LEX-1146,2025-01-29,361,69004
LEX-1146,2025-01-30,507,69511
LEX-1146,2025-01-31,473,69984
LEX-1146,2025-02-01,216,70200
LEX-1146,2025-02-02,220,70420
LEX-1146,2025-02-03,452,70872
LEX-1146,2025-02-04,439,71311
LEX-1146,2025-02-05,464,71775
LEX-1146,2025-02-06,485,72260
LEX-1146,2025-02-07,368,72628
LEX-1146,2025-02-08,211,72839
LEX-1146,2025-02-09,224,73063
LEX-1146,2025-02-10,390,73453
LEX-1146,2025-02-11,509,73962
LEX-1146,2025-02-12,342,74304
LEX-1146,2025-02-13,411,74715
LEX-1146,2025-02-14,458,75173
LEX-1146,2025-02-15,256,75429
LEX-1146,2025-02-16,223,75652
LEX-1146,2025-02-17,456,76108
LEX-1146,2025-02-18,415,76523
LEX-1146,2025-02-19,504,77027
LEX-1146,2025-02-20,494,77521
LEX-1146,2025-02-21,464,77985
LEX-1146,2025-02-22,174,78159
LEX-1146,2025-02-23,219,78378
LEX-1146,2025-02-24,413,78791
LEX-1146,2025-02-25,435,79226
LEX-1146,2025-02-26,418,79644
LEX-1146,2025-02-27,449,80093
LEX-1146,2025-02-28,413,80506
LEX-1146,2025-03-01,341,80847
LEX-1146,2025-03-02,336,81183
LEX-1146,2025-03-03,718,81901
LEX-1146,2025-03-04,614,82515
LEX-1146,2025-03-05,597,83112
LEX-1146,2025-03-06,742,83854
LEX-1146,2025-03-07,673,84527
LEX-1146,2025-03-08,369,84896
LEX-1146,2025-03-09,371,85267
LEX-1146,2025-03-10,660,85927
LEX-1146,2025-03-11,664,86591
LEX-1146,2025-03-12,661,87252
LEX-1146,2025-03-13,618,87870
LEX-1146,2025-03-14,604,88474
LEX-1146,2025-03-15,344,88818
LEX-1146,2025-03-16,311,89129
LEX-1146,2025-03-17,686,89815
LEX-1146,2025-03-18,645,90460
LEX-1146,2025-03-19,647,91107
LEX-1146,2025-03-20,678,91785
LEX-1146,2025-03-21,792,92577
LEX-1146,2025-03-22,391,92968
LEX-1146,2025-03-23,377,93345
LEX-1146,2025-03-24,701,94046
LEX-1146,2025-03-25,594,94640
LEX-1146,2025-03-26,761,95401
LEX-1146,2025-03-27,658,96059
LEX-1146,2025-03-28,784,96843
LEX-1146,2025-03-29,327,97170
LEX-1146,2025-03-30,384,97554
LEX-1146,2025-03-31,739,98293
LEX-1146,2025-04-01,360,98653
LEX-1146,2025-04-02,468,99121
LEX-1146,2025-04-03,438,99559
LEX-1146,2025-04-04,389,99948
LEX-1146,2025-04-05,210,100158
LEX-1146,2025-04-06,259,100417
LEX-1146,2025-04-07,365,100782
LEX-1146,2025-04-08,437,101219
LEX-1146,2025-04-09,414,101633
LEX-1146,2025-04-10,456,102089
LEX-1146,2025-04-11,472,102561
LEX-1146,2025-04-12,222,102783
LEX-1146,2025-04-13,234,103017
LEX-1146,2025-04-14,400,103417
LEX-1146,2025-04-15,431,103848
LEX-1146,2025-04-16,494,104342
LEX-1146,2025-04-17,412,104754
LEX-1146,2025-04-18,404,105158
LEX-1146,2025-04-19,208,105366
LEX-1146,2025-04-20,227,105593
LEX-1146,2025-04-21,435,106028
LEX-1146,2025-04-22,459,106487
LEX-1146,2025-04-23,408,106895
LEX-1146,2025-04-24,382,107277
LEX-1146,2025-04-25,411,107688
LEX-1146,2025-04-26,192,107880
LEX-1146,2025-04-27,220,108100
LEX-1146,2025-04-28,428,108528
LEX-1146,2025-04-29,438,108966
LEX-1146,2025-04-30,444,109410
LEX-1146,2025-05-01,415,109825
LEX-1146,2025-05-02,458,110283
LEX-1146,2025-05-03,220,110503
LEX-1146,2025-05-04,207,110710
LEX-1146,2025-05-05,449,111159
LEX-1146,2025-05-06,449,111608
LEX-1146,2025-05-07,514,112122
LEX-1146,2025-05-08,456,112578
LEX-1146,2025-05-09,473,113051
LEX-1146,2025-05-10,210,113261
LEX-1146,2025-05-11,201,113462
LEX-1146,2025-05-12,455,113917
LEX-1146,2025-05-13,409,114326
LEX-1146,2025-05-14,418,114744
LEX-1146,2025-05-15,385,115129
LEX-1146,2025-05-16,436,115565
LEX-1146,2025-05-17,212,115777
LEX-1146,2025-05-18,212,115989
LEX-1146,2025-05-19,463,116452
LEX-1146,2025-05-20,414,116866
LEX-1146,2025-05-21,438,117304
LEX-1146,2025-05-22,416,117720
LEX-1146,2025-05-23,388,118108
LEX-1146,2025-05-24,221,118329
LEX-1146,2025-05-25,225,118554
LEX-1146,2025-05-26,462,119016
LEX-1146,2025-05-27,451,119467
LEX-1146,2025-05-28,419,119886
LEX-1146,2025-05-29,500,120386
LEX-1146,2025-05-30,434,120820
LEX-1146,2025-05-31,218,121038
LEX-1146,2025-06-01,316,121354
LEX-1146,2025-06-02,659,122013
LEX-1146,2025-06-03,762,122775
LEX-1146,2025-06-04,724,123499
LEX-1146,2025-06-05,634,124133
LEX-1146,2025-06-06,631,124764
LEX-1146,2025-06-07,364,125128
LEX-1146,2025-06-08,332,125460
LEX-1146,2025-06-09,783,126243
LEX-1146,2025-06-10,876,127119
LEX-1146,2025-06-11,706,127825
LEX-1146,2025-06-12,735,128560
LEX-1146,2025-06-13,733,129293
LEX-1146,2025-06-14,336,129629
LEX-1146,2025-06-15,326,129955
LEX-1146,2025-06-16,594,130549
LEX-1146,2025-06-17,740,131289
LEX-1146,2025-06-18,682,131971
LEX-1146,2025-06-19,639,132610
LEX-1146,2025-06-20,669,133279
LEX-1146,2025-06-21,337,133616
LEX-1146,2025-06-22,317,133933
LEX-1146,2025-06-23,637,134570
LEX-1146,2025-06-24,706,135276
LEX-1146,2025-06-25,648,135924
LEX-1146,2025-06-26,644,136568
LEX-1146,2025-06-27,667,137235
LEX-1146,2025-06-28,286,137521
LEX-1146,2025-06-29,304,137825
LEX-1146,2025-06-30,639,138464
LEX-1146,2025-07-01,490,138954
LEX-1146,2025-07-02,466,139420
LEX-1146,2025-07-03,436,139856
LEX-1146,2025-07-04,464,140320
LEX-1146,2025-07-05,232,140552
LEX-1146,2025-07-06,191,140743
LEX-1146,2025-07-07,385,141128
LEX-1146,2025-07-08,411,141539
LEX-1146,2025-07-09,428,141967
LEX-1146,2025-07-10,379,142346
LEX-1146,2025-07-11,454,142800
LEX-1146,2025-07-12,222,143022
LEX-1146,2025-07-13,235,143257
LEX-1146,2025-07-14,411,143668
LEX-1146,2025-07-15,400,144068
LEX-1146,2025-07-16,510,144578
LEX-1146,2025-07-17,409,144987
LEX-1146,2025-07-18,410,145397
LEX-1146,2025-07-19,206,145603
LEX-1146,2025-07-20,230,145833
LEX-1146,2025-07-21,462,146295
LEX-1146,2025-07-22,423,146718
LEX-1146,2025-07-23,473,147191
LEX-1146,2025-07-24,518,147709
LEX-1146,2025-07-25,412,148121
LEX-1146,2025-07-26,184,148305
LEX-1146,2025-07-27,213,148518
LEX-1146,2025-07-28,446,148964
LEX-1146,2025-07-29,448,149412
LEX-1146,2025-07-30,403,149815
LEX-1146,2025-07-31,426,150241
LEX-1146,2025-08-01,450,150691
LEX-1146,2025-08-02,201,150892
LEX-1146,2025-08-03,228,151120
LEX-1146,2025-08-04,392,151512
LEX-1146,2025-08-05,460,151972
LEX-1146,2025-08-06,424,152396
LEX-1146,2025-08-07,505,152901
LEX-1146,2025-08-08,422,153323
LEX-1146,2025-08-09,232,153555
LEX-1146,2025-08-10,216,153771
LEX-1146,2025-08-11,471,154242
LEX-1146,2025-08-12,483,154725
LEX-1146,2025-08-13,440,155165
LEX-1146,2025-08-14,436,155601
LEX-1146,2025-08-15,473,156074
LEX-1146,2025-08-16,231,156305
LEX-1146,2025-08-17,188,156493
LEX-1146,2025-08-18,470,156963
LEX-1146,2025-08-19,499,157462
LEX-1146,2025-08-20,477,157939
LEX-1146,2025-08-21,420,158359
LEX-1146,2025-08-22,378,158737
LEX-1146,2025-08-23,201,158938
LEX-1146,2025-08-24,230,159168
LEX-1146,2025-08-25,371,159539
LEX-1146,2025-08-26,478,160017
LEX-1146,2025-08-27,496,160513
LEX-1146,2025-08-28,448,160961
LEX-1146,2025-08-29,470,161431
LEX-1146,2025-08-30,211,161642
LEX-1146,2025-08-31,215,161857
LEX-1147,2024-09-01,329,329
LEX-1147,2024-09-02,644,973
LEX-1147,2024-09-03,698,1671
LEX-1147,2024-09-04,733,2404
LEX-1147,2024-09-05,630,3034
LEX-1147,2024-09-06,662,3696
LEX-1147,2024-09-07,339,4035
LEX-1147,2024-09-08,326,4361
LEX-1147,2024-09-09,664,5025
LEX-1147,2024-09-10,621,5646
LEX-1147,2024-09-11,668,6314
LEX-1147,2024-09-12,676,6990
LEX-1147,2024-09-13,655,7645
LEX-1147,2024-09-14,348,7993
LEX-1147,2024-09-15,329,8322
LEX-1147,2024-09-16,615,8937
LEX-1147,2024-09-17,723,9660
LEX-1147,2024-09-18,711,10371
LEX-1147,2024-09-19,689,11060
LEX-1147,2024-09-20,765,11825
LEX-1147,2024-09-21,283,12108
LEX-1147,2024-09-22,321,12429
LEX-1147,2024-09-23,595,13024
LEX-1147,2024-09-24,767,13791
LEX-1147,2024-09-25,736,14527
LEX-1147,2024-09-26,680,15207
LEX-1147,2024-09-27,679,15886
LEX-1147,2024-09-28,303,16189
LEX-1147,2024-09-29,338,16527
LEX-1147,2024-09-30,604,17131
LEX-1147,2024-10-01,475,17606
LEX-1147,2024-10-02,439,18045
LEX-1147,2024-10-03,461,18506
LEX-1147,2024-10-04,380,18886
LEX-1147,2024-10-05,213,19099
LEX-1147,2024-10-06,189,19288
LEX-1147,2024-10-07,393,19681
LEX-1147,2024-10-08,464,20145
LEX-1147,2024-10-09,412,20557
LEX-1147,2024-10-10,403,20960
LEX-1147,2024-10-11,432,21392
LEX-1147,2024-10-12,241,21633
LEX-1147,2024-10-13,217,21850
LEX-1147,2024-10-14,444,22294
LEX-1147,2024-10-15,410,22704
LEX-1147,2024-10-16,412,23116
LEX-1147,2024-10-17,342,23458
LEX-1147,2024-10-18,365,23823
LEX-1147,2024-10-19,239,24062
LEX-1147,2024-10-20,217,24279
LEX-1147,2024-10-21,440,24719
LEX-1147,2024-10-22,404,25123
LEX-1147,2024-10-23,420,25543
LEX-1147,2024-10-24,437,25980
LEX-1147,2024-10-25,463,26443
LEX-1147,2024-10-26,228,26671
LEX-1147,2024-10-27,207,26878
LEX-1147,2024-10-28,444,27322
LEX-1147,2024-10-29,421,27743
LEX-1147,2024-10-30,433,28176
LEX-1147,2024-10-31,455,28631
LEX-1147,2024-11-01,445,29076
LEX-1147,2024-11-02,201,29277
LEX-1147,2024-11-03,219,29496
LEX-1147,2024-11-04,483,29979
LEX-1147,2024-11-05,367,30346
LEX-1147,2024-11-06,417,30763
LEX-1147,2024-11-07,384,31147
LEX-1147,2024-11-08,422,31569
LEX-1147,2024-11-09,221,31790
LEX-1147,2024-11-10,198,31988
LEX-1147,2024-11-11,386,32374
LEX-1147,2024-11-12,469,32843
LEX-1147,2024-11-13,431,33274
LEX-1147,2024-11-14,452,33726
LEX-1147,2024-11-15,446,34172
LEX-1147,2024-11-16,194,34366
LEX-1147,2024-11-17,225,34591
LEX-1147,2024-11-18,399,34990
LEX-1147,2024-11-19,394,35384
LEX-1147,2024-11-20,451,35835
LEX-1147,2024-11-21,369,36204
LEX-1147,2024-11-22,380,36584
LEX-1147,2024-11-23,200,36784
LEX-1147,2024-11-24,180,36964
LEX-1147,2024-11-25,419,37383
LEX-1147,2024-11-26,399,37782
LEX-1147,2024-11-27,426,38208
LEX-1147,2024-11-28,480,38688
LEX-1147,2024-11-29,377,39065
LEX-1147,2024-11-30,185,39250
LEX-1147,2024-12-01,321,39571
LEX-1147,2024-12-02,623,40194
LEX-1147,2024-12-03,667,40861
LEX-1147,2024-12-04,754,41615
LEX-1147,2024-12-05,763,42378
LEX-1147,2024-12-06,640,43018
LEX-1147,2024-12-07,309,43327
LEX-1147,2024-12-08,309,43636
LEX-1147,2024-12-09,686,44322
LEX-1147,2024-12-10,666,44988
LEX-1147,2024-12-11,672,45660
LEX-1147,2024-12-12,639,46299
LEX-1147,2024-12-13,677,46976
LEX-1147,2024-12-14,386,47362
LEX-1147,2024-12-15,368,47730
LEX-1147,2024-12-16,795,48525
LEX-1147,2024-12-17,673,49198
LEX-1147,2024-12-18,605,49803
LEX-1147,2024-12-19,555,50358
LEX-1147,2024-12-20,700,51058
LEX-1147,2024-12-21,295,51353
LEX-1147,2024-12-22,380,51733
LEX-1147,2024-12-23,668,52401
LEX-1147,2024-12-24,653,53054
LEX-1147,2024-12-25,666,53720
LEX-1147,2024-12-26,681,54401
LEX-1147,2024-12-27,717,55118
LEX-1147,2024-12-28,332,55450
LEX-1147,2024-12-29,338,55788
LEX-1147,2024-12-30,696,56484
LEX-1147,2024-12-31,678,57162
LEX-1147,2025-01-01,366,57528
LEX-1147,2025-01-02,401,57929
LEX-1147,2025-01-03,454,58383
LEX-1147,2025-01-04,237,58620
LEX-1147,2025-01-05,235,58855
LEX-1147,2025-01-06,436,59291
LEX-1147,2025-01-07,403,59694
LEX-1147,2025-01-08,463,60157
LEX-1147,2025-01-09,406,60563
LEX-1147,2025-01-10,401,60964
LEX-1147,2025-01-11,216,61180
LEX-1147,2025-01-12,168,61348
LEX-1147,2025-01-13,418,61766
LEX-1147,2025-01-14,419,62185
LEX-1147,2025-01-15,412,62597
LEX-1147,2025-01-16,412,63009
LEX-1147,2025-01-17,467,63476
LEX-1147,2025-01-18,181,63657
LEX-1147,2025-01-19,216,63873
LEX-1147,2025-01-20,438,64311
LEX-1147,2025-01-21,472,64783
LEX-1147,2025-01-22,428,65211
LEX-1147,2025-01-23,434,65645
LEX-1147,2025-01-24,417,66062
LEX-1147,2025-01-25,214,66276
LEX-1147,2025-01-26,208,66484
LEX-1147,2025-01-27,377,66861
LEX-1147,2025-01-28,427,67288
LEX-1147,2025-01-29,425,67713
LEX-1147,2025-01-30,398,68111
LEX-1147,2025-01-31,426,68537
LEX-1147,2025-02-01,230,68767
LEX-1147,2025-02-02,203,68970
LEX-1147,2025-02-03,475,69445
LEX-1147,2025-02-04,467,69912
LEX-1147,2025-02-05,392,70304
LEX-1147,2025-02-06,399,70703
LEX-1147,2025-02-07,411,71114
LEX-1147,2025-02-08,187,71301
LEX-1147,2025-02-09,193,71494
LEX-1147,2025-02-10,344,71838
LEX-1147,2025-02-11,438,72276
LEX-1147,2025-02-12,442,72718
LEX-1147,2025-02-13,365,73083
LEX-1147,2025-02-14,366,73449
LEX-1147,2025-02-15,207,73656
LEX-1147,2025-02-16,210,73866
LEX-1147,2025-02-17,459,74325
LEX-1147,2025-02-18,394,74719
LEX-1147,2025-02-19,395,75114
LEX-1147,2025-02-20,421,75535
LEX-1147,2025-02-21,457,75992
LEX-1147,2025-02-22,234,76226
LEX-1147,2025-02-23,192,76418
LEX-1147,2025-02-24,454,76872
LEX-1147,2025-02-25,388,77260
LEX-1147,2025-02-26,357,77617
LEX-1147,2025-02-27,424,78041
LEX-1147,2025-02-28,459,78500
LEX-1147,2025-03-01,328,78828
LEX-1147,2025-03-02,363,79191
LEX-1147,2025-03-03,626,79817
LEX-1147,2025-03-04,675,80492
LEX-1147,2025-03-05,717,81209
LEX-1147,2025-03-06,686,81895
LEX-1147,2025-03-07,660,82555
LEX-1147,2025-03-08,318,82873
LEX-1147,2025-03-09,327,83200
LEX-1147,2025-03-10,724,83924
LEX-1147,2025-03-11,661,84585
LEX-1147,2025-03-12,578,85163
LEX-1147,2025-03-13,682,85845
LEX-1147,2025-03-14,667,86512
LEX-1147,2025-03-15,344,86856
LEX-1147,2025-03-16,330,87186
LEX-1147,2025-03-17,662,87848
LEX-1147,2025-03-18,713,88561
LEX-1147,2025-03-19,789,89350
LEX-1147,2025-03-20,658,90008
LEX-1147,2025-03-21,720,90728
LEX-1147,2025-03-22,297,91025
LEX-1147,2025-03-23,332,91357
LEX-1147,2025-03-24,653,92010
LEX-1147,2025-03-25,604,92614
LEX-1147,2025-03-26,695,93309
LEX-1147,2025-03-27,719,94028
LEX-1147,2025-03-28,695,94723
LEX-1147,2025-03-29,336,95059
LEX-1147,2025-03-30,322,95381
LEX-1147,2025-03-31,743,96124
LEX-1147,2025-04-01,430,96554
LEX-1147,2025-04-02,403,96957
LEX-1147,2025-04-03,479,97436
LEX-1147,2025-04-04,330,97766
LEX-1147,2025-04-05,209,97975
LEX-1147,2025-04-06,213,98188
LEX-1147,2025-04-07,488,98676
LEX-1147,2025-04-08,411,99087
LEX-1147,2025-04-09,398,99485
LEX-1147,2025-04-10,433,99918
LEX-1147,2025-04-11,324,100242
LEX-1147,2025-04-12,178,100420
LEX-1147,2025-04-13,177,100597
LEX-1147,2025-04-14,412,101009
LEX-1147,2025-04-15,430,101439
LEX-1147,2025-04-16,459,101898
LEX-1147,2025-04-17,433,102331
LEX-1147,2025-04-18,405,102736
LEX-1147,2025-04-19,208,102944
LEX-1147,2025-04-20,217,103161
LEX-1147,2025-04-21,440,103601
LEX-1147,2025-04-22,402,104003
LEX-1147,2025-04-23,440,104443
LEX-1147,2025-04-24,411,104854
LEX-1147,2025-04-25,392,105246
LEX-1147,2025-04-26,207,105453
LEX-1147,2025-04-27,226,105679
LEX-1147,2025-04-28,386,106065
LEX-1147,2025-04-29,391,106456
LEX-1147,2025-04-30,421,106877
LEX-1147,2025-05-01,452,107329
LEX-1147,2025-05-02,397,107726
LEX-1147,2025-05-03,225,107951
LEX-1147,2025-05-04,224,108175
LEX-1147,2025-05-05,427,108602
LEX-1147,2025-05-06,457,109059
LEX-1147,2025-05-07,400,109459
LEX-1147,2025-05-08,467,109926
LEX-1147,2025-05-09,467,110393
LEX-1147,2025-05-10,232,110625
LEX-1147,2025-05-11,219,110844
LEX-1147,2025-05-12,375,111219
LEX-1147,2025-05-13,439,111658
LEX-1147,2025-05-14,464,112122
LEX-1147,2025-05-15,330,112452
LEX-1147,2025-05-16,433,112885
LEX-1147,2025-05-17,215,113100
LEX-1147,2025-05-18,197,113297
LEX-1147,2025-05-19,353,113650
LEX-1147,2025-05-20,402,114052
LEX-1147,2025-05-21,434,114486
LEX-1147,2025-05-22,396,114882
LEX-1147,2025-05-23,469,115351
LEX-1147,2025-05-24,209,115560
LEX-1147,2025-05-25,211,115771
LEX-1147,2025-05-26,408,116179
LEX-1147,2025-05-27,407,116586
LEX-1147,2025-05-28,409,116995
LEX-1147,2025-05-29,416,117411
LEX-1147,2025-05-30,407,117818
LEX-1147,2025-05-31,199,118017
LEX-1147,2025-06-01,352,118369
LEX-1147,2025-06-02,661,119030
LEX-1147,2025-06-03,719,119749
LEX-1147,2025-06-04,673,120422
LEX-1147,2025-06-05,625,121047
LEX-1147,2025-06-06,604,121651
LEX-1147,2025-06-07,333,121984
LEX-1147,2025-06-08,361,122345
LEX-1147,2025-06-09,749,123094
LEX-1147,2025-06-10,767,123861
LEX-1147,2025-06-11,725,124586
LEX-1147,2025-06-12,762,125348
LEX-1147,2025-06-13,624,125972
LEX-1147,2025-06-14,346,126318
LEX-1147,2025-06-15,313,126631
LEX-1147,2025-06-16,692,127323
LEX-1147,2025-06-17,721,128044
LEX-1147,2025-06-18,642,128686
LEX-1147,2025-06-19,689,129375
LEX-1147,2025-06-20,673,130048
LEX-1147,2025-06-21,341,130389
LEX-1147,2025-06-22,329,130718
LEX-1147,2025-06-23,597,131315
LEX-1147,2025-06-24,744,132059
LEX-1147,2025-06-25,692,132751
LEX-1147,2025-06-26,701,133452
LEX-1147,2025-06-27,742,134194
LEX-1147,2025-06-28,360,134554
LEX-1147,2025-06-29,293,134847
LEX-1147,2025-06-30,732,135579
LEX-1147,2025-07-01,426,136005
LEX-1147,2025-07-02,422,136427
LEX-1147,2025-07-03,436,136863
LEX-1147,2025-07-04,430,137293
LEX-1147,2025-07-05,197,137490
LEX-1147,2025-07-06,188,137678
LEX-1147,2025-07-07,309,137987
LEX-1147,2025-07-08,446,138433
LEX-1147,2025-07-09,489,138922
LEX-1147,2025-07-10,400,139322
LEX-1147,2025-07-11,454,139776
LEX-1147,2025-07-12,194,139970
LEX-1147,2025-07-13,200,140170
LEX-1147,2025-07-14,459,140629
LEX-1147,2025-07-15,391,141020
LEX-1147,2025-07-16,404,141424
LEX-1147,2025-07-17,405,141829
LEX-1147,2025-07-18,409,142238
LEX-1147,2025-07-19,226,142464
LEX-1147,2025-07-20,188,142652
LEX-1147,2025-07-21,404,143056
LEX-1147,2025-07-22,391,143447
LEX-1147,2025-07-23,350,143797
LEX-1147,2025-07-24,428,144225
LEX-1147,2025-07-25,412,144637
LEX-1147,2025-07-26,160,144797
LEX-1147,2025-07-27,218,145015
LEX-1147,2025-07-28,432,145447
LEX-1147,2025-07-29,400,145847
LEX-1147,2025-07-30,378,146225
LEX-1147,2025-07-31,416,146641
LEX-1147,2025-08-01,509,147150
LEX-1147,2025-08-02,204,147354
LEX-1147,2025-08-03,198,147552
LEX-1147,2025-08-04,402,147954
LEX-1147,2025-08-05,369,148323
LEX-1147,2025-08-06,459,148782
LEX-1147,2025-08-07,382,149164
LEX-1147,2025-08-08,369,149533
LEX-1147,2025-08-09,199,149732
LEX-1147,2025-08-10,232,149964
LEX-1147,2025-08-11,443,150407
LEX-1147,2025-08-12,407,150814
LEX-1147,2025-08-13,402,151216
LEX-1147,2025-08-14,397,151613
LEX-1147,2025-08-15,397,152010
LEX-1147,2025-08-16,204,152214
LEX-1147,2025-08-17,225,152439
LEX-1147,2025-08-18,389,152828
LEX-1147,2025-08-19,484,153312
LEX-1147,2025-08-20,455,153767
LEX-1147,2025-08-21,490,154257
LEX-1147,2025-08-22,361,154618
LEX-1147,2025-08-23,200,154818
LEX-1147,2025-08-24,214,155032
LEX-1147,2025-08-25,419,155451
LEX-1147,2025-08-26,444,155895
LEX-1147,2025-08-27,436,156331
LEX-1147,2025-08-28,382,156713
LEX-1147,2025-08-29,394,157107
LEX-1147,2025-08-30,207,157314
LEX-1147,2025-08-31,182,157496
LEX-1148,2024-09-01,814,814
LEX-1148,2024-09-02,1741,2555
LEX-1148,2024-09-03,1855,4410
LEX-1148,2024-09-04,1718,6128
LEX-1148,2024-09-05,1318,7446
LEX-1148,2024-09-06,1679,9125
LEX-1148,2024-09-07,912,10037
LEX-1148,2024-09-08,726,10763
LEX-1148,2024-09-09,1659,12422
LEX-1148,2024-09-10,1823,14245
LEX-1148,2024-09-11,1667,15912
LEX-1148,2024-09-12,1642,17554
LEX-1148,2024-09-13,1856,19410
LEX-1148,2024-09-14,834,20244
LEX-1148,2024-09-15,832,21076
LEX-1148,2024-09-16,1657,22733
LEX-1148,2024-09-17,1838,24571
LEX-1148,2024-09-18,1683,26254
LEX-1148,2024-09-19,1654,27908
LEX-1148,2024-09-20,1639,29547
LEX-1148,2024-09-21,707,30254
LEX-1148,2024-09-22,872,31126
LEX-1148,2024-09-23,1675,32801
LEX-1148,2024-09-24,1705,34506
LEX-1148,2024-09-25,1564,36070
LEX-1148,2024-09-26,1521,37591
LEX-1148,2024-09-27,1587,39178
LEX-1148,2024-09-28,714,39892
LEX-1148,2024-09-29,796,40688
LEX-1148,2024-09-30,2033,42721
LEX-1148,2024-10-01,1093,43814
LEX-1148,2024-10-02,1065,44879
LEX-1148,2024-10-03,961,45840
LEX-1148,2024-10-04,971,46811
LEX-1148,2024-10-05,514,47325
LEX-1148,2024-10-06,427,47752
LEX-1148,2024-10-07,1067,48819
LEX-1148,2024-10-08,1004,49823
LEX-1148,2024-10-09,1279,51102
LEX-1148,2024-10-10,1169,52271
LEX-1148,2024-10-11,1104,53375
LEX-1148,2024-10-12,504,53879
LEX-1148,2024-10-13,594,54473
LEX-1148,2024-10-14,955,55428
LEX-1148,2024-10-15,1106,56534
LEX-1148,2024-10-16,1001,57535
LEX-1148,2024-10-17,1088,58623
LEX-1148,2024-10-18,1030,59653
LEX-1148,2024-10-19,476,60129
LEX-1148,2024-10-20,518,60647
LEX-1148,2024-10-21,1138,61785
LEX-1148,2024-10-22,1225,63010
LEX-1148,2024-10-23,1154,64164
LEX-1148,2024-10-24,1023,65187
LEX-1148,2024-10-25,959,66146
LEX-1148,2024-10-26,514,66660
LEX-1148,2024-10-27,628,67288
LEX-1148,2024-10-28,939,68227
LEX-1148,2024-10-29,1046,69273
LEX-1148,2024-10-30,963,70236
LEX-1148,2024-10-31,863,71099
LEX-1148,2024-11-01,1226,72325
LEX-1148,2024-11-02,528,72853
LEX-1148,2024-11-03,548,73401
LEX-1148,2024-11-04,1058,74459
LEX-1148,2024-11-05,1119,75578
LEX-1148,2024-11-06,1135,76713
LEX-1148,2024-11-07,977,77690
LEX-1148,2024-11-08,1222,78912
LEX-1148,2024-11-09,589,79501
LEX-1148,2024-11-10,546,80047
LEX-1148,2024-11-11,969,81016
LEX-1148,2024-11-12,969,81985
LEX-1148,2024-11-13,935,82920
LEX-1148,2024-11-14,1049,83969
LEX-1148,2024-11-15,1134,85103
LEX-1148,2024-11-16,543,85646
LEX-1148,2024-11-17,504,86150
LEX-1148,2024-11-18,940,87090
LEX-1148,2024-11-19,1157,88247
LEX-1148,2024-11-20,992,89239
LEX-1148,2024-11-21,905,90144
LEX-1148,2024-11-22,1072,91216
LEX-1148,2024-11-23,510,91726
LEX-1148,2024-11-24,558,92284
LEX-1148,2024-11-25,1003,93287
LEX-1148,2024-11-26,1056,94343
LEX-1148,2024-11-27,1052,95395
LEX-1148,2024-11-28,1025,96420
LEX-1148,2024-11-29,987,97407
LEX-1148,2024-11-30,566,97973
LEX-1148,2024-12-01,862,98835
LEX-1148,2024-12-02,1686,100521
LEX-1148,2024-12-03,1671,102192
LEX-1148,2024-12-04,1672,103864
LEX-1148,2024-12-05,1577,105441
LEX-1148,2024-12-06,1556,106997
LEX-1148,2024-12-07,847,107844
LEX-1148,2024-12-08,873,108717
LEX-1148,2024-12-09,1747,110464
LEX-1148,2024-12-10,1815,112279
LEX-1148,2024-12-11,1787,114066
LEX-1148,2024-12-12,1623,115689
LEX-1148,2024-12-13,2023,117712
LEX-1148,2024-12-14,956,118668
LEX-1148,2024-12-15,774,119442
LEX-1148,2024-12-16,1716,121158
LEX-1148,2024-12-17,1578,122736
LEX-1148,2024-12-18,1571,124307
LEX-1148,2024-12-19,1638,125945
LEX-1148,2024-12-20,1841,127786
LEX-1148,2024-12-21,764,128550
LEX-1148,2024-12-22,997,129547
LEX-1148,2024-12-23,1759,131306
LEX-1148,2024-12-24,1503,132809
LEX-1148,2024-12-25,1760,134569
LEX-1148,2024-12-26,1609,136178
LEX-1148,2024-12-27,1604,137782
LEX-1148,2024-12-28,907,138689
LEX-1148,2024-12-29,842,139531
LEX-1148,2024-12-30,1636,141167
LEX-1148,2024-12-31,1716,142883
LEX-1148,2025-01-01,948,143831
LEX-1148,2025-01-02,1051,144882
LEX-1148,2025-01-03,1206,146088
LEX-1148,2025-01-04,446,146534
LEX-1148,2025-01-05,538,147072
LEX-1148,2025-01-06,1072,148144
LEX-1148,2025-01-07,1036,149180
LEX-1148,2025-01-08,829,150009
LEX-1148,2025-01-09,1008,151017
LEX-1148,2025-01-10,1099,152116
LEX-1148,2025-01-11,588,152704
LEX-1148,2025-01-12,500,153204
LEX-1148,2025-01-13,946,154150
LEX-1148,2025-01-14,1099,155249
LEX-1148,2025-01-15,1108,156357
LEX-1148,2025-01-16,1002,157359
LEX-1148,2025-01-17,1114,158473
LEX-1148,2025-01-18,484,158957
LEX-1148,2025-01-19,528,159485
LEX-1148,2025-01-20,1069,160554
LEX-1148,2025-01-21,967,161521
LEX-1148,2025-01-22,1049,162570
LEX-1148,2025-01-23,1028,163598
LEX-1148,2025-01-24,927,164525
LEX-1148,2025-01-25,495,165020
LEX-1148,2025-01-26,524,165544
LEX-1148,2025-01-27,1088,166632
LEX-1148,2025-01-28,1021,167653
LEX-1148,2025-01-29,1107,168760
LEX-1148,2025-01-30,1129,169889
LEX-1148,2025-01-31,1047,170936
LEX-1148,2025-02-01,614,171550
LEX-1148,2025-02-02,564,172114
LEX-1148,2025-02-03,1062,173176
LEX-1148,2025-02-04,989,174165
LEX-1148,2025-02-05,1110,175275
LEX-1148,2025-02-06,1022,176297
LEX-1148,2025-02-07,998,177295
LEX-1148,2025-02-08,476,177771
LEX-1148,2025-02-09,507,178278
LEX-1148,2025-02-10,934,179212
LEX-1148,2025-02-11,1187,180399
LEX-1148,2025-02-12,1060,181459
LEX-1148,2025-02-13,976,182435
LEX-1148,2025-02-14,1065,183500
LEX-1148,2025-02-15,529,184029
LEX-1148,2025-02-16,599,184628
LEX-1148,2025-02-17,1132,185760
LEX-1148,2025-02-18,981,186741
LEX-1148,2025-02-19,971,187712
LEX-1148,2025-02-20,1135,188847
LEX-1148,2025-02-21,1029,189876
LEX-1148,2025-02-22,460,190336
LEX-1148,2025-02-23,508,190844
LEX-1148,2025-02-24,1035,191879
LEX-1148,2025-02-25,1113,192992
LEX-1148,2025-02-26,1230,194222
LEX-1148,2025-02-27,1114,195336
LEX-1148,2025-02-28,1051,196387
LEX-1148,2025-03-01,775,197162
LEX-1148,2025-03-02,704,197866
LEX-1148,2025-03-03,1512,199378
LEX-1148,2025-03-04,1632,201010
LEX-1148,2025-03-05,1546,202556
LEX-1148,2025-03-06,1476,204032
LEX-1148,2025-03-07,1656,205688
LEX-1148,2025-03-08,743,206431
LEX-1148,2025-03-09,865,207296
LEX-1148,2025-03-10,1790,209086
LEX-1148,2025-03-11,1901,210987
LEX-1148,2025-03-12,1534,212521
LEX-1148,2025-03-13,1593,214114
LEX-1148,2025-03-14,1535,215649
LEX-1148,2025-03-15,903,216552
LEX-1148,2025-03-16,778,217330
LEX-1148,2025-03-17,1613,218943
LEX-1148,2025-03-18,1676,220619
LEX-1148,2025-03-19,1539,222158
LEX-1148,2025-03-20,1847,224005
LEX-1148,2025-03-21,1512,225517
LEX-1148,2025-03-22,848,226365
LEX-1148,2025-03-23,772,227137
LEX-1148,2025-03-24,1609,228746
LEX-1148,2025-03-25,1681,230427
LEX-1148,2025-03-26,1551,231978
LEX-1148,2025-03-27,1204,233182
LEX-1148,2025-03-28,1826,235008
LEX-1148,2025-03-29,710,235718
LEX-1148,2025-03-30,804,236522
LEX-1148,2025-03-31,1681,238203
LEX-1148,2025-04-01,1046,239249
LEX-1148,2025-04-02,1059,240308
LEX-1148,2025-04-03,1029,241337
LEX-1148,2025-04-04,1059,242396
LEX-1148,2025-04-05,540,242936
LEX-1148,2025-04-06,581,243517
LEX-1148,2025-04-07,1000,244517
LEX-1148,2025-04-08,1154,245671
LEX-1148,2025-04-09,1025,246696
LEX-1148,2025-04-10,1097,247793
LEX-1148,2025-04-11,1069,248862
LEX-1148,2025-04-12,483,249345
LEX-1148,2025-04-13,461,249806
LEX-1148,2025-04-14,1084,250890
LEX-1148,2025-04-15,952,251842
LEX-1148,2025-04-16,966,252808
LEX-1148,2025-04-17,1020,253828
LEX-1148,2025-04-18,1139,254967
LEX-1148,2025-04-19,580,255547
LEX-1148,2025-04-20,466,256013
LEX-1148,2025-04-21,817,256830
LEX-1148,2025-04-22,1034,257864
LEX-1148,2025-04-23,991,258855
LEX-1148,2025-04-24,1186,260041
LEX-1148,2025-04-25,1109,261150
LEX-1148,2025-04-26,489,261639
LEX-1148,2025-04-27,467,262106
LEX-1148,2025-04-28,1087,263193
LEX-1148,2025-04-29,995,264188
LEX-1148,2025-04-30,977,265165
LEX-1148,2025-05-01,1074,266239
LEX-1148,2025-05-02,960,267199
LEX-1148,2025-05-03,534,267733
LEX-1148,2025-05-04,541,268274
LEX-1148,2025-05-05,935,269209
LEX-1148,2025-05-06,1083,270292
LEX-1148,2025-05-07,1046,271338
LEX-1148,2025-05-08,878,272216
LEX-1148,2025-05-09,1067,273283
LEX-1148,2025-05-10,495,273778
LEX-1148,2025-05-11,509,274287
LEX-1148,2025-05-12,1101,275388
LEX-1148,2025-05-13,1015,276403
LEX-1148,2025-05-14,1184,277587
LEX-1148,2025-05-15,838,278425
LEX-1148,2025-05-16,1060,279485
LEX-1148,2025-05-17,490,279975
LEX-1148,2025-05-18,496,280471
LEX-1148,2025-05-19,961,281432
LEX-1148,2025-05-20,1100,282532
LEX-1148,2025-05-21,937,283469
LEX-1148,2025-05-22,1182,284651
LEX-1148,2025-05-23,1113,285764
LEX-1148,2025-05-24,495,286259
LEX-1148,2025-05-25,505,286764
LEX-1148,2025-05-26,1120,287884
LEX-1148,2025-05-27,1064,288948
LEX-1148,2025-05-28,1157,290105
LEX-1148,2025-05-29,1031,291136
LEX-1148,2025-05-30,1130,292266
LEX-1148,2025-05-31,553,292819
LEX-1148,2025-06-01,885,293704
LEX-1148,2025-06-02,1658,295362
LEX-1148,2025-06-03,1743,297105
LEX-1148,2025-06-04,1617,298722
LEX-1148,2025-06-05,1578,300300
LEX-1148,2025-06-06,1701,302001
LEX-1148,2025-06-07,884,302885
LEX-1148,2025-06-08,841,303726
LEX-1148,2025-06-09,1495,305221
LEX-1148,2025-06-10,1638,306859
LEX-1148,2025-06-11,1713,308572
LEX-1148,2025-06-12,1889,310461
LEX-1148,2025-06-13,1796,312257
LEX-1148,2025-06-14,913,313170
LEX-1148,2025-06-15,683,313853
LEX-1148,2025-06-16,1920,315773
LEX-1148,2025-06-17,1743,317516
LEX-1148,2025-06-18,1522,319038
LEX-1148,2025-06-19,1511,320549
LEX-1148,2025-06-20,1589,322138
LEX-1148,2025-06-21,782,322920
LEX-1148,2025-06-22,857,323777
LEX-1148,2025-06-23,1588,325365
LEX-1148,2025-06-24,1714,327079
LEX-1148,2025-06-25,1657,328736
LEX-1148,2025-06-26,1813,330549
LEX-1148,2025-06-27,1666,332215
LEX-1148,2025-06-28,728,332943
LEX-1148,2025-06-29,765,333708
LEX-1148,2025-06-30,1754,335462
LEX-1148,2025-07-01,1173,336635
LEX-1148,2025-07-02,1084,337719
LEX-1148,2025-07-03,1223,338942
LEX-1148,2025-07-04,882,339824
LEX-1148,2025-07-05,530,340354
LEX-1148,2025-07-06,460,340814
LEX-1148,2025-07-07,1102,341916
LEX-1148,2025-07-08,1158,343074
LEX-1148,2025-07-09,928,344002
LEX-1148,2025-07-10,1137,345139
LEX-1148,2025-07-11,1206,346345
LEX-1148,2025-07-12,487,346832
LEX-1148,2025-07-13,597,347429
LEX-1148,2025-07-14,978,348407
LEX-1148,2025-07-15,1065,349472
LEX-1148,2025-07-16,1266,350738
LEX-1148,2025-07-17,1007,351745
LEX-1148,2025-07-18,1024,352769
LEX-1148,2025-07-19,522,353291
LEX-1148,2025-07-20,507,353798
LEX-1148,2025-07-21,1203,355001
LEX-1148,2025-07-22,1062,356063
LEX-1148,2025-07-23,1205,357268
LEX-1148,2025-07-24,1133,358401
LEX-1148,2025-07-25,952,359353
LEX-1148,2025-07-26,563,359916
LEX-1148,2025-07-27,519,360435
LEX-1148,2025-07-28,1054,361489
LEX-1148,2025-07-29,1207,362696
LEX-1148,2025-07-30,1008,363704
LEX-1148,2025-07-31,1044,364748
LEX-1148,2025-08-01,1188,365936
LEX-1148,2025-08-02,518,366454
LEX-1148,2025-08-03,537,366991
LEX-1148,2025-08-04,1023,368014
LEX-1148,2025-08-05,1025,369039
LEX-1148,2025-08-06,995,370034
LEX-1148,2025-08-07,939,370973
LEX-1148,2025-08-08,995,371968
LEX-1148,2025-08-09,538,372506
LEX-1148,2025-08-10,483,372989
LEX-1148,2025-08-11,1028,374017
LEX-1148,2025-08-12,1135,375152
LEX-1148,2025-08-13,1055,376207
LEX-1148,2025-08-14,1236,377443
LEX-1148,2025-08-15,1101,378544
LEX-1148,2025-08-16,446,378990
LEX-1148,2025-08-17,483,379473
LEX-1148,2025-08-18,846,380319
LEX-1148,2025-08-19,1031,381350
LEX-1148,2025-08-20,1165,382515
LEX-1148,2025-08-21,1068,383583
LEX-1148,2025-08-22,987,384570
LEX-1148,2025-08-23,593,385163
LEX-1148,2025-08-24,488,385651
LEX-1148,2025-08-25,1079,386730
LEX-1148,2025-08-26,1061,387791
LEX-1148,2025-08-27,1064,388855
LEX-1148,2025-08-28,1127,389982
LEX-1148,2025-08-29,997,390979
LEX-1148,2025-08-30,476,391455
LEX-1148,2025-08-31,466,391921
LEX-1149,2024-09-01,376,376
LEX-1149,2024-09-02,855,1231
LEX-1149,2024-09-03,843,2074
LEX-1149,2024-09-04,868,2942
LEX-1149,2024-09-05,781,3723
LEX-1149,2024-09-06,784,4507
LEX-1149,2024-09-07,459,4966
LEX-1149,2024-09-08,438,5404
LEX-1149,2024-09-09,859,6263
LEX-1149,2024-09-10,692,6955
LEX-1149,2024-09-11,938,7893
LEX-1149,2024-09-12,805,8698
LEX-1149,2024-09-13,822,9520
LEX-1149,2024-09-14,420,9940
LEX-1149,2024-09-15,410,10350
LEX-1149,2024-09-16,799,11149
LEX-1149,2024-09-17,820,11969
LEX-1149,2024-09-18,852,12821
LEX-1149,2024-09-19,866,13687
LEX-1149,2024-09-20,890,14577
LEX-1149,2024-09-21,369,14946
LEX-1149,2024-09-22,387,15333
LEX-1149,2024-09-23,866,16199
LEX-1149,2024-09-24,709,16908
LEX-1149,2024-09-25,821,17729
LEX-1149,2024-09-26,760,18489
LEX-1149,2024-09-27,846,19335
LEX-1149,2024-09-28,378,19713
LEX-1149,2024-09-29,393,20106
LEX-1149,2024-09-30,792,20898
LEX-1149,2024-10-01,516,21414
LEX-1149,2024-10-02,545,21959
LEX-1149,2024-10-03,548,22507
LEX-1149,2024-10-04,515,23022
LEX-1149,2024-10-05,230,23252
LEX-1149,2024-10-06,305,23557
LEX-1149,2024-10-07,503,24060
LEX-1149,2024-10-08,517,24577
LEX-1149,2024-10-09,516,25093
LEX-1149,2024-10-10,521,25614
LEX-1149,2024-10-11,472,26086
LEX-1149,2024-10-12,262,26348
LEX-1149,2024-10-13,290,26638
LEX-1149,2024-10-14,425,27063
LEX-1149,2024-10-15,508,27571
LEX-1149,2024-10-16,461,28032
LEX-1149,2024-10-17,546,28578
LEX-1149,2024-10-18,553,29131
LEX-1149,2024-10-19,250,29381
LEX-1149,2024-10-20,254,29635
LEX-1149,2024-10-21,471,30106
LEX-1149,2024-10-22,411,30517
LEX-1149,2024-10-23,495,31012
LEX-1149,2024-10-24,498,31510
LEX-1149,2024-10-25,508,32018
LEX-1149,2024-10-26,186,32204
LEX-1149,2024-10-27,218,32422
LEX-1149,2024-10-28,446,32868
LEX-1149,2024-10-29,510,33378
LEX-1149,2024-10-30,530,33908
LEX-1149,2024-10-31,459,34367
LEX-1149,2024-11-01,495,34862
LEX-1149,2024-11-02,241,35103
LEX-1149,2024-11-03,294,35397
LEX-1149,2024-11-04,491,35888
LEX-1149,2024-11-05,489,36377
LEX-1149,2024-11-06,473,36850
LEX-1149,2024-11-07,429,37279
LEX-1149,2024-11-08,533,37812
LEX-1149,2024-11-09,248,38060
LEX-1149,2024-11-10,245,38305
LEX-1149,2024-11-11,514,38819
LEX-1149,2024-11-12,442,39261
LEX-1149,2024-11-13,578,39839
LEX-1149,2024-11-14,433,40272
LEX-1149,2024-11-15,578,40850
LEX-1149,2024-11-16,253,41103
LEX-1149,2024-11-17,245,41348
LEX-1149,2024-11-18,534,41882
LEX-1149,2024-11-19,492,42374
LEX-1149,2024-11-20,544,42918
LEX-1149,2024-11-21,519,43437
LEX-1149,2024-11-22,535,43972
LEX-1149,2024-11-23,274,44246
LEX-1149,2024-11-24,249,44495
LEX-1149,2024-11-25,545,45040
LEX-1149,2024-11-26,527,45567
LEX-1149,2024-11-27,560,46127
LEX-1149,2024-11-28,491,46618
LEX-1149,2024-11-29,562,47180
LEX-1149,2024-11-30,237,47417
LEX-1149,2024-12-01,340,47757
LEX-1149,2024-12-02,722,48479
LEX-1149,2024-12-03,789,49268
LEX-1149,2024-12-04,828,50096
LEX-1149,2024-12-05,812,50908
LEX-1149,2024-12-06,862,51770
LEX-1149,2024-12-07,366,52136
LEX-1149,2024-12-08,461,52597
LEX-1149,2024-12-09,898,53495
LEX-1149,2024-12-10,871,54366
LEX-1149,2024-12-11,893,55259
LEX-1149,2024-12-12,710,55969
LEX-1149,2024-12-13,856,56825
LEX-1149,2024-12-14,429,57254
LEX-1149,2024-12-15,436,57690
LEX-1149,2024-12-16,865,58555
LEX-1149,2024-12-17,839,59394
LEX-1149,2024-12-18,837,60231
LEX-1149,2024-12-19,888,61119
LEX-1149,2024-12-20,770,61889
LEX-1149,2024-12-21,417,62306
LEX-1149,2024-12-22,387,62693
LEX-1149,2024-12-23,801,63494
LEX-1149,2024-12-24,637,64131
LEX-1149,2024-12-25,754,64885
LEX-1149,2024-12-26,782,65667
LEX-1149,2024-12-27,783,66450
LEX-1149,2024-12-28,394,66844
LEX-1149,2024-12-29,367,67211
LEX-1149,2024-12-30,789,68000
LEX-1149,2024-12-31,881,68881
LEX-1149,2025-01-01,494,69375
LEX-1149,2025-01-02,559,69934
LEX-1149,2025-01-03,556,70490
LEX-1149,2025-01-04,241,70731
LEX-1149,2025-01-05,264,70995
LEX-1149,2025-01-06,453,71448
LEX-1149,2025-01-07,464,71912
LEX-1149,2025-01-08,511,72423
LEX-1149,2025-01-09,527,72950
LEX-1149,2025-01-10,572,73522
LEX-1149,2025-01-11,250,73772
LEX-1149,2025-01-12,256,74028
LEX-1149,2025-01-13,510,74538
LEX-1149,2025-01-14,579,75117
LEX-1149,2025-01-15,561,75678
LEX-1149,2025-01-16,522,76200
LEX-1149,2025-01-17,539,76739
LEX-1149,2025-01-18,260,76999
LEX-1149,2025-01-19,275,77274
LEX-1149,2025-01-20,541,77815
LEX-1149,2025-01-21,494,78309
LEX-1149,2025-01-22,510,78819
LEX-1149,2025-01-23,513,79332
LEX-1149,2025-01-24,513,79845
LEX-1149,2025-01-25,243,80088
LEX-1149,2025-01-26,260,80348
LEX-1149,2025-01-27,486,80834
LEX-1149,2025-01-28,483,81317
LEX-1149,2025-01-29,502,81819
LEX-1149,2025-01-30,517,82336
LEX-1149,2025-01-31,556,82892
LEX-1149,2025-02-01,267,83159
LEX-1149,2025-02-02,275,83434
LEX-1149,2025-02-03,578,84012
LEX-1149,2025-02-04,483,84495
LEX-1149,2025-02-05,535,85030
LEX-1149,2025-02-06,537,85567
LEX-1149,2025-02-07,517,86084
LEX-1149,2025-02-08,271,86355
LEX-1149,2025-02-09,255,86610
LEX-1149,2025-02-10,534,87144
LEX-1149,2025-02-11,449,87593
LEX-1149,2025-02-12,506,88099
LEX-1149,2025-02-13,535,88634
LEX-1149,2025-02-14,548,89182
LEX-1149,2025-02-15,235,89417
LEX-1149,2025-02-16,251,89668
LEX-1149,2025-02-17,463,90131
LEX-1149,2025-02-18,491,90622
LEX-1149,2025-02-19,519,91141
LEX-1149,2025-02-20,548,91689
LEX-1149,2025-02-21,543,92232
LEX-1149,2025-02-22,257,92489
LEX-1149,2025-02-23,240,92729
LEX-1149,2025-02-24,501,93230
LEX-1149,2025-02-25,609,93839
LEX-1149,2025-02-26,450,94289
LEX-1149,2025-02-27,457,94746
LEX-1149,2025-02-28,513,95259
LEX-1149,2025-03-01,428,95687
LEX-1149,2025-03-02,433,96120
LEX-1149,2025-03-03,829,96949
LEX-1149,2025-03-04,712,97661
LEX-1149,2025-03-05,796,98457
LEX-1149,2025-03-06,696,99153
LEX-1149,2025-03-07,836,99989
LEX-1149,2025-03-08,420,100409
LEX-1149,2025-03-09,401,100810
LEX-1149,2025-03-10,734,101544
LEX-1149,2025-03-11,757,102301
LEX-1149,2025-03-12,705,103006
LEX-1149,2025-03-13,807,103813
LEX-1149,2025-03-14,1016,104829
LEX-1149,2025-03-15,402,105231
LEX-1149,2025-03-16,391,105622
LEX-1149,2025-03-17,825,106447
LEX-1149,2025-03-18,736,107183
LEX-1149,2025-03-19,738,107921
LEX-1149,2025-03-20,770,108691
LEX-1149,2025-03-21,868,109559
LEX-1149,2025-03-22,416,109975
LEX-1149,2025-03-23,400,110375
LEX-1149,2025-03-24,859,111234
LEX-1149,2025-03-25,921,112155
LEX-1149,2025-03-26,858,113013
LEX-1149,2025-03-27,744,113757
LEX-1149,2025-03-28,688,114445
LEX-1149,2025-03-29,348,114793
LEX-1149,2025-03-30,433,115226
LEX-1149,2025-03-31,761,115987
LEX-1149,2025-04-01,540,116527
LEX-1149,2025-04-02,488,117015
LEX-1149,2025-04-03,522,117537
LEX-1149,2025-04-04,535,118072
LEX-1149,2025-04-05,237,118309
LEX-1149,2025-04-06,270,118579
LEX-1149,2025-04-07,480,119059
LEX-1149,2025-04-08,478,119537
LEX-1149,2025-04-09,540,120077
LEX-1149,2025-04-10,532,120609
LEX-1149,2025-04-11,525,121134
LEX-1149,2025-04-12,231,121365
LEX-1149,2025-04-13,245,121610
LEX-1149,2025-04-14,534,122144
LEX-1149,2025-04-15,599,122743
LEX-1149,2025-04-16,580,123323
LEX-1149,2025-04-17,487,123810
LEX-1149,2025-04-18,480,124290
LEX-1149,2025-04-19,288,124578
LEX-1149,2025-04-20,265,124843
LEX-1149,2025-04-21,487,125330
LEX-1149,2025-04-22,512,125842
LEX-1149,2025-04-23,456,126298
LEX-1149,2025-04-24,547,126845
LEX-1149,2025-04-25,563,127408
LEX-1149,2025-04-26,284,127692
LEX-1149,2025-04-27,276,127968
LEX-1149,2025-04-28,493,128461
LEX-1149,2025-04-29,543,129004
LEX-1149,2025-04-30,566,129570
LEX-1149,2025-05-01,545,130115
LEX-1149,2025-05-02,541,130656
LEX-1149,2025-05-03,257,130913
LEX-1149,2025-05-04,235,131148
LEX-1149,2025-05-05,582,131730
LEX-1149,2025-05-06,505,132235
LEX-1149,2025-05-07,556,132791
LEX-1149,2025-05-08,607,133398
LEX-1149,2025-05-09,543,133941
LEX-1149,2025-05-10,277,134218
LEX-1149,2025-05-11,234,134452
LEX-1149,2025-05-12,477,134929
LEX-1149,2025-05-13,558,135487
LEX-1149,2025-05-14,484,135971
LEX-1149,2025-05-15,452,136423
LEX-1149,2025-05-16,439,136862
LEX-1149,2025-05-17,249,137111
LEX-1149,2025-05-18,248,137359
LEX-1149,2025-05-19,547,137906
LEX-1149,2025-05-20,466,138372
LEX-1149,2025-05-21,562,138934
LEX-1149,2025-05-22,457,139391
LEX-1149,2025-05-23,458,139849
LEX-1149,2025-05-24,256,140105
LEX-1149,2025-05-25,254,140359
LEX-1149,2025-05-26,530,140889
LEX-1149,2025-05-27,459,141348
LEX-1149,2025-05-28,521,141869
LEX-1149,2025-05-29,438,142307
LEX-1149,2025-05-30,417,142724
LEX-1149,2025-05-31,290,143014
LEX-1149,2025-06-01,439,143453
LEX-1149,2025-06-02,810,144263
LEX-1149,2025-06-03,679,144942
LEX-1149,2025-06-04,781,145723
LEX-1149,2025-06-05,840,146563
LEX-1149,2025-06-06,781,147344
LEX-1149,2025-06-07,456,147800
LEX-1149,2025-06-08,425,148225
LEX-1149,2025-06-09,751,148976
LEX-1149,2025-06-10,707,149683
LEX-1149,2025-06-11,867,150550
LEX-1149,2025-06-12,865,151415
LEX-1149,2025-06-13,860,152275
LEX-1149,2025-06-14,460,152735
LEX-1149,2025-06-15,420,153155
LEX-1149,2025-06-16,817,153972
LEX-1149,2025-06-17,860,154832
LEX-1149,2025-06-18,891,155723
LEX-1149,2025-06-19,855,156578
LEX-1149,2025-06-20,813,157391
LEX-1149,2025-06-21,436,157827
LEX-1149,2025-06-22,408,158235
LEX-1149,2025-06-23,779,159014
LEX-1149,2025-06-24,818,159832
LEX-1149,2025-06-25,790,160622
LEX-1149,2025-06-26,805,161427
LEX-1149,2025-06-27,828,162255
LEX-1149,2025-06-28,419,162674
LEX-1149,2025-06-29,385,163059
LEX-1149,2025-06-30,788,163847
LEX-1149,2025-07-01,463,164310
LEX-1149,2025-07-02,522,164832
LEX-1149,2025-07-03,496,165328
LEX-1149,2025-07-04,565,165893
LEX-1149,2025-07-05,265,166158
LEX-1149,2025-07-06,268,166426
LEX-1149,2025-07-07,515,166941
LEX-1149,2025-07-08,545,167486
LEX-1149,2025-07-09,443,167929
LEX-1149,2025-07-10,508,168437
LEX-1149,2025-07-11,496,168933
LEX-1149,2025-07-12,277,169210
LEX-1149,2025-07-13,228,169438
LEX-1149,2025-07-14,518,169956
LEX-1149,2025-07-15,561,170517
LEX-1149,2025-07-16,505,171022
LEX-1149,2025-07-17,505,171527
LEX-1149,2025-07-18,521,172048
LEX-1149,2025-07-19,250,172298
LEX-1149,2025-07-20,263,172561
LEX-1149,2025-07-21,554,173115
LEX-1149,2025-07-22,522,173637
LEX-1149,2025-07-23,508,174145
LEX-1149,2025-07-24,541,174686
LEX-1149,2025-07-25,571,175257
LEX-1149,2025-07-26,241,175498
LEX-1149,2025-07-27,293,175791
LEX-1149,2025-07-28,486,176277
LEX-1149,2025-07-29,525,176802
LEX-1149,2025-07-30,523,177325
LEX-1149,2025-07-31,525,177850
LEX-1149,2025-08-01,443,178293
LEX-1149,2025-08-02,229,178522
LEX-1149,2025-08-03,246,178768
LEX-1149,2025-08-04,482,179250
LEX-1149,2025-08-05,530,179780
LEX-1149,2025-08-06,557,180337
LEX-1149,2025-08-07,426,180763
LEX-1149,2025-08-08,462,181225
LEX-1149,2025-08-09,243,181468
LEX-1149,2025-08-10,231,181699
LEX-1149,2025-08-11,495,182194
LEX-1149,2025-08-12,474,182668
LEX-1149,2025-08-13,528,183196
LEX-1149,2025-08-14,618,183814
LEX-1149,2025-08-15,474,184288
LEX-1149,2025-08-16,279,184567
LEX-1149,2025-08-17,307,184874
LEX-1149,2025-08-18,481,185355
LEX-1149,2025-08-19,596,185951
LEX-1149,2025-08-20,473,186424
LEX-1149,2025-08-21,558,186982
LEX-1149,2025-08-22,476,187458
LEX-1149,2025-08-23,216,187674
LEX-1149,2025-08-24,275,187949
LEX-1149,2025-08-25,529,188478
LEX-1149,2025-08-26,505,188983
LEX-1149,2025-08-27,441,189424
LEX-1149,2025-08-28,561,189985
LEX-1149,2025-08-29,552,190537
LEX-1149,2025-08-30,217,190754
LEX-1149,2025-08-31,258,191012
LEX-1150,2024-09-01,415,415
LEX-1150,2024-09-02,723,1138
LEX-1150,2024-09-03,859,1997
LEX-1150,2024-09-04,954,2951
LEX-1150,2024-09-05,864,3815
LEX-1150,2024-09-06,907,4722
LEX-1150,2024-09-07,426,5148
LEX-1150,2024-09-08,362,5510
LEX-1150,2024-09-09,849,6359
LEX-1150,2024-09-10,712,7071
LEX-1150,2024-09-11,762,7833
LEX-1150,2024-09-12,779,8612
LEX-1150,2024-09-13,771,9383
LEX-1150,2024-09-14,372,9755
LEX-1150,2024-09-15,389,10144
LEX-1150,2024-09-16,786,10930
LEX-1150,2024-09-17,876,11806
LEX-1150,2024-09-18,821,12627
LEX-1150,2024-09-19,857,13484
LEX-1150,2024-09-20,779,14263
LEX-1150,2024-09-21,427,14690
LEX-1150,2024-09-22,335,15025
LEX-1150,2024-09-23,712,15737
LEX-1150,2024-09-24,858,16595
LEX-1150,2024-09-25,756,17351
LEX-1150,2024-09-26,801,18152
LEX-1150,2024-09-27,645,18797
LEX-1150,2024-09-28,384,19181
LEX-1150,2024-09-29,357,19538
LEX-1150,2024-09-30,751,20289
LEX-1150,2024-10-01,501,20790
LEX-1150,2024-10-02,500,21290
LEX-1150,2024-10-03,486,21776
LEX-1150,2024-10-04,532,22308
LEX-1150,2024-10-05,239,22547
LEX-1150,2024-10-06,242,22789
LEX-1150,2024-10-07,448,23237
LEX-1150,2024-10-08,544,23781
LEX-1150,2024-10-09,464,24245
LEX-1150,2024-10-10,440,24685
LEX-1150,2024-10-11,448,25133
LEX-1150,2024-10-12,252,25385
LEX-1150,2024-10-13,246,25631
LEX-1150,2024-10-14,487,26118
LEX-1150,2024-10-15,536,26654
LEX-1150,2024-10-16,457,27111
LEX-1150,2024-10-17,516,27627
LEX-1150,2024-10-18,500,28127
LEX-1150,2024-10-19,256,28383
LEX-1150,2024-10-20,250,28633
LEX-1150,2024-10-21,466,29099
LEX-1150,2024-10-22,408,29507
LEX-1150,2024-10-23,528,30035
LEX-1150,2024-10-24,496,30531
LEX-1150,2024-10-25,501,31032
LEX-1150,2024-10-26,247,31279
LEX-1150,2024-10-27,218,31497
LEX-1150,2024-10-28,505,32002
LEX-1150,2024-10-29,497,32499
LEX-1150,2024-10-30,493,32992
LEX-1150,2024-10-31,564,33556
LEX-1150,2024-11-01,501,34057
LEX-1150,2024-11-02,245,34302
LEX-1150,2024-11-03,245,34547
LEX-1150,2024-11-04,453,35000
LEX-1150,2024-11-05,501,35501
LEX-1150,2024-11-06,507,36008
LEX-1150,2024-11-07,470,36478
LEX-1150,2024-11-08,525,37003
LEX-1150,2024-11-09,257,37260
LEX-1150,2024-11-10,245,37505
LEX-1150,2024-11-11,529,38034
LEX-1150,2024-11-12,481,38515
LEX-1150,2024-11-13,528,39043
LEX-1150,2024-11-14,476,39519
LEX-1150,2024-11-15,559,40078
LEX-1150,2024-11-16,236,40314
LEX-1150,2024-11-17,245,40559
LEX-1150,2024-11-18,462,41021
LEX-1150,2024-11-19,518,41539
LEX-1150,2024-11-20,451,41990
LEX-1150,2024-11-21,491,42481
LEX-1150,2024-11-22,441,42922
LEX-1150,2024-11-23,258,43180
LEX-1150,2024-11-24,259,43439
LEX-1150,2024-11-25,501,43940
LEX-1150,2024-11-26,475,44415
LEX-1150,2024-11-27,523,44938
LEX-1150,2024-11-28,458,45396
LEX-1150,2024-11-29,466,45862
LEX-1150,2024-11-30,261,46123
LEX-1150,2024-12-01,414,46537
LEX-1150,2024-12-02,829,47366
LEX-1150,2024-12-03,940,48306
LEX-1150,2024-12-04,805,49111
LEX-1150,2024-12-05,768,49879
LEX-1150,2024-12-06,785,50664
LEX-1150,2024-12-07,330,50994
LEX-1150,2024-12-08,409,51403
LEX-1150,2024-12-09,884,52287
LEX-1150,2024-12-10,772,53059
LEX-1150,2024-12-11,877,53936
LEX-1150,2024-12-12,732,54668
LEX-1150,2024-12-13,744,55412
LEX-1150,2024-12-14,372,55784
LEX-1150,2024-12-15,350,56134
LEX-1150,2024-12-16,886,57020
LEX-1150,2024-12-17,826,57846
LEX-1150,2024-12-18,833,58679
LEX-1150,2024-12-19,748,59427
LEX-1150,2024-12-20,844,60271
LEX-1150,2024-12-21,380,60651
LEX-1150,2024-12-22,382,61033
LEX-1150,2024-12-23,862,61895
LEX-1150,2024-12-24,740,62635
LEX-1150,2024-12-25,730,63365
LEX-1150,2024-12-26,723,64088
LEX-1150,2024-12-27,784,64872
LEX-1150,2024-12-28,462,65334
LEX-1150,2024-12-29,388,65722
LEX-1150,2024-12-30,711,66433
LEX-1150,2024-12-31,754,67187
LEX-1150,2025-01-01,477,67664
LEX-1150,2025-01-02,498,68162
LEX-1150,2025-01-03,510,68672
LEX-1150,2025-01-04,206,68878
LEX-1150,2025-01-05,223,69101
LEX-1150,2025-01-06,444,69545
LEX-1150,2025-01-07,536,70081
LEX-1150,2025-01-08,456,70537
LEX-1150,2025-01-09,507,71044
LEX-1150,2025-01-10,514,71558
LEX-1150,2025-01-11,238,71796
LEX-1150,2025-01-12,199,71995
LEX-1150,2025-01-13,542,72537
LEX-1150,2025-01-14,548,73085
LEX-1150,2025-01-15,495,73580
LEX-1150,2025-01-16,469,74049
LEX-1150,2025-01-17,567,74616
LEX-1150,2025-01-18,233,74849
LEX-1150,2025-01-19,263,75112
LEX-1150,2025-01-20,437,75549
LEX-1150,2025-01-21,514,76063
LEX-1150,2025-01-22,444,76507
LEX-1150,2025-01-23,511,77018
LEX-1150,2025-01-24,496,77514
LEX-1150,2025-01-25,240,77754
LEX-1150,2025-01-26,240,77994
LEX-1150,2025-01-27,539,78533
LEX-1150,2025-01-28,493,79026
LEX-1150,2025-01-29,512,79538
LEX-1150,2025-01-30,609,80147
LEX-1150,2025-01-31,446,80593
LEX-1150,2025-02-01,232,80825
LEX-1150,2025-02-02,215,81040
LEX-1150,2025-02-03,428,81468
LEX-1150,2025-02-04,572,82040
LEX-1150,2025-02-05,479,82519
LEX-1150,2025-02-06,391,82910
LEX-1150,2025-02-07,485,83395
LEX-1150,2025-02-08,238,83633
LEX-1150,2025-02-09,227,83860
LEX-1150,2025-02-10,478,84338
LEX-1150,2025-02-11,502,84840
LEX-1150,2025-02-12,480,85320
LEX-1150,2025-02-13,530,85850
LEX-1150,2025-02-14,493,86343
LEX-1150,2025-02-15,248,86591
LEX-1150,2025-02-16,244,86835
LEX-1150,2025-02-17,447,87282
LEX-1150,2025-02-18,448,87730
LEX-1150,2025-02-19,501,88231
LEX-1150,2025-02-20,466,88697
LEX-1150,2025-02-21,520,89217
LEX-1150,2025-02-22,241,89458
LEX-1150,2025-02-23,232,89690
LEX-1150,2025-02-24,506,90196
LEX-1150,2025-02-25,497,90693
LEX-1150,2025-02-26,430,91123
LEX-1150,2025-02-27,424,91547
LEX-1150,2025-02-28,519,92066
LEX-1150,2025-03-01,373,92439
LEX-1150,2025-03-02,401,92840
LEX-1150,2025-03-03,808,93648
LEX-1150,2025-03-04,870,94518
LEX-1150,2025-03-05,899,95417
LEX-1150,2025-03-06,721,96138
LEX-1150,2025-03-07,784,96922
LEX-1150,2025-03-08,393,97315
LEX-1150,2025-03-09,445,97760
LEX-1150,2025-03-10,702,98462
LEX-1150,2025-03-11,885,99347
LEX-1150,2025-03-12,829,100176
LEX-1150,2025-03-13,759,100935
LEX-1150,2025-03-14,849,101784
LEX-1150,2025-03-15,385,102169
LEX-1150,2025-03-16,345,102514
LEX-1150,2025-03-17,801,103315
LEX-1150,2025-03-18,777,104092
LEX-1150,2025-03-19,763,104855
LEX-1150,2025-03-20,743,105598
LEX-1150,2025-03-21,833,106431
LEX-1150,2025-03-22,396,106827
LEX-1150,2025-03-23,382,107209
LEX-1150,2025-03-24,755,107964
LEX-1150,2025-03-25,764,108728
LEX-1150,2025-03-26,757,109485
LEX-1150,2025-03-27,768,110253
LEX-1150,2025-03-28,840,111093
LEX-1150,2025-03-29,385,111478
LEX-1150,2025-03-30,401,111879
LEX-1150,2025-03-31,769,112648
LEX-1150,2025-04-01,425,113073
LEX-1150,2025-04-02,505,113578
LEX-1150,2025-04-03,467,114045
LEX-1150,2025-04-04,522,114567
LEX-1150,2025-04-05,281,114848
LEX-1150,2025-04-06,235,115083
LEX-1150,2025-04-07,532,115615
LEX-1150,2025-04-08,480,116095
LEX-1150,2025-04-09,484,116579
LEX-1150,2025-04-10,511,117090
LEX-1150,2025-04-11,418,117508
LEX-1150,2025-04-12,213,117721
LEX-1150,2025-04-13,249,117970
LEX-1150,2025-04-14,392,118362
LEX-1150,2025-04-15,539,118901
LEX-1150,2025-04-16,549,119450
LEX-1150,2025-04-17,510,119960
LEX-1150,2025-04-18,491,120451
LEX-1150,2025-04-19,270,120721
LEX-1150,2025-04-20,238,120959
LEX-1150,2025-04-21,481,121440
LEX-1150,2025-04-22,490,121930
LEX-1150,2025-04-23,463,122393
LEX-1150,2025-04-24,547,122940
LEX-1150,2025-04-25,546,123486
LEX-1150,2025-04-26,229,123715
LEX-1150,2025-04-27,233,123948
LEX-1150,2025-04-28,482,124430
LEX-1150,2025-04-29,544,124974
LEX-1150,2025-04-30,482,125456
LEX-1150,2025-05-01,502,125958
LEX-1150,2025-05-02,454,126412
LEX-1150,2025-05-03,278,126690
LEX-1150,2025-05-04,224,126914
LEX-1150,2025-05-05,480,127394
LEX-1150,2025-05-06,428,127822
LEX-1150,2025-05-07,545,128367
LEX-1150,2025-05-08,495,128862
LEX-1150,2025-05-09,567,129429
LEX-1150,2025-05-10,228,129657
LEX-1150,2025-05-11,269,129926
LEX-1150,2025-05-12,512,130438
LEX-1150,2025-05-13,464,130902
LEX-1150,2025-05-14,470,131372
LEX-1150,2025-05-15,518,131890
LEX-1150,2025-05-16,494,132384
LEX-1150,2025-05-17,234,132618
LEX-1150,2025-05-18,282,132900
LEX-1150,2025-05-19,498,133398
LEX-1150,2025-05-20,481,133879
LEX-1150,2025-05-21,453,134332
LEX-1150,2025-05-22,475,134807
LEX-1150,2025-05-23,411,135218
LEX-1150,2025-05-24,248,135466
LEX-1150,2025-05-25,262,135728
LEX-1150,2025-05-26,553,136281
LEX-1150,2025-05-27,479,136760
LEX-1150,2025-05-28,515,137275
LEX-1150,2025-05-29,482,137757
LEX-1150,2025-05-30,425,138182
LEX-1150,2025-05-31,207,138389
LEX-1150,2025-06-01,393,138782
LEX-1150,2025-06-02,665,139447
LEX-1150,2025-06-03,778,140225
LEX-1150,2025-06-04,767,140992
LEX-1150,2025-06-05,682,141674
LEX-1150,2025-06-06,621,142295
LEX-1150,2025-06-07,373,142668
LEX-1150,2025-06-08,443,143111
LEX-1150,2025-06-09,809,143920
LEX-1150,2025-06-10,746,144666
LEX-1150,2025-06-11,742,145408
LEX-1150,2025-06-12,815,146223
LEX-1150,2025-06-13,798,147021
LEX-1150,2025-06-14,417,147438
LEX-1150,2025-06-15,452,147890
LEX-1150,2025-06-16,863,148753
LEX-1150,2025-06-17,861,149614
LEX-1150,2025-06-18,785,150399
LEX-1150,2025-06-19,649,151048
LEX-1150,2025-06-20,656,151704
LEX-1150,2025-06-21,411,152115
LEX-1150,2025-06-22,378,152493
LEX-1150,2025-06-23,896,153389
LEX-1150,2025-06-24,884,154273
LEX-1150,2025-06-25,799,155072
LEX-1150,2025-06-26,760,155832
LEX-1150,2025-06-27,733,156565
LEX-1150,2025-06-28,447,157012
LEX-1150,2025-06-29,401,157413
LEX-1150,2025-06-30,747,158160
LEX-1150,2025-07-01,491,158651
LEX-1150,2025-07-02,485,159136
LEX-1150,2025-07-03,566,159702
LEX-1150,2025-07-04,503,160205
LEX-1150,2025-07-05,248,160453
LEX-1150,2025-07-06,257,160710
LEX-1150,2025-07-07,582,161292
LEX-1150,2025-07-08,444,161736
LEX-1150,2025-07-09,578,162314
LEX-1150,2025-07-10,505,162819
LEX-1150,2025-07-11,513,163332
LEX-1150,2025-07-12,226,163558
LEX-1150,2025-07-13,223,163781
LEX-1150,2025-07-14,476,164257
LEX-1150,2025-07-15,494,164751
LEX-1150,2025-07-16,495,165246
LEX-1150,2025-07-17,506,165752
LEX-1150,2025-07-18,474,166226
LEX-1150,2025-07-19,257,166483
LEX-1150,2025-07-20,217,166700
LEX-1150,2025-07-21,553,167253
LEX-1150,2025-07-22,473,167726
LEX-1150,2025-07-23,502,168228
LEX-1150,2025-07-24,482,168710
LEX-1150,2025-07-25,495,169205
LEX-1150,2025-07-26,253,169458
LEX-1150,2025-07-27,320,169778
LEX-1150,2025-07-28,425,170203
LEX-1150,2025-07-29,460,170663
LEX-1150,2025-07-30,447,171110
LEX-1150,2025-07-31,508,171618
LEX-1150,2025-08-01,511,172129
LEX-1150,2025-08-02,275,172404
LEX-1150,2025-08-03,249,172653
LEX-1150,2025-08-04,547,173200
LEX-1150,2025-08-05,540,173740
LEX-1150,2025-08-06,491,174231
LEX-1150,2025-08-07,469,174700
LEX-1150,2025-08-08,490,175190
LEX-1150,2025-08-09,235,175425
LEX-1150,2025-08-10,249,175674
LEX-1150,2025-08-11,464,176138
LEX-1150,2025-08-12,510,176648
LEX-1150,2025-08-13,431,177079
LEX-1150,2025-08-14,511,177590
LEX-1150,2025-08-15,523,178113
LEX-1150,2025-08-16,259,178372
LEX-1150,2025-08-17,196,178568
LEX-1150,2025-08-18,505,179073
LEX-1150,2025-08-19,513,179586
LEX-1150,2025-08-20,610,180196
LEX-1150,2025-08-21,502,180698
LEX-1150,2025-08-22,437,181135
LEX-1150,2025-08-23,214,181349
LEX-1150,2025-08-24,243,181592
LEX-1150,2025-08-25,462,182054
LEX-1150,2025-08-26,528,182582
LEX-1150,2025-08-27,561,183143
LEX-1150,2025-08-28,400,183543
LEX-1150,2025-08-29,483,184026
LEX-1150,2025-08-30,273,184299
LEX-1150,2025-08-31,264,184563
LEX-1151,2024-09-01,717,717
LEX-1151,2024-09-02,1583,2300
LEX-1151,2024-09-03,1685,3985
LEX-1151,2024-09-04,1541,5526
LEX-1151,2024-09-05,1618,7144
LEX-1151,2024-09-06,1693,8837
LEX-1151,2024-09-07,763,9600
LEX-1151,2024-09-08,774,10374
LEX-1151,2024-09-09,1663,12037
LEX-1151,2024-09-10,1625,13662
LEX-1151,2024-09-11,1704,15366
LEX-1151,2024-09-12,1652,17018
LEX-1151,2024-09-13,1753,18771
LEX-1151,2024-09-14,733,19504
LEX-1151,2024-09-15,789,20293
LEX-1151,2024-09-16,1520,21813
LEX-1151,2024-09-17,1333,23146
LEX-1151,2024-09-18,1416,24562
LEX-1151,2024-09-19,1673,26235
LEX-1151,2024-09-20,1619,27854
LEX-1151,2024-09-21,828,28682
LEX-1151,2024-09-22,757,29439
LEX-1151,2024-09-23,1559,30998
LEX-1151,2024-09-24,1592,32590
LEX-1151,2024-09-25,1503,34093
LEX-1151,2024-09-26,1587,35680
LEX-1151,2024-09-27,1279,36959
LEX-1151,2024-09-28,772,37731
LEX-1151,2024-09-29,740,38471
LEX-1151,2024-09-30,1601,40072
LEX-1151,2024-10-01,1092,41164
LEX-1151,2024-10-02,1005,42169
LEX-1151,2024-10-03,1010,43179
LEX-1151,2024-10-04,1129,44308
LEX-1151,2024-10-05,468,44776
LEX-1151,2024-10-06,447,45223
LEX-1151,2024-10-07,857,46080
LEX-1151,2024-10-08,1077,47157
LEX-1151,2024-10-09,1049,48206
LEX-1151,2024-10-10,851,49057
LEX-1151,2024-10-11,1047,50104
LEX-1151,2024-10-12,500,50604
LEX-1151,2024-10-13,427,51031
LEX-1151,2024-10-14,995,52026
LEX-1151,2024-10-15,976,53002
LEX-1151,2024-10-16,961,53963
LEX-1151,2024-10-17,856,54819
LEX-1151,2024-10-18,1169,55988
LEX-1151,2024-10-19,436,56424
LEX-1151,2024-10-20,444,56868
LEX-1151,2024-10-21,861,57729
LEX-1151,2024-10-22,1064,58793
LEX-1151,2024-10-23,875,59668
LEX-1151,2024-10-24,933,60601
LEX-1151,2024-10-25,997,61598
LEX-1151,2024-10-26,399,61997
LEX-1151,2024-10-27,445,62442
LEX-1151,2024-10-28,902,63344
LEX-1151,2024-10-29,1045,64389
LEX-1151,2024-10-30,948,65337
LEX-1151,2024-10-31,927,66264
LEX-1151,2024-11-01,1043,67307
LEX-1151,2024-11-02,461,67768
LEX-1151,2024-11-03,531,68299
LEX-1151,2024-11-04,1167,69466
LEX-1151,2024-11-05,1058,70524
LEX-1151,2024-11-06,1118,71642
LEX-1151,2024-11-07,1009,72651
LEX-1151,2024-11-08,982,73633
LEX-1151,2024-11-09,479,74112
LEX-1151,2024-11-10,521,74633
LEX-1151,2024-11-11,863,75496
LEX-1151,2024-11-12,1045,76541
LEX-1151,2024-11-13,931,77472
LEX-1151,2024-11-14,1012,78484
LEX-1151,2024-11-15,976,79460
LEX-1151,2024-11-16,508,79968
LEX-1151,2024-11-17,511,80479
LEX-1151,2024-11-18,984,81463
LEX-1151,2024-11-19,979,82442
LEX-1151,2024-11-20,926,83368
LEX-1151,2024-11-21,965,84333
LEX-1151,2024-11-22,901,85234
LEX-1151,2024-11-23,436,85670
LEX-1151,2024-11-24,418,86088
LEX-1151,2024-11-25,1020,87108
LEX-1151,2024-11-26,882,87990
LEX-1151,2024-11-27,1005,88995
LEX-1151,2024-11-28,968,89963
LEX-1151,2024-11-29,868,90831
LEX-1151,2024-11-30,417,91248
LEX-1151,2024-12-01,791,92039
LEX-1151,2024-12-02,1399,93438
LEX-1151,2024-12-03,1570,95008
LEX-1151,2024-12-04,1604,96612
LEX-1151,2024-12-05,1404,98016
LEX-1151,2024-12-06,1368,99384
LEX-1151,2024-12-07,757,100141
LEX-1151,2024-12-08,749,100890
LEX-1151,2024-12-09,1448,102338
LEX-1151,2024-12-10,1287,103625
LEX-1151,2024-12-11,1661,105286
LEX-1151,2024-12-12,1525,106811
LEX-1151,2024-12-13,1607,108418
LEX-1151,2024-12-14,764,109182
LEX-1151,2024-12-15,823,110005
LEX-1151,2024-12-16,1505,111510
LEX-1151,2024-12-17,1496,113006
LEX-1151,2024-12-18,1431,114437
LEX-1151,2024-12-19,1569,116006
LEX-1151,2024-12-20,1491,117497
LEX-1151,2024-12-21,737,118234
LEX-1151,2024-12-22,664,118898
LEX-1151,2024-12-23,1485,120383
LEX-1151,2024-12-24,1586,121969
LEX-1151,2024-12-25,1520,123489
LEX-1151,2024-12-26,1606,125095
LEX-1151,2024-12-27,1410,126505
LEX-1151,2024-12-28,733,127238
LEX-1151,2024-12-29,792,128030
LEX-1151,2024-12-30,1534,129564
LEX-1151,2024-12-31,1168,130732
LEX-1151,2025-01-01,917,131649
LEX-1151,2025-01-02,876,132525
LEX-1151,2025-01-03,948,133473
LEX-1151,2025-01-04,361,133834
LEX-1151,2025-01-05,488,134322
LEX-1151,2025-01-06,1011,135333
LEX-1151,2025-01-07,913,136246
LEX-1151,2025-01-08,939,137185
LEX-1151,2025-01-09,905,138090
LEX-1151,2025-01-10,1082,139172
LEX-1151,2025-01-11,531,139703
LEX-1151,2025-01-12,524,140227
LEX-1151,2025-01-13,1106,141333
LEX-1151,2025-01-14,1061,142394
LEX-1151,2025-01-15,920,143314
LEX-1151,2025-01-16,969,144283
LEX-1151,2025-01-17,1003,145286
LEX-1151,2025-01-18,492,145778
LEX-1151,2025-01-19,424,146202
LEX-1151,2025-01-20,1012,147214
LEX-1151,2025-01-21,1000,148214
LEX-1151,2025-01-22,1005,149219
LEX-1151,2025-01-23,985,150204
LEX-1151,2025-01-24,960,151164
LEX-1151,2025-01-25,504,151668
LEX-1151,2025-01-26,402,152070
LEX-1151,2025-01-27,1000,153070
LEX-1151,2025-01-28,1039,154109
LEX-1151,2025-01-29,1092,155201
LEX-1151,2025-01-30,1003,156204
LEX-1151,2025-01-31,890,157094
LEX-1151,2025-02-01,460,157554
LEX-1151,2025-02-02,499,158053
LEX-1151,2025-02-03,994,159047
LEX-1151,2025-02-04,880,159927
LEX-1151,2025-02-05,972,160899
LEX-1151,2025-02-06,946,161845
LEX-1151,2025-02-07,938,162783
LEX-1151,2025-02-08,483,163266
LEX-1151,2025-02-09,482,163748
LEX-1151,2025-02-10,1081,164829
LEX-1151,2025-02-11,808,165637
LEX-1151,2025-02-12,957,166594
LEX-1151,2025-02-13,961,167555
LEX-1151,2025-02-14,820,168375
LEX-1151,2025-02-15,507,168882
LEX-1151,2025-02-16,513,169395
LEX-1151,2025-02-17,839,170234
LEX-1151,2025-02-18,1021,171255
LEX-1151,2025-02-19,895,172150
LEX-1151,2025-02-20,988,173138
LEX-1151,2025-02-21,977,174115
LEX-1151,2025-02-22,489,174604
LEX-1151,2025-02-23,398,175002
LEX-1151,2025-02-24,831,175833
LEX-1151,2025-02-25,977,176810
LEX-1151,2025-02-26,1001,177811
LEX-1151,2025-02-27,889,178700
LEX-1151,2025-02-28,1066,179766
LEX-1151,2025-03-01,729,180495
LEX-1151,2025-03-02,747,181242
LEX-1151,2025-03-03,1517,182759
LEX-1151,2025-03-04,1567,184326
LEX-1151,2025-03-05,1525,185851
LEX-1151,2025-03-06,1500,187351
LEX-1151,2025-03-07,1525,188876
LEX-1151,2025-03-08,782,189658
LEX-1151,2025-03-09,783,190441
LEX-1151,2025-03-10,1571,192012
LEX-1151,2025-03-11,1742,193754
LEX-1151,2025-03-12,1667,195421
LEX-1151,2025-03-13,1413,196834
LEX-1151,2025-03-14,1657,198491
LEX-1151,2025-03-15,626,199117
LEX-1151,2025-03-16,754,199871
LEX-1151,2025-03-17,1550,201421
LEX-1151,2025-03-18,1482,202903
LEX-1151,2025-03-19,1732,204635
LEX-1151,2025-03-20,1550,206185
LEX-1151,2025-03-21,1419,207604
LEX-1151,2025-03-22,815,208419
LEX-1151,2025-03-23,793,209212
LEX-1151,2025-03-24,1321,210533
LEX-1151,2025-03-25,1701,212234
LEX-1151,2025-03-26,1549,213783
LEX-1151,2025-03-27,1658,215441
LEX-1151,2025-03-28,1587,217028
LEX-1151,2025-03-29,747,217775
LEX-1151,2025-03-30,794,218569
LEX-1151,2025-03-31,1525,220094
LEX-1151,2025-04-01,983,221077
LEX-1151,2025-04-02,1007,222084
LEX-1151,2025-04-03,972,223056
LEX-1151,2025-04-04,996,224052
LEX-1151,2025-04-05,466,224518
LEX-1151,2025-04-06,458,224976
LEX-1151,2025-04-07,1020,225996
LEX-1151,2025-04-08,1072,227068
LEX-1151,2025-04-09,921,227989
LEX-1151,2025-04-10,985,228974
LEX-1151,2025-04-11,852,229826
LEX-1151,2025-04-12,549,230375
LEX-1151,2025-04-13,524,230899
LEX-1151,2025-04-14,916,231815
LEX-1151,2025-04-15,933,232748
LEX-1151,2025-04-16,1053,233801
LEX-1151,2025-04-17,974,234775
LEX-1151,2025-04-18,1009,235784
LEX-1151,2025-04-19,442,236226
LEX-1151,2025-04-20,502,236728
LEX-1151,2025-04-21,949,237677
LEX-1151,2025-04-22,983,238660
LEX-1151,2025-04-23,930,239590
LEX-1151,2025-04-24,944,240534
LEX-1151,2025-04-25,968,241502
LEX-1151,2025-04-26,457,241959
LEX-1151,2025-04-27,567,242526
LEX-1151,2025-04-28,879,243405
LEX-1151,2025-04-29,999,244404
LEX-1151,2025-04-30,984,245388
LEX-1151,2025-05-01,1019,246407
LEX-1151,2025-05-02,768,247175
LEX-1151,2025-05-03,415,247590
LEX-1151,2025-05-04,459,248049
LEX-1151,2025-05-05,1031,249080
LEX-1151,2025-05-06,940,250020
LEX-1151,2025-05-07,937,250957
LEX-1151,2025-05-08,962,251919
LEX-1151,2025-05-09,896,252815
LEX-1151,2025-05-10,498,253313
LEX-1151,2025-05-11,487,253800
LEX-1151,2025-05-12,999,254799
LEX-1151,2025-05-13,1077,255876
LEX-1151,2025-05-14,943,256819
LEX-1151,2025-05-15,969,257788
LEX-1151,2025-05-16,885,258673
LEX-1151,2025-05-17,432,259105
LEX-1151,2025-05-18,480,259585
LEX-1151,2025-05-19,968,260553
LEX-1151,2025-05-20,1013,261566
LEX-1151,2025-05-21,1005,262571
LEX-1151,2025-05-22,980,263551
LEX-1151,2025-05-23,1090,264641
LEX-1151,2025-05-24,468,265109
LEX-1151,2025-05-25,473,265582
LEX-1151,2025-05-26,982,266564
LEX-1151,2025-05-27,869,267433
LEX-1151,2025-05-28,1013,268446
LEX-1151,2025-05-29,966,269412
LEX-1151,2025-05-30,967,270379
LEX-1151,2025-05-31,501,270880
LEX-1151,2025-06-01,791,271671
LEX-1151,2025-06-02,1587,273258
LEX-1151,2025-06-03,1489,274747
LEX-1151,2025-06-04,1730,276477
LEX-1151,2025-06-05,1357,277834
LEX-1151,2025-06-06,1453,279287
LEX-1151,2025-06-07,734,280021
LEX-1151,2025-06-08,724,280745
LEX-1151,2025-06-09,1322,282067
LEX-1151,2025-06-10,1739,283806
LEX-1151,2025-06-11,1616,285422
LEX-1151,2025-06-12,1459,286881
LEX-1151,2025-06-13,1623,288504
LEX-1151,2025-06-14,758,289262
LEX-1151,2025-06-15,750,290012
LEX-1151,2025-06-16,1419,291431
LEX-1151,2025-06-17,1539,292970
LEX-1151,2025-06-18,1459,294429
LEX-1151,2025-06-19,1417,295846
LEX-1151,2025-06-20,1654,297500
LEX-1151,2025-06-21,718,298218
LEX-1151,2025-06-22,855,299073
LEX-1151,2025-06-23,1449,300522
LEX-1151,2025-06-24,1352,301874
LEX-1151,2025-06-25,1602,303476
LEX-1151,2025-06-26,1482,304958
LEX-1151,2025-06-27,1342,306300
LEX-1151,2025-06-28,784,307084
LEX-1151,2025-06-29,688,307772
LEX-1151,2025-06-30,1292,309064
LEX-1151,2025-07-01,1012,310076
LEX-1151,2025-07-02,1075,311151
LEX-1151,2025-07-03,930,312081
LEX-1151,2025-07-04,1054,313135
LEX-1151,2025-07-05,511,313646
LEX-1151,2025-07-06,506,314152
LEX-1151,2025-07-07,947,315099
LEX-1151,2025-07-08,915,316014
LEX-1151,2025-07-09,987,317001
LEX-1151,2025-07-10,1010,318011
LEX-1151,2025-07-11,863,318874
LEX-1151,2025-07-12,467,319341
LEX-1151,2025-07-13,473,319814
LEX-1151,2025-07-14,939,320753
LEX-1151,2025-07-15,908,321661
LEX-1151,2025-07-16,858,322519
LEX-1151,2025-07-17,937,323456
LEX-1151,2025-07-18,939,324395
LEX-1151,2025-07-19,462,324857
LEX-1151,2025-07-20,505,325362
LEX-1151,2025-07-21,855,326217
LEX-1151,2025-07-22,982,327199
LEX-1151,2025-07-23,823,328022
LEX-1151,2025-07-24,955,328977
LEX-1151,2025-07-25,787,329764
LEX-1151,2025-07-26,446,330210
LEX-1151,2025-07-27,479,330689
LEX-1151,2025-07-28,851,331540
LEX-1151,2025-07-29,851,332391
LEX-1151,2025-07-30,1036,333427
LEX-1151,2025-07-31,838,334265
LEX-1151,2025-08-01,951,335216
LEX-1151,2025-08-02,537,335753
LEX-1151,2025-08-03,485,336238
LEX-1151,2025-08-04,963,337201
LEX-1151,2025-08-05,906,338107
LEX-1151,2025-08-06,906,339013
LEX-1151,2025-08-07,947,339960
LEX-1151,2025-08-08,807,340767
LEX-1151,2025-08-09,519,341286
LEX-1151,2025-08-10,488,341774
LEX-1151,2025-08-11,826,342600
LEX-1151,2025-08-12,1039,343639
LEX-1151,2025-08-13,1013,344652
LEX-1151,2025-08-14,994,345646
LEX-1151,2025-08-15,1132,346778
LEX-1151,2025-08-16,484,347262
LEX-1151,2025-08-17,539,347801
LEX-1151,2025-08-18,962,348763
LEX-1151,2025-08-19,995,349758
LEX-1151,2025-08-20,918,350676
LEX-1151,2025-08-21,815,351491
LEX-1151,2025-08-22,820,352311
LEX-1151,2025-08-23,477,352788
LEX-1151,2025-08-24,471,353259
LEX-1151,2025-08-25,870,354129
LEX-1151,2025-08-26,939,355068
LEX-1151,2025-08-27,995,356063
LEX-1151,2025-08-28,1060,357123
LEX-1151,2025-08-29,907,358030
LEX-1151,2025-08-30,495,358525
LEX-1151,2025-08-31,547,359072
LEX-1152,2024-09-01,276,276
LEX-1152,2024-09-02,490,766
LEX-1152,2024-09-03,526,1292
LEX-1152,2024-09-04,530,1822
LEX-1152,2024-09-05,549,2371
LEX-1152,2024-09-06,524,2895
LEX-1152,2024-09-07,271,3166
LEX-1152,2024-09-08,282,3448
LEX-1152,2024-09-09,478,3926
LEX-1152,2024-09-10,467,4393
LEX-1152,2024-09-11,547,4940
LEX-1152,2024-09-12,516,5456
LEX-1152,2024-09-13,558,6014
LEX-1152,2024-09-14,283,6297
LEX-1152,2024-09-15,222,6519
LEX-1152,2024-09-16,487,7006
LEX-1152,2024-09-17,517,7523
LEX-1152,2024-09-18,479,8002
LEX-1152,2024-09-19,502,8504
LEX-1152,2024-09-20,469,8973
LEX-1152,2024-09-21,252,9225
LEX-1152,2024-09-22,241,9466
LEX-1152,2024-09-23,536,10002
LEX-1152,2024-09-24,560,10562
LEX-1152,2024-09-25,539,11101
LEX-1152,2024-09-26,631,11732
LEX-1152,2024-09-27,561,12293
LEX-1152,2024-09-28,280,12573
LEX-1152,2024-09-29,259,12832
LEX-1152,2024-09-30,509,13341
LEX-1152,2024-10-01,359,13700
LEX-1152,2024-10-02,319,14019
LEX-1152,2024-10-03,327,14346
LEX-1152,2024-10-04,322,14668
LEX-1152,2024-10-05,170,14838
LEX-1152,2024-10-06,174,15012
LEX-1152,2024-10-07,354,15366
LEX-1152,2024-10-08,318,15684
LEX-1152,2024-10-09,331,16015
LEX-1152,2024-10-10,335,16350
LEX-1152,2024-10-11,364,16714
LEX-1152,2024-10-12,139,16853
LEX-1152,2024-10-13,163,17016
LEX-1152,2024-10-14,309,17325
LEX-1152,2024-10-15,312,17637
LEX-1152,2024-10-16,304,17941
LEX-1152,2024-10-17,340,18281
LEX-1152,2024-10-18,262,18543
LEX-1152,2024-10-19,161,18704
LEX-1152,2024-10-20,139,18843
LEX-1152,2024-10-21,308,19151
LEX-1152,2024-10-22,320,19471
LEX-1152,2024-10-23,315,19786
LEX-1152,2024-10-24,344,20130
LEX-1152,2024-10-25,359,20489
LEX-1152,2024-10-26,188,20677
LEX-1152,2024-10-27,163,20840
LEX-1152,2024-10-28,356,21196
LEX-1152,2024-10-29,364,21560
LEX-1152,2024-10-30,314,21874
LEX-1152,2024-10-31,358,22232
LEX-1152,2024-11-01,269,22501
LEX-1152,2024-11-02,167,22668
LEX-1152,2024-11-03,184,22852
LEX-1152,2024-11-04,329,23181
LEX-1152,2024-11-05,321,23502
LEX-1152,2024-11-06,321,23823
LEX-1152,2024-11-07,364,24187
LEX-1152,2024-11-08,284,24471
LEX-1152,2024-11-09,158,24629
LEX-1152,2024-11-10,174,24803
LEX-1152,2024-11-11,334,25137
LEX-1152,2024-11-12,357,25494
LEX-1152,2024-11-13,344,25838
LEX-1152,2024-11-14,314,26152
LEX-1152,2024-11-15,341,26493
LEX-1152,2024-11-16,146,26639
LEX-1152,2024-11-17,136,26775
LEX-1152,2024-11-18,310,27085
LEX-1152,2024-11-19,328,27413
LEX-1152,2024-11-20,305,27718
LEX-1152,2024-11-21,331,28049
LEX-1152,2024-11-22,328,28377
LEX-1152,2024-11-23,138,28515
LEX-1152,2024-11-24,156,28671
LEX-1152,2024-11-25,351,29022
LEX-1152,2024-11-26,339,29361
LEX-1152,2024-11-27,308,29669
LEX-1152,2024-11-28,342,30011
LEX-1152,2024-11-29,372,30383
LEX-1152,2024-11-30,157,30540
LEX-1152,2024-12-01,276,30816
LEX-1152,2024-12-02,546,31362
LEX-1152,2024-12-03,502,31864
LEX-1152,2024-12-04,475,32339
LEX-1152,2024-12-05,591,32930
LEX-1152,2024-12-06,568,33498
LEX-1152,2024-12-07,255,33753
LEX-1152,2024-12-08,286,34039
LEX-1152,2024-12-09,545,34584
LEX-1152,2024-12-10,572,35156
LEX-1152,2024-12-11,447,35603
LEX-1152,2024-12-12,505,36108
LEX-1152,2024-12-13,588,36696
LEX-1152,2024-12-14,316,37012
LEX-1152,2024-12-15,253,37265
LEX-1152,2024-12-16,505,37770
LEX-1152,2024-12-17,551,38321
LEX-1152,2024-12-18,536,38857
LEX-1152,2024-12-19,544,39401
LEX-1152,2024-12-20,432,39833
LEX-1152,2024-12-21,256,40089
LEX-1152,2024-12-22,278,40367
LEX-1152,2024-12-23,424,40791
LEX-1152,2024-12-24,454,41245
LEX-1152,2024-12-25,448,41693
LEX-1152,2024-12-26,549,42242
LEX-1152,2024-12-27,483,42725
LEX-1152,2024-12-28,236,42961
LEX-1152,2024-12-29,262,43223
LEX-1152,2024-12-30,470,43693
LEX-1152,2024-12-31,541,44234
LEX-1152,2025-01-01,389,44623
LEX-1152,2025-01-02,316,44939
LEX-1152,2025-01-03,275,45214
LEX-1152,2025-01-04,157,45371
LEX-1152,2025-01-05,169,45540
LEX-1152,2025-01-06,336,45876
LEX-1152,2025-01-07,348,46224
LEX-1152,2025-01-08,311,46535
LEX-1152,2025-01-09,319,46854
LEX-1152,2025-01-10,262,47116
LEX-1152,2025-01-11,171,47287
LEX-1152,2025-01-12,146,47433
LEX-1152,2025-01-13,331,47764
LEX-1152,2025-01-14,303,48067
LEX-1152,2025-01-15,324,48391
LEX-1152,2025-01-16,351,48742
LEX-1152,2025-01-17,315,49057
LEX-1152,2025-01-18,153,49210
LEX-1152,2025-01-19,163,49373
LEX-1152,2025-01-20,309,49682
LEX-1152,2025-01-21,301,49983
LEX-1152,2025-01-22,375,50358
LEX-1152,2025-01-23,278,50636
LEX-1152,2025-01-24,343,50979
LEX-1152,2025-01-25,161,51140
LEX-1152,2025-01-26,152,51292
LEX-1152,2025-01-27,335,51627
LEX-1152,2025-01-28,327,51954
LEX-1152,2025-01-29,361,52315
LEX-1152,2025-01-30,296,52611
LEX-1152,2025-01-31,313,52924
LEX-1152,2025-02-01,176,53100
LEX-1152,2025-02-02,160,53260
LEX-1152,2025-02-03,340,53600
LEX-1152,2025-02-04,358,53958
LEX-1152,2025-02-05,341,54299
LEX-1152,2025-02-06,310,54609
LEX-1152,2025-02-07,317,54926
LEX-1152,2025-02-08,179,55105
LEX-1152,2025-02-09,165,55270
LEX-1152,2025-02-10,321,55591
LEX-1152,2025-02-11,336,55927
LEX-1152,2025-02-12,293,56220
LEX-1152,2025-02-13,320,56540
LEX-1152,2025-02-14,324,56864
LEX-1152,2025-02-15,162,57026
LEX-1152,2025-02-16,158,57184
LEX-1152,2025-02-17,318,57502
LEX-1152,2025-02-18,323,57825
LEX-1152,2025-02-19,364,58189
LEX-1152,2025-02-20,269,58458
LEX-1152,2025-02-21,344,58802
LEX-1152,2025-02-22,162,58964
LEX-1152,2025-02-23,162,59126
LEX-1152,2025-02-24,315,59441
LEX-1152,2025-02-25,339,59780
LEX-1152,2025-02-26,351,60131
LEX-1152,2025-02-27,277,60408
LEX-1152,2025-02-28,381,60789
LEX-1152,2025-03-01,264,61053
LEX-1152,2025-03-02,263,61316
LEX-1152,2025-03-03,464,61780
LEX-1152,2025-03-04,498,62278
LEX-1152,2025-03-05,579,62857
LEX-1152,2025-03-06,525,63382
LEX-1152,2025-03-07,539,63921
LEX-1152,2025-03-08,251,64172
LEX-1152,2025-03-09,302,64474
LEX-1152,2025-03-10,516,64990
LEX-1152,2025-03-11,569,65559
LEX-1152,2025-03-12,516,66075
LEX-1152,2025-03-13,537,66612
LEX-1152,2025-03-14,537,67149
LEX-1152,2025-03-15,280,67429
LEX-1152,2025-03-16,276,67705
LEX-1152,2025-03-17,502,68207
LEX-1152,2025-03-18,570,68777
LEX-1152,2025-03-19,481,69258
LEX-1152,2025-03-20,473,69731
LEX-1152,2025-03-21,510,70241
LEX-1152,2025-03-22,269,70510
LEX-1152,2025-03-23,239,70749
LEX-1152,2025-03-24,519,71268
LEX-1152,2025-03-25,464,71732
LEX-1152,2025-03-26,511,72243
LEX-1152,2025-03-27,563,72806
LEX-1152,2025-03-28,487,73293
LEX-1152,2025-03-29,235,73528
LEX-1152,2025-03-30,269,73797
LEX-1152,2025-03-31,489,74286
LEX-1152,2025-04-01,389,74675
LEX-1152,2025-04-02,331,75006
LEX-1152,2025-04-03,353,75359
LEX-1152,2025-04-04,292,75651
LEX-1152,2025-04-05,169,75820
LEX-1152,2025-04-06,150,75970
LEX-1152,2025-04-07,321,76291
LEX-1152,2025-04-08,306,76597
LEX-1152,2025-04-09,353,76950
LEX-1152,2025-04-10,334,77284
LEX-1152,2025-04-11,329,77613
LEX-1152,2025-04-12,181,77794
LEX-1152,2025-04-13,163,77957
LEX-1152,2025-04-14,353,78310
LEX-1152,2025-04-15,373,78683
LEX-1152,2025-04-16,330,79013
LEX-1152,2025-04-17,333,79346
LEX-1152,2025-04-18,351,79697
LEX-1152,2025-04-19,182,79879
LEX-1152,2025-04-20,164,80043
LEX-1152,2025-04-21,309,80352
LEX-1152,2025-04-22,349,80701
LEX-1152,2025-04-23,341,81042
LEX-1152,2025-04-24,348,81390
LEX-1152,2025-04-25,344,81734
LEX-1152,2025-04-26,165,81899
LEX-1152,2025-04-27,166,82065
LEX-1152,2025-04-28,344,82409
LEX-1152,2025-04-29,288,82697
LEX-1152,2025-04-30,361,83058
LEX-1152,2025-05-01,338,83396
LEX-1152,2025-05-02,304,83700
LEX-1152,2025-05-03,165,83865
LEX-1152,2025-05-04,180,84045
LEX-1152,2025-05-05,334,84379
LEX-1152,2025-05-06,307,84686
LEX-1152,2025-05-07,293,84979
LEX-1152,2025-05-08,390,85369
LEX-1152,2025-05-09,281,85650
LEX-1152,2025-05-10,167,85817
LEX-1152,2025-05-11,155,85972
LEX-1152,2025-05-12,353,86325
LEX-1152,2025-05-13,294,86619
LEX-1152,2025-05-14,368,86987
LEX-1152,2025-05-15,323,87310
LEX-1152,2025-05-16,320,87630
LEX-1152,2025-05-17,159,87789
LEX-1152,2025-05-18,155,87944
LEX-1152,2025-05-19,316,88260
LEX-1152,2025-05-20,345,88605
LEX-1152,2025-05-21,281,88886
LEX-1152,2025-05-22,306,89192
LEX-1152,2025-05-23,365,89557
LEX-1152,2025-05-24,162,89719
LEX-1152,2025-05-25,155,89874
LEX-1152,2025-05-26,293,90167
LEX-1152,2025-05-27,295,90462
LEX-1152,2025-05-28,352,90814
LEX-1152,2025-05-29,305,91119
LEX-1152,2025-05-30,347,91466
LEX-1152,2025-05-31,150,91616
LEX-1152,2025-06-01,258,91874
LEX-1152,2025-06-02,519,92393
LEX-1152,2025-06-03,490,92883
LEX-1152,2025-06-04,525,93408
LEX-1152,2025-06-05,434,93842
LEX-1152,2025-06-06,518,94360
LEX-1152,2025-06-07,270,94630
LEX-1152,2025-06-08,243,94873
LEX-1152,2025-06-09,531,95404
LEX-1152,2025-06-10,528,95932
LEX-1152,2025-06-11,530,96462
LEX-1152,2025-06-12,466,96928
LEX-1152,2025-06-13,526,97454
LEX-1152,2025-06-14,225,97679
LEX-1152,2025-06-15,248,97927
LEX-1152,2025-06-16,522,98449
LEX-1152,2025-06-17,531,98980
LEX-1152,2025-06-18,471,99451
LEX-1152,2025-06-19,510,99961
LEX-1152,2025-06-20,555,100516
LEX-1152,2025-06-21,240,100756
LEX-1152,2025-06-22,216,100972
LEX-1152,2025-06-23,544,101516
LEX-1152,2025-06-24,483,101999
LEX-1152,2025-06-25,495,102494
LEX-1152,2025-06-26,527,103021
LEX-1152,2025-06-27,525,103546
LEX-1152,2025-06-28,282,103828
LEX-1152,2025-06-29,256,104084
LEX-1152,2025-06-30,525,104609
LEX-1152,2025-07-01,282,104891
LEX-1152,2025-07-02,342,105233
LEX-1152,2025-07-03,308,105541
LEX-1152,2025-07-04,410,105951
LEX-1152,2025-07-05,160,106111
LEX-1152,2025-07-06,168,106279
LEX-1152,2025-07-07,343,106622
LEX-1152,2025-07-08,324,106946
LEX-1152,2025-07-09,337,107283
LEX-1152,2025-07-10,385,107668
LEX-1152,2025-07-11,306,107974
LEX-1152,2025-07-12,133,108107
LEX-1152,2025-07-13,146,108253
LEX-1152,2025-07-14,352,108605
LEX-1152,2025-07-15,314,108919
LEX-1152,2025-07-16,387,109306
LEX-1152,2025-07-17,345,109651
LEX-1152,2025-07-18,309,109960
LEX-1152,2025-07-19,153,110113
LEX-1152,2025-07-20,157,110270
LEX-1152,2025-07-21,272,110542
LEX-1152,2025-07-22,333,110875
LEX-1152,2025-07-23,344,111219
LEX-1152,2025-07-24,301,111520
LEX-1152,2025-07-25,286,111806
LEX-1152,2025-07-26,151,111957
LEX-1152,2025-07-27,176,112133
LEX-1152,2025-07-28,347,112480
LEX-1152,2025-07-29,332,112812
LEX-1152,2025-07-30,369,113181
LEX-1152,2025-07-31,282,113463
LEX-1152,2025-08-01,321,113784
LEX-1152,2025-08-02,170,113954
LEX-1152,2025-08-03,173,114127
LEX-1152,2025-08-04,347,114474
LEX-1152,2025-08-05,345,114819
LEX-1152,2025-08-06,361,115180
LEX-1152,2025-08-07,346,115526
LEX-1152,2025-08-08,296,115822
LEX-1152,2025-08-09,157,115979
LEX-1152,2025-08-10,141,116120
LEX-1152,2025-08-11,352,116472
LEX-1152,2025-08-12,357,116829
LEX-1152,2025-08-13,294,117123
LEX-1152,2025-08-14,316,117439
LEX-1152,2025-08-15,280,117719
LEX-1152,2025-08-16,161,117880
LEX-1152,2025-08-17,152,118032
LEX-1152,2025-08-18,296,118328
LEX-1152,2025-08-19,325,118653
LEX-1152,2025-08-20,375,119028
LEX-1152,2025-08-21,347,119375
LEX-1152,2025-08-22,319,119694
LEX-1152,2025-08-23,162,119856
LEX-1152,2025-08-24,187,120043
LEX-1152,2025-08-25,359,120402
LEX-1152,2025-08-26,318,120720
LEX-1152,2025-08-27,339,121059
LEX-1152,2025-08-28,300,121359
LEX-1152,2025-08-29,327,121686
LEX-1152,2025-08-30,173,121859
LEX-1152,2025-08-31,176,122035
LEX-1153,2024-09-01,688,688
LEX-1153,2024-09-02,1568,2256
LEX-1153,2024-09-03,1469,3725
LEX-1153,2024-09-04,1418,5143
LEX-1153,2024-09-05,1673,6816
LEX-1153,2024-09-06,1410,8226
LEX-1153,2024-09-07,661,8887
LEX-1153,2024-09-08,686,9573
LEX-1153,2024-09-09,1536,11109
LEX-1153,2024-09-10,1337,12446
LEX-1153,2024-09-11,1548,13994
LEX-1153,2024-09-12,1352,15346
LEX-1153,2024-09-13,1443,16789
LEX-1153,2024-09-14,854,17643
LEX-1153,2024-09-15,674,18317
LEX-1153,2024-09-16,1217,19534
LEX-1153,2024-09-17,1610,21144
LEX-1153,2024-09-18,1289,22433
LEX-1153,2024-09-19,1357,23790
LEX-1153,2024-09-20,1536,25326
LEX-1153,2024-09-21,766,26092
LEX-1153,2024-09-22,588,26680
LEX-1153,2024-09-23,1412,28092
LEX-1153,2024-09-24,1551,29643
LEX-1153,2024-09-25,1687,31330
LEX-1153,2024-09-26,1308,32638
LEX-1153,2024-09-27,1576,34214
LEX-1153,2024-09-28,687,34901
LEX-1153,2024-09-29,786,35687
LEX-1153,2024-09-30,1331,37018
LEX-1153,2024-10-01,890,37908
LEX-1153,2024-10-02,935,38843
LEX-1153,2024-10-03,976,39819
LEX-1153,2024-10-04,948,40767
LEX-1153,2024-10-05,438,41205
LEX-1153,2024-10-06,435,41640
LEX-1153,2024-10-07,1036,42676
LEX-1153,2024-10-08,927,43603
LEX-1153,2024-10-09,873,44476
LEX-1153,2024-10-10,946,45422
LEX-1153,2024-10-11,952,46374
LEX-1153,2024-10-12,404,46778
LEX-1153,2024-10-13,471,47249
LEX-1153,2024-10-14,798,48047
LEX-1153,2024-10-15,860,48907
LEX-1153,2024-10-16,835,49742
LEX-1153,2024-10-17,898,50640
LEX-1153,2024-10-18,875,51515
LEX-1153,2024-10-19,446,51961
LEX-1153,2024-10-20,384,52345
LEX-1153,2024-10-21,902,53247
LEX-1153,2024-10-22,827,54074
LEX-1153,2024-10-23,1073,55147
LEX-1153,2024-10-24,878,56025
LEX-1153,2024-10-25,888,56913
LEX-1153,2024-10-26,479,57392
LEX-1153,2024-10-27,501,57893
LEX-1153,2024-10-28,822,58715
LEX-1153,2024-10-29,949,59664
LEX-1153,2024-10-30,977,60641
LEX-1153,2024-10-31,920,61561
LEX-1153,2024-11-01,919,62480
LEX-1153,2024-11-02,435,62915
LEX-1153,2024-11-03,442,63357
LEX-1153,2024-11-04,899,64256
LEX-1153,2024-11-05,876,65132
LEX-1153,2024-11-06,972,66104
LEX-1153,2024-11-07,844,66948
LEX-1153,2024-11-08,969,67917
LEX-1153,2024-11-09,501,68418
LEX-1153,2024-11-10,467,68885
LEX-1153,2024-11-11,777,69662
LEX-1153,2024-11-12,952,70614
LEX-1153,2024-11-13,860,71474
LEX-1153,2024-11-14,869,72343
LEX-1153,2024-11-15,933,73276
LEX-1153,2024-11-16,493,73769
LEX-1153,2024-11-17,393,74162
LEX-1153,2024-11-18,911,75073
LEX-1153,2024-11-19,1052,76125
LEX-1153,2024-11-20,827,76952
LEX-1153,2024-11-21,893,77845
LEX-1153,2024-11-22,862,78707
LEX-1153,2024-11-23,479,79186
LEX-1153,2024-11-24,408,79594
LEX-1153,2024-11-25,793,80387
LEX-1153,2024-11-26,967,81354
LEX-1153,2024-11-27,924,82278
LEX-1153,2024-11-28,821,83099
LEX-1153,2024-11-29,902,84001
LEX-1153,2024-11-30,407,84408
LEX-1153,2024-12-01,779,85187
LEX-1153,2024-12-02,1484,86671
LEX-1153,2024-12-03,1369,88040
LEX-1153,2024-12-04,1384,89424
LEX-1153,2024-12-05,1398,90822
LEX-1153,2024-12-06,1327,92149
LEX-1153,2024-12-07,803,92952
LEX-1153,2024-12-08,793,93745
LEX-1153,2024-12-09,1405,95150
LEX-1153,2024-12-10,1415,96565
LEX-1153,2024-12-11,1321,97886
LEX-1153,2024-12-12,1433,99319
LEX-1153,2024-12-13,1508,100827
LEX-1153,2024-12-14,794,101621
LEX-1153,2024-12-15,674,102295
LEX-1153,2024-12-16,1256,103551
LEX-1153,2024-12-17,1335,104886
LEX-1153,2024-12-18,1516,106402
LEX-1153,2024-12-19,1447,107849
LEX-1153,2024-12-20,1567,109416
LEX-1153,2024-12-21,728,110144
LEX-1153,2024-12-22,819,110963
LEX-1153,2024-12-23,1267,112230
LEX-1153,2024-12-24,1162,113392
LEX-1153,2024-12-25,1609,115001
LEX-1153,2024-12-26,1359,116360
LEX-1153,2024-12-27,1468,117828
LEX-1153,2024-12-28,733,118561
LEX-1153,2024-12-29,745,119306
LEX-1153,2024-12-30,1397,120703
LEX-1153,2024-12-31,1341,122044
LEX-1153,2025-01-01,832,122876
LEX-1153,2025-01-02,951,123827
LEX-1153,2025-01-03,963,124790
LEX-1153,2025-01-04,444,125234
LEX-1153,2025-01-05,432,125666
LEX-1153,2025-01-06,948,126614
LEX-1153,2025-01-07,799,127413
LEX-1153,2025-01-08,1049,128462
LEX-1153,2025-01-09,940,129402
LEX-1153,2025-01-10,895,130297
LEX-1153,2025-01-11,483,130780
LEX-1153,2025-01-12,476,131256
LEX-1153,2025-01-13,924,132180
LEX-1153,2025-01-14,770,132950
LEX-1153,2025-01-15,937,133887
LEX-1153,2025-01-16,1013,134900
LEX-1153,2025-01-17,867,135767
LEX-1153,2025-01-18,488,136255
LEX-1153,2025-01-19,484,136739
LEX-1153,2025-01-20,928,137667
LEX-1153,2025-01-21,919,138586
LEX-1153,2025-01-22,948,139534
LEX-1153,2025-01-23,937,140471
LEX-1153,2025-01-24,1044,141515
LEX-1153,2025-01-25,488,142003
LEX-1153,2025-01-26,479,142482
LEX-1153,2025-01-27,984,143466
LEX-1153,2025-01-28,958,144424
LEX-1153,2025-01-29,756,145180
LEX-1153,2025-01-30,899,146079
LEX-1153,2025-01-31,862,146941
LEX-1153,2025-02-01,465,147406
LEX-1153,2025-02-02,433,147839
LEX-1153,2025-02-03,950,148789
LEX-1153,2025-02-04,876,149665
LEX-1153,2025-02-05,1030,150695
LEX-1153,2025-02-06,1027,151722
LEX-1153,2025-02-07,802,152524
LEX-1153,2025-02-08,465,152989
LEX-1153,2025-02-09,437,153426
LEX-1153,2025-02-10,925,154351
LEX-1153,2025-02-11,950,155301
LEX-1153,2025-02-12,814,156115
LEX-1153,2025-02-13,836,156951
LEX-1153,2025-02-14,845,157796
LEX-1153,2025-02-15,433,158229
LEX-1153,2025-02-16,434,158663
LEX-1153,2025-02-17,965,159628
LEX-1153,2025-02-18,923,160551
LEX-1153,2025-02-19,844,161395
LEX-1153,2025-02-20,884,162279
LEX-1153,2025-02-21,735,163014
LEX-1153,2025-02-22,527,163541
LEX-1153,2025-02-23,454,163995
LEX-1153,2025-02-24,979,164974
LEX-1153,2025-02-25,965,165939
LEX-1153,2025-02-26,904,166843
LEX-1153,2025-02-27,734,167577
LEX-1153,2025-02-28,867,168444
LEX-1153,2025-03-01,746,169190
LEX-1153,2025-03-02,729,169919
LEX-1153,2025-03-03,1572,171491
LEX-1153,2025-03-04,1451,172942
LEX-1153,2025-03-05,1666,174608
LEX-1153,2025-03-06,1329,175937
LEX-1153,2025-03-07,1512,177449
LEX-1153,2025-03-08,666,178115
LEX-1153,2025-03-09,779,178894
LEX-1153,2025-03-10,1364,180258
LEX-1153,2025-03-11,1248,181506
LEX-1153,2025-03-12,1279,182785
LEX-1153,2025-03-13,1397,184182
LEX-1153,2025-03-14,1633,185815
LEX-1153,2025-03-15,769,186584
LEX-1153,2025-03-16,752,187336
LEX-1153,2025-03-17,1444,188780
LEX-1153,2025-03-18,1321,190101
LEX-1153,2025-03-19,1343,191444
LEX-1153,2025-03-20,1388,192832
LEX-1153,2025-03-21,1589,194421
LEX-1153,2025-03-22,737,195158
LEX-1153,2025-03-23,734,195892
LEX-1153,2025-03-24,1422,197314
LEX-1153,2025-03-25,1462,198776
LEX-1153,2025-03-26,1444,200220
LEX-1153,2025-03-27,1462,201682
LEX-1153,2025-03-28,1390,203072
LEX-1153,2025-03-29,763,203835
LEX-1153,2025-03-30,602,204437
LEX-1153,2025-03-31,1542,205979
LEX-1153,2025-04-01,948,206927
LEX-1153,2025-04-02,944,207871
LEX-1153,2025-04-03,937,208808
LEX-1153,2025-04-04,928,209736
LEX-1153,2025-04-05,481,210217
LEX-1153,2025-04-06,467,210684
LEX-1153,2025-04-07,880,211564
LEX-1153,2025-04-08,861,212425
LEX-1153,2025-04-09,903,213328
LEX-1153,2025-04-10,1010,214338
LEX-1153,2025-04-11,964,215302
LEX-1153,2025-04-12,471,215773
LEX-1153,2025-04-13,341,216114
LEX-1153,2025-04-14,789,216903
LEX-1153,2025-04-15,931,217834
LEX-1153,2025-04-16,993,218827
LEX-1153,2025-04-17,872,219699
LEX-1153,2025-04-18,911,220610
LEX-1153,2025-04-19,436,221046
LEX-1153,2025-04-20,411,221457
LEX-1153,2025-04-21,873,222330
LEX-1153,2025-04-22,917,223247
LEX-1153,2025-04-23,1032,224279
LEX-1153,2025-04-24,896,225175
LEX-1153,2025-04-25,907,226082
LEX-1153,2025-04-26,506,226588
LEX-1153,2025-04-27,476,227064
LEX-1153,2025-04-28,950,228014
LEX-1153,2025-04-29,953,228967
LEX-1153,2025-04-30,874,229841
LEX-1153,2025-05-01,912,230753
LEX-1153,2025-05-02,939,231692
LEX-1153,2025-05-03,438,232130
LEX-1153,2025-05-04,448,232578
LEX-1153,2025-05-05,892,233470
LEX-1153,2025-05-06,818,234288
LEX-1153,2025-05-07,1008,235296
LEX-1153,2025-05-08,878,236174
LEX-1153,2025-05-09,861,237035
LEX-1153,2025-05-10,466,237501
LEX-1153,2025-05-11,511,238012
LEX-1153,2025-05-12,862,238874
LEX-1153,2025-05-13,905,239779
LEX-1153,2025-05-14,690,240469
LEX-1153,2025-05-15,1045,241514
LEX-1153,2025-05-16,862,242376
LEX-1153,2025-05-17,349,242725
LEX-1153,2025-05-18,491,243216
LEX-1153,2025-05-19,811,244027
LEX-1153,2025-05-20,806,244833
LEX-1153,2025-05-21,824,245657
LEX-1153,2025-05-22,865,246522
LEX-1153,2025-05-23,1024,247546
LEX-1153,2025-05-24,400,247946
LEX-1153,2025-05-25,481,248427
LEX-1153,2025-05-26,848,249275
LEX-1153,2025-05-27,861,250136
LEX-1153,2025-05-28,879,251015
LEX-1153,2025-05-29,894,251909
LEX-1153,2025-05-30,929,252838
LEX-1153,2025-05-31,389,253227
LEX-1153,2025-06-01,859,254086
LEX-1153,2025-06-02,1445,255531
LEX-1153,2025-06-03,1302,256833
LEX-1153,2025-06-04,1617,258450
LEX-1153,2025-06-05,1428,259878
LEX-1153,2025-06-06,1425,261303
LEX-1153,2025-06-07,775,262078
LEX-1153,2025-06-08,609,262687
LEX-1153,2025-06-09,1527,264214
LEX-1153,2025-06-10,1471,265685
LEX-1153,2025-06-11,1375,267060
LEX-1153,2025-06-12,1413,268473
LEX-1153,2025-06-13,1365,269838
LEX-1153,2025-06-14,729,270567
LEX-1153,2025-06-15,737,271304
LEX-1153,2025-06-16,1308,272612
LEX-1153,2025-06-17,1353,273965
LEX-1153,2025-06-18,1215,275180
LEX-1153,2025-06-19,1311,276491
LEX-1153,2025-06-20,1348,277839
LEX-1153,2025-06-21,588,278427
LEX-1153,2025-06-22,747,279174
LEX-1153,2025-06-23,1530,280704
LEX-1153,2025-06-24,1716,282420
LEX-1153,2025-06-25,1494,283914
LEX-1153,2025-06-26,1348,285262
LEX-1153,2025-06-27,1447,286709
LEX-1153,2025-06-28,749,287458
LEX-1153,2025-06-29,745,288203
LEX-1153,2025-06-30,1329,289532
LEX-1153,2025-07-01,1005,290537
LEX-1153,2025-07-02,955,291492
LEX-1153,2025-07-03,980,292472
LEX-1153,2025-07-04,989,293461
LEX-1153,2025-07-05,483,293944
LEX-1153,2025-07-06,474,294418
LEX-1153,2025-07-07,940,295358
LEX-1153,2025-07-08,919,296277
LEX-1153,2025-07-09,891,297168
LEX-1153,2025-07-10,917,298085
LEX-1153,2025-07-11,842,298927
LEX-1153,2025-07-12,484,299411
LEX-1153,2025-07-13,435,299846
LEX-1153,2025-07-14,867,300713
LEX-1153,2025-07-15,910,301623
LEX-1153,2025-07-16,915,302538
LEX-1153,2025-07-17,914,303452
LEX-1153,2025-07-18,964,304416
LEX-1153,2025-07-19,500,304916
LEX-1153,2025-07-20,424,305340
LEX-1153,2025-07-21,887,306227
LEX-1153,2025-07-22,891,307118
LEX-1153,2025-07-23,906,308024
LEX-1153,2025-07-24,919,308943
LEX-1153,2025-07-25,836,309779
LEX-1153,2025-07-26,477,310256
LEX-1153,2025-07-27,462,310718
LEX-1153,2025-07-28,860,311578
LEX-1153,2025-07-29,941,312519
LEX-1153,2025-07-30,875,313394
LEX-1153,2025-07-31,910,314304
LEX-1153,2025-08-01,852,315156
LEX-1153,2025-08-02,481,315637
LEX-1153,2025-08-03,448,316085
LEX-1153,2025-08-04,929,317014
LEX-1153,2025-08-05,946,317960
LEX-1153,2025-08-06,966,318926
LEX-1153,2025-08-07,980,319906
LEX-1153,2025-08-08,965,320871
LEX-1153,2025-08-09,461,321332
LEX-1153,2025-08-10,461,321793
LEX-1153,2025-08-11,850,322643
LEX-1153,2025-08-12,962,323605
LEX-1153,2025-08-13,794,324399
LEX-1153,2025-08-14,960,325359
LEX-1153,2025-08-15,851,326210
LEX-1153,2025-08-16,506,326716
LEX-1153,2025-08-17,470,327186
LEX-1153,2025-08-18,925,328111
LEX-1153,2025-08-19,910,329021
LEX-1153,2025-08-20,997,330018
LEX-1153,2025-08-21,847,330865
LEX-1153,2025-08-22,950,331815
LEX-1153,2025-08-23,477,332292
LEX-1153,2025-08-24,455,332747
LEX-1153,2025-08-25,902,333649
LEX-1153,2025-08-26,1013,334662
LEX-1153,2025-08-27,836,335498
LEX-1153,2025-08-28,790,336288
LEX-1153,2025-08-29,900,337188
LEX-1153,2025-08-30,447,337635
LEX-1153,2025-08-31,455,338090
LEX-1154,2024-09-01,386,386
LEX-1154,2024-09-02,809,1195
LEX-1154,2024-09-03,716,1911
LEX-1154,2024-09-04,957,2868
LEX-1154,2024-09-05,739,3607
LEX-1154,2024-09-06,843,4450
LEX-1154,2024-09-07,401,4851
LEX-1154,2024-09-08,404,5255
LEX-1154,2024-09-09,769,6024
LEX-1154,2024-09-10,861,6885
LEX-1154,2024-09-11,787,7672
LEX-1154,2024-09-12,796,8468
LEX-1154,2024-09-13,742,9210
LEX-1154,2024-09-14,451,9661
LEX-1154,2024-09-15,396,10057
LEX-1154,2024-09-16,770,10827
LEX-1154,2024-09-17,810,11637
LEX-1154,2024-09-18,944,12581
LEX-1154,2024-09-19,702,13283
LEX-1154,2024-09-20,905,14188
LEX-1154,2024-09-21,457,14645
LEX-1154,2024-09-22,401,15046
LEX-1154,2024-09-23,658,15704
LEX-1154,2024-09-24,789,16493
LEX-1154,2024-09-25,784,17277
LEX-1154,2024-09-26,698,17975
LEX-1154,2024-09-27,686,18661
LEX-1154,2024-09-28,441,19102
LEX-1154,2024-09-29,423,19525
LEX-1154,2024-09-30,734,20259
LEX-1154,2024-10-01,514,20773
LEX-1154,2024-10-02,448,21221
LEX-1154,2024-10-03,448,21669
LEX-1154,2024-10-04,481,22150
LEX-1154,2024-10-05,236,22386
LEX-1154,2024-10-06,245,22631
LEX-1154,2024-10-07,502,23133
LEX-1154,2024-10-08,473,23606
LEX-1154,2024-10-09,528,24134
LEX-1154,2024-10-10,545,24679
LEX-1154,2024-10-11,444,25123
LEX-1154,2024-10-12,289,25412
LEX-1154,2024-10-13,244,25656
LEX-1154,2024-10-14,504,26160
LEX-1154,2024-10-15,499,26659
LEX-1154,2024-10-16,521,27180
LEX-1154,2024-10-17,515,27695
LEX-1154,2024-10-18,524,28219
LEX-1154,2024-10-19,216,28435
LEX-1154,2024-10-20,293,28728
LEX-1154,2024-10-21,550,29278
LEX-1154,2024-10-22,448,29726
LEX-1154,2024-10-23,489,30215
LEX-1154,2024-10-24,407,30622
LEX-1154,2024-10-25,437,31059
LEX-1154,2024-10-26,248,31307
LEX-1154,2024-10-27,262,31569
LEX-1154,2024-10-28,539,32108
LEX-1154,2024-10-29,451,32559
LEX-1154,2024-10-30,586,33145
LEX-1154,2024-10-31,533,33678
LEX-1154,2024-11-01,454,34132
LEX-1154,2024-11-02,256,34388
LEX-1154,2024-11-03,244,34632
LEX-1154,2024-11-04,455,35087
LEX-1154,2024-11-05,485,35572
LEX-1154,2024-11-06,504,36076
LEX-1154,2024-11-07,440,36516
LEX-1154,2024-11-08,495,37011
LEX-1154,2024-11-09,262,37273
LEX-1154,2024-11-10,273,37546
LEX-1154,2024-11-11,525,38071
LEX-1154,2024-11-12,486,38557
LEX-1154,2024-11-13,505,39062
LEX-1154,2024-11-14,518,39580
LEX-1154,2024-11-15,515,40095
LEX-1154,2024-11-16,251,40346
LEX-1154,2024-11-17,251,40597
LEX-1154,2024-11-18,484,41081
LEX-1154,2024-11-19,505,41586
LEX-1154,2024-11-20,492,42078
LEX-1154,2024-11-21,458,42536
LEX-1154,2024-11-22,535,43071
LEX-1154,2024-11-23,257,43328
LEX-1154,2024-11-24,240,43568
LEX-1154,2024-11-25,497,44065
LEX-1154,2024-11-26,509,44574
LEX-1154,2024-11-27,535,45109
LEX-1154,2024-11-28,491,45600
LEX-1154,2024-11-29,506,46106
LEX-1154,2024-11-30,281,46387
LEX-1154,2024-12-01,297,46684
LEX-1154,2024-12-02,748,47432
LEX-1154,2024-12-03,835,48267
LEX-1154,2024-12-04,868,49135
LEX-1154,2024-12-05,739,49874
LEX-1154,2024-12-06,749,50623
LEX-1154,2024-12-07,405,51028
LEX-1154,2024-12-08,350,51378
LEX-1154,2024-12-09,797,52175
LEX-1154,2024-12-10,799,52974
LEX-1154,2024-12-11,795,53769
LEX-1154,2024-12-12,747,54516
LEX-1154,2024-12-13,771,55287
LEX-1154,2024-12-14,348,55635
LEX-1154,2024-12-15,363,55998
LEX-1154,2024-12-16,785,56783
LEX-1154,2024-12-17,848,57631
LEX-1154,2024-12-18,824,58455
LEX-1154,2024-12-19,854,59309
LEX-1154,2024-12-20,830,60139
LEX-1154,2024-12-21,449,60588
LEX-1154,2024-12-22,379,60967
LEX-1154,2024-12-23,839,61806
LEX-1154,2024-12-24,826,62632
LEX-1154,2024-12-25,812,63444
LEX-1154,2024-12-26,772,64216
LEX-1154,2024-12-27,761,64977
LEX-1154,2024-12-28,391,65368
LEX-1154,2024-12-29,360,65728
LEX-1154,2024-12-30,729,66457
LEX-1154,2024-12-31,806,67263
LEX-1154,2025-01-01,504,67767
LEX-1154,2025-01-02,501,68268
LEX-1154,2025-01-03,446,68714
LEX-1154,2025-01-04,222,68936
LEX-1154,2025-01-05,240,69176
LEX-1154,2025-01-06,585,69761
LEX-1154,2025-01-07,466,70227
LEX-1154,2025-01-08,533,70760
LEX-1154,2025-01-09,486,71246
LEX-1154,2025-01-10,456,71702
LEX-1154,2025-01-11,252,71954
LEX-1154,2025-01-12,237,72191
LEX-1154,2025-01-13,511,72702
LEX-1154,2025-01-14,510,73212
LEX-1154,2025-01-15,426,73638
LEX-1154,2025-01-16,526,74164
LEX-1154,2025-01-17,466,74630
LEX-1154,2025-01-18,256,74886
LEX-1154,2025-01-19,254,75140
LEX-1154,2025-01-20,556,75696
LEX-1154,2025-01-21,503,76199
LEX-1154,2025-01-22,515,76714
LEX-1154,2025-01-23,453,77167
LEX-1154,2025-01-24,556,77723
LEX-1154,2025-01-25,261,77984
LEX-1154,2025-01-26,240,78224
LEX-1154,2025-01-27,550,78774
LEX-1154,2025-01-28,533,79307
LEX-1154,2025-01-29,493,79800
LEX-1154,2025-01-30,429,80229
LEX-1154,2025-01-31,510,80739
LEX-1154,2025-02-01,247,80986
LEX-1154,2025-02-02,289,81275
LEX-1154,2025-02-03,522,81797
LEX-1154,2025-02-04,459,82256
LEX-1154,2025-02-05,542,82798
LEX-1154,2025-02-06,467,83265
LEX-1154,2025-02-07,502,83767
LEX-1154,2025-02-08,251,84018
LEX-1154,2025-02-09,235,84253
LEX-1154,2025-02-10,429,84682
LEX-1154,2025-02-11,529,85211
LEX-1154,2025-02-12,513,85724
LEX-1154,2025-02-13,486,86210
LEX-1154,2025-02-14,458,86668
LEX-1154,2025-02-15,276,86944
LEX-1154,2025-02-16,236,87180
LEX-1154,2025-02-17,470,87650
LEX-1154,2025-02-18,477,88127
LEX-1154,2025-02-19,513,88640
LEX-1154,2025-02-20,496,89136
LEX-1154,2025-02-21,595,89731
LEX-1154,2025-02-22,275,90006
LEX-1154,2025-02-23,219,90225
LEX-1154,2025-02-24,511,90736
LEX-1154,2025-02-25,548,91284
LEX-1154,2025-02-26,514,91798
LEX-1154,2025-02-27,458,92256
LEX-1154,2025-02-28,534,92790
LEX-1154,2025-03-01,402,93192
LEX-1154,2025-03-02,390,93582
LEX-1154,2025-03-03,815,94397
LEX-1154,2025-03-04,815,95212
LEX-1154,2025-03-05,742,95954
LEX-1154,2025-03-06,707,96661
LEX-1154,2025-03-07,951,97612
LEX-1154,2025-03-08,382,97994
LEX-1154,2025-03-09,397,98391
LEX-1154,2025-03-10,830,99221
LEX-1154,2025-03-11,839,100060
LEX-1154,2025-03-12,788,100848
LEX-1154,2025-03-13,812,101660
LEX-1154,2025-03-14,842,102502
LEX-1154,2025-03-15,386,102888
LEX-1154,2025-03-16,375,103263
LEX-1154,2025-03-17,768,104031
LEX-1154,2025-03-18,942,104973
LEX-1154,2025-03-19,845,105818
LEX-1154,2025-03-20,755,106573
LEX-1154,2025-03-21,824,107397
LEX-1154,2025-03-22,403,107800
LEX-1154,2025-03-23,430,108230
LEX-1154,2025-03-24,934,109164
LEX-1154,2025-03-25,778,109942
LEX-1154,2025-03-26,777,110719
LEX-1154,2025-03-27,810,111529
LEX-1154,2025-03-28,781,112310
LEX-1154,2025-03-29,381,112691
LEX-1154,2025-03-30,441,113132
LEX-1154,2025-03-31,739,113871
LEX-1154,2025-04-01,490,114361
LEX-1154,2025-04-02,576,114937
LEX-1154,2025-04-03,459,115396
LEX-1154,2025-04-04,488,115884
LEX-1154,2025-04-05,254,116138
LEX-1154,2025-04-06,242,116380
LEX-1154,2025-04-07,492,116872
LEX-1154,2025-04-08,419,117291
LEX-1154,2025-04-09,517,117808
LEX-1154,2025-04-10,533,118341
LEX-1154,2025-04-11,481,118822
LEX-1154,2025-04-12,263,119085
LEX-1154,2025-04-13,246,119331
LEX-1154,2025-04-14,567,119898
LEX-1154,2025-04-15,412,120310
LEX-1154,2025-04-16,496,120806
LEX-1154,2025-04-17,565,121371
LEX-1154,2025-04-18,529,121900
LEX-1154,2025-04-19,232,122132
LEX-1154,2025-04-20,235,122367
LEX-1154,2025-04-21,468,122835
LEX-1154,2025-04-22,546,123381
LEX-1154,2025-04-23,580,123961
LEX-1154,2025-04-24,483,124444
LEX-1154,2025-04-25,550,124994
LEX-1154,2025-04-26,265,125259
LEX-1154,2025-04-27,255,125514
LEX-1154,2025-04-28,479,125993
LEX-1154,2025-04-29,495,126488
LEX-1154,2025-04-30,539,127027
LEX-1154,2025-05-01,478,127505
LEX-1154,2025-05-02,539,128044
LEX-1154,2025-05-03,240,128284
LEX-1154,2025-05-04,243,128527
LEX-1154,2025-05-05,508,129035
LEX-1154,2025-05-06,449,129484
LEX-1154,2025-05-07,493,129977
LEX-1154,2025-05-08,542,130519
LEX-1154,2025-05-09,471,130990
LEX-1154,2025-05-10,269,131259
LEX-1154,2025-05-11,236,131495
LEX-1154,2025-05-12,569,132064
LEX-1154,2025-05-13,654,132718
LEX-1154,2025-05-14,444,133162
LEX-1154,2025-05-15,464,133626
LEX-1154,2025-05-16,538,134164
LEX-1154,2025-05-17,254,134418
LEX-1154,2025-05-18,236,134654
LEX-1154,2025-05-19,474,135128
LEX-1154,2025-05-20,491,135619
LEX-1154,2025-05-21,491,136110
LEX-1154,2025-05-22,487,136597
LEX-1154,2025-05-23,475,137072
LEX-1154,2025-05-24,214,137286
LEX-1154,2025-05-25,252,137538
LEX-1154,2025-05-26,530,138068
LEX-1154,2025-05-27,509,138577
LEX-1154,2025-05-28,540,139117
LEX-1154,2025-05-29,516,139633
LEX-1154,2025-05-30,495,140128
LEX-1154,2025-05-31,253,140381
LEX-1154,2025-06-01,394,140775
LEX-1154,2025-06-02,760,141535
LEX-1154,2025-06-03,684,142219
LEX-1154,2025-06-04,840,143059
LEX-1154,2025-06-05,778,143837
LEX-1154,2025-06-06,702,144539
LEX-1154,2025-06-07,414,144953
LEX-1154,2025-06-08,321,145274
LEX-1154,2025-06-09,805,146079
LEX-1154,2025-06-10,858,146937
LEX-1154,2025-06-11,860,147797
LEX-1154,2025-06-12,696,148493
LEX-1154,2025-06-13,790,149283
LEX-1154,2025-06-14,404,149687
LEX-1154,2025-06-15,395,150082
LEX-1154,2025-06-16,919,151001
LEX-1154,2025-06-17,905,151906
LEX-1154,2025-06-18,803,152709
LEX-1154,2025-06-19,880,153589
LEX-1154,2025-06-20,767,154356
LEX-1154,2025-06-21,417,154773
LEX-1154,2025-06-22,394,155167
LEX-1154,2025-06-23,909,156076
LEX-1154,2025-06-24,866,156942
LEX-1154,2025-06-25,842,157784
LEX-1154,2025-06-26,861,158645
LEX-1154,2025-06-27,732,159377
LEX-1154,2025-06-28,382,159759
LEX-1154,2025-06-29,391,160150
LEX-1154,2025-06-30,890,161040
LEX-1154,2025-07-01,487,161527
LEX-1154,2025-07-02,454,161981
LEX-1154,2025-07-03,466,162447
LEX-1154,2025-07-04,509,162956
LEX-1154,2025-07-05,253,163209
LEX-1154,2025-07-06,246,163455
LEX-1154,2025-07-07,472,163927
LEX-1154,2025-07-08,571,164498
LEX-1154,2025-07-09,480,164978
LEX-1154,2025-07-10,472,165450
LEX-1154,2025-07-11,552,166002
LEX-1154,2025-07-12,247,166249
LEX-1154,2025-07-13,263,166512
LEX-1154,2025-07-14,470,166982
LEX-1154,2025-07-15,526,167508
LEX-1154,2025-07-16,535,168043
LEX-1154,2025-07-17,460,168503
LEX-1154,2025-07-18,484,168987
LEX-1154,2025-07-19,234,169221
LEX-1154,2025-07-20,242,169463
LEX-1154,2025-07-21,570,170033
LEX-1154,2025-07-22,516,170549
LEX-1154,2025-07-23,584,171133
LEX-1154,2025-07-24,566,171699
LEX-1154,2025-07-25,551,172250
LEX-1154,2025-07-26,282,172532
LEX-1154,2025-07-27,276,172808
LEX-1154,2025-07-28,574,173382
LEX-1154,2025-07-29,528,173910
LEX-1154,2025-07-30,533,174443
LEX-1154,2025-07-31,532,174975
LEX-1154,2025-08-01,488,175463
LEX-1154,2025-08-02,270,175733
LEX-1154,2025-08-03,278,176011
LEX-1154,2025-08-04,481,176492
LEX-1154,2025-08-05,471,176963
LEX-1154,2025-08-06,483,177446
LEX-1154,2025-08-07,560,178006
LEX-1154,2025-08-08,496,178502
LEX-1154,2025-08-09,230,178732
LEX-1154,2025-08-10,231,178963
LEX-1154,2025-08-11,469,179432
LEX-1154,2025-08-12,477,179909
LEX-1154,2025-08-13,449,180358
LEX-1154,2025-08-14,530,180888
LEX-1154,2025-08-15,498,181386
LEX-1154,2025-08-16,263,181649
LEX-1154,2025-08-17,206,181855
LEX-1154,2025-08-18,549,182404
LEX-1154,2025-08-19,502,182906
LEX-1154,2025-08-20,526,183432
LEX-1154,2025-08-21,567,183999
LEX-1154,2025-08-22,520,184519
LEX-1154,2025-08-23,295,184814
LEX-1154,2025-08-24,214,185028
LEX-1154,2025-08-25,493,185521
LEX-1154,2025-08-26,432,185953
LEX-1154,2025-08-27,518,186471
LEX-1154,2025-08-28,509,186980
LEX-1154,2025-08-29,461,187441
LEX-1154,2025-08-30,296,187737
LEX-1154,2025-08-31,245,187982
LEX-1155,2024-09-01,211,211
LEX-1155,2024-09-02,542,753
LEX-1155,2024-09-03,543,1296
LEX-1155,2024-09-04,494,1790
LEX-1155,2024-09-05,546,2336
LEX-1155,2024-09-06,475,2811
LEX-1155,2024-09-07,248,3059
LEX-1155,2024-09-08,265,3324
LEX-1155,2024-09-09,552,3876
LEX-1155,2024-09-10,505,4381
LEX-1155,2024-09-11,494,4875
LEX-1155,2024-09-12,512,5387
LEX-1155,2024-09-13,430,5817
LEX-1155,2024-09-14,251,6068
LEX-1155,2024-09-15,216,6284
LEX-1155,2024-09-16,479,6763
LEX-1155,2024-09-17,455,7218
LEX-1155,2024-09-18,536,7754
LEX-1155,2024-09-19,484,8238
LEX-1155,2024-09-20,565,8803
LEX-1155,2024-09-21,219,9022
LEX-1155,2024-09-22,252,9274
LEX-1155,2024-09-23,517,9791
LEX-1155,2024-09-24,534,10325
LEX-1155,2024-09-25,603,10928
LEX-1155,2024-09-26,433,11361
LEX-1155,2024-09-27,483,11844
LEX-1155,2024-09-28,298,12142
LEX-1155,2024-09-29,238,12380
LEX-1155,2024-09-30,532,12912
LEX-1155,2024-10-01,297,13209
LEX-1155,2024-10-02,285,13494
LEX-1155,2024-10-03,300,13794
LEX-1155,2024-10-04,372,14166
LEX-1155,2024-10-05,145,14311
LEX-1155,2024-10-06,156,14467
LEX-1155,2024-10-07,315,14782
LEX-1155,2024-10-08,345,15127
LEX-1155,2024-10-09,350,15477
LEX-1155,2024-10-10,324,15801
LEX-1155,2024-10-11,239,16040
LEX-1155,2024-10-12,149,16189
LEX-1155,2024-10-13,145,16334
LEX-1155,2024-10-14,351,16685
LEX-1155,2024-10-15,297,16982
LEX-1155,2024-10-16,364,17346
LEX-1155,2024-10-17,332,17678
LEX-1155,2024-10-18,350,18028
LEX-1155,2024-10-19,189,18217
LEX-1155,2024-10-20,148,18365
LEX-1155,2024-10-21,279,18644
LEX-1155,2024-10-22,326,18970
LEX-1155,2024-10-23,346,19316
LEX-1155,2024-10-24,304,19620
LEX-1155,2024-10-25,322,19942
LEX-1155,2024-10-26,176,20118
LEX-1155,2024-10-27,175,20293
LEX-1155,2024-10-28,306,20599
LEX-1155,2024-10-29,328,20927
LEX-1155,2024-10-30,297,21224
LEX-1155,2024-10-31,284,21508
LEX-1155,2024-11-01,356,21864
LEX-1155,2024-11-02,133,21997
LEX-1155,2024-11-03,163,22160
LEX-1155,2024-11-04,312,22472
LEX-1155,2024-11-05,335,22807
LEX-1155,2024-11-06,303,23110
LEX-1155,2024-11-07,350,23460
LEX-1155,2024-11-08,315,23775
LEX-1155,2024-11-09,179,23954
LEX-1155,2024-11-10,163,24117
LEX-1155,2024-11-11,294,24411
LEX-1155,2024-11-12,335,24746
LEX-1155,2024-11-13,332,25078
LEX-1155,2024-11-14,318,25396
LEX-1155,2024-11-15,302,25698
LEX-1155,2024-11-16,171,25869
LEX-1155,2024-11-17,148,26017
LEX-1155,2024-11-18,299,26316
LEX-1155,2024-11-19,335,26651
LEX-1155,2024-11-20,316,26967
LEX-1155,2024-11-21,271,27238
LEX-1155,2024-11-22,296,27534
LEX-1155,2024-11-23,166,27700
LEX-1155,2024-11-24,157,27857
LEX-1155,2024-11-25,318,28175
LEX-1155,2024-11-26,328,28503
LEX-1155,2024-11-27,333,28836
LEX-1155,2024-11-28,324,29160
LEX-1155,2024-11-29,235,29395
LEX-1155,2024-11-30,160,29555
LEX-1155,2024-12-01,246,29801
LEX-1155,2024-12-02,515,30316
LEX-1155,2024-12-03,558,30874
LEX-1155,2024-12-04,470,31344
LEX-1155,2024-12-05,517,31861
LEX-1155,2024-12-06,534,32395
LEX-1155,2024-12-07,250,32645
LEX-1155,2024-12-08,230,32875
LEX-1155,2024-12-09,464,33339
LEX-1155,2024-12-10,513,33852
LEX-1155,2024-12-11,488,34340
LEX-1155,2024-12-12,435,34775
LEX-1155,2024-12-13,481,35256
LEX-1155,2024-12-14,230,35486
LEX-1155,2024-12-15,272,35758
LEX-1155,2024-12-16,453,36211
LEX-1155,2024-12-17,572,36783
LEX-1155,2024-12-18,603,37386
LEX-1155,2024-12-19,484,37870
LEX-1155,2024-12-20,489,38359
LEX-1155,2024-12-21,276,38635
LEX-1155,2024-12-22,279,38914
LEX-1155,2024-12-23,494,39408
LEX-1155,2024-12-24,496,39904
LEX-1155,2024-12-25,496,40400
LEX-1155,2024-12-26,479,40879
LEX-1155,2024-12-27,552,41431
LEX-1155,2024-12-28,260,41691
LEX-1155,2024-12-29,242,41933
LEX-1155,2024-12-30,517,42450
LEX-1155,2024-12-31,498,42948
LEX-1155,2025-01-01,385,43333
LEX-1155,2025-01-02,315,43648
LEX-1155,2025-01-03,340,43988
LEX-1155,2025-01-04,166,44154
LEX-1155,2025-01-05,158,44312
LEX-1155,2025-01-06,332,44644
LEX-1155,2025-01-07,326,44970
LEX-1155,2025-01-08,385,45355
LEX-1155,2025-01-09,319,45674
LEX-1155,2025-01-10,254,45928
LEX-1155,2025-01-11,188,46116
LEX-1155,2025-01-12,154,46270
LEX-1155,2025-01-13,323,46593
LEX-1155,2025-01-14,307,46900
LEX-1155,2025-01-15,306,47206
LEX-1155,2025-01-16,292,47498
LEX-1155,2025-01-17,270,47768
LEX-1155,2025-01-18,151,47919
LEX-1155,2025-01-19,167,48086
LEX-1155,2025-01-20,279,48365
LEX-1155,2025-01-21,334,48699
LEX-1155,2025-01-22,381,49080
LEX-1155,2025-01-23,328,49408
LEX-1155,2025-01-24,285,49693
LEX-1155,2025-01-25,165,49858
LEX-1155,2025-01-26,173,50031
LEX-1155,2025-01-27,355,50386
LEX-1155,2025-01-28,326,50712
LEX-1155,2025-01-29,337,51049
LEX-1155,2025-01-30,343,51392
LEX-1155,2025-01-31,337,51729
LEX-1155,2025-02-01,164,51893
LEX-1155,2025-02-02,152,52045
LEX-1155,2025-02-03,346,52391
LEX-1155,2025-02-04,307,52698
LEX-1155,2025-02-05,388,53086
LEX-1155,2025-02-06,305,53391
LEX-1155,2025-02-07,342,53733
LEX-1155,2025-02-08,144,53877
LEX-1155,2025-02-09,154,54031
LEX-1155,2025-02-10,306,54337
LEX-1155,2025-02-11,286,54623
LEX-1155,2025-02-12,306,54929
LEX-1155,2025-02-13,330,55259
LEX-1155,2025-02-14,315,55574
LEX-1155,2025-02-15,176,55750
LEX-1155,2025-02-16,148,55898
LEX-1155,2025-02-17,339,56237
LEX-1155,2025-02-18,306,56543
LEX-1155,2025-02-19,350,56893
LEX-1155,2025-02-20,341,57234
LEX-1155,2025-02-21,347,57581
LEX-1155,2025-02-22,158,57739
LEX-1155,2025-02-23,177,57916
LEX-1155,2025-02-24,278,58194
LEX-1155,2025-02-25,333,58527
LEX-1155,2025-02-26,325,58852
LEX-1155,2025-02-27,343,59195
LEX-1155,2025-02-28,319,59514
LEX-1155,2025-03-01,236,59750
LEX-1155,2025-03-02,234,59984
LEX-1155,2025-03-03,514,60498
LEX-1155,2025-03-04,503,61001
LEX-1155,2025-03-05,549,61550
LEX-1155,2025-03-06,553,62103
LEX-1155,2025-03-07,516,62619
LEX-1155,2025-03-08,257,62876
LEX-1155,2025-03-09,279,63155
LEX-1155,2025-03-10,504,63659
LEX-1155,2025-03-11,506,64165
LEX-1155,2025-03-12,460,64625
LEX-1155,2025-03-13,550,65175
LEX-1155,2025-03-14,510,65685
LEX-1155,2025-03-15,280,65965
LEX-1155,2025-03-16,232,66197
LEX-1155,2025-03-17,494,66691
LEX-1155,2025-03-18,553,67244
LEX-1155,2025-03-19,527,67771
LEX-1155,2025-03-20,465,68236
LEX-1155,2025-03-21,552,68788
LEX-1155,2025-03-22,230,69018
LEX-1155,2025-03-23,274,69292
LEX-1155,2025-03-24,474,69766
LEX-1155,2025-03-25,564,70330
LEX-1155,2025-03-26,519,70849
LEX-1155,2025-03-27,528,71377
LEX-1155,2025-03-28,511,71888
LEX-1155,2025-03-29,259,72147
LEX-1155,2025-03-30,258,72405
LEX-1155,2025-03-31,543,72948
LEX-1155,2025-04-01,319,73267
LEX-1155,2025-04-02,359,73626
LEX-1155,2025-04-03,302,73928
LEX-1155,2025-04-04,343,74271
LEX-1155,2025-04-05,168,74439
LEX-1155,2025-04-06,176,74615
LEX-1155,2025-04-07,324,74939
LEX-1155,2025-04-08,330,75269
LEX-1155,2025-04-09,329,75598
LEX-1155,2025-04-10,290,75888
LEX-1155,2025-04-11,331,76219
LEX-1155,2025-04-12,202,76421
LEX-1155,2025-04-13,181,76602
LEX-1155,2025-04-14,301,76903
LEX-1155,2025-04-15,275,77178
LEX-1155,2025-04-16,322,77500
LEX-1155,2025-04-17,349,77849
LEX-1155,2025-04-18,320,78169
LEX-1155,2025-04-19,185,78354
LEX-1155,2025-04-20,150,78504
LEX-1155,2025-04-21,327,78831
LEX-1155,2025-04-22,318,79149
LEX-1155,2025-04-23,340,79489
LEX-1155,2025-04-24,342,79831
LEX-1155,2025-04-25,352,80183
LEX-1155,2025-04-26,159,80342
LEX-1155,2025-04-27,176,80518
LEX-1155,2025-04-28,330,80848
LEX-1155,2025-04-29,356,81204
LEX-1155,2025-04-30,360,81564
LEX-1155,2025-05-01,322,81886
LEX-1155,2025-05-02,304,82190
LEX-1155,2025-05-03,163,82353
LEX-1155,2025-05-04,173,82526
LEX-1155,2025-05-05,282,82808
LEX-1155,2025-05-06,308,83116
LEX-1155,2025-05-07,339,83455
LEX-1155,2025-05-08,254,83709
LEX-1155,2025-05-09,294,84003
LEX-1155,2025-05-10,152,84155
LEX-1155,2025-05-11,159,84314
LEX-1155,2025-05-12,313,84627
LEX-1155,2025-05-13,313,84940
LEX-1155,2025-05-14,287,85227
LEX-1155,2025-05-15,367,85594
LEX-1155,2025-05-16,305,85899
LEX-1155,2025-05-17,136,86035
LEX-1155,2025-05-18,175,86210
LEX-1155,2025-05-19,301,86511
LEX-1155,2025-05-20,290,86801
LEX-1155,2025-05-21,339,87140
LEX-1155,2025-05-22,308,87448
LEX-1155,2025-05-23,325,87773
LEX-1155,2025-05-24,152,87925
LEX-1155,2025-05-25,154,88079
LEX-1155,2025-05-26,296,88375
LEX-1155,2025-05-27,290,88665
LEX-1155,2025-05-28,410,89075
LEX-1155,2025-05-29,300,89375
LEX-1155,2025-05-30,283,89658
LEX-1155,2025-05-31,175,89833
LEX-1155,2025-06-01,262,90095
LEX-1155,2025-06-02,515,90610
LEX-1155,2025-06-03,494,91104
LEX-1155,2025-06-04,497,91601
LEX-1155,2025-06-05,502,92103
LEX-1155,2025-06-06,561,92664
LEX-1155,2025-06-07,252,92916
LEX-1155,2025-06-08,280,93196
LEX-1155,2025-06-09,512,93708
LEX-1155,2025-06-10,506,94214
LEX-1155,2025-06-11,472,94686
LEX-1155,2025-06-12,602,95288
LEX-1155,2025-06-13,515,95803
LEX-1155,2025-06-14,257,96060
LEX-1155,2025-06-15,295,96355
LEX-1155,2025-06-16,531,96886
LEX-1155,2025-06-17,536,97422
LEX-1155,2025-06-18,516,97938
LEX-1155,2025-06-19,482,98420
LEX-1155,2025-06-20,564,98984
LEX-1155,2025-06-21,228,99212
LEX-1155,2025-06-22,237,99449
LEX-1155,2025-06-23,482,99931
LEX-1155,2025-06-24,524,100455
LEX-1155,2025-06-25,513,100968
LEX-1155,2025-06-26,437,101405
LEX-1155,2025-06-27,609,102014
LEX-1155,2025-06-28,272,102286
LEX-1155,2025-06-29,247,102533
LEX-1155,2025-06-30,532,103065
LEX-1155,2025-07-01,333,103398
LEX-1155,2025-07-02,313,103711
LEX-1155,2025-07-03,331,104042
LEX-1155,2025-07-04,331,104373
LEX-1155,2025-07-05,174,104547
LEX-1155,2025-07-06,161,104708
LEX-1155,2025-07-07,329,105037
LEX-1155,2025-07-08,316,105353
LEX-1155,2025-07-09,310,105663
LEX-1155,2025-07-10,301,105964
LEX-1155,2025-07-11,300,106264
LEX-1155,2025-07-12,154,106418
LEX-1155,2025-07-13,157,106575
LEX-1155,2025-07-14,347,106922
LEX-1155,2025-07-15,311,107233
LEX-1155,2025-07-16,313,107546
LEX-1155,2025-07-17,314,107860
LEX-1155,2025-07-18,320,108180
LEX-1155,2025-07-19,182,108362
LEX-1155,2025-07-20,155,108517
LEX-1155,2025-07-21,335,108852
LEX-1155,2025-07-22,330,109182
LEX-1155,2025-07-23,323,109505
LEX-1155,2025-07-24,296,109801
LEX-1155,2025-07-25,335,110136
LEX-1155,2025-07-26,136,110272
LEX-1155,2025-07-27,147,110419
LEX-1155,2025-07-28,307,110726
LEX-1155,2025-07-29,315,111041
LEX-1155,2025-07-30,323,111364
LEX-1155,2025-07-31,357,111721
LEX-1155,2025-08-01,337,112058
LEX-1155,2025-08-02,162,112220
LEX-1155,2025-08-03,156,112376
LEX-1155,2025-08-04,313,112689
LEX-1155,2025-08-05,292,112981
LEX-1155,2025-08-06,267,113248
LEX-1155,2025-08-07,288,113536
LEX-1155,2025-08-08,351,113887
LEX-1155,2025-08-09,151,114038
LEX-1155,2025-08-10,154,114192
LEX-1155,2025-08-11,347,114539
LEX-1155,2025-08-12,253,114792
LEX-1155,2025-08-13,306,115098
LEX-1155,2025-08-14,293,115391
LEX-1155,2025-08-15,329,115720
LEX-1155,2025-08-16,167,115887
LEX-1155,2025-08-17,168,116055
LEX-1155,2025-08-18,360,116415
LEX-1155,2025-08-19,335,116750
LEX-1155,2025-08-20,327,117077
LEX-1155,2025-08-21,384,117461
LEX-1155,2025-08-22,266,117727
LEX-1155,2025-08-23,189,117916
LEX-1155,2025-08-24,183,118099
LEX-1155,2025-08-25,317,118416
LEX-1155,2025-08-26,303,118719
LEX-1155,2025-08-27,304,119023
LEX-1155,2025-08-28,314,119337
LEX-1155,2025-08-29,352,119689
LEX-1155,2025-08-30,129,119818
LEX-1155,2025-08-31,186,120004
LEX-1156,2024-09-01,1643,1643
LEX-1156,2024-09-02,3595,5238
LEX-1156,2024-09-03,2963,8201
LEX-1156,2024-09-04,3476,11677
LEX-1156,2024-09-05,3388,15065
LEX-1156,2024-09-06,3434,18499
LEX-1156,2024-09-07,1552,20051
LEX-1156,2024-09-08,1592,21643
LEX-1156,2024-09-09,2961,24604
LEX-1156,2024-09-10,3487,28091
LEX-1156,2024-09-11,3639,31730
LEX-1156,2024-09-12,3360,35090
LEX-1156,2024-09-13,2581,37671
LEX-1156,2024-09-14,1821,39492
LEX-1156,2024-09-15,1658,41150
LEX-1156,2024-09-16,2588,43738
LEX-1156,2024-09-17,2838,46576
LEX-1156,2024-09-18,3009,49585
LEX-1156,2024-09-19,3286,52871
LEX-1156,2024-09-20,3017,55888
LEX-1156,2024-09-21,1526,57414
LEX-1156,2024-09-22,1763,59177
LEX-1156,2024-09-23,3598,62775
LEX-1156,2024-09-24,3535,66310
LEX-1156,2024-09-25,2856,69166
LEX-1156,2024-09-26,3534,72700
LEX-1156,2024-09-27,3160,75860
LEX-1156,2024-09-28,1901,77761
LEX-1156,2024-09-29,1677,79438
LEX-1156,2024-09-30,3606,83044
LEX-1156,2024-10-01,2145,85189
LEX-1156,2024-10-02,2125,87314
LEX-1156,2024-10-03,1993,89307
LEX-1156,2024-10-04,2252,91559
LEX-1156,2024-10-05,1103,92662
LEX-1156,2024-10-06,999,93661
LEX-1156,2024-10-07,1981,95642
LEX-1156,2024-10-08,1936,97578
LEX-1156,2024-10-09,2188,99766
LEX-1156,2024-10-10,2092,101858
LEX-1156,2024-10-11,2101,103959
LEX-1156,2024-10-12,997,104956
LEX-1156,2024-10-13,1146,106102
LEX-1156,2024-10-14,1809,107911
LEX-1156,2024-10-15,2182,110093
LEX-1156,2024-10-16,2215,112308
LEX-1156,2024-10-17,2001,114309
LEX-1156,2024-10-18,1815,116124
LEX-1156,2024-10-19,1058,117182
LEX-1156,2024-10-20,1125,118307
LEX-1156,2024-10-21,2345,120652
LEX-1156,2024-10-22,2161,122813
LEX-1156,2024-10-23,1953,124766
LEX-1156,2024-10-24,2167,126933
LEX-1156,2024-10-25,2136,129069
LEX-1156,2024-10-26,1053,130122
LEX-1156,2024-10-27,954,131076
LEX-1156,2024-10-28,2152,133228
LEX-1156,2024-10-29,2131,135359
LEX-1156,2024-10-30,2452,137811
LEX-1156,2024-10-31,2068,139879
LEX-1156,2024-11-01,2332,142211
LEX-1156,2024-11-02,1141,143352
LEX-1156,2024-11-03,1031,144383
LEX-1156,2024-11-04,2257,146640
LEX-1156,2024-11-05,1925,148565
LEX-1156,2024-11-06,2022,150587
LEX-1156,2024-11-07,1965,152552
LEX-1156,2024-11-08,2028,154580
LEX-1156,2024-11-09,862,155442
LEX-1156,2024-11-10,1174,156616
LEX-1156,2024-11-11,2003,158619
LEX-1156,2024-11-12,2183,160802
LEX-1156,2024-11-13,2094,162896
LEX-1156,2024-11-14,2009,164905
LEX-1156,2024-11-15,1844,166749
LEX-1156,2024-11-16,951,167700
LEX-1156,2024-11-17,1007,168707
LEX-1156,2024-11-18,1975,170682
LEX-1156,2024-11-19,1893,172575
LEX-1156,2024-11-20,1941,174516
LEX-1156,2024-11-21,2129,176645
LEX-1156,2024-11-22,2198,178843
LEX-1156,2024-11-23,931,179774
LEX-1156,2024-11-24,954,180728
LEX-1156,2024-11-25,2089,182817
LEX-1156,2024-11-26,2027,184844
LEX-1156,2024-11-27,1993,186837
LEX-1156,2024-11-28,2205,189042
LEX-1156,2024-11-29,2084,191126
LEX-1156,2024-11-30,893,192019
LEX-1156,2024-12-01,1538,193557
LEX-1156,2024-12-02,3127,196684
LEX-1156,2024-12-03,3088,199772
LEX-1156,2024-12-04,3078,202850
LEX-1156,2024-12-05,3183,206033
LEX-1156,2024-12-06,3855,209888
LEX-1156,2024-12-07,1850,211738
LEX-1156,2024-12-08,1834,213572
LEX-1156,2024-12-09,3149,216721
LEX-1156,2024-12-10,3295,220016
LEX-1156,2024-12-11,3178,223194
LEX-1156,2024-12-12,2971,226165
LEX-1156,2024-12-13,3286,229451
LEX-1156,2024-12-14,1677,231128
LEX-1156,2024-12-15,1788,232916
LEX-1156,2024-12-16,3317,236233
LEX-1156,2024-12-17,2656,238889
LEX-1156,2024-12-18,3062,241951
LEX-1156,2024-12-19,3142,245093
LEX-1156,2024-12-20,2848,247941
LEX-1156,2024-12-21,1569,249510
LEX-1156,2024-12-22,1763,251273
LEX-1156,2024-12-23,3143,254416
LEX-1156,2024-12-24,3482,257898
LEX-1156,2024-12-25,3307,261205
LEX-1156,2024-12-26,3524,264729
LEX-1156,2024-12-27,2907,267636
LEX-1156,2024-12-28,1704,269340
LEX-1156,2024-12-29,1551,270891
LEX-1156,2024-12-30,3627,274518
LEX-1156,2024-12-31,2949,277467
LEX-1156,2025-01-01,2233,279700
LEX-1156,2025-01-02,2054,281754
LEX-1156,2025-01-03,2108,283862
LEX-1156,2025-01-04,1037,284899
LEX-1156,2025-01-05,881,285780
LEX-1156,2025-01-06,2159,287939
LEX-1156,2025-01-07,2022,289961
LEX-1156,2025-01-08,2272,292233
LEX-1156,2025-01-09,2148,294381
LEX-1156,2025-01-10,2201,296582
LEX-1156,2025-01-11,1012,297594
LEX-1156,2025-01-12,1072,298666
LEX-1156,2025-01-13,2177,300843
LEX-1156,2025-01-14,2227,303070
LEX-1156,2025-01-15,2196,305266
LEX-1156,2025-01-16,2252,307518
LEX-1156,2025-01-17,1930,309448
LEX-1156,2025-01-18,1020,310468
LEX-1156,2025-01-19,995,311463
LEX-1156,2025-01-20,2119,313582
LEX-1156,2025-01-21,2018,315600
LEX-1156,2025-01-22,1935,317535
LEX-1156,2025-01-23,1968,319503
LEX-1156,2025-01-24,2034,321537
LEX-1156,2025-01-25,1006,322543
LEX-1156,2025-01-26,950,323493
LEX-1156,2025-01-27,2051,325544
LEX-1156,2025-01-28,2073,327617
LEX-1156,2025-01-29,1945,329562
LEX-1156,2025-01-30,1967,331529
LEX-1156,2025-01-31,2283,333812
LEX-1156,2025-02-01,890,334702
LEX-1156,2025-02-02,1036,335738
LEX-1156,2025-02-03,2331,338069
LEX-1156,2025-02-04,2006,340075
LEX-1156,2025-02-05,2194,342269
LEX-1156,2025-02-06,1791,344060
LEX-1156,2025-02-07,1759,345819
LEX-1156,2025-02-08,1025,346844
LEX-1156,2025-02-09,954,347798
LEX-1156,2025-02-10,2155,349953
LEX-1156,2025-02-11,2113,352066
LEX-1156,2025-02-12,2350,354416
LEX-1156,2025-02-13,2169,356585
LEX-1156,2025-02-14,2026,358611
LEX-1156,2025-02-15,1069,359680
LEX-1156,2025-02-16,1018,360698
LEX-1156,2025-02-17,1837,362535
LEX-1156,2025-02-18,2178,364713
LEX-1156,2025-02-19,2143,366856
LEX-1156,2025-02-20,1937,368793
LEX-1156,2025-02-21,2309,371102
LEX-1156,2025-02-22,970,372072
LEX-1156,2025-02-23,1176,373248
LEX-1156,2025-02-24,2035,375283
LEX-1156,2025-02-25,1781,377064
LEX-1156,2025-02-26,2362,379426
LEX-1156,2025-02-27,2227,381653
LEX-1156,2025-02-28,2212,383865
LEX-1156,2025-03-01,1297,385162
LEX-1156,2025-03-02,1517,386679
LEX-1156,2025-03-03,3338,390017
LEX-1156,2025-03-04,3205,393222
LEX-1156,2025-03-05,3191,396413
LEX-1156,2025-03-06,3538,399951
LEX-1156,2025-03-07,3216,403167
LEX-1156,2025-03-08,1656,404823
LEX-1156,2025-03-09,1686,406509
LEX-1156,2025-03-10,3534,410043
LEX-1156,2025-03-11,3619,413662
LEX-1156,2025-03-12,3290,416952
LEX-1156,2025-03-13,3186,420138
LEX-1156,2025-03-14,3786,423924
LEX-1156,2025-03-15,1303,425227
LEX-1156,2025-03-16,1757,426984
LEX-1156,2025-03-17,3248,430232
LEX-1156,2025-03-18,3436,433668
LEX-1156,2025-03-19,3297,436965
LEX-1156,2025-03-20,3623,440588
LEX-1156,2025-03-21,3396,443984
LEX-1156,2025-03-22,1456,445440
LEX-1156,2025-03-23,1450,446890
LEX-1156,2025-03-24,3229,450119
LEX-1156,2025-03-25,3446,453565
LEX-1156,2025-03-26,3630,457195
LEX-1156,2025-03-27,3110,460305
LEX-1156,2025-03-28,2704,463009
LEX-1156,2025-03-29,1699,464708
LEX-1156,2025-03-30,1648,466356
LEX-1156,2025-03-31,3323,469679
LEX-1156,2025-04-01,1873,471552
LEX-1156,2025-04-02,2249,473801
LEX-1156,2025-04-03,1919,475720
LEX-1156,2025-04-04,2104,477824
LEX-1156,2025-04-05,1049,478873
LEX-1156,2025-04-06,1072,479945
LEX-1156,2025-04-07,1931,481876
LEX-1156,2025-04-08,1902,483778
LEX-1156,2025-04-09,2194,485972
LEX-1156,2025-04-10,2144,488116
LEX-1156,2025-04-11,2109,490225
LEX-1156,2025-04-12,1119,491344
LEX-1156,2025-04-13,1055,492399
LEX-1156,2025-04-14,1993,494392
LEX-1156,2025-04-15,2139,496531
LEX-1156,2025-04-16,2127,498658
LEX-1156,2025-04-17,2132,500790
LEX-1156,2025-04-18,1908,502698
LEX-1156,2025-04-19,946,503644
LEX-1156,2025-04-20,1099,504743
LEX-1156,2025-04-21,2029,506772
LEX-1156,2025-04-22,1734,508506
LEX-1156,2025-04-23,1828,510334
LEX-1156,2025-04-24,1837,512171
LEX-1156,2025-04-25,2229,514400
LEX-1156,2025-04-26,1023,515423
LEX-1156,2025-04-27,1029,516452
LEX-1156,2025-04-28,1995,518447
LEX-1156,2025-04-29,1879,520326
LEX-1156,2025-04-30,2178,522504
LEX-1156,2025-05-01,2161,524665
LEX-1156,2025-05-02,1938,526603
LEX-1156,2025-05-03,1142,527745
LEX-1156,2025-05-04,1088,528833
LEX-1156,2025-05-05,1913,530746
LEX-1156,2025-05-06,2006,532752
LEX-1156,2025-05-07,1993,534745
LEX-1156,2025-05-08,2105,536850
LEX-1156,2025-05-09,1819,538669
LEX-1156,2025-05-10,969,539638
LEX-1156,2025-05-11,1092,540730
LEX-1156,2025-05-12,1793,542523
LEX-1156,2025-05-13,2021,544544
LEX-1156,2025-05-14,1852,546396
LEX-1156,2025-05-15,2204,548600
LEX-1156,2025-05-16,2110,550710
LEX-1156,2025-05-17,906,551616
LEX-1156,2025-05-18,941,552557
LEX-1156,2025-05-19,2056,554613
LEX-1156,2025-05-20,1674,556287
LEX-1156,2025-05-21,1873,558160
LEX-1156,2025-05-22,1918,560078
LEX-1156,2025-05-23,2265,562343
LEX-1156,2025-05-24,979,563322
LEX-1156,2025-05-25,1081,564403
LEX-1156,2025-05-26,1976,566379
LEX-1156,2025-05-27,2176,568555
LEX-1156,2025-05-28,1798,570353
LEX-1156,2025-05-29,1935,572288
LEX-1156,2025-05-30,2035,574323
LEX-1156,2025-05-31,1041,575364
LEX-1156,2025-06-01,1685,577049
LEX-1156,2025-06-02,3336,580385
LEX-1156,2025-06-03,3419,583804
LEX-1156,2025-06-04,3900,587704
LEX-1156,2025-06-05,3559,591263
LEX-1156,2025-06-06,3182,594445
LEX-1156,2025-06-07,1725,596170
LEX-1156,2025-06-08,1327,597497
LEX-1156,2025-06-09,3108,600605
LEX-1156,2025-06-10,3205,603810
LEX-1156,2025-06-11,3150,606960
LEX-1156,2025-06-12,3081,610041
LEX-1156,2025-06-13,3436,613477
LEX-1156,2025-06-14,1602,615079
LEX-1156,2025-06-15,1623,616702
LEX-1156,2025-06-16,3186,619888
LEX-1156,2025-06-17,3156,623044
LEX-1156,2025-06-18,3452,626496
LEX-1156,2025-06-19,3459,629955
LEX-1156,2025-06-20,3485,633440
LEX-1156,2025-06-21,1643,635083
LEX-1156,2025-06-22,1642,636725
LEX-1156,2025-06-23,3199,639924
LEX-1156,2025-06-24,3506,643430
LEX-1156,2025-06-25,3079,646509
LEX-1156,2025-06-26,3314,649823
LEX-1156,2025-06-27,3261,653084
LEX-1156,2025-06-28,1507,654591
LEX-1156,2025-06-29,1607,656198
LEX-1156,2025-06-30,3212,659410
LEX-1156,2025-07-01,2210,661620
LEX-1156,2025-07-02,2096,663716
LEX-1156,2025-07-03,2173,665889
LEX-1156,2025-07-04,1801,667690
LEX-1156,2025-07-05,952,668642
LEX-1156,2025-07-06,1127,669769
LEX-1156,2025-07-07,1913,671682
LEX-1156,2025-07-08,2077,673759
LEX-1156,2025-07-09,1954,675713
LEX-1156,2025-07-10,2183,677896
LEX-1156,2025-07-11,1998,679894
LEX-1156,2025-07-12,1016,680910
LEX-1156,2025-07-13,961,681871
LEX-1156,2025-07-14,1984,683855
LEX-1156,2025-07-15,2193,686048
LEX-1156,2025-07-16,2043,688091
LEX-1156,2025-07-17,1880,689971
LEX-1156,2025-07-18,2175,692146
LEX-1156,2025-07-19,965,693111
LEX-1156,2025-07-20,1046,694157
LEX-1156,2025-07-21,1997,696154
LEX-1156,2025-07-22,2232,698386
LEX-1156,2025-07-23,2292,700678
LEX-1156,2025-07-24,2065,702743
LEX-1156,2025-07-25,1585,704328
LEX-1156,2025-07-26,1003,705331
LEX-1156,2025-07-27,986,706317
LEX-1156,2025-07-28,2034,708351
LEX-1156,2025-07-29,2192,710543
LEX-1156,2025-07-30,1964,712507
LEX-1156,2025-07-31,2034,714541
LEX-1156,2025-08-01,2105,716646
LEX-1156,2025-08-02,1066,717712
LEX-1156,2025-08-03,1055,718767
LEX-1156,2025-08-04,1915,720682
LEX-1156,2025-08-05,2224,722906
LEX-1156,2025-08-06,2087,724993
LEX-1156,2025-08-07,1748,726741
LEX-1156,2025-08-08,1879,728620
LEX-1156,2025-08-09,1015,729635
LEX-1156,2025-08-10,1058,730693
LEX-1156,2025-08-11,2186,732879
LEX-1156,2025-08-12,2331,735210
LEX-1156,2025-08-13,2037,737247
LEX-1156,2025-08-14,2062,739309
LEX-1156,2025-08-15,1852,741161
LEX-1156,2025-08-16,1043,742204
LEX-1156,2025-08-17,1056,743260
LEX-1156,2025-08-18,2199,745459
LEX-1156,2025-08-19,2198,747657
LEX-1156,2025-08-20,2100,749757
LEX-1156,2025-08-21,2113,751870
LEX-1156,2025-08-22,2086,753956
LEX-1156,2025-08-23,1017,754973
LEX-1156,2025-08-24,1055,756028
LEX-1156,2025-08-25,1976,758004
LEX-1156,2025-08-26,1850,759854
LEX-1156,2025-08-27,1925,761779
LEX-1156,2025-08-28,2082,763861
LEX-1156,2025-08-29,2134,765995
LEX-1156,2025-08-30,1106,767101
LEX-1156,2025-08-31,1213,768314
LEX-1157,2024-09-01,844,844
LEX-1157,2024-09-02,1507,2351
LEX-1157,2024-09-03,1575,3926
LEX-1157,2024-09-04,1796,5722
LEX-1157,2024-09-05,1762,7484
LEX-1157,2024-09-06,1680,9164
LEX-1157,2024-09-07,749,9913
LEX-1157,2024-09-08,867,10780
LEX-1157,2024-09-09,1634,12414
LEX-1157,2024-09-10,1672,14086
LEX-1157,2024-09-11,1911,15997
LEX-1157,2024-09-12,1597,17594
LEX-1157,2024-09-13,1404,18998
LEX-1157,2024-09-14,871,19869
LEX-1157,2024-09-15,745,20614
LEX-1157,2024-09-16,1425,22039
LEX-1157,2024-09-17,1736,23775
LEX-1157,2024-09-18,1647,25422
LEX-1157,2024-09-19,1553,26975
LEX-1157,2024-09-20,1684,28659
LEX-1157,2024-09-21,886,29545
LEX-1157,2024-09-22,925,30470
LEX-1157,2024-09-23,1724,32194
LEX-1157,2024-09-24,1520,33714
LEX-1157,2024-09-25,1433,35147
LEX-1157,2024-09-26,1741,36888
LEX-1157,2024-09-27,1561,38449
LEX-1157,2024-09-28,752,39201
LEX-1157,2024-09-29,839,40040
LEX-1157,2024-09-30,1594,41634
LEX-1157,2024-10-01,1019,42653
LEX-1157,2024-10-02,1009,43662
LEX-1157,2024-10-03,1138,44800
LEX-1157,2024-10-04,1099,45899
LEX-1157,2024-10-05,480,46379
LEX-1157,2024-10-06,508,46887
LEX-1157,2024-10-07,1056,47943
LEX-1157,2024-10-08,962,48905
LEX-1157,2024-10-09,1114,50019
LEX-1157,2024-10-10,923,50942
LEX-1157,2024-10-11,1082,52024
LEX-1157,2024-10-12,547,52571
LEX-1157,2024-10-13,531,53102
LEX-1157,2024-10-14,1163,54265
LEX-1157,2024-10-15,914,55179
LEX-1157,2024-10-16,999,56178
LEX-1157,2024-10-17,890,57068
LEX-1157,2024-10-18,1051,58119
LEX-1157,2024-10-19,498,58617
LEX-1157,2024-10-20,611,59228
LEX-1157,2024-10-21,1106,60334
LEX-1157,2024-10-22,1075,61409
LEX-1157,2024-10-23,1123,62532
LEX-1157,2024-10-24,967,63499
LEX-1157,2024-10-25,1063,64562
LEX-1157,2024-10-26,428,64990
LEX-1157,2024-10-27,481,65471
LEX-1157,2024-10-28,1087,66558
LEX-1157,2024-10-29,1158,67716
LEX-1157,2024-10-30,1181,68897
LEX-1157,2024-10-31,1002,69899
LEX-1157,2024-11-01,1078,70977
LEX-1157,2024-11-02,503,71480
LEX-1157,2024-11-03,486,71966
LEX-1157,2024-11-04,1217,73183
LEX-1157,2024-11-05,952,74135
LEX-1157,2024-11-06,999,75134
LEX-1157,2024-11-07,1119,76253
LEX-1157,2024-11-08,864,77117
LEX-1157,2024-11-09,471,77588
LEX-1157,2024-11-10,487,78075
LEX-1157,2024-11-11,996,79071
LEX-1157,2024-11-12,1081,80152
LEX-1157,2024-11-13,1026,81178
LEX-1157,2024-11-14,996,82174
LEX-1157,2024-11-15,963,83137
LEX-1157,2024-11-16,497,83634
LEX-1157,2024-11-17,486,84120
LEX-1157,2024-11-18,1115,85235
LEX-1157,2024-11-19,1055,86290
LEX-1157,2024-11-20,1112,87402
LEX-1157,2024-11-21,863,88265
LEX-1157,2024-11-22,1161,89426
LEX-1157,2024-11-23,520,89946
LEX-1157,2024-11-24,497,90443
LEX-1157,2024-11-25,935,91378
LEX-1157,2024-11-26,977,92355
LEX-1157,2024-11-27,1126,93481
LEX-1157,2024-11-28,1016,94497
LEX-1157,2024-11-29,1027,95524
LEX-1157,2024-11-30,467,95991
LEX-1157,2024-12-01,867,96858
LEX-1157,2024-12-02,1347,98205
LEX-1157,2024-12-03,1645,99850
LEX-1157,2024-12-04,1547,101397
LEX-1157,2024-12-05,1778,103175
LEX-1157,2024-12-06,1657,104832
LEX-1157,2024-12-07,854,105686
LEX-1157,2024-12-08,785,106471
LEX-1157,2024-12-09,1677,108148
LEX-1157,2024-12-10,1662,109810
LEX-1157,2024-12-11,1657,111467
LEX-1157,2024-12-12,1667,113134
LEX-1157,2024-12-13,1619,114753
LEX-1157,2024-12-14,836,115589
LEX-1157,2024-12-15,787,116376
LEX-1157,2024-12-16,1539,117915
LEX-1157,2024-12-17,1574,119489
LEX-1157,2024-12-18,1754,121243
LEX-1157,2024-12-19,1578,122821
LEX-1157,2024-12-20,1787,124608
LEX-1157,2024-12-21,848,125456
LEX-1157,2024-12-22,844,126300
LEX-1157,2024-12-23,1519,127819
LEX-1157,2024-12-24,1746,129565
LEX-1157,2024-12-25,1591,131156
LEX-1157,2024-12-26,1266,132422
LEX-1157,2024-12-27,1738,134160
LEX-1157,2024-12-28,871,135031
LEX-1157,2024-12-29,788,135819
LEX-1157,2024-12-30,1720,137539
LEX-1157,2024-12-31,1445,138984
LEX-1157,2025-01-01,1015,139999
LEX-1157,2025-01-02,1182,141181
LEX-1157,2025-01-03,954,142135
LEX-1157,2025-01-04,444,142579
LEX-1157,2025-01-05,509,143088
LEX-1157,2025-01-06,1140,144228
LEX-1157,2025-01-07,885,145113
LEX-1157,2025-01-08,1009,146122
LEX-1157,2025-01-09,1097,147219
LEX-1157,2025-01-10,1092,148311
LEX-1157,2025-01-11,518,148829
LEX-1157,2025-01-12,496,149325
LEX-1157,2025-01-13,1056,150381
LEX-1157,2025-01-14,1122,151503
LEX-1157,2025-01-15,976,152479
LEX-1157,2025-01-16,1097,153576
LEX-1157,2025-01-17,1087,154663
LEX-1157,2025-01-18,506,155169
LEX-1157,2025-01-19,462,155631
LEX-1157,2025-01-20,959,156590
LEX-1157,2025-01-21,1159,157749
LEX-1157,2025-01-22,1149,158898
LEX-1157,2025-01-23,1055,159953
LEX-1157,2025-01-24,1225,161178
LEX-1157,2025-01-25,515,161693
LEX-1157,2025-01-26,461,162154
LEX-1157,2025-01-27,907,163061
LEX-1157,2025-01-28,922,163983
LEX-1157,2025-01-29,1059,165042
LEX-1157,2025-01-30,984,166026
LEX-1157,2025-01-31,975,167001
LEX-1157,2025-02-01,511,167512
LEX-1157,2025-02-02,586,168098
LEX-1157,2025-02-03,1178,169276
LEX-1157,2025-02-04,1052,170328
LEX-1157,2025-02-05,1099,171427
LEX-1157,2025-02-06,1094,172521
LEX-1157,2025-02-07,1061,173582
LEX-1157,2025-02-08,467,174049
LEX-1157,2025-02-09,537,174586
LEX-1157,2025-02-10,981,175567
LEX-1157,2025-02-11,970,176537
LEX-1157,2025-02-12,1067,177604
LEX-1157,2025-02-13,1165,178769
LEX-1157,2025-02-14,1056,179825
LEX-1157,2025-02-15,501,180326
LEX-1157,2025-02-16,502,180828
LEX-1157,2025-02-17,1081,181909
LEX-1157,2025-02-18,1006,182915
LEX-1157,2025-02-19,1008,183923
LEX-1157,2025-02-20,976,184899
LEX-1157,2025-02-21,978,185877
LEX-1157,2025-02-22,556,186433
LEX-1157,2025-02-23,518,186951
LEX-1157,2025-02-24,981,187932
LEX-1157,2025-02-25,1031,188963
LEX-1157,2025-02-26,1067,190030
LEX-1157,2025-02-27,947,190977
LEX-1157,2025-02-28,1059,192036
LEX-1157,2025-03-01,832,192868
LEX-1157,2025-03-02,972,193840
LEX-1157,2025-03-03,1849,195689
LEX-1157,2025-03-04,1690,197379
LEX-1157,2025-03-05,1676,199055
LEX-1157,2025-03-06,1621,200676
LEX-1157,2025-03-07,1733,202409
LEX-1157,2025-03-08,794,203203
LEX-1157,2025-03-09,770,203973
LEX-1157,2025-03-10,1821,205794
LEX-1157,2025-03-11,1538,207332
LEX-1157,2025-03-12,1633,208965
LEX-1157,2025-03-13,1587,210552
LEX-1157,2025-03-14,1629,212181
LEX-1157,2025-03-15,832,213013
LEX-1157,2025-03-16,819,213832
LEX-1157,2025-03-17,1523,215355
LEX-1157,2025-03-18,1585,216940
LEX-1157,2025-03-19,1724,218664
LEX-1157,2025-03-20,1667,220331
LEX-1157,2025-03-21,1690,222021
LEX-1157,2025-03-22,878,222899
LEX-1157,2025-03-23,854,223753
LEX-1157,2025-03-24,1559,225312
LEX-1157,2025-03-25,1681,226993
LEX-1157,2025-03-26,1677,228670
LEX-1157,2025-03-27,1430,230100
LEX-1157,2025-03-28,1419,231519
LEX-1157,2025-03-29,848,232367
LEX-1157,2025-03-30,782,233149
LEX-1157,2025-03-31,1578,234727
LEX-1157,2025-04-01,1046,235773
LEX-1157,2025-04-02,1025,236798
LEX-1157,2025-04-03,1019,237817
LEX-1157,2025-04-04,1146,238963
LEX-1157,2025-04-05,501,239464
LEX-1157,2025-04-06,522,239986
LEX-1157,2025-04-07,975,240961
LEX-1157,2025-04-08,1108,242069
LEX-1157,2025-04-09,1051,243120
LEX-1157,2025-04-10,1168,244288
LEX-1157,2025-04-11,1035,245323
LEX-1157,2025-04-12,524,245847
LEX-1157,2025-04-13,510,246357
LEX-1157,2025-04-14,1152,247509
LEX-1157,2025-04-15,1054,248563
LEX-1157,2025-04-16,1017,249580
LEX-1157,2025-04-17,950,250530
LEX-1157,2025-04-18,843,251373
LEX-1157,2025-04-19,515,251888
LEX-1157,2025-04-20,499,252387
LEX-1157,2025-04-21,765,253152
LEX-1157,2025-04-22,990,254142
LEX-1157,2025-04-23,938,255080
LEX-1157,2025-04-24,1160,256240
LEX-1157,2025-04-25,1018,257258
LEX-1157,2025-04-26,562,257820
LEX-1157,2025-04-27,530,258350
LEX-1157,2025-04-28,1107,259457
LEX-1157,2025-04-29,1212,260669
LEX-1157,2025-04-30,1091,261760
LEX-1157,2025-05-01,1287,263047
LEX-1157,2025-05-02,1075,264122
LEX-1157,2025-05-03,562,264684
LEX-1157,2025-05-04,498,265182
LEX-1157,2025-05-05,907,266089
LEX-1157,2025-05-06,819,266908
LEX-1157,2025-05-07,1096,268004
LEX-1157,2025-05-08,984,268988
LEX-1157,2025-05-09,996,269984
LEX-1157,2025-05-10,497,270481
LEX-1157,2025-05-11,484,270965
LEX-1157,2025-05-12,1159,272124
LEX-1157,2025-05-13,951,273075
LEX-1157,2025-05-14,1064,274139
LEX-1157,2025-05-15,1064,275203
LEX-1157,2025-05-16,902,276105
LEX-1157,2025-05-17,535,276640
LEX-1157,2025-05-18,464,277104
LEX-1157,2025-05-19,1016,278120
LEX-1157,2025-05-20,992,279112
LEX-1157,2025-05-21,1028,280140
LEX-1157,2025-05-22,1073,281213
LEX-1157,2025-05-23,951,282164
LEX-1157,2025-05-24,488,282652
LEX-1157,2025-05-25,445,283097
LEX-1157,2025-05-26,934,284031
LEX-1157,2025-05-27,1086,285117
LEX-1157,2025-05-28,993,286110
LEX-1157,2025-05-29,1098,287208
LEX-1157,2025-05-30,946,288154
LEX-1157,2025-05-31,480,288634
LEX-1157,2025-06-01,891,289525
LEX-1157,2025-06-02,1668,291193
LEX-1157,2025-06-03,1443,292636
LEX-1157,2025-06-04,1564,294200
LEX-1157,2025-06-05,1751,295951
LEX-1157,2025-06-06,1616,297567
LEX-1157,2025-06-07,899,298466
LEX-1157,2025-06-08,734,299200
LEX-1157,2025-06-09,1797,300997
LEX-1157,2025-06-10,1483,302480
LEX-1157,2025-06-11,1670,304150
LEX-1157,2025-06-12,1762,305912
LEX-1157,2025-06-13,1655,307567
LEX-1157,2025-06-14,856,308423
LEX-1157,2025-06-15,886,309309
LEX-1157,2025-06-16,1700,311009
LEX-1157,2025-06-17,1597,312606
LEX-1157,2025-06-18,1608,314214
LEX-1157,2025-06-19,1527,315741
LEX-1157,2025-06-20,1479,317220
LEX-1157,2025-06-21,905,318125
LEX-1157,2025-06-22,859,318984
LEX-1157,2025-06-23,1828,320812
LEX-1157,2025-06-24,1718,322530
LEX-1157,2025-06-25,1592,324122
LEX-1157,2025-06-26,1485,325607
LEX-1157,2025-06-27,1571,327178
LEX-1157,2025-06-28,863,328041
LEX-1157,2025-06-29,772,328813
LEX-1157,2025-06-30,1811,330624
LEX-1157,2025-07-01,994,331618
LEX-1157,2025-07-02,925,332543
LEX-1157,2025-07-03,998,333541
LEX-1157,2025-07-04,1042,334583
LEX-1157,2025-07-05,581,335164
LEX-1157,2025-07-06,516,335680
LEX-1157,2025-07-07,973,336653
LEX-1157,2025-07-08,1140,337793
LEX-1157,2025-07-09,1118,338911
LEX-1157,2025-07-10,1015,339926
LEX-1157,2025-07-11,891,340817
LEX-1157,2025-07-12,488,341305
LEX-1157,2025-07-13,541,341846
LEX-1157,2025-07-14,1126,342972
LEX-1157,2025-07-15,1035,344007
LEX-1157,2025-07-16,1017,345024
LEX-1157,2025-07-17,982,346006
LEX-1157,2025-07-18,1085,347091
LEX-1157,2025-07-19,470,347561
LEX-1157,2025-07-20,489,348050
LEX-1157,2025-07-21,1136,349186
LEX-1157,2025-07-22,1103,350289
LEX-1157,2025-07-23,1145,351434
LEX-1157,2025-07-24,970,352404
LEX-1157,2025-07-25,921,353325
LEX-1157,2025-07-26,572,353897
LEX-1157,2025-07-27,542,354439
LEX-1157,2025-07-28,1108,355547
LEX-1157,2025-07-29,1085,356632
LEX-1157,2025-07-30,1176,357808
LEX-1157,2025-07-31,1082,358890
LEX-1157,2025-08-01,1041,359931
LEX-1157,2025-08-02,525,360456
LEX-1157,2025-08-03,521,360977
LEX-1157,2025-08-04,1153,362130
LEX-1157,2025-08-05,1126,363256
LEX-1157,2025-08-06,1154,364410
LEX-1157,2025-08-07,860,365270
LEX-1157,2025-08-08,1005,366275
LEX-1157,2025-08-09,475,366750
LEX-1157,2025-08-10,589,367339
LEX-1157,2025-08-11,964,368303
LEX-1157,2025-08-12,1075,369378
LEX-1157,2025-08-13,1188,370566
LEX-1157,2025-08-14,1053,371619
LEX-1157,2025-08-15,996,372615
LEX-1157,2025-08-16,521,373136
LEX-1157,2025-08-17,457,373593
LEX-1157,2025-08-18,903,374496
LEX-1157,2025-08-19,1071,375567
LEX-1157,2025-08-20,826,376393
LEX-1157,2025-08-21,1020,377413
LEX-1157,2025-08-22,1014,378427
LEX-1157,2025-08-23,593,379020
LEX-1157,2025-08-24,534,379554
LEX-1157,2025-08-25,1002,380556
LEX-1157,2025-08-26,1102,381658
LEX-1157,2025-08-27,1040,382698
LEX-1157,2025-08-28,936,383634
LEX-1157,2025-08-29,1049,384683
LEX-1157,2025-08-30,550,385233
LEX-1157,2025-08-31,546,385779
LEX-1158,2024-09-01,369,369
LEX-1158,2024-09-02,774,1143
LEX-1158,2024-09-03,734,1877
LEX-1158,2024-09-04,640,2517
LEX-1158,2024-09-05,627,3144
LEX-1158,2024-09-06,691,3835
LEX-1158,2024-09-07,343,4178
LEX-1158,2024-09-08,366,4544
LEX-1158,2024-09-09,789,5333
LEX-1158,2024-09-10,802,6135
LEX-1158,2024-09-11,676,6811
LEX-1158,2024-09-12,612,7423
LEX-1158,2024-09-13,716,8139
LEX-1158,2024-09-14,387,8526
LEX-1158,2024-09-15,344,8870
LEX-1158,2024-09-16,716,9586
LEX-1158,2024-09-17,703,10289
LEX-1158,2024-09-18,803,11092
LEX-1158,2024-09-19,844,11936
LEX-1158,2024-09-20,750,12686
LEX-1158,2024-09-21,376,13062
LEX-1158,2024-09-22,316,13378
LEX-1158,2024-09-23,688,14066
LEX-1158,2024-09-24,763,14829
LEX-1158,2024-09-25,735,15564
LEX-1158,2024-09-26,741,16305
LEX-1158,2024-09-27,615,16920
LEX-1158,2024-09-28,295,17215
LEX-1158,2024-09-29,412,17627
LEX-1158,2024-09-30,704,18331
LEX-1158,2024-10-01,385,18716
LEX-1158,2024-10-02,441,19157
LEX-1158,2024-10-03,394,19551
LEX-1158,2024-10-04,404,19955
LEX-1158,2024-10-05,209,20164
LEX-1158,2024-10-06,197,20361
LEX-1158,2024-10-07,324,20685
LEX-1158,2024-10-08,472,21157
LEX-1158,2024-10-09,424,21581
LEX-1158,2024-10-10,479,22060
LEX-1158,2024-10-11,446,22506
LEX-1158,2024-10-12,190,22696
LEX-1158,2024-10-13,222,22918
LEX-1158,2024-10-14,495,23413
LEX-1158,2024-10-15,441,23854
LEX-1158,2024-10-16,419,24273
LEX-1158,2024-10-17,394,24667
LEX-1158,2024-10-18,424,25091
LEX-1158,2024-10-19,201,25292
LEX-1158,2024-10-20,214,25506
LEX-1158,2024-10-21,367,25873
LEX-1158,2024-10-22,402,26275
LEX-1158,2024-10-23,466,26741
LEX-1158,2024-10-24,450,27191
LEX-1158,2024-10-25,433,27624
LEX-1158,2024-10-26,200,27824
LEX-1158,2024-10-27,251,28075
LEX-1158,2024-10-28,522,28597
LEX-1158,2024-10-29,401,28998
LEX-1158,2024-10-30,476,29474
LEX-1158,2024-10-31,403,29877
LEX-1158,2024-11-01,464,30341
LEX-1158,2024-11-02,179,30520
LEX-1158,2024-11-03,211,30731
LEX-1158,2024-11-04,452,31183
LEX-1158,2024-11-05,459,31642
LEX-1158,2024-11-06,409,32051
LEX-1158,2024-11-07,466,32517
LEX-1158,2024-11-08,442,32959
LEX-1158,2024-11-09,196,33155
LEX-1158,2024-11-10,202,33357
LEX-1158,2024-11-11,503,33860
LEX-1158,2024-11-12,451,34311
LEX-1158,2024-11-13,429,34740
LEX-1158,2024-11-14,391,35131
LEX-1158,2024-11-15,424,35555
LEX-1158,2024-11-16,226,35781
LEX-1158,2024-11-17,229,36010
LEX-1158,2024-11-18,449,36459
LEX-1158,2024-11-19,421,36880
LEX-1158,2024-11-20,377,37257
LEX-1158,2024-11-21,442,37699
LEX-1158,2024-11-22,444,38143
LEX-1158,2024-11-23,207,38350
LEX-1158,2024-11-24,218,38568
LEX-1158,2024-11-25,448,39016
LEX-1158,2024-11-26,457,39473
LEX-1158,2024-11-27,474,39947
LEX-1158,2024-11-28,358,40305
LEX-1158,2024-11-29,461,40766
LEX-1158,2024-11-30,193,40959
LEX-1158,2024-12-01,326,41285
LEX-1158,2024-12-02,774,42059
LEX-1158,2024-12-03,641,42700
LEX-1158,2024-12-04,762,43462
LEX-1158,2024-12-05,678,44140
LEX-1158,2024-12-06,798,44938
LEX-1158,2024-12-07,317,45255
LEX-1158,2024-12-08,353,45608
LEX-1158,2024-12-09,551,46159
LEX-1158,2024-12-10,717,46876
LEX-1158,2024-12-11,617,47493
LEX-1158,2024-12-12,698,48191
LEX-1158,2024-12-13,662,48853
LEX-1158,2024-12-14,407,49260
LEX-1158,2024-12-15,343,49603
LEX-1158,2024-12-16,807,50410
LEX-1158,2024-12-17,655,51065
LEX-1158,2024-12-18,522,51587
LEX-1158,2024-12-19,755,52342
LEX-1158,2024-12-20,642,52984
LEX-1158,2024-12-21,388,53372
LEX-1158,2024-12-22,352,53724
LEX-1158,2024-12-23,746,54470
LEX-1158,2024-12-24,763,55233
LEX-1158,2024-12-25,839,56072
LEX-1158,2024-12-26,773,56845
LEX-1158,2024-12-27,723,57568
LEX-1158,2024-12-28,381,57949
LEX-1158,2024-12-29,377,58326
LEX-1158,2024-12-30,741,59067
LEX-1158,2024-12-31,828,59895
LEX-1158,2025-01-01,437,60332
LEX-1158,2025-01-02,450,60782
LEX-1158,2025-01-03,424,61206
LEX-1158,2025-01-04,271,61477
LEX-1158,2025-01-05,217,61694
LEX-1158,2025-01-06,458,62152
LEX-1158,2025-01-07,411,62563
LEX-1158,2025-01-08,430,62993
LEX-1158,2025-01-09,481,63474
LEX-1158,2025-01-10,440,63914
LEX-1158,2025-01-11,243,64157
LEX-1158,2025-01-12,237,64394
LEX-1158,2025-01-13,441,64835
LEX-1158,2025-01-14,413,65248
LEX-1158,2025-01-15,456,65704
LEX-1158,2025-01-16,456,66160
LEX-1158,2025-01-17,445,66605
LEX-1158,2025-01-18,228,66833
LEX-1158,2025-01-19,210,67043
LEX-1158,2025-01-20,469,67512
LEX-1158,2025-01-21,460,67972
LEX-1158,2025-01-22,418,68390
LEX-1158,2025-01-23,428,68818
LEX-1158,2025-01-24,443,69261
LEX-1158,2025-01-25,214,69475
LEX-1158,2025-01-26,208,69683
LEX-1158,2025-01-27,482,70165
LEX-1158,2025-01-28,477,70642
LEX-1158,2025-01-29,467,71109
LEX-1158,2025-01-30,403,71512
LEX-1158,2025-01-31,511,72023
LEX-1158,2025-02-01,228,72251
LEX-1158,2025-02-02,220,72471
LEX-1158,2025-02-03,475,72946
LEX-1158,2025-02-04,441,73387
LEX-1158,2025-02-05,342,73729
LEX-1158,2025-02-06,454,74183
LEX-1158,2025-02-07,484,74667
LEX-1158,2025-02-08,229,74896
LEX-1158,2025-02-09,189,75085
LEX-1158,2025-02-10,475,75560
LEX-1158,2025-02-11,455,76015
LEX-1158,2025-02-12,457,76472
LEX-1158,2025-02-13,391,76863
LEX-1158,2025-02-14,425,77288
LEX-1158,2025-02-15,203,77491
LEX-1158,2025-02-16,238,77729
LEX-1158,2025-02-17,462,78191
LEX-1158,2025-02-18,422,78613
LEX-1158,2025-02-19,418,79031
LEX-1158,2025-02-20,434,79465
LEX-1158,2025-02-21,455,79920
LEX-1158,2025-02-22,238,80158
LEX-1158,2025-02-23,206,80364
LEX-1158,2025-02-24,458,80822
LEX-1158,2025-02-25,432,81254
LEX-1158,2025-02-26,340,81594
LEX-1158,2025-02-27,426,82020
LEX-1158,2025-02-28,459,82479
LEX-1158,2025-03-01,333,82812
LEX-1158,2025-03-02,366,83178
LEX-1158,2025-03-03,752,83930
LEX-1158,2025-03-04,778,84708
LEX-1158,2025-03-05,652,85360
LEX-1158,2025-03-06,779,86139
LEX-1158,2025-03-07,714,86853
LEX-1158,2025-03-08,311,87164
LEX-1158,2025-03-09,349,87513
LEX-1158,2025-03-10,695,88208
LEX-1158,2025-03-11,681,88889
LEX-1158,2025-03-12,642,89531
LEX-1158,2025-03-13,726,90257
LEX-1158,2025-03-14,709,90966
LEX-1158,2025-03-15,340,91306
LEX-1158,2025-03-16,329,91635
LEX-1158,2025-03-17,608,92243
LEX-1158,2025-03-18,800,93043
LEX-1158,2025-03-19,697,93740
LEX-1158,2025-03-20,757,94497
LEX-1158,2025-03-21,776,95273
LEX-1158,2025-03-22,385,95658
LEX-1158,2025-03-23,375,96033
LEX-1158,2025-03-24,725,96758
LEX-1158,2025-03-25,615,97373
LEX-1158,2025-03-26,802,98175
LEX-1158,2025-03-27,647,98822
LEX-1158,2025-03-28,797,99619
LEX-1158,2025-03-29,347,99966
LEX-1158,2025-03-30,384,100350
LEX-1158,2025-03-31,761,101111
LEX-1158,2025-04-01,458,101569
LEX-1158,2025-04-02,458,102027
LEX-1158,2025-04-03,439,102466
LEX-1158,2025-04-04,447,102913
LEX-1158,2025-04-05,223,103136
LEX-1158,2025-04-06,225,103361
LEX-1158,2025-04-07,440,103801
LEX-1158,2025-04-08,397,104198
LEX-1158,2025-04-09,430,104628
LEX-1158,2025-04-10,460,105088
LEX-1158,2025-04-11,440,105528
LEX-1158,2025-04-12,222,105750
LEX-1158,2025-04-13,211,105961
LEX-1158,2025-04-14,465,106426
LEX-1158,2025-04-15,467,106893
LEX-1158,2025-04-16,362,107255
LEX-1158,2025-04-17,389,107644
LEX-1158,2025-04-18,438,108082
LEX-1158,2025-04-19,231,108313
LEX-1158,2025-04-20,228,108541
LEX-1158,2025-04-21,440,108981
LEX-1158,2025-04-22,475,109456
LEX-1158,2025-04-23,467,109923
LEX-1158,2025-04-24,438,110361
LEX-1158,2025-04-25,440,110801
LEX-1158,2025-04-26,199,111000
LEX-1158,2025-04-27,224,111224
LEX-1158,2025-04-28,465,111689
LEX-1158,2025-04-29,419,112108
LEX-1158,2025-04-30,446,112554
LEX-1158,2025-05-01,457,113011
LEX-1158,2025-05-02,476,113487
LEX-1158,2025-05-03,217,113704
LEX-1158,2025-05-04,207,113911
LEX-1158,2025-05-05,433,114344
LEX-1158,2025-05-06,455,114799
LEX-1158,2025-05-07,453,115252
LEX-1158,2025-05-08,390,115642
LEX-1158,2025-05-09,433,116075
LEX-1158,2025-05-10,204,116279
LEX-1158,2025-05-11,223,116502
LEX-1158,2025-05-12,458,116960
LEX-1158,2025-05-13,481,117441
LEX-1158,2025-05-14,490,117931
LEX-1158,2025-05-15,463,118394
LEX-1158,2025-05-16,430,118824
LEX-1158,2025-05-17,213,119037
LEX-1158,2025-05-18,230,119267
LEX-1158,2025-05-19,472,119739
LEX-1158,2025-05-20,402,120141
LEX-1158,2025-05-21,530,120671
LEX-1158,2025-05-22,460,121131
LEX-1158,2025-05-23,475,121606
LEX-1158,2025-05-24,230,121836
LEX-1158,2025-05-25,204,122040
LEX-1158,2025-05-26,429,122469
LEX-1158,2025-05-27,417,122886
LEX-1158,2025-05-28,385,123271
LEX-1158,2025-05-29,401,123672
LEX-1158,2025-05-30,508,124180
LEX-1158,2025-05-31,218,124398
LEX-1158,2025-06-01,381,124779
LEX-1158,2025-06-02,680,125459
LEX-1158,2025-06-03,671,126130
LEX-1158,2025-06-04,797,126927
LEX-1158,2025-06-05,702,127629
LEX-1158,2025-06-06,699,128328
LEX-1158,2025-06-07,363,128691
LEX-1158,2025-06-08,374,129065
LEX-1158,2025-06-09,682,129747
LEX-1158,2025-06-10,588,130335
LEX-1158,2025-06-11,778,131113
LEX-1158,2025-06-12,737,131850
LEX-1158,2025-06-13,662,132512
LEX-1158,2025-06-14,351,132863
LEX-1158,2025-06-15,394,133257
LEX-1158,2025-06-16,802,134059
LEX-1158,2025-06-17,693,134752
LEX-1158,2025-06-18,797,135549
LEX-1158,2025-06-19,712,136261
LEX-1158,2025-06-20,670,136931
LEX-1158,2025-06-21,341,137272
LEX-1158,2025-06-22,406,137678
LEX-1158,2025-06-23,745,138423
LEX-1158,2025-06-24,658,139081
LEX-1158,2025-06-25,771,139852
LEX-1158,2025-06-26,773,140625
LEX-1158,2025-06-27,688,141313
LEX-1158,2025-06-28,369,141682
LEX-1158,2025-06-29,396,142078
LEX-1158,2025-06-30,646,142724
LEX-1158,2025-07-01,380,143104
LEX-1158,2025-07-02,421,143525
LEX-1158,2025-07-03,382,143907
LEX-1158,2025-07-04,401,144308
LEX-1158,2025-07-05,243,144551
LEX-1158,2025-07-06,207,144758
LEX-1158,2025-07-07,442,145200
LEX-1158,2025-07-08,471,145671
LEX-1158,2025-07-09,487,146158
LEX-1158,2025-07-10,457,146615
LEX-1158,2025-07-11,369,146984
LEX-1158,2025-07-12,221,147205
LEX-1158,2025-07-13,236,147441
LEX-1158,2025-07-14,451,147892
LEX-1158,2025-07-15,464,148356
LEX-1158,2025-07-16,421,148777
LEX-1158,2025-07-17,448,149225
LEX-1158,2025-07-18,468,149693
LEX-1158,2025-07-19,248,149941
LEX-1158,2025-07-20,211,150152
LEX-1158,2025-07-21,421,150573
LEX-1158,2025-07-22,501,151074
LEX-1158,2025-07-23,433,151507
LEX-1158,2025-07-24,453,151960
LEX-1158,2025-07-25,454,152414
LEX-1158,2025-07-26,222,152636
LEX-1158,2025-07-27,257,152893
LEX-1158,2025-07-28,437,153330
LEX-1158,2025-07-29,473,153803
LEX-1158,2025-07-30,430,154233
LEX-1158,2025-07-31,511,154744
LEX-1158,2025-08-01,416,155160
LEX-1158,2025-08-02,233,155393
LEX-1158,2025-08-03,180,155573
LEX-1158,2025-08-04,434,156007
LEX-1158,2025-08-05,465,156472
LEX-1158,2025-08-06,393,156865
LEX-1158,2025-08-07,432,157297
LEX-1158,2025-08-08,559,157856
LEX-1158,2025-08-09,203,158059
LEX-1158,2025-08-10,227,158286
LEX-1158,2025-08-11,393,158679
LEX-1158,2025-08-12,406,159085
LEX-1158,2025-08-13,460,159545
LEX-1158,2025-08-14,437,159982
LEX-1158,2025-08-15,416,160398
LEX-1158,2025-08-16,214,160612
LEX-1158,2025-08-17,242,160854
LEX-1158,2025-08-18,437,161291
LEX-1158,2025-08-19,465,161756
LEX-1158,2025-08-20,383,162139
LEX-1158,2025-08-21,425,162564
LEX-1158,2025-08-22,430,162994
LEX-1158,2025-08-23,209,163203
LEX-1158,2025-08-24,220,163423
LEX-1158,2025-08-25,434,163857
LEX-1158,2025-08-26,471,164328
LEX-1158,2025-08-27,484,164812
LEX-1158,2025-08-28,423,165235
LEX-1158,2025-08-29,488,165723
LEX-1158,2025-08-30,209,165932
LEX-1158,2025-08-31,224,166156
LEX-1159,2024-09-01,425,425
LEX-1159,2024-09-02,931,1356
LEX-1159,2024-09-03,1070,2426
LEX-1159,2024-09-04,964,3390
LEX-1159,2024-09-05,933,4323
LEX-1159,2024-09-06,800,5123
LEX-1159,2024-09-07,474,5597
LEX-1159,2024-09-08,480,6077
LEX-1159,2024-09-09,917,6994
LEX-1159,2024-09-10,927,7921
LEX-1159,2024-09-11,945,8866
LEX-1159,2024-09-12,955,9821
LEX-1159,2024-09-13,939,10760
LEX-1159,2024-09-14,521,11281
LEX-1159,2024-09-15,437,11718
LEX-1159,2024-09-16,1071,12789
LEX-1159,2024-09-17,933,13722
LEX-1159,2024-09-18,994,14716
LEX-1159,2024-09-19,1034,15750
LEX-1159,2024-09-20,968,16718
LEX-1159,2024-09-21,475,17193
LEX-1159,2024-09-22,482,17675
LEX-1159,2024-09-23,805,18480
LEX-1159,2024-09-24,751,19231
LEX-1159,2024-09-25,1011,20242
LEX-1159,2024-09-26,928,21170
LEX-1159,2024-09-27,888,22058
LEX-1159,2024-09-28,485,22543
LEX-1159,2024-09-29,470,23013
LEX-1159,2024-09-30,854,23867
LEX-1159,2024-10-01,641,24508
LEX-1159,2024-10-02,649,25157
LEX-1159,2024-10-03,605,25762
LEX-1159,2024-10-04,603,26365
LEX-1159,2024-10-05,297,26662
LEX-1159,2024-10-06,300,26962
LEX-1159,2024-10-07,612,27574
LEX-1159,2024-10-08,573,28147
LEX-1159,2024-10-09,634,28781
LEX-1159,2024-10-10,604,29385
LEX-1159,2024-10-11,632,30017
LEX-1159,2024-10-12,328,30345
LEX-1159,2024-10-13,298,30643
LEX-1159,2024-10-14,611,31254
LEX-1159,2024-10-15,626,31880
LEX-1159,2024-10-16,599,32479
LEX-1159,2024-10-17,579,33058
LEX-1159,2024-10-18,604,33662
LEX-1159,2024-10-19,328,33990
LEX-1159,2024-10-20,240,34230
LEX-1159,2024-10-21,631,34861
LEX-1159,2024-10-22,603,35464
LEX-1159,2024-10-23,571,36035
LEX-1159,2024-10-24,637,36672
LEX-1159,2024-10-25,538,37210
LEX-1159,2024-10-26,288,37498
LEX-1159,2024-10-27,329,37827
LEX-1159,2024-10-28,505,38332
LEX-1159,2024-10-29,619,38951
LEX-1159,2024-10-30,664,39615
LEX-1159,2024-10-31,648,40263
LEX-1159,2024-11-01,614,40877
LEX-1159,2024-11-02,275,41152
LEX-1159,2024-11-03,319,41471
LEX-1159,2024-11-04,565,42036
LEX-1159,2024-11-05,588,42624
LEX-1159,2024-11-06,593,43217
LEX-1159,2024-11-07,537,43754
LEX-1159,2024-11-08,657,44411
LEX-1159,2024-11-09,295,44706
LEX-1159,2024-11-10,296,45002
LEX-1159,2024-11-11,566,45568
LEX-1159,2024-11-12,562,46130
LEX-1159,2024-11-13,625,46755
LEX-1159,2024-11-14,626,47381
LEX-1159,2024-11-15,737,48118
LEX-1159,2024-11-16,290,48408
LEX-1159,2024-11-17,287,48695
LEX-1159,2024-11-18,648,49343
LEX-1159,2024-11-19,636,49979
LEX-1159,2024-11-20,582,50561
LEX-1159,2024-11-21,612,51173
LEX-1159,2024-11-22,670,51843
LEX-1159,2024-11-23,269,52112
LEX-1159,2024-11-24,280,52392
LEX-1159,2024-11-25,616,53008
LEX-1159,2024-11-26,563,53571
LEX-1159,2024-11-27,566,54137
LEX-1159,2024-11-28,654,54791
LEX-1159,2024-11-29,615,55406
LEX-1159,2024-11-30,296,55702
LEX-1159,2024-12-01,447,56149
LEX-1159,2024-12-02,981,57130
LEX-1159,2024-12-03,1042,58172
LEX-1159,2024-12-04,854,59026
LEX-1159,2024-12-05,860,59886
LEX-1159,2024-12-06,1005,60891
LEX-1159,2024-12-07,455,61346
LEX-1159,2024-12-08,445,61791
LEX-1159,2024-12-09,901,62692
LEX-1159,2024-12-10,1011,63703
LEX-1159,2024-12-11,1008,64711
LEX-1159,2024-12-12,983,65694
LEX-1159,2024-12-13,920,66614
LEX-1159,2024-12-14,445,67059
LEX-1159,2024-12-15,453,67512
LEX-1159,2024-12-16,885,68397
LEX-1159,2024-12-17,923,69320
LEX-1159,2024-12-18,956,70276
LEX-1159,2024-12-19,1009,71285
LEX-1159,2024-12-20,956,72241
LEX-1159,2024-12-21,470,72711
LEX-1159,2024-12-22,541,73252
LEX-1159,2024-12-23,688,73940
LEX-1159,2024-12-24,1002,74942
LEX-1159,2024-12-25,993,75935
LEX-1159,2024-12-26,994,76929
LEX-1159,2024-12-27,1024,77953
LEX-1159,2024-12-28,431,78384
LEX-1159,2024-12-29,513,78897
LEX-1159,2024-12-30,982,79879
LEX-1159,2024-12-31,923,80802
LEX-1159,2025-01-01,625,81427
LEX-1159,2025-01-02,604,82031
LEX-1159,2025-01-03,550,82581
LEX-1159,2025-01-04,249,82830
LEX-1159,2025-01-05,266,83096
LEX-1159,2025-01-06,561,83657
LEX-1159,2025-01-07,614,84271
LEX-1159,2025-01-08,527,84798
LEX-1159,2025-01-09,615,85413
LEX-1159,2025-01-10,610,86023
LEX-1159,2025-01-11,346,86369
LEX-1159,2025-01-12,306,86675
LEX-1159,2025-01-13,497,87172
LEX-1159,2025-01-14,650,87822
LEX-1159,2025-01-15,552,88374
LEX-1159,2025-01-16,549,88923
LEX-1159,2025-01-17,586,89509
LEX-1159,2025-01-18,311,89820
LEX-1159,2025-01-19,291,90111
LEX-1159,2025-01-20,596,90707
LEX-1159,2025-01-21,552,91259
LEX-1159,2025-01-22,540,91799
LEX-1159,2025-01-23,605,92404
LEX-1159,2025-01-24,523,92927
LEX-1159,2025-01-25,280,93207
LEX-1159,2025-01-26,290,93497
LEX-1159,2025-01-27,607,94104
LEX-1159,2025-01-28,583,94687
LEX-1159,2025-01-29,580,95267
LEX-1159,2025-01-30,537,95804
LEX-1159,2025-01-31,576,96380
LEX-1159,2025-02-01,292,96672
LEX-1159,2025-02-02,307,96979
LEX-1159,2025-02-03,557,97536
LEX-1159,2025-02-04,553,98089
LEX-1159,2025-02-05,538,98627
LEX-1159,2025-02-06,603,99230
LEX-1159,2025-02-07,579,99809
LEX-1159,2025-02-08,294,100103
LEX-1159,2025-02-09,286,100389
LEX-1159,2025-02-10,575,100964
LEX-1159,2025-02-11,566,101530
LEX-1159,2025-02-12,619,102149
LEX-1159,2025-02-13,597,102746
LEX-1159,2025-02-14,665,103411
LEX-1159,2025-02-15,290,103701
LEX-1159,2025-02-16,335,104036
LEX-1159,2025-02-17,582,104618
LEX-1159,2025-02-18,620,105238
LEX-1159,2025-02-19,566,105804
LEX-1159,2025-02-20,619,106423
LEX-1159,2025-02-21,485,106908
LEX-1159,2025-02-22,268,107176
LEX-1159,2025-02-23,274,107450
LEX-1159,2025-02-24,693,108143
LEX-1159,2025-02-25,646,108789
LEX-1159,2025-02-26,608,109397
LEX-1159,2025-02-27,576,109973
LEX-1159,2025-02-28,568,110541
LEX-1159,2025-03-01,453,110994
LEX-1159,2025-03-02,502,111496
LEX-1159,2025-03-03,960,112456
LEX-1159,2025-03-04,1022,113478
LEX-1159,2025-03-05,996,114474
LEX-1159,2025-03-06,985,115459
LEX-1159,2025-03-07,893,116352
LEX-1159,2025-03-08,446,116798
LEX-1159,2025-03-09,481,117279
LEX-1159,2025-03-10,982,118261
LEX-1159,2025-03-11,938,119199
LEX-1159,2025-03-12,858,120057
LEX-1159,2025-03-13,970,121027
LEX-1159,2025-03-14,1011,122038
LEX-1159,2025-03-15,434,122472
LEX-1159,2025-03-16,465,122937
LEX-1159,2025-03-17,881,123818
LEX-1159,2025-03-18,1026,124844
LEX-1159,2025-03-19,1105,125949
LEX-1159,2025-03-20,1053,127002
LEX-1159,2025-03-21,832,127834
LEX-1159,2025-03-22,489,128323
LEX-1159,2025-03-23,497,128820
LEX-1159,2025-03-24,1085,129905
LEX-1159,2025-03-25,909,130814
LEX-1159,2025-03-26,943,131757
LEX-1159,2025-03-27,863,132620
LEX-1159,2025-03-28,850,133470
LEX-1159,2025-03-29,479,133949
LEX-1159,2025-03-30,532,134481
LEX-1159,2025-03-31,955,135436
LEX-1159,2025-04-01,598,136034
LEX-1159,2025-04-02,535,136569
LEX-1159,2025-04-03,602,137171
LEX-1159,2025-04-04,569,137740
LEX-1159,2025-04-05,287,138027
LEX-1159,2025-04-06,338,138365
LEX-1159,2025-04-07,574,138939
LEX-1159,2025-04-08,579,139518
LEX-1159,2025-04-09,606,140124
LEX-1159,2025-04-10,427,140551
LEX-1159,2025-04-11,558,141109
LEX-1159,2025-04-12,255,141364
LEX-1159,2025-04-13,284,141648
LEX-1159,2025-04-14,686,142334
LEX-1159,2025-04-15,463,142797
LEX-1159,2025-04-16,516,143313
LEX-1159,2025-04-17,660,143973
LEX-1159,2025-04-18,588,144561
LEX-1159,2025-04-19,308,144869
LEX-1159,2025-04-20,300,145169
LEX-1159,2025-04-21,601,145770
LEX-1159,2025-04-22,579,146349
LEX-1159,2025-04-23,441,146790
LEX-1159,2025-04-24,594,147384
LEX-1159,2025-04-25,648,148032
LEX-1159,2025-04-26,321,148353
LEX-1159,2025-04-27,311,148664
LEX-1159,2025-04-28,590,149254
LEX-1159,2025-04-29,603,149857
LEX-1159,2025-04-30,636,150493
LEX-1159,2025-05-01,523,151016
LEX-1159,2025-05-02,681,151697
LEX-1159,2025-05-03,321,152018
LEX-1159,2025-05-04,342,152360
LEX-1159,2025-05-05,610,152970
LEX-1159,2025-05-06,570,153540
LEX-1159,2025-05-07,617,154157
LEX-1159,2025-05-08,631,154788
LEX-1159,2025-05-09,687,155475
LEX-1159,2025-05-10,290,155765
LEX-1159,2025-05-11,288,156053
LEX-1159,2025-05-12,646,156699
LEX-1159,2025-05-13,584,157283
LEX-1159,2025-05-14,567,157850
LEX-1159,2025-05-15,570,158420
LEX-1159,2025-05-16,499,158919
LEX-1159,2025-05-17,281,159200
LEX-1159,2025-05-18,308,159508
LEX-1159,2025-05-19,595,160103
LEX-1159,2025-05-20,580,160683
LEX-1159,2025-05-21,714,161397
LEX-1159,2025-05-22,524,161921
LEX-1159,2025-05-23,663,162584
LEX-1159,2025-05-24,306,162890
LEX-1159,2025-05-25,268,163158
LEX-1159,2025-05-26,628,163786
LEX-1159,2025-05-27,597,164383
LEX-1159,2025-05-28,653,165036
LEX-1159,2025-05-29,627,165663
LEX-1159,2025-05-30,605,166268
LEX-1159,2025-05-31,290,166558
LEX-1159,2025-06-01,521,167079
LEX-1159,2025-06-02,923,168002
LEX-1159,2025-06-03,846,168848
LEX-1159,2025-06-04,808,169656
LEX-1159,2025-06-05,859,170515
LEX-1159,2025-06-06,1014,171529
LEX-1159,2025-06-07,462,171991
LEX-1159,2025-06-08,447,172438
LEX-1159,2025-06-09,920,173358
LEX-1159,2025-06-10,1016,174374
LEX-1159,2025-06-11,1001,175375
LEX-1159,2025-06-12,965,176340
LEX-1159,2025-06-13,907,177247
LEX-1159,2025-06-14,461,177708
LEX-1159,2025-06-15,471,178179
LEX-1159,2025-06-16,885,179064
LEX-1159,2025-06-17,945,180009
LEX-1159,2025-06-18,881,180890
LEX-1159,2025-06-19,981,181871
LEX-1159,2025-06-20,989,182860
LEX-1159,2025-06-21,519,183379
LEX-1159,2025-06-22,486,183865
LEX-1159,2025-06-23,970,184835
LEX-1159,2025-06-24,889,185724
LEX-1159,2025-06-25,949,186673
LEX-1159,2025-06-26,875,187548
LEX-1159,2025-06-27,823,188371
LEX-1159,2025-06-28,466,188837
LEX-1159,2025-06-29,457,189294
LEX-1159,2025-06-30,1000,190294
LEX-1159,2025-07-01,550,190844
LEX-1159,2025-07-02,730,191574
LEX-1159,2025-07-03,573,192147
LEX-1159,2025-07-04,592,192739
LEX-1159,2025-07-05,284,193023
LEX-1159,2025-07-06,316,193339
LEX-1159,2025-07-07,585,193924
LEX-1159,2025-07-08,549,194473
LEX-1159,2025-07-09,508,194981
LEX-1159,2025-07-10,623,195604
LEX-1159,2025-07-11,626,196230
LEX-1159,2025-07-12,306,196536
LEX-1159,2025-07-13,292,196828
LEX-1159,2025-07-14,580,197408
LEX-1159,2025-07-15,632,198040
LEX-1159,2025-07-16,591,198631
LEX-1159,2025-07-17,649,199280
LEX-1159,2025-07-18,591,199871
LEX-1159,2025-07-19,294,200165
LEX-1159,2025-07-20,306,200471
LEX-1159,2025-07-21,662,201133
LEX-1159,2025-07-22,652,201785
LEX-1159,2025-07-23,593,202378
LEX-1159,2025-07-24,578,202956
LEX-1159,2025-07-25,538,203494
LEX-1159,2025-07-26,314,203808
LEX-1159,2025-07-27,255,204063
LEX-1159,2025-07-28,677,204740
LEX-1159,2025-07-29,636,205376
LEX-1159,2025-07-30,560,205936
LEX-1159,2025-07-31,654,206590
LEX-1159,2025-08-01,622,207212
LEX-1159,2025-08-02,309,207521
LEX-1159,2025-08-03,291,207812
LEX-1159,2025-08-04,622,208434
LEX-1159,2025-08-05,528,208962
LEX-1159,2025-08-06,598,209560
LEX-1159,2025-08-07,563,210123
LEX-1159,2025-08-08,582,210705
LEX-1159,2025-08-09,281,210986
LEX-1159,2025-08-10,282,211268
LEX-1159,2025-08-11,657,211925
LEX-1159,2025-08-12,527,212452
LEX-1159,2025-08-13,615,213067
LEX-1159,2025-08-14,542,213609
LEX-1159,2025-08-15,658,214267
LEX-1159,2025-08-16,308,214575
LEX-1159,2025-08-17,264,214839
LEX-1159,2025-08-18,611,215450
LEX-1159,2025-08-19,562,216012
LEX-1159,2025-08-20,606,216618
LEX-1159,2025-08-21,532,217150
LEX-1159,2025-08-22,654,217804
LEX-1159,2025-08-23,250,218054
LEX-1159,2025-08-24,278,218332
LEX-1159,2025-08-25,544,218876
LEX-1159,2025-08-26,613,219489
LEX-1159,2025-08-27,572,220061
LEX-1159,2025-08-28,587,220648
LEX-1159,2025-08-29,565,221213
LEX-1159,2025-08-30,265,221478
LEX-1159,2025-08-31,292,221770
TAXIFY-1160,2024-09-01,197,197
TAXIFY-1160,2024-09-02,376,573
TAXIFY-1160,2024-09-03,463,1036
TAXIFY-1160,2024-09-04,397,1433
TAXIFY-1160,2024-09-05,492,1925
TAXIFY-1160,2024-09-06,491,2416
TAXIFY-1160,2024-09-07,236,2652
TAXIFY-1160,2024-09-08,200,2852
TAXIFY-1160,2024-09-09,516,3368
TAXIFY-1160,2024-09-10,358,3726
TAXIFY-1160,2024-09-11,410,4136
TAXIFY-1160,2024-09-12,470,4606
TAXIFY-1160,2024-09-13,467,5073
TAXIFY-1160,2024-09-14,207,5280
TAXIFY-1160,2024-09-15,206,5486
TAXIFY-1160,2024-09-16,433,5919
TAXIFY-1160,2024-09-17,438,6357
TAXIFY-1160,2024-09-18,424,6781
TAXIFY-1160,2024-09-19,499,7280
TAXIFY-1160,2024-09-20,417,7697
TAXIFY-1160,2024-09-21,246,7943
TAXIFY-1160,2024-09-22,227,8170
TAXIFY-1160,2024-09-23,477,8647
TAXIFY-1160,2024-09-24,388,9035
TAXIFY-1160,2024-09-25,477,9512
TAXIFY-1160,2024-09-26,476,9988
TAXIFY-1160,2024-09-27,417,10405
TAXIFY-1160,2024-09-28,235,10640
TAXIFY-1160,2024-09-29,194,10834
TAXIFY-1160,2024-09-30,424,11258
TAXIFY-1160,2024-10-01,482,11740
TAXIFY-1160,2024-10-02,434,12174
TAXIFY-1160,2024-10-03,431,12605
TAXIFY-1160,2024-10-04,490,13095
TAXIFY-1160,2024-10-05,186,13281
TAXIFY-1160,2024-10-06,217,13498
TAXIFY-1160,2024-10-07,438,13936
TAXIFY-1160,2024-10-08,413,14349
TAXIFY-1160,2024-10-09,489,14838
TAXIFY-1160,2024-10-10,409,15247
TAXIFY-1160,2024-10-11,409,15656
TAXIFY-1160,2024-10-12,176,15832
TAXIFY-1160,2024-10-13,240,16072
TAXIFY-1160,2024-10-14,429,16501
TAXIFY-1160,2024-10-15,429,16930
TAXIFY-1160,2024-10-16,433,17363
TAXIFY-1160,2024-10-17,483,17846
TAXIFY-1160,2024-10-18,498,18344
TAXIFY-1160,2024-10-19,190,18534
TAXIFY-1160,2024-10-20,212,18746
TAXIFY-1160,2024-10-21,401,19147
TAXIFY-1160,2024-10-22,433,19580
TAXIFY-1160,2024-10-23,437,20017
TAXIFY-1160,2024-10-24,380,20397
TAXIFY-1160,2024-10-25,454,20851
TAXIFY-1160,2024-10-26,212,21063
TAXIFY-1160,2024-10-27,234,21297
TAXIFY-1160,2024-10-28,442,21739
TAXIFY-1160,2024-10-29,380,22119
TAXIFY-1160,2024-10-30,462,22581
TAXIFY-1160,2024-10-31,393,22974
TAXIFY-1160,2024-11-01,397,23371
TAXIFY-1160,2024-11-02,215,23586
TAXIFY-1160,2024-11-03,215,23801
TAXIFY-1160,2024-11-04,379,24180
TAXIFY-1160,2024-11-05,435,24615
TAXIFY-1160,2024-11-06,438,25053
TAXIFY-1160,2024-11-07,436,25489
TAXIFY-1160,2024-11-08,381,25870
TAXIFY-1160,2024-11-09,223,26093
TAXIFY-1160,2024-11-10,231,26324
TAXIFY-1160,2024-11-11,393,26717
TAXIFY-1160,2024-11-12,403,27120
TAXIFY-1160,2024-11-13,469,27589
TAXIFY-1160,2024-11-14,496,28085
TAXIFY-1160,2024-11-15,435,28520
TAXIFY-1160,2024-11-16,212,28732
TAXIFY-1160,2024-11-17,224,28956
TAXIFY-1160,2024-11-18,489,29445
TAXIFY-1160,2024-11-19,411,29856
TAXIFY-1160,2024-11-20,424,30280
TAXIFY-1160,2024-11-21,423,30703
TAXIFY-1160,2024-11-22,391,31094
TAXIFY-1160,2024-11-23,235,31329
TAXIFY-1160,2024-11-24,225,31554
TAXIFY-1160,2024-11-25,370,31924
TAXIFY-1160,2024-11-26,440,32364
TAXIFY-1160,2024-11-27,499,32863
TAXIFY-1160,2024-11-28,450,33313
TAXIFY-1160,2024-11-29,497,33810
TAXIFY-1160,2024-11-30,210,34020
TAXIFY-1160,2024-12-01,237,34257
TAXIFY-1160,2024-12-02,487,34744
TAXIFY-1160,2024-12-03,438,35182
TAXIFY-1160,2024-12-04,426,35608
TAXIFY-1160,2024-12-05,480,36088
TAXIFY-1160,2024-12-06,460,36548
TAXIFY-1160,2024-12-07,237,36785
TAXIFY-1160,2024-12-08,227,37012
TAXIFY-1160,2024-12-09,438,37450
TAXIFY-1160,2024-12-10,438,37888
TAXIFY-1160,2024-12-11,428,38316
TAXIFY-1160,2024-12-12,455,38771
TAXIFY-1160,2024-12-13,434,39205
TAXIFY-1160,2024-12-14,225,39430
TAXIFY-1160,2024-12-15,206,39636
TAXIFY-1160,2024-12-16,411,40047
TAXIFY-1160,2024-12-17,461,40508
TAXIFY-1160,2024-12-18,454,40962
TAXIFY-1160,2024-12-19,426,41388
TAXIFY-1160,2024-12-20,489,41877
TAXIFY-1160,2024-12-21,206,42083
TAXIFY-1160,2024-12-22,228,42311
TAXIFY-1160,2024-12-23,457,42768
TAXIFY-1160,2024-12-24,443,43211
TAXIFY-1160,2024-12-25,485,43696
TAXIFY-1160,2024-12-26,498,44194
TAXIFY-1160,2024-12-27,400,44594
TAXIFY-1160,2024-12-28,180,44774
TAXIFY-1160,2024-12-29,211,44985
TAXIFY-1160,2024-12-30,406,45391
TAXIFY-1160,2024-12-31,425,45816
TAXIFY-1160,2025-01-01,505,46321
TAXIFY-1160,2025-01-02,536,46857
TAXIFY-1160,2025-01-03,407,47264
TAXIFY-1160,2025-01-04,224,47488
TAXIFY-1160,2025-01-05,224,47712
TAXIFY-1160,2025-01-06,453,48165
TAXIFY-1160,2025-01-07,392,48557
TAXIFY-1160,2025-01-08,484,49041
TAXIFY-1160,2025-01-09,473,49514
TAXIFY-1160,2025-01-10,424,49938
TAXIFY-1160,2025-01-11,242,50180
TAXIFY-1160,2025-01-12,195,50375
TAXIFY-1160,2025-01-13,381,50756
TAXIFY-1160,2025-01-14,450,51206
TAXIFY-1160,2025-01-15,456,51662
TAXIFY-1160,2025-01-16,435,52097
TAXIFY-1160,2025-01-17,480,52577
TAXIFY-1160,2025-01-18,209,52786
TAXIFY-1160,2025-01-19,241,53027
TAXIFY-1160,2025-01-20,469,53496
TAXIFY-1160,2025-01-21,506,54002
TAXIFY-1160,2025-01-22,378,54380
TAXIFY-1160,2025-01-23,424,54804
TAXIFY-1160,2025-01-24,409,55213
TAXIFY-1160,2025-01-25,234,55447
TAXIFY-1160,2025-01-26,248,55695
TAXIFY-1160,2025-01-27,428,56123
TAXIFY-1160,2025-01-28,462,56585
TAXIFY-1160,2025-01-29,492,57077
TAXIFY-1160,2025-01-30,452,57529
TAXIFY-1160,2025-01-31,465,57994
TAXIFY-1160,2025-02-01,371,58365
TAXIFY-1160,2025-02-02,496,58861
TAXIFY-1160,2025-02-03,861,59722
TAXIFY-1160,2025-02-04,1070,60792
TAXIFY-1160,2025-02-05,822,61614
TAXIFY-1160,2025-02-06,915,62529
TAXIFY-1160,2025-02-07,940,63469
TAXIFY-1160,2025-02-08,352,63821
TAXIFY-1160,2025-02-09,503,64324
TAXIFY-1160,2025-02-10,934,65258
TAXIFY-1160,2025-02-11,776,66034
TAXIFY-1160,2025-02-12,908,66942
TAXIFY-1160,2025-02-13,908,67850
TAXIFY-1160,2025-02-14,872,68722
TAXIFY-1160,2025-02-15,420,69142
TAXIFY-1160,2025-02-16,438,69580
TAXIFY-1160,2025-02-17,943,70523
TAXIFY-1160,2025-02-18,940,71463
TAXIFY-1160,2025-02-19,883,72346
TAXIFY-1160,2025-02-20,898,73244
TAXIFY-1160,2025-02-21,873,74117
TAXIFY-1160,2025-02-22,406,74523
TAXIFY-1160,2025-02-23,439,74962
TAXIFY-1160,2025-02-24,830,75792
TAXIFY-1160,2025-02-25,812,76604
TAXIFY-1160,2025-02-26,711,77315
TAXIFY-1160,2025-02-27,853,78168
TAXIFY-1160,2025-02-28,937,79105
TAXIFY-1160,2025-03-01,678,79783
TAXIFY-1160,2025-03-02,639,80422
TAXIFY-1160,2025-03-03,1107,81529
TAXIFY-1160,2025-03-04,1220,82749
TAXIFY-1160,2025-03-05,1121,83870
TAXIFY-1160,2025-03-06,1424,85294
TAXIFY-1160,2025-03-07,1197,86491
TAXIFY-1160,2025-03-08,593,87084
TAXIFY-1160,2025-03-09,663,87747
TAXIFY-1160,2025-03-10,1231,88978
TAXIFY-1160,2025-03-11,1341,90319
TAXIFY-1160,2025-03-12,1124,91443
TAXIFY-1160,2025-03-13,1244,92687
TAXIFY-1160,2025-03-14,1285,93972
TAXIFY-1160,2025-03-15,488,94460
TAXIFY-1160,2025-03-16,583,95043
TAXIFY-1160,2025-03-17,1174,96217
TAXIFY-1160,2025-03-18,1240,97457
TAXIFY-1160,2025-03-19,1204,98661
TAXIFY-1160,2025-03-20,1264,99925
TAXIFY-1160,2025-03-21,1212,101137
TAXIFY-1160,2025-03-22,674,101811
TAXIFY-1160,2025-03-23,721,102532
TAXIFY-1160,2025-03-24,1087,103619
TAXIFY-1160,2025-03-25,1237,104856
TAXIFY-1160,2025-03-26,1342,106198
TAXIFY-1160,2025-03-27,1165,107363
TAXIFY-1160,2025-03-28,1263,108626
TAXIFY-1160,2025-03-29,598,109224
TAXIFY-1160,2025-03-30,568,109792
TAXIFY-1160,2025-03-31,1134,110926
TAXIFY-1160,2025-04-01,707,111633
TAXIFY-1160,2025-04-02,894,112527
TAXIFY-1160,2025-04-03,898,113425
TAXIFY-1160,2025-04-04,815,114240
TAXIFY-1160,2025-04-05,431,114671
TAXIFY-1160,2025-04-06,390,115061
TAXIFY-1160,2025-04-07,920,115981
TAXIFY-1160,2025-04-08,854,116835
TAXIFY-1160,2025-04-09,936,117771
TAXIFY-1160,2025-04-10,859,118630
TAXIFY-1160,2025-04-11,812,119442
TAXIFY-1160,2025-04-12,422,119864
TAXIFY-1160,2025-04-13,494,120358
TAXIFY-1160,2025-04-14,1030,121388
TAXIFY-1160,2025-04-15,776,122164
TAXIFY-1160,2025-04-16,946,123110
TAXIFY-1160,2025-04-17,804,123914
TAXIFY-1160,2025-04-18,828,124742
TAXIFY-1160,2025-04-19,448,125190
TAXIFY-1160,2025-04-20,458,125648
TAXIFY-1160,2025-04-21,831,126479
TAXIFY-1160,2025-04-22,925,127404
TAXIFY-1160,2025-04-23,966,128370
TAXIFY-1160,2025-04-24,933,129303
TAXIFY-1160,2025-04-25,814,130117
TAXIFY-1160,2025-04-26,425,130542
TAXIFY-1160,2025-04-27,472,131014
TAXIFY-1160,2025-04-28,991,132005
TAXIFY-1160,2025-04-29,792,132797
TAXIFY-1160,2025-04-30,903,133700
TAXIFY-1160,2025-05-01,467,134167
TAXIFY-1160,2025-05-02,391,134558
TAXIFY-1160,2025-05-03,238,134796
TAXIFY-1160,2025-05-04,257,135053
TAXIFY-1160,2025-05-05,464,135517
TAXIFY-1160,2025-05-06,461,135978
TAXIFY-1160,2025-05-07,414,136392
TAXIFY-1160,2025-05-08,423,136815
TAXIFY-1160,2025-05-09,418,137233
TAXIFY-1160,2025-05-10,204,137437
TAXIFY-1160,2025-05-11,216,137653
TAXIFY-1160,2025-05-12,452,138105
TAXIFY-1160,2025-05-13,410,138515
TAXIFY-1160,2025-05-14,428,138943
TAXIFY-1160,2025-05-15,452,139395
TAXIFY-1160,2025-05-16,366,139761
TAXIFY-1160,2025-05-17,237,139998
TAXIFY-1160,2025-05-18,224,140222
TAXIFY-1160,2025-05-19,449,140671
TAXIFY-1160,2025-05-20,482,141153
TAXIFY-1160,2025-05-21,474,141627
TAXIFY-1160,2025-05-22,462,142089
TAXIFY-1160,2025-05-23,451,142540
TAXIFY-1160,2025-05-24,220,142760
TAXIFY-1160,2025-05-25,210,142970
TAXIFY-1160,2025-05-26,407,143377
TAXIFY-1160,2025-05-27,454,143831
TAXIFY-1160,2025-05-28,455,144286
TAXIFY-1160,2025-05-29,446,144732
TAXIFY-1160,2025-05-30,393,145125
TAXIFY-1160,2025-05-31,173,145298
TAXIFY-1160,2025-06-01,177,145475
TAXIFY-1160,2025-06-02,301,145776
TAXIFY-1160,2025-06-03,361,146137
TAXIFY-1160,2025-06-04,407,146544
TAXIFY-1160,2025-06-05,362,146906
TAXIFY-1160,2025-06-06,340,147246
TAXIFY-1160,2025-06-07,161,147407
TAXIFY-1160,2025-06-08,168,147575
TAXIFY-1160,2025-06-09,351,147926
TAXIFY-1160,2025-06-10,383,148309
TAXIFY-1160,2025-06-11,356,148665
TAXIFY-1160,2025-06-12,344,149009
TAXIFY-1160,2025-06-13,371,149380
TAXIFY-1160,2025-06-14,197,149577
TAXIFY-1160,2025-06-15,180,149757
TAXIFY-1160,2025-06-16,358,150115
TAXIFY-1160,2025-06-17,306,150421
TAXIFY-1160,2025-06-18,314,150735
TAXIFY-1160,2025-06-19,310,151045
TAXIFY-1160,2025-06-20,347,151392
TAXIFY-1160,2025-06-21,164,151556
TAXIFY-1160,2025-06-22,169,151725
TAXIFY-1160,2025-06-23,329,152054
TAXIFY-1160,2025-06-24,331,152385
TAXIFY-1160,2025-06-25,300,152685
TAXIFY-1160,2025-06-26,359,153044
TAXIFY-1160,2025-06-27,372,153416
TAXIFY-1160,2025-06-28,177,153593
TAXIFY-1160,2025-06-29,181,153774
TAXIFY-1160,2025-06-30,366,154140
TAXIFY-1160,2025-07-01,364,154504
TAXIFY-1160,2025-07-02,376,154880
TAXIFY-1160,2025-07-03,386,155266
TAXIFY-1160,2025-07-04,397,155663
TAXIFY-1160,2025-07-05,149,155812
TAXIFY-1160,2025-07-06,183,155995
TAXIFY-1160,2025-07-07,318,156313
TAXIFY-1160,2025-07-08,392,156705
TAXIFY-1160,2025-07-09,354,157059
TAXIFY-1160,2025-07-10,360,157419
TAXIFY-1160,2025-07-11,356,157775
TAXIFY-1160,2025-07-12,179,157954
TAXIFY-1160,2025-07-13,199,158153
TAXIFY-1160,2025-07-14,387,158540
TAXIFY-1160,2025-07-15,398,158938
TAXIFY-1160,2025-07-16,347,159285
TAXIFY-1160,2025-07-17,292,159577
TAXIFY-1160,2025-07-18,374,159951
TAXIFY-1160,2025-07-19,160,160111
TAXIFY-1160,2025-07-20,171,160282
TAXIFY-1160,2025-07-21,351,160633
TAXIFY-1160,2025-07-22,353,160986
TAXIFY-1160,2025-07-23,371,161357
TAXIFY-1160,2025-07-24,326,161683
TAXIFY-1160,2025-07-25,370,162053
TAXIFY-1160,2025-07-26,173,162226
TAXIFY-1160,2025-07-27,213,162439
TAXIFY-1160,2025-07-28,308,162747
TAXIFY-1160,2025-07-29,356,163103
TAXIFY-1160,2025-07-30,370,163473
TAXIFY-1160,2025-07-31,341,163814
TAXIFY-1160,2025-08-01,336,164150
TAXIFY-1160,2025-08-02,195,164345
TAXIFY-1160,2025-08-03,188,164533
TAXIFY-1160,2025-08-04,330,164863
TAXIFY-1160,2025-08-05,311,165174
TAXIFY-1160,2025-08-06,369,165543
TAXIFY-1160,2025-08-07,362,165905
TAXIFY-1160,2025-08-08,369,166274
TAXIFY-1160,2025-08-09,174,166448
TAXIFY-1160,2025-08-10,188,166636
TAXIFY-1160,2025-08-11,398,167034
TAXIFY-1160,2025-08-12,396,167430
TAXIFY-1160,2025-08-13,329,167759
TAXIFY-1160,2025-08-14,423,168182
TAXIFY-1160,2025-08-15,371,168553
TAXIFY-1160,2025-08-16,156,168709
TAXIFY-1160,2025-08-17,182,168891
TAXIFY-1160,2025-08-18,359,169250
TAXIFY-1160,2025-08-19,349,169599
TAXIFY-1160,2025-08-20,347,169946
TAXIFY-1160,2025-08-21,372,170318
TAXIFY-1160,2025-08-22,372,170690
TAXIFY-1160,2025-08-23,168,170858
TAXIFY-1160,2025-08-24,168,171026
TAXIFY-1160,2025-08-25,336,171362
TAXIFY-1160,2025-08-26,348,171710
TAXIFY-1160,2025-08-27,377,172087
TAXIFY-1160,2025-08-28,386,172473
TAXIFY-1160,2025-08-29,346,172819
TAXIFY-1160,2025-08-30,191,173010
TAXIFY-1160,2025-08-31,182,173192
TAXIFY-1161,2024-09-01,537,537
TAXIFY-1161,2024-09-02,1223,1760
TAXIFY-1161,2024-09-03,1092,2852
TAXIFY-1161,2024-09-04,1053,3905
TAXIFY-1161,2024-09-05,1135,5040
TAXIFY-1161,2024-09-06,959,5999
TAXIFY-1161,2024-09-07,522,6521
TAXIFY-1161,2024-09-08,543,7064
TAXIFY-1161,2024-09-09,1125,8189
TAXIFY-1161,2024-09-10,1085,9274
TAXIFY-1161,2024-09-11,954,10228
TAXIFY-1161,2024-09-12,989,11217
TAXIFY-1161,2024-09-13,1027,12244
TAXIFY-1161,2024-09-14,542,12786
TAXIFY-1161,2024-09-15,477,13263
TAXIFY-1161,2024-09-16,1184,14447
TAXIFY-1161,2024-09-17,1091,15538
TAXIFY-1161,2024-09-18,1088,16626
TAXIFY-1161,2024-09-19,1049,17675
TAXIFY-1161,2024-09-20,941,18616
TAXIFY-1161,2024-09-21,536,19152
TAXIFY-1161,2024-09-22,564,19716
TAXIFY-1161,2024-09-23,1051,20767
TAXIFY-1161,2024-09-24,1155,21922
TAXIFY-1161,2024-09-25,1059,22981
TAXIFY-1161,2024-09-26,1123,24104
TAXIFY-1161,2024-09-27,1055,25159
TAXIFY-1161,2024-09-28,548,25707
TAXIFY-1161,2024-09-29,569,26276
TAXIFY-1161,2024-09-30,972,27248
TAXIFY-1161,2024-10-01,1119,28367
TAXIFY-1161,2024-10-02,1154,29521
TAXIFY-1161,2024-10-03,1251,30772
TAXIFY-1161,2024-10-04,1070,31842
TAXIFY-1161,2024-10-05,442,32284
TAXIFY-1161,2024-10-06,456,32740
TAXIFY-1161,2024-10-07,989,33729
TAXIFY-1161,2024-10-08,1173,34902
TAXIFY-1161,2024-10-09,1251,36153
TAXIFY-1161,2024-10-10,1030,37183
TAXIFY-1161,2024-10-11,1069,38252
TAXIFY-1161,2024-10-12,422,38674
TAXIFY-1161,2024-10-13,560,39234
TAXIFY-1161,2024-10-14,1076,40310
TAXIFY-1161,2024-10-15,1043,41353
TAXIFY-1161,2024-10-16,982,42335
TAXIFY-1161,2024-10-17,1034,43369
TAXIFY-1161,2024-10-18,950,44319
TAXIFY-1161,2024-10-19,495,44814
TAXIFY-1161,2024-10-20,478,45292
TAXIFY-1161,2024-10-21,978,46270
TAXIFY-1161,2024-10-22,966,47236
TAXIFY-1161,2024-10-23,1113,48349
TAXIFY-1161,2024-10-24,966,49315
TAXIFY-1161,2024-10-25,1060,50375
TAXIFY-1161,2024-10-26,485,50860
TAXIFY-1161,2024-10-27,487,51347
TAXIFY-1161,2024-10-28,971,52318
TAXIFY-1161,2024-10-29,1147,53465
TAXIFY-1161,2024-10-30,1049,54514
TAXIFY-1161,2024-10-31,1001,55515
TAXIFY-1161,2024-11-01,979,56494
TAXIFY-1161,2024-11-02,475,56969
TAXIFY-1161,2024-11-03,501,57470
TAXIFY-1161,2024-11-04,942,58412
TAXIFY-1161,2024-11-05,1027,59439
TAXIFY-1161,2024-11-06,1004,60443
TAXIFY-1161,2024-11-07,998,61441
TAXIFY-1161,2024-11-08,1170,62611
TAXIFY-1161,2024-11-09,521,63132
TAXIFY-1161,2024-11-10,524,63656
TAXIFY-1161,2024-11-11,1173,64829
TAXIFY-1161,2024-11-12,948,65777
TAXIFY-1161,2024-11-13,1023,66800
TAXIFY-1161,2024-11-14,932,67732
TAXIFY-1161,2024-11-15,1070,68802
TAXIFY-1161,2024-11-16,558,69360
TAXIFY-1161,2024-11-17,429,69789
TAXIFY-1161,2024-11-18,1137,70926
TAXIFY-1161,2024-11-19,1091,72017
TAXIFY-1161,2024-11-20,1067,73084
TAXIFY-1161,2024-11-21,958,74042
TAXIFY-1161,2024-11-22,1130,75172
TAXIFY-1161,2024-11-23,603,75775
TAXIFY-1161,2024-11-24,514,76289
TAXIFY-1161,2024-11-25,1037,77326
TAXIFY-1161,2024-11-26,1066,78392
TAXIFY-1161,2024-11-27,1030,79422
TAXIFY-1161,2024-11-28,1049,80471
TAXIFY-1161,2024-11-29,1152,81623
TAXIFY-1161,2024-11-30,529,82152
TAXIFY-1161,2024-12-01,544,82696
TAXIFY-1161,2024-12-02,1237,83933
TAXIFY-1161,2024-12-03,1189,85122
TAXIFY-1161,2024-12-04,975,86097
TAXIFY-1161,2024-12-05,1213,87310
TAXIFY-1161,2024-12-06,1181,88491
TAXIFY-1161,2024-12-07,595,89086
TAXIFY-1161,2024-12-08,505,89591
TAXIFY-1161,2024-12-09,1082,90673
TAXIFY-1161,2024-12-10,1031,91704
TAXIFY-1161,2024-12-11,1074,92778
TAXIFY-1161,2024-12-12,1213,93991
TAXIFY-1161,2024-12-13,1076,95067
TAXIFY-1161,2024-12-14,459,95526
TAXIFY-1161,2024-12-15,516,96042
TAXIFY-1161,2024-12-16,1008,97050
TAXIFY-1161,2024-12-17,1217,98267
TAXIFY-1161,2024-12-18,995,99262
TAXIFY-1161,2024-12-19,1029,100291
TAXIFY-1161,2024-12-20,1032,101323
TAXIFY-1161,2024-12-21,600,101923
TAXIFY-1161,2024-12-22,573,102496
TAXIFY-1161,2024-12-23,1113,103609
TAXIFY-1161,2024-12-24,1084,104693
TAXIFY-1161,2024-12-25,1082,105775
TAXIFY-1161,2024-12-26,1071,106846
TAXIFY-1161,2024-12-27,1239,108085
TAXIFY-1161,2024-12-28,478,108563
TAXIFY-1161,2024-12-29,414,108977
TAXIFY-1161,2024-12-30,1102,110079
TAXIFY-1161,2024-12-31,1184,111263
TAXIFY-1161,2025-01-01,1080,112343
TAXIFY-1161,2025-01-02,896,113239
TAXIFY-1161,2025-01-03,1128,114367
TAXIFY-1161,2025-01-04,486,114853
TAXIFY-1161,2025-01-05,477,115330
TAXIFY-1161,2025-01-06,981,116311
TAXIFY-1161,2025-01-07,927,117238
TAXIFY-1161,2025-01-08,1081,118319
TAXIFY-1161,2025-01-09,1009,119328
TAXIFY-1161,2025-01-10,951,120279
TAXIFY-1161,2025-01-11,633,120912
TAXIFY-1161,2025-01-12,509,121421
TAXIFY-1161,2025-01-13,1069,122490
TAXIFY-1161,2025-01-14,1197,123687
TAXIFY-1161,2025-01-15,1122,124809
TAXIFY-1161,2025-01-16,1227,126036
TAXIFY-1161,2025-01-17,1005,127041
TAXIFY-1161,2025-01-18,576,127617
TAXIFY-1161,2025-01-19,553,128170
TAXIFY-1161,2025-01-20,1149,129319
TAXIFY-1161,2025-01-21,1136,130455
TAXIFY-1161,2025-01-22,998,131453
TAXIFY-1161,2025-01-23,1305,132758
TAXIFY-1161,2025-01-24,872,133630
TAXIFY-1161,2025-01-25,495,134125
TAXIFY-1161,2025-01-26,561,134686
TAXIFY-1161,2025-01-27,1089,135775
TAXIFY-1161,2025-01-28,1076,136851
TAXIFY-1161,2025-01-29,1125,137976
TAXIFY-1161,2025-01-30,992,138968
TAXIFY-1161,2025-01-31,1136,140104
TAXIFY-1161,2025-02-01,1053,141157
TAXIFY-1161,2025-02-02,1183,142340
TAXIFY-1161,2025-02-03,2077,144417
TAXIFY-1161,2025-02-04,2208,146625
TAXIFY-1161,2025-02-05,2237,148862
TAXIFY-1161,2025-02-06,2283,151145
TAXIFY-1161,2025-02-07,2135,153280
TAXIFY-1161,2025-02-08,1040,154320
TAXIFY-1161,2025-02-09,998,155318
TAXIFY-1161,2025-02-10,2212,157530
TAXIFY-1161,2025-02-11,1806,159336
TAXIFY-1161,2025-02-12,2181,161517
TAXIFY-1161,2025-02-13,2194,163711
TAXIFY-1161,2025-02-14,2448,166159
TAXIFY-1161,2025-02-15,1008,167167
TAXIFY-1161,2025-02-16,1080,168247
TAXIFY-1161,2025-02-17,2156,170403
TAXIFY-1161,2025-02-18,1940,172343
TAXIFY-1161,2025-02-19,2128,174471
TAXIFY-1161,2025-02-20,1900,176371
TAXIFY-1161,2025-02-21,2293,178664
TAXIFY-1161,2025-02-22,1114,179778
TAXIFY-1161,2025-02-23,1101,180879
TAXIFY-1161,2025-02-24,2020,182899
TAXIFY-1161,2025-02-25,2370,185269
TAXIFY-1161,2025-02-26,1944,187213
TAXIFY-1161,2025-02-27,2137,189350
TAXIFY-1161,2025-02-28,1930,191280
TAXIFY-1161,2025-03-01,1468,192748
TAXIFY-1161,2025-03-02,1642,194390
TAXIFY-1161,2025-03-03,2458,196848
TAXIFY-1161,2025-03-04,2945,199793
TAXIFY-1161,2025-03-05,3470,203263
TAXIFY-1161,2025-03-06,2952,206215
TAXIFY-1161,2025-03-07,3081,209296
TAXIFY-1161,2025-03-08,1383,210679
TAXIFY-1161,2025-03-09,1440,212119
TAXIFY-1161,2025-03-10,2910,215029
TAXIFY-1161,2025-03-11,2883,217912
TAXIFY-1161,2025-03-12,2802,220714
TAXIFY-1161,2025-03-13,3053,223767
TAXIFY-1161,2025-03-14,2492,226259
TAXIFY-1161,2025-03-15,1716,227975
TAXIFY-1161,2025-03-16,1444,229419
TAXIFY-1161,2025-03-17,2707,232126
TAXIFY-1161,2025-03-18,2855,234981
TAXIFY-1161,2025-03-19,2722,237703
TAXIFY-1161,2025-03-20,2750,240453
TAXIFY-1161,2025-03-21,2924,243377
TAXIFY-1161,2025-03-22,1594,244971
TAXIFY-1161,2025-03-23,1635,246606
TAXIFY-1161,2025-03-24,3091,249697
TAXIFY-1161,2025-03-25,2768,252465
TAXIFY-1161,2025-03-26,2960,255425
TAXIFY-1161,2025-03-27,2733,258158
TAXIFY-1161,2025-03-28,3008,261166
TAXIFY-1161,2025-03-29,1547,262713
TAXIFY-1161,2025-03-30,1616,264329
TAXIFY-1161,2025-03-31,3034,267363
TAXIFY-1161,2025-04-01,2064,269427
TAXIFY-1161,2025-04-02,2173,271600
TAXIFY-1161,2025-04-03,2052,273652
TAXIFY-1161,2025-04-04,2077,275729
TAXIFY-1161,2025-04-05,1132,276861
TAXIFY-1161,2025-04-06,1102,277963
TAXIFY-1161,2025-04-07,2096,280059
TAXIFY-1161,2025-04-08,2092,282151
TAXIFY-1161,2025-04-09,2027,284178
TAXIFY-1161,2025-04-10,2354,286532
TAXIFY-1161,2025-04-11,2312,288844
TAXIFY-1161,2025-04-12,1162,290006
TAXIFY-1161,2025-04-13,1051,291057
TAXIFY-1161,2025-04-14,2184,293241
TAXIFY-1161,2025-04-15,2190,295431
TAXIFY-1161,2025-04-16,2208,297639
TAXIFY-1161,2025-04-17,1951,299590
TAXIFY-1161,2025-04-18,2452,302042
TAXIFY-1161,2025-04-19,860,302902
TAXIFY-1161,2025-04-20,965,303867
TAXIFY-1161,2025-04-21,1853,305720
TAXIFY-1161,2025-04-22,2100,307820
TAXIFY-1161,2025-04-23,2168,309988
TAXIFY-1161,2025-04-24,2130,312118
TAXIFY-1161,2025-04-25,1821,313939
TAXIFY-1161,2025-04-26,1121,315060
TAXIFY-1161,2025-04-27,1037,316097
TAXIFY-1161,2025-04-28,2140,318237
TAXIFY-1161,2025-04-29,2521,320758
TAXIFY-1161,2025-04-30,2085,322843
TAXIFY-1161,2025-05-01,1069,323912
TAXIFY-1161,2025-05-02,994,324906
TAXIFY-1161,2025-05-03,583,325489
TAXIFY-1161,2025-05-04,580,326069
TAXIFY-1161,2025-05-05,1096,327165
TAXIFY-1161,2025-05-06,1039,328204
TAXIFY-1161,2025-05-07,1056,329260
TAXIFY-1161,2025-05-08,1239,330499
TAXIFY-1161,2025-05-09,1118,331617
TAXIFY-1161,2025-05-10,482,332099
TAXIFY-1161,2025-05-11,546,332645
TAXIFY-1161,2025-05-12,1062,333707
TAXIFY-1161,2025-05-13,1075,334782
TAXIFY-1161,2025-05-14,1051,335833
TAXIFY-1161,2025-05-15,1087,336920
TAXIFY-1161,2025-05-16,1062,337982
TAXIFY-1161,2025-05-17,519,338501
TAXIFY-1161,2025-05-18,546,339047
TAXIFY-1161,2025-05-19,1073,340120
TAXIFY-1161,2025-05-20,1198,341318
TAXIFY-1161,2025-05-21,1050,342368
TAXIFY-1161,2025-05-22,956,343324
TAXIFY-1161,2025-05-23,1127,344451
TAXIFY-1161,2025-05-24,572,345023
TAXIFY-1161,2025-05-25,458,345481
TAXIFY-1161,2025-05-26,1079,346560
TAXIFY-1161,2025-05-27,1042,347602
TAXIFY-1161,2025-05-28,1109,348711
TAXIFY-1161,2025-05-29,1106,349817
TAXIFY-1161,2025-05-30,1103,350920
TAXIFY-1161,2025-05-31,568,351488
TAXIFY-1161,2025-06-01,444,351932
TAXIFY-1161,2025-06-02,955,352887
TAXIFY-1161,2025-06-03,845,353732
TAXIFY-1161,2025-06-04,847,354579
TAXIFY-1161,2025-06-05,819,355398
TAXIFY-1161,2025-06-06,817,356215
TAXIFY-1161,2025-06-07,423,356638
TAXIFY-1161,2025-06-08,459,357097
TAXIFY-1161,2025-06-09,843,357940
TAXIFY-1161,2025-06-10,866,358806
TAXIFY-1161,2025-06-11,945,359751
TAXIFY-1161,2025-06-12,918,360669
TAXIFY-1161,2025-06-13,791,361460
TAXIFY-1161,2025-06-14,377,361837
TAXIFY-1161,2025-06-15,352,362189
TAXIFY-1161,2025-06-16,916,363105
TAXIFY-1161,2025-06-17,643,363748
TAXIFY-1161,2025-06-18,811,364559
TAXIFY-1161,2025-06-19,810,365369
TAXIFY-1161,2025-06-20,867,366236
TAXIFY-1161,2025-06-21,412,366648
TAXIFY-1161,2025-06-22,366,367014
TAXIFY-1161,2025-06-23,882,367896
TAXIFY-1161,2025-06-24,891,368787
TAXIFY-1161,2025-06-25,839,369626
TAXIFY-1161,2025-06-26,772,370398
TAXIFY-1161,2025-06-27,878,371276
TAXIFY-1161,2025-06-28,420,371696
TAXIFY-1161,2025-06-29,423,372119
TAXIFY-1161,2025-06-30,856,372975
TAXIFY-1161,2025-07-01,741,373716
TAXIFY-1161,2025-07-02,711,374427
TAXIFY-1161,2025-07-03,817,375244
TAXIFY-1161,2025-07-04,930,376174
TAXIFY-1161,2025-07-05,389,376563
TAXIFY-1161,2025-07-06,465,377028
TAXIFY-1161,2025-07-07,893,377921
TAXIFY-1161,2025-07-08,1012,378933
TAXIFY-1161,2025-07-09,869,379802
TAXIFY-1161,2025-07-10,813,380615
TAXIFY-1161,2025-07-11,767,381382
TAXIFY-1161,2025-07-12,444,381826
TAXIFY-1161,2025-07-13,412,382238
TAXIFY-1161,2025-07-14,806,383044
TAXIFY-1161,2025-07-15,816,383860
TAXIFY-1161,2025-07-16,806,384666
TAXIFY-1161,2025-07-17,798,385464
TAXIFY-1161,2025-07-18,807,386271
TAXIFY-1161,2025-07-19,396,386667
TAXIFY-1161,2025-07-20,472,387139
TAXIFY-1161,2025-07-21,851,387990
TAXIFY-1161,2025-07-22,849,388839
TAXIFY-1161,2025-07-23,919,389758
TAXIFY-1161,2025-07-24,684,390442
TAXIFY-1161,2025-07-25,783,391225
TAXIFY-1161,2025-07-26,459,391684
TAXIFY-1161,2025-07-27,368,392052
TAXIFY-1161,2025-07-28,854,392906
TAXIFY-1161,2025-07-29,711,393617
TAXIFY-1161,2025-07-30,814,394431
TAXIFY-1161,2025-07-31,928,395359
TAXIFY-1161,2025-08-01,724,396083
TAXIFY-1161,2025-08-02,414,396497
TAXIFY-1161,2025-08-03,456,396953
TAXIFY-1161,2025-08-04,792,397745
TAXIFY-1161,2025-08-05,874,398619
TAXIFY-1161,2025-08-06,975,399594
TAXIFY-1161,2025-08-07,901,400495
TAXIFY-1161,2025-08-08,866,401361
TAXIFY-1161,2025-08-09,480,401841
TAXIFY-1161,2025-08-10,430,402271
TAXIFY-1161,2025-08-11,842,403113
TAXIFY-1161,2025-08-12,779,403892
TAXIFY-1161,2025-08-13,909,404801
TAXIFY-1161,2025-08-14,990,405791
TAXIFY-1161,2025-08-15,706,406497
TAXIFY-1161,2025-08-16,397,406894
TAXIFY-1161,2025-08-17,422,407316
TAXIFY-1161,2025-08-18,792,408108
TAXIFY-1161,2025-08-19,906,409014
TAXIFY-1161,2025-08-20,893,409907
TAXIFY-1161,2025-08-21,879,410786
TAXIFY-1161,2025-08-22,976,411762
TAXIFY-1161,2025-08-23,436,412198
TAXIFY-1161,2025-08-24,407,412605
TAXIFY-1161,2025-08-25,773,413378
TAXIFY-1161,2025-08-26,884,414262
TAXIFY-1161,2025-08-27,775,415037
TAXIFY-1161,2025-08-28,902,415939
TAXIFY-1161,2025-08-29,819,416758
TAXIFY-1161,2025-08-30,356,417114
TAXIFY-1161,2025-08-31,460,417574
TAXIFY-1162,2024-09-01,347,347
TAXIFY-1162,2024-09-02,706,1053
TAXIFY-1162,2024-09-03,581,1634
TAXIFY-1162,2024-09-04,734,2368
TAXIFY-1162,2024-09-05,762,3130
TAXIFY-1162,2024-09-06,612,3742
TAXIFY-1162,2024-09-07,342,4084
TAXIFY-1162,2024-09-08,321,4405
TAXIFY-1162,2024-09-09,642,5047
TAXIFY-1162,2024-09-10,678,5725
TAXIFY-1162,2024-09-11,632,6357
TAXIFY-1162,2024-09-12,654,7011
TAXIFY-1162,2024-09-13,769,7780
TAXIFY-1162,2024-09-14,297,8077
TAXIFY-1162,2024-09-15,340,8417
TAXIFY-1162,2024-09-16,785,9202
TAXIFY-1162,2024-09-17,666,9868
TAXIFY-1162,2024-09-18,702,10570
TAXIFY-1162,2024-09-19,623,11193
TAXIFY-1162,2024-09-20,617,11810
TAXIFY-1162,2024-09-21,296,12106
TAXIFY-1162,2024-09-22,334,12440
TAXIFY-1162,2024-09-23,761,13201
TAXIFY-1162,2024-09-24,697,13898
TAXIFY-1162,2024-09-25,673,14571
TAXIFY-1162,2024-09-26,641,15212
TAXIFY-1162,2024-09-27,637,15849
TAXIFY-1162,2024-09-28,309,16158
TAXIFY-1162,2024-09-29,312,16470
TAXIFY-1162,2024-09-30,690,17160
TAXIFY-1162,2024-10-01,793,17953
TAXIFY-1162,2024-10-02,709,18662
TAXIFY-1162,2024-10-03,636,19298
TAXIFY-1162,2024-10-04,623,19921
TAXIFY-1162,2024-10-05,309,20230
TAXIFY-1162,2024-10-06,392,20622
TAXIFY-1162,2024-10-07,712,21334
TAXIFY-1162,2024-10-08,685,22019
TAXIFY-1162,2024-10-09,724,22743
TAXIFY-1162,2024-10-10,701,23444
TAXIFY-1162,2024-10-11,548,23992
TAXIFY-1162,2024-10-12,304,24296
TAXIFY-1162,2024-10-13,362,24658
TAXIFY-1162,2024-10-14,779,25437
TAXIFY-1162,2024-10-15,735,26172
TAXIFY-1162,2024-10-16,661,26833
TAXIFY-1162,2024-10-17,691,27524
TAXIFY-1162,2024-10-18,613,28137
TAXIFY-1162,2024-10-19,343,28480
TAXIFY-1162,2024-10-20,338,28818
TAXIFY-1162,2024-10-21,664,29482
TAXIFY-1162,2024-10-22,700,30182
TAXIFY-1162,2024-10-23,672,30854
TAXIFY-1162,2024-10-24,513,31367
TAXIFY-1162,2024-10-25,632,31999
TAXIFY-1162,2024-10-26,314,32313
TAXIFY-1162,2024-10-27,328,32641
TAXIFY-1162,2024-10-28,680,33321
TAXIFY-1162,2024-10-29,686,34007
TAXIFY-1162,2024-10-30,652,34659
TAXIFY-1162,2024-10-31,657,35316
TAXIFY-1162,2024-11-01,539,35855
TAXIFY-1162,2024-11-02,360,36215
TAXIFY-1162,2024-11-03,336,36551
TAXIFY-1162,2024-11-04,654,37205
TAXIFY-1162,2024-11-05,648,37853
TAXIFY-1162,2024-11-06,585,38438
TAXIFY-1162,2024-11-07,768,39206
TAXIFY-1162,2024-11-08,629,39835
TAXIFY-1162,2024-11-09,289,40124
TAXIFY-1162,2024-11-10,327,40451
TAXIFY-1162,2024-11-11,665,41116
TAXIFY-1162,2024-11-12,723,41839
TAXIFY-1162,2024-11-13,656,42495
TAXIFY-1162,2024-11-14,650,43145
TAXIFY-1162,2024-11-15,623,43768
TAXIFY-1162,2024-11-16,292,44060
TAXIFY-1162,2024-11-17,296,44356
TAXIFY-1162,2024-11-18,693,45049
TAXIFY-1162,2024-11-19,688,45737
TAXIFY-1162,2024-11-20,715,46452
TAXIFY-1162,2024-11-21,654,47106
TAXIFY-1162,2024-11-22,744,47850
TAXIFY-1162,2024-11-23,307,48157
TAXIFY-1162,2024-11-24,320,48477
TAXIFY-1162,2024-11-25,658,49135
TAXIFY-1162,2024-11-26,657,49792
TAXIFY-1162,2024-11-27,620,50412
TAXIFY-1162,2024-11-28,611,51023
TAXIFY-1162,2024-11-29,539,51562
TAXIFY-1162,2024-11-30,373,51935
TAXIFY-1162,2024-12-01,332,52267
TAXIFY-1162,2024-12-02,644,52911
TAXIFY-1162,2024-12-03,621,53532
TAXIFY-1162,2024-12-04,668,54200
TAXIFY-1162,2024-12-05,655,54855
TAXIFY-1162,2024-12-06,755,55610
TAXIFY-1162,2024-12-07,319,55929
TAXIFY-1162,2024-12-08,323,56252
TAXIFY-1162,2024-12-09,704,56956
TAXIFY-1162,2024-12-10,699,57655
TAXIFY-1162,2024-12-11,599,58254
TAXIFY-1162,2024-12-12,692,58946
TAXIFY-1162,2024-12-13,728,59674
TAXIFY-1162,2024-12-14,370,60044
TAXIFY-1162,2024-12-15,299,60343
TAXIFY-1162,2024-12-16,662,61005
TAXIFY-1162,2024-12-17,606,61611
TAXIFY-1162,2024-12-18,709,62320
TAXIFY-1162,2024-12-19,672,62992
TAXIFY-1162,2024-12-20,727,63719
TAXIFY-1162,2024-12-21,346,64065
TAXIFY-1162,2024-12-22,307,64372
TAXIFY-1162,2024-12-23,668,65040
TAXIFY-1162,2024-12-24,624,65664
TAXIFY-1162,2024-12-25,606,66270
TAXIFY-1162,2024-12-26,636,66906
TAXIFY-1162,2024-12-27,674,67580
TAXIFY-1162,2024-12-28,306,67886
TAXIFY-1162,2024-12-29,335,68221
TAXIFY-1162,2024-12-30,592,68813
TAXIFY-1162,2024-12-31,563,69376
TAXIFY-1162,2025-01-01,758,70134
TAXIFY-1162,2025-01-02,642,70776
TAXIFY-1162,2025-01-03,653,71429
TAXIFY-1162,2025-01-04,322,71751
TAXIFY-1162,2025-01-05,345,72096
TAXIFY-1162,2025-01-06,672,72768
TAXIFY-1162,2025-01-07,711,73479
TAXIFY-1162,2025-01-08,678,74157
TAXIFY-1162,2025-01-09,662,74819
TAXIFY-1162,2025-01-10,717,75536
TAXIFY-1162,2025-01-11,322,75858
TAXIFY-1162,2025-01-12,330,76188
TAXIFY-1162,2025-01-13,650,76838
TAXIFY-1162,2025-01-14,736,77574
TAXIFY-1162,2025-01-15,681,78255
TAXIFY-1162,2025-01-16,667,78922
TAXIFY-1162,2025-01-17,548,79470
TAXIFY-1162,2025-01-18,341,79811
TAXIFY-1162,2025-01-19,350,80161
TAXIFY-1162,2025-01-20,712,80873
TAXIFY-1162,2025-01-21,653,81526
TAXIFY-1162,2025-01-22,698,82224
TAXIFY-1162,2025-01-23,688,82912
TAXIFY-1162,2025-01-24,556,83468
TAXIFY-1162,2025-01-25,361,83829
TAXIFY-1162,2025-01-26,327,84156
TAXIFY-1162,2025-01-27,676,84832
TAXIFY-1162,2025-01-28,630,85462
TAXIFY-1162,2025-01-29,701,86163
TAXIFY-1162,2025-01-30,683,86846
TAXIFY-1162,2025-01-31,575,87421
TAXIFY-1162,2025-02-01,627,88048
TAXIFY-1162,2025-02-02,739,88787
TAXIFY-1162,2025-02-03,1412,90199
TAXIFY-1162,2025-02-04,1292,91491
TAXIFY-1162,2025-02-05,1294,92785
TAXIFY-1162,2025-02-06,1233,94018
TAXIFY-1162,2025-02-07,1239,95257
TAXIFY-1162,2025-02-08,674,95931
TAXIFY-1162,2025-02-09,751,96682
TAXIFY-1162,2025-02-10,1294,97976
TAXIFY-1162,2025-02-11,1331,99307
TAXIFY-1162,2025-02-12,1250,100557
TAXIFY-1162,2025-02-13,1317,101874
TAXIFY-1162,2025-02-14,1364,103238
TAXIFY-1162,2025-02-15,764,104002
TAXIFY-1162,2025-02-16,726,104728
TAXIFY-1162,2025-02-17,1452,106180
TAXIFY-1162,2025-02-18,1279,107459
TAXIFY-1162,2025-02-19,1230,108689
TAXIFY-1162,2025-02-20,1327,110016
TAXIFY-1162,2025-02-21,1263,111279
TAXIFY-1162,2025-02-22,640,111919
TAXIFY-1162,2025-02-23,678,112597
TAXIFY-1162,2025-02-24,1396,113993
TAXIFY-1162,2025-02-25,1455,115448
TAXIFY-1162,2025-02-26,1382,116830
TAXIFY-1162,2025-02-27,1343,118173
TAXIFY-1162,2025-02-28,1241,119414
TAXIFY-1162,2025-03-01,1019,120433
TAXIFY-1162,2025-03-02,987,121420
TAXIFY-1162,2025-03-03,1795,123215
TAXIFY-1162,2025-03-04,1985,125200
TAXIFY-1162,2025-03-05,1875,127075
TAXIFY-1162,2025-03-06,2027,129102
TAXIFY-1162,2025-03-07,1823,130925
TAXIFY-1162,2025-03-08,914,131839
TAXIFY-1162,2025-03-09,811,132650
TAXIFY-1162,2025-03-10,1790,134440
TAXIFY-1162,2025-03-11,2106,136546
TAXIFY-1162,2025-03-12,2256,138802
TAXIFY-1162,2025-03-13,1925,140727
TAXIFY-1162,2025-03-14,1785,142512
TAXIFY-1162,2025-03-15,909,143421
TAXIFY-1162,2025-03-16,926,144347
TAXIFY-1162,2025-03-17,1809,146156
TAXIFY-1162,2025-03-18,1976,148132
TAXIFY-1162,2025-03-19,1654,149786
TAXIFY-1162,2025-03-20,1863,151649
TAXIFY-1162,2025-03-21,2131,153780
TAXIFY-1162,2025-03-22,1007,154787
TAXIFY-1162,2025-03-23,1081,155868
TAXIFY-1162,2025-03-24,1839,157707
TAXIFY-1162,2025-03-25,1763,159470
TAXIFY-1162,2025-03-26,1906,161376
TAXIFY-1162,2025-03-27,1745,163121
TAXIFY-1162,2025-03-28,1782,164903
TAXIFY-1162,2025-03-29,913,165816
TAXIFY-1162,2025-03-30,1020,166836
TAXIFY-1162,2025-03-31,1999,168835
TAXIFY-1162,2025-04-01,1382,170217
TAXIFY-1162,2025-04-02,1339,171556
TAXIFY-1162,2025-04-03,1515,173071
TAXIFY-1162,2025-04-04,1374,174445
TAXIFY-1162,2025-04-05,615,175060
TAXIFY-1162,2025-04-06,673,175733
TAXIFY-1162,2025-04-07,1228,176961
TAXIFY-1162,2025-04-08,1272,178233
TAXIFY-1162,2025-04-09,1340,179573
TAXIFY-1162,2025-04-10,1356,180929
TAXIFY-1162,2025-04-11,1320,182249
TAXIFY-1162,2025-04-12,551,182800
TAXIFY-1162,2025-04-13,703,183503
TAXIFY-1162,2025-04-14,1399,184902
TAXIFY-1162,2025-04-15,1347,186249
TAXIFY-1162,2025-04-16,1254,187503
TAXIFY-1162,2025-04-17,1517,189020
TAXIFY-1162,2025-04-18,1277,190297
TAXIFY-1162,2025-04-19,621,190918
TAXIFY-1162,2025-04-20,669,191587
TAXIFY-1162,2025-04-21,1403,192990
TAXIFY-1162,2025-04-22,1380,194370
TAXIFY-1162,2025-04-23,1388,195758
TAXIFY-1162,2025-04-24,1454,197212
TAXIFY-1162,2025-04-25,1359,198571
TAXIFY-1162,2025-04-26,735,199306
TAXIFY-1162,2025-04-27,690,199996
TAXIFY-1162,2025-04-28,1319,201315
TAXIFY-1162,2025-04-29,1281,202596
TAXIFY-1162,2025-04-30,1475,204071
TAXIFY-1162,2025-05-01,699,204770
TAXIFY-1162,2025-05-02,646,205416
TAXIFY-1162,2025-05-03,320,205736
TAXIFY-1162,2025-05-04,304,206040
TAXIFY-1162,2025-05-05,754,206794
TAXIFY-1162,2025-05-06,689,207483
TAXIFY-1162,2025-05-07,742,208225
TAXIFY-1162,2025-05-08,776,209001
TAXIFY-1162,2025-05-09,763,209764
TAXIFY-1162,2025-05-10,321,210085
TAXIFY-1162,2025-05-11,409,210494
TAXIFY-1162,2025-05-12,705,211199
TAXIFY-1162,2025-05-13,602,211801
TAXIFY-1162,2025-05-14,677,212478
TAXIFY-1162,2025-05-15,670,213148
TAXIFY-1162,2025-05-16,687,213835
TAXIFY-1162,2025-05-17,340,214175
TAXIFY-1162,2025-05-18,348,214523
TAXIFY-1162,2025-05-19,627,215150
TAXIFY-1162,2025-05-20,681,215831
TAXIFY-1162,2025-05-21,641,216472
TAXIFY-1162,2025-05-22,675,217147
TAXIFY-1162,2025-05-23,655,217802
TAXIFY-1162,2025-05-24,321,218123
TAXIFY-1162,2025-05-25,352,218475
TAXIFY-1162,2025-05-26,691,219166
TAXIFY-1162,2025-05-27,687,219853
TAXIFY-1162,2025-05-28,641,220494
TAXIFY-1162,2025-05-29,695,221189
TAXIFY-1162,2025-05-30,662,221851
TAXIFY-1162,2025-05-31,321,222172
TAXIFY-1162,2025-06-01,287,222459
TAXIFY-1162,2025-06-02,566,223025
TAXIFY-1162,2025-06-03,403,223428
TAXIFY-1162,2025-06-04,440,223868
TAXIFY-1162,2025-06-05,597,224465
TAXIFY-1162,2025-06-06,478,224943
TAXIFY-1162,2025-06-07,237,225180
TAXIFY-1162,2025-06-08,262,225442
TAXIFY-1162,2025-06-09,542,225984
TAXIFY-1162,2025-06-10,510,226494
TAXIFY-1162,2025-06-11,401,226895
TAXIFY-1162,2025-06-12,537,227432
TAXIFY-1162,2025-06-13,607,228039
TAXIFY-1162,2025-06-14,236,228275
TAXIFY-1162,2025-06-15,300,228575
TAXIFY-1162,2025-06-16,519,229094
TAXIFY-1162,2025-06-17,606,229700
TAXIFY-1162,2025-06-18,557,230257
TAXIFY-1162,2025-06-19,507,230764
TAXIFY-1162,2025-06-20,557,231321
TAXIFY-1162,2025-06-21,293,231614
TAXIFY-1162,2025-06-22,234,231848
TAXIFY-1162,2025-06-23,535,232383
TAXIFY-1162,2025-06-24,575,232958
TAXIFY-1162,2025-06-25,516,233474
TAXIFY-1162,2025-06-26,475,233949
TAXIFY-1162,2025-06-27,618,234567
TAXIFY-1162,2025-06-28,227,234794
TAXIFY-1162,2025-06-29,258,235052
TAXIFY-1162,2025-06-30,528,235580
TAXIFY-1162,2025-07-01,620,236200
TAXIFY-1162,2025-07-02,436,236636
TAXIFY-1162,2025-07-03,530,237166
TAXIFY-1162,2025-07-04,504,237670
TAXIFY-1162,2025-07-05,251,237921
TAXIFY-1162,2025-07-06,298,238219
TAXIFY-1162,2025-07-07,489,238708
TAXIFY-1162,2025-07-08,477,239185
TAXIFY-1162,2025-07-09,481,239666
TAXIFY-1162,2025-07-10,538,240204
TAXIFY-1162,2025-07-11,530,240734
TAXIFY-1162,2025-07-12,259,240993
TAXIFY-1162,2025-07-13,254,241247
TAXIFY-1162,2025-07-14,591,241838
TAXIFY-1162,2025-07-15,447,242285
TAXIFY-1162,2025-07-16,582,242867
TAXIFY-1162,2025-07-17,471,243338
TAXIFY-1162,2025-07-18,576,243914
TAXIFY-1162,2025-07-19,282,244196
TAXIFY-1162,2025-07-20,278,244474
TAXIFY-1162,2025-07-21,527,245001
TAXIFY-1162,2025-07-22,512,245513
TAXIFY-1162,2025-07-23,539,246052
TAXIFY-1162,2025-07-24,579,246631
TAXIFY-1162,2025-07-25,517,247148
TAXIFY-1162,2025-07-26,254,247402
TAXIFY-1162,2025-07-27,264,247666
TAXIFY-1162,2025-07-28,520,248186
TAXIFY-1162,2025-07-29,524,248710
TAXIFY-1162,2025-07-30,601,249311
TAXIFY-1162,2025-07-31,498,249809
TAXIFY-1162,2025-08-01,584,250393
TAXIFY-1162,2025-08-02,285,250678
TAXIFY-1162,2025-08-03,234,250912
TAXIFY-1162,2025-08-04,500,251412
TAXIFY-1162,2025-08-05,529,251941
TAXIFY-1162,2025-08-06,528,252469
TAXIFY-1162,2025-08-07,508,252977
TAXIFY-1162,2025-08-08,574,253551
TAXIFY-1162,2025-08-09,269,253820
TAXIFY-1162,2025-08-10,267,254087
TAXIFY-1162,2025-08-11,586,254673
TAXIFY-1162,2025-08-12,500,255173
TAXIFY-1162,2025-08-13,506,255679
TAXIFY-1162,2025-08-14,514,256193
TAXIFY-1162,2025-08-15,471,256664
TAXIFY-1162,2025-08-16,265,256929
TAXIFY-1162,2025-08-17,278,257207
TAXIFY-1162,2025-08-18,477,257684
TAXIFY-1162,2025-08-19,486,258170
TAXIFY-1162,2025-08-20,532,258702
TAXIFY-1162,2025-08-21,545,259247
TAXIFY-1162,2025-08-22,520,259767
TAXIFY-1162,2025-08-23,257,260024
TAXIFY-1162,2025-08-24,294,260318
TAXIFY-1162,2025-08-25,506,260824
TAXIFY-1162,2025-08-26,595,261419
TAXIFY-1162,2025-08-27,507,261926
TAXIFY-1162,2025-08-28,553,262479
TAXIFY-1162,2025-08-29,506,262985
TAXIFY-1162,2025-08-30,256,263241
TAXIFY-1162,2025-08-31,252,263493
TAXIFY-1163,2024-09-01,252,252
TAXIFY-1163,2024-09-02,538,790
TAXIFY-1163,2024-09-03,480,1270
TAXIFY-1163,2024-09-04,436,1706
TAXIFY-1163,2024-09-05,500,2206
TAXIFY-1163,2024-09-06,532,2738
TAXIFY-1163,2024-09-07,254,2992
TAXIFY-1163,2024-09-08,211,3203
TAXIFY-1163,2024-09-09,453,3656
TAXIFY-1163,2024-09-10,445,4101
TAXIFY-1163,2024-09-11,478,4579
TAXIFY-1163,2024-09-12,498,5077
TAXIFY-1163,2024-09-13,519,5596
TAXIFY-1163,2024-09-14,245,5841
TAXIFY-1163,2024-09-15,267,6108
TAXIFY-1163,2024-09-16,547,6655
TAXIFY-1163,2024-09-17,531,7186
TAXIFY-1163,2024-09-18,450,7636
TAXIFY-1163,2024-09-19,503,8139
TAXIFY-1163,2024-09-20,497,8636
TAXIFY-1163,2024-09-21,274,8910
TAXIFY-1163,2024-09-22,298,9208
TAXIFY-1163,2024-09-23,462,9670
TAXIFY-1163,2024-09-24,485,10155
TAXIFY-1163,2024-09-25,482,10637
TAXIFY-1163,2024-09-26,524,11161
TAXIFY-1163,2024-09-27,473,11634
TAXIFY-1163,2024-09-28,252,11886
TAXIFY-1163,2024-09-29,240,12126
TAXIFY-1163,2024-09-30,421,12547
TAXIFY-1163,2024-10-01,478,13025
TAXIFY-1163,2024-10-02,487,13512
TAXIFY-1163,2024-10-03,489,14001
TAXIFY-1163,2024-10-04,518,14519
TAXIFY-1163,2024-10-05,231,14750
TAXIFY-1163,2024-10-06,219,14969
TAXIFY-1163,2024-10-07,534,15503
TAXIFY-1163,2024-10-08,462,15965
TAXIFY-1163,2024-10-09,487,16452
TAXIFY-1163,2024-10-10,482,16934
TAXIFY-1163,2024-10-11,422,17356
TAXIFY-1163,2024-10-12,268,17624
TAXIFY-1163,2024-10-13,245,17869
TAXIFY-1163,2024-10-14,503,18372
TAXIFY-1163,2024-10-15,528,18900
TAXIFY-1163,2024-10-16,475,19375
TAXIFY-1163,2024-10-17,503,19878
TAXIFY-1163,2024-10-18,487,20365
TAXIFY-1163,2024-10-19,255,20620
TAXIFY-1163,2024-10-20,233,20853
TAXIFY-1163,2024-10-21,541,21394
TAXIFY-1163,2024-10-22,437,21831
TAXIFY-1163,2024-10-23,533,22364
TAXIFY-1163,2024-10-24,536,22900
TAXIFY-1163,2024-10-25,493,23393
TAXIFY-1163,2024-10-26,239,23632
TAXIFY-1163,2024-10-27,266,23898
TAXIFY-1163,2024-10-28,516,24414
TAXIFY-1163,2024-10-29,449,24863
TAXIFY-1163,2024-10-30,502,25365
TAXIFY-1163,2024-10-31,471,25836
TAXIFY-1163,2024-11-01,497,26333
TAXIFY-1163,2024-11-02,251,26584
TAXIFY-1163,2024-11-03,225,26809
TAXIFY-1163,2024-11-04,427,27236
TAXIFY-1163,2024-11-05,458,27694
TAXIFY-1163,2024-11-06,528,28222
TAXIFY-1163,2024-11-07,485,28707
TAXIFY-1163,2024-11-08,529,29236
TAXIFY-1163,2024-11-09,274,29510
TAXIFY-1163,2024-11-10,243,29753
TAXIFY-1163,2024-11-11,499,30252
TAXIFY-1163,2024-11-12,513,30765
TAXIFY-1163,2024-11-13,403,31168
TAXIFY-1163,2024-11-14,456,31624
TAXIFY-1163,2024-11-15,479,32103
TAXIFY-1163,2024-11-16,261,32364
TAXIFY-1163,2024-11-17,212,32576
TAXIFY-1163,2024-11-18,509,33085
TAXIFY-1163,2024-11-19,460,33545
TAXIFY-1163,2024-11-20,501,34046
TAXIFY-1163,2024-11-21,466,34512
TAXIFY-1163,2024-11-22,470,34982
TAXIFY-1163,2024-11-23,231,35213
TAXIFY-1163,2024-11-24,233,35446
TAXIFY-1163,2024-11-25,527,35973
TAXIFY-1163,2024-11-26,441,36414
TAXIFY-1163,2024-11-27,427,36841
TAXIFY-1163,2024-11-28,435,37276
TAXIFY-1163,2024-11-29,460,37736
TAXIFY-1163,2024-11-30,238,37974
TAXIFY-1163,2024-12-01,243,38217
TAXIFY-1163,2024-12-02,476,38693
TAXIFY-1163,2024-12-03,456,39149
TAXIFY-1163,2024-12-04,555,39704
TAXIFY-1163,2024-12-05,503,40207
TAXIFY-1163,2024-12-06,451,40658
TAXIFY-1163,2024-12-07,240,40898
TAXIFY-1163,2024-12-08,260,41158
TAXIFY-1163,2024-12-09,459,41617
TAXIFY-1163,2024-12-10,472,42089
TAXIFY-1163,2024-12-11,464,42553
TAXIFY-1163,2024-12-12,524,43077
TAXIFY-1163,2024-12-13,496,43573
TAXIFY-1163,2024-12-14,227,43800
TAXIFY-1163,2024-12-15,281,44081
TAXIFY-1163,2024-12-16,442,44523
TAXIFY-1163,2024-12-17,479,45002
TAXIFY-1163,2024-12-18,526,45528
TAXIFY-1163,2024-12-19,476,46004
TAXIFY-1163,2024-12-20,468,46472
TAXIFY-1163,2024-12-21,248,46720
TAXIFY-1163,2024-12-22,243,46963
TAXIFY-1163,2024-12-23,449,47412
TAXIFY-1163,2024-12-24,507,47919
TAXIFY-1163,2024-12-25,449,48368
TAXIFY-1163,2024-12-26,428,48796
TAXIFY-1163,2024-12-27,488,49284
TAXIFY-1163,2024-12-28,224,49508
TAXIFY-1163,2024-12-29,241,49749
TAXIFY-1163,2024-12-30,496,50245
TAXIFY-1163,2024-12-31,489,50734
TAXIFY-1163,2025-01-01,601,51335
TAXIFY-1163,2025-01-02,538,51873
TAXIFY-1163,2025-01-03,503,52376
TAXIFY-1163,2025-01-04,250,52626
TAXIFY-1163,2025-01-05,256,52882
TAXIFY-1163,2025-01-06,482,53364
TAXIFY-1163,2025-01-07,479,53843
TAXIFY-1163,2025-01-08,480,54323
TAXIFY-1163,2025-01-09,464,54787
TAXIFY-1163,2025-01-10,560,55347
TAXIFY-1163,2025-01-11,222,55569
TAXIFY-1163,2025-01-12,259,55828
TAXIFY-1163,2025-01-13,514,56342
TAXIFY-1163,2025-01-14,509,56851
TAXIFY-1163,2025-01-15,485,57336
TAXIFY-1163,2025-01-16,449,57785
TAXIFY-1163,2025-01-17,500,58285
TAXIFY-1163,2025-01-18,250,58535
TAXIFY-1163,2025-01-19,286,58821
TAXIFY-1163,2025-01-20,508,59329
TAXIFY-1163,2025-01-21,494,59823
TAXIFY-1163,2025-01-22,484,60307
TAXIFY-1163,2025-01-23,468,60775
TAXIFY-1163,2025-01-24,493,61268
TAXIFY-1163,2025-01-25,253,61521
TAXIFY-1163,2025-01-26,227,61748
TAXIFY-1163,2025-01-27,465,62213
TAXIFY-1163,2025-01-28,450,62663
TAXIFY-1163,2025-01-29,502,63165
TAXIFY-1163,2025-01-30,526,63691
TAXIFY-1163,2025-01-31,380,64071
TAXIFY-1163,2025-02-01,471,64542
TAXIFY-1163,2025-02-02,552,65094
TAXIFY-1163,2025-02-03,1024,66118
TAXIFY-1163,2025-02-04,997,67115
TAXIFY-1163,2025-02-05,876,67991
TAXIFY-1163,2025-02-06,1034,69025
TAXIFY-1163,2025-02-07,962,69987
TAXIFY-1163,2025-02-08,512,70499
TAXIFY-1163,2025-02-09,569,71068
TAXIFY-1163,2025-02-10,867,71935
TAXIFY-1163,2025-02-11,1077,73012
TAXIFY-1163,2025-02-12,944,73956
TAXIFY-1163,2025-02-13,1061,75017
TAXIFY-1163,2025-02-14,921,75938
TAXIFY-1163,2025-02-15,446,76384
TAXIFY-1163,2025-02-16,512,76896
TAXIFY-1163,2025-02-17,839,77735
TAXIFY-1163,2025-02-18,908,78643
TAXIFY-1163,2025-02-19,908,79551
TAXIFY-1163,2025-02-20,914,80465
TAXIFY-1163,2025-02-21,1013,81478
TAXIFY-1163,2025-02-22,503,81981
TAXIFY-1163,2025-02-23,478,82459
TAXIFY-1163,2025-02-24,907,83366
TAXIFY-1163,2025-02-25,952,84318
TAXIFY-1163,2025-02-26,867,85185
TAXIFY-1163,2025-02-27,866,86051
TAXIFY-1163,2025-02-28,909,86960
TAXIFY-1163,2025-03-01,596,87556
TAXIFY-1163,2025-03-02,681,88237
TAXIFY-1163,2025-03-03,1411,89648
TAXIFY-1163,2025-03-04,1349,90997
TAXIFY-1163,2025-03-05,1229,92226
TAXIFY-1163,2025-03-06,1298,93524
TAXIFY-1163,2025-03-07,1446,94970
TAXIFY-1163,2025-03-08,736,95706
TAXIFY-1163,2025-03-09,609,96315
TAXIFY-1163,2025-03-10,1395,97710
TAXIFY-1163,2025-03-11,1260,98970
TAXIFY-1163,2025-03-12,1474,100444
TAXIFY-1163,2025-03-13,1480,101924
TAXIFY-1163,2025-03-14,1082,103006
TAXIFY-1163,2025-03-15,623,103629
TAXIFY-1163,2025-03-16,696,104325
TAXIFY-1163,2025-03-17,1109,105434
TAXIFY-1163,2025-03-18,1504,106938
TAXIFY-1163,2025-03-19,1389,108327
TAXIFY-1163,2025-03-20,1181,109508
TAXIFY-1163,2025-03-21,1452,110960
TAXIFY-1163,2025-03-22,726,111686
TAXIFY-1163,2025-03-23,703,112389
TAXIFY-1163,2025-03-24,1392,113781
TAXIFY-1163,2025-03-25,1436,115217
TAXIFY-1163,2025-03-26,1226,116443
TAXIFY-1163,2025-03-27,1363,117806
TAXIFY-1163,2025-03-28,1256,119062
TAXIFY-1163,2025-03-29,730,119792
TAXIFY-1163,2025-03-30,669,120461
TAXIFY-1163,2025-03-31,1099,121560
TAXIFY-1163,2025-04-01,840,122400
TAXIFY-1163,2025-04-02,951,123351
TAXIFY-1163,2025-04-03,911,124262
TAXIFY-1163,2025-04-04,914,125176
TAXIFY-1163,2025-04-05,447,125623
TAXIFY-1163,2025-04-06,444,126067
TAXIFY-1163,2025-04-07,981,127048
TAXIFY-1163,2025-04-08,1010,128058
TAXIFY-1163,2025-04-09,973,129031
TAXIFY-1163,2025-04-10,1003,130034
TAXIFY-1163,2025-04-11,957,130991
TAXIFY-1163,2025-04-12,417,131408
TAXIFY-1163,2025-04-13,533,131941
TAXIFY-1163,2025-04-14,1062,133003
TAXIFY-1163,2025-04-15,1000,134003
TAXIFY-1163,2025-04-16,859,134862
TAXIFY-1163,2025-04-17,840,135702
TAXIFY-1163,2025-04-18,896,136598
TAXIFY-1163,2025-04-19,558,137156
TAXIFY-1163,2025-04-20,490,137646
TAXIFY-1163,2025-04-21,954,138600
TAXIFY-1163,2025-04-22,962,139562
TAXIFY-1163,2025-04-23,923,140485
TAXIFY-1163,2025-04-24,948,141433
TAXIFY-1163,2025-04-25,960,142393
TAXIFY-1163,2025-04-26,454,142847
TAXIFY-1163,2025-04-27,430,143277
TAXIFY-1163,2025-04-28,961,144238
TAXIFY-1163,2025-04-29,894,145132
TAXIFY-1163,2025-04-30,1035,146167
TAXIFY-1163,2025-05-01,495,146662
TAXIFY-1163,2025-05-02,472,147134
TAXIFY-1163,2025-05-03,224,147358
TAXIFY-1163,2025-05-04,251,147609
TAXIFY-1163,2025-05-05,504,148113
TAXIFY-1163,2025-05-06,459,148572
TAXIFY-1163,2025-05-07,490,149062
TAXIFY-1163,2025-05-08,443,149505
TAXIFY-1163,2025-05-09,482,149987
TAXIFY-1163,2025-05-10,222,150209
TAXIFY-1163,2025-05-11,228,150437
TAXIFY-1163,2025-05-12,509,150946
TAXIFY-1163,2025-05-13,521,151467
TAXIFY-1163,2025-05-14,423,151890
TAXIFY-1163,2025-05-15,470,152360
TAXIFY-1163,2025-05-16,502,152862
TAXIFY-1163,2025-05-17,218,153080
TAXIFY-1163,2025-05-18,230,153310
TAXIFY-1163,2025-05-19,497,153807
TAXIFY-1163,2025-05-20,455,154262
TAXIFY-1163,2025-05-21,425,154687
TAXIFY-1163,2025-05-22,463,155150
TAXIFY-1163,2025-05-23,468,155618
TAXIFY-1163,2025-05-24,267,155885
TAXIFY-1163,2025-05-25,283,156168
TAXIFY-1163,2025-05-26,489,156657
TAXIFY-1163,2025-05-27,480,157137
TAXIFY-1163,2025-05-28,434,157571
TAXIFY-1163,2025-05-29,423,157994
TAXIFY-1163,2025-05-30,520,158514
TAXIFY-1163,2025-05-31,210,158724
TAXIFY-1163,2025-06-01,200,158924
TAXIFY-1163,2025-06-02,453,159377
TAXIFY-1163,2025-06-03,350,159727
TAXIFY-1163,2025-06-04,322,160049
TAXIFY-1163,2025-06-05,395,160444
TAXIFY-1163,2025-06-06,420,160864
TAXIFY-1163,2025-06-07,175,161039
TAXIFY-1163,2025-06-08,205,161244
TAXIFY-1163,2025-06-09,419,161663
TAXIFY-1163,2025-06-10,392,162055
TAXIFY-1163,2025-06-11,369,162424
TAXIFY-1163,2025-06-12,405,162829
TAXIFY-1163,2025-06-13,365,163194
TAXIFY-1163,2025-06-14,189,163383
TAXIFY-1163,2025-06-15,185,163568
TAXIFY-1163,2025-06-16,389,163957
TAXIFY-1163,2025-06-17,386,164343
TAXIFY-1163,2025-06-18,380,164723
TAXIFY-1163,2025-06-19,373,165096
TAXIFY-1163,2025-06-20,399,165495
TAXIFY-1163,2025-06-21,179,165674
TAXIFY-1163,2025-06-22,178,165852
TAXIFY-1163,2025-06-23,415,166267
TAXIFY-1163,2025-06-24,409,166676
TAXIFY-1163,2025-06-25,360,167036
TAXIFY-1163,2025-06-26,358,167394
TAXIFY-1163,2025-06-27,359,167753
TAXIFY-1163,2025-06-28,162,167915
TAXIFY-1163,2025-06-29,205,168120
TAXIFY-1163,2025-06-30,392,168512
TAXIFY-1163,2025-07-01,353,168865
TAXIFY-1163,2025-07-02,402,169267
TAXIFY-1163,2025-07-03,408,169675
TAXIFY-1163,2025-07-04,379,170054
TAXIFY-1163,2025-07-05,197,170251
TAXIFY-1163,2025-07-06,197,170448
TAXIFY-1163,2025-07-07,380,170828
TAXIFY-1163,2025-07-08,382,171210
TAXIFY-1163,2025-07-09,392,171602
TAXIFY-1163,2025-07-10,387,171989
TAXIFY-1163,2025-07-11,367,172356
TAXIFY-1163,2025-07-12,182,172538
TAXIFY-1163,2025-07-13,214,172752
TAXIFY-1163,2025-07-14,369,173121
TAXIFY-1163,2025-07-15,342,173463
TAXIFY-1163,2025-07-16,417,173880
TAXIFY-1163,2025-07-17,379,174259
TAXIFY-1163,2025-07-18,378,174637
TAXIFY-1163,2025-07-19,189,174826
TAXIFY-1163,2025-07-20,209,175035
TAXIFY-1163,2025-07-21,351,175386
TAXIFY-1163,2025-07-22,414,175800
TAXIFY-1163,2025-07-23,391,176191
TAXIFY-1163,2025-07-24,409,176600
TAXIFY-1163,2025-07-25,367,176967
TAXIFY-1163,2025-07-26,231,177198
TAXIFY-1163,2025-07-27,188,177386
TAXIFY-1163,2025-07-28,379,177765
TAXIFY-1163,2025-07-29,353,178118
TAXIFY-1163,2025-07-30,377,178495
TAXIFY-1163,2025-07-31,355,178850
TAXIFY-1163,2025-08-01,447,179297
TAXIFY-1163,2025-08-02,163,179460
TAXIFY-1163,2025-08-03,155,179615
TAXIFY-1163,2025-08-04,364,179979
TAXIFY-1163,2025-08-05,392,180371
TAXIFY-1163,2025-08-06,422,180793
TAXIFY-1163,2025-08-07,385,181178
TAXIFY-1163,2025-08-08,371,181549
TAXIFY-1163,2025-08-09,190,181739
TAXIFY-1163,2025-08-10,202,181941
TAXIFY-1163,2025-08-11,345,182286
TAXIFY-1163,2025-08-12,411,182697
TAXIFY-1163,2025-08-13,324,183021
TAXIFY-1163,2025-08-14,373,183394
TAXIFY-1163,2025-08-15,378,183772
TAXIFY-1163,2025-08-16,168,183940
TAXIFY-1163,2025-08-17,191,184131
TAXIFY-1163,2025-08-18,367,184498
TAXIFY-1163,2025-08-19,388,184886
TAXIFY-1163,2025-08-20,390,185276
TAXIFY-1163,2025-08-21,392,185668
TAXIFY-1163,2025-08-22,365,186033
TAXIFY-1163,2025-08-23,192,186225
TAXIFY-1163,2025-08-24,209,186434
TAXIFY-1163,2025-08-25,405,186839
TAXIFY-1163,2025-08-26,390,187229
TAXIFY-1163,2025-08-27,351,187580
TAXIFY-1163,2025-08-28,302,187882
TAXIFY-1163,2025-08-29,320,188202
TAXIFY-1163,2025-08-30,200,188402
TAXIFY-1163,2025-08-31,178,188580
TAXIFY-1164,2024-09-01,272,272
TAXIFY-1164,2024-09-02,576,848
TAXIFY-1164,2024-09-03,601,1449
TAXIFY-1164,2024-09-04,612,2061
TAXIFY-1164,2024-09-05,572,2633
TAXIFY-1164,2024-09-06,652,3285
TAXIFY-1164,2024-09-07,298,3583
TAXIFY-1164,2024-09-08,297,3880
TAXIFY-1164,2024-09-09,563,4443
TAXIFY-1164,2024-09-10,702,5145
TAXIFY-1164,2024-09-11,600,5745
TAXIFY-1164,2024-09-12,634,6379
TAXIFY-1164,2024-09-13,616,6995
TAXIFY-1164,2024-09-14,334,7329
TAXIFY-1164,2024-09-15,283,7612
TAXIFY-1164,2024-09-16,633,8245
TAXIFY-1164,2024-09-17,592,8837
TAXIFY-1164,2024-09-18,617,9454
TAXIFY-1164,2024-09-19,591,10045
TAXIFY-1164,2024-09-20,701,10746
TAXIFY-1164,2024-09-21,301,11047
TAXIFY-1164,2024-09-22,266,11313
TAXIFY-1164,2024-09-23,601,11914
TAXIFY-1164,2024-09-24,614,12528
TAXIFY-1164,2024-09-25,614,13142
TAXIFY-1164,2024-09-26,546,13688
TAXIFY-1164,2024-09-27,550,14238
TAXIFY-1164,2024-09-28,349,14587
TAXIFY-1164,2024-09-29,298,14885
TAXIFY-1164,2024-09-30,602,15487
TAXIFY-1164,2024-10-01,709,16196
TAXIFY-1164,2024-10-02,647,16843
TAXIFY-1164,2024-10-03,606,17449
TAXIFY-1164,2024-10-04,619,18068
TAXIFY-1164,2024-10-05,352,18420
TAXIFY-1164,2024-10-06,288,18708
TAXIFY-1164,2024-10-07,648,19356
TAXIFY-1164,2024-10-08,641,19997
TAXIFY-1164,2024-10-09,611,20608
TAXIFY-1164,2024-10-10,581,21189
TAXIFY-1164,2024-10-11,627,21816
TAXIFY-1164,2024-10-12,303,22119
TAXIFY-1164,2024-10-13,321,22440
TAXIFY-1164,2024-10-14,528,22968
TAXIFY-1164,2024-10-15,762,23730
TAXIFY-1164,2024-10-16,637,24367
TAXIFY-1164,2024-10-17,631,24998
TAXIFY-1164,2024-10-18,708,25706
TAXIFY-1164,2024-10-19,288,25994
TAXIFY-1164,2024-10-20,287,26281
TAXIFY-1164,2024-10-21,592,26873
TAXIFY-1164,2024-10-22,713,27586
TAXIFY-1164,2024-10-23,603,28189
TAXIFY-1164,2024-10-24,742,28931
TAXIFY-1164,2024-10-25,582,29513
TAXIFY-1164,2024-10-26,240,29753
TAXIFY-1164,2024-10-27,263,30016
TAXIFY-1164,2024-10-28,636,30652
TAXIFY-1164,2024-10-29,639,31291
TAXIFY-1164,2024-10-30,625,31916
TAXIFY-1164,2024-10-31,558,32474
TAXIFY-1164,2024-11-01,550,33024
TAXIFY-1164,2024-11-02,268,33292
TAXIFY-1164,2024-11-03,296,33588
TAXIFY-1164,2024-11-04,625,34213
TAXIFY-1164,2024-11-05,670,34883
TAXIFY-1164,2024-11-06,653,35536
TAXIFY-1164,2024-11-07,616,36152
TAXIFY-1164,2024-11-08,738,36890
TAXIFY-1164,2024-11-09,305,37195
TAXIFY-1164,2024-11-10,249,37444
TAXIFY-1164,2024-11-11,543,37987
TAXIFY-1164,2024-11-12,613,38600
TAXIFY-1164,2024-11-13,543,39143
TAXIFY-1164,2024-11-14,672,39815
TAXIFY-1164,2024-11-15,619,40434
TAXIFY-1164,2024-11-16,336,40770
TAXIFY-1164,2024-11-17,310,41080
TAXIFY-1164,2024-11-18,490,41570
TAXIFY-1164,2024-11-19,681,42251
TAXIFY-1164,2024-11-20,605,42856
TAXIFY-1164,2024-11-21,607,43463
TAXIFY-1164,2024-11-22,631,44094
TAXIFY-1164,2024-11-23,300,44394
TAXIFY-1164,2024-11-24,317,44711
TAXIFY-1164,2024-11-25,619,45330
TAXIFY-1164,2024-11-26,606,45936
TAXIFY-1164,2024-11-27,538,46474
TAXIFY-1164,2024-11-28,610,47084
TAXIFY-1164,2024-11-29,602,47686
TAXIFY-1164,2024-11-30,321,48007
TAXIFY-1164,2024-12-01,323,48330
TAXIFY-1164,2024-12-02,599,48929
TAXIFY-1164,2024-12-03,593,49522
TAXIFY-1164,2024-12-04,667,50189
TAXIFY-1164,2024-12-05,643,50832
TAXIFY-1164,2024-12-06,576,51408
TAXIFY-1164,2024-12-07,266,51674
TAXIFY-1164,2024-12-08,348,52022
TAXIFY-1164,2024-12-09,648,52670
TAXIFY-1164,2024-12-10,654,53324
TAXIFY-1164,2024-12-11,553,53877
TAXIFY-1164,2024-12-12,647,54524
TAXIFY-1164,2024-12-13,561,55085
TAXIFY-1164,2024-12-14,330,55415
TAXIFY-1164,2024-12-15,301,55716
TAXIFY-1164,2024-12-16,543,56259
TAXIFY-1164,2024-12-17,617,56876
TAXIFY-1164,2024-12-18,633,57509
TAXIFY-1164,2024-12-19,637,58146
TAXIFY-1164,2024-12-20,610,58756
TAXIFY-1164,2024-12-21,254,59010
TAXIFY-1164,2024-12-22,339,59349
TAXIFY-1164,2024-12-23,638,59987
TAXIFY-1164,2024-12-24,611,60598
TAXIFY-1164,2024-12-25,670,61268
TAXIFY-1164,2024-12-26,544,61812
TAXIFY-1164,2024-12-27,590,62402
TAXIFY-1164,2024-12-28,328,62730
TAXIFY-1164,2024-12-29,357,63087
TAXIFY-1164,2024-12-30,585,63672
TAXIFY-1164,2024-12-31,521,64193
TAXIFY-1164,2025-01-01,643,64836
TAXIFY-1164,2025-01-02,675,65511
TAXIFY-1164,2025-01-03,522,66033
TAXIFY-1164,2025-01-04,300,66333
TAXIFY-1164,2025-01-05,331,66664
TAXIFY-1164,2025-01-06,680,67344
TAXIFY-1164,2025-01-07,531,67875
TAXIFY-1164,2025-01-08,595,68470
TAXIFY-1164,2025-01-09,583,69053
TAXIFY-1164,2025-01-10,558,69611
TAXIFY-1164,2025-01-11,309,69920
TAXIFY-1164,2025-01-12,312,70232
TAXIFY-1164,2025-01-13,695,70927
TAXIFY-1164,2025-01-14,490,71417
TAXIFY-1164,2025-01-15,634,72051
TAXIFY-1164,2025-01-16,569,72620
TAXIFY-1164,2025-01-17,550,73170
TAXIFY-1164,2025-01-18,297,73467
TAXIFY-1164,2025-01-19,310,73777
TAXIFY-1164,2025-01-20,579,74356
TAXIFY-1164,2025-01-21,595,74951
TAXIFY-1164,2025-01-22,607,75558
TAXIFY-1164,2025-01-23,628,76186
TAXIFY-1164,2025-01-24,663,76849
TAXIFY-1164,2025-01-25,299,77148
TAXIFY-1164,2025-01-26,306,77454
TAXIFY-1164,2025-01-27,609,78063
TAXIFY-1164,2025-01-28,692,78755
TAXIFY-1164,2025-01-29,631,79386
TAXIFY-1164,2025-01-30,626,80012
TAXIFY-1164,2025-01-31,606,80618
TAXIFY-1164,2025-02-01,609,81227
TAXIFY-1164,2025-02-02,513,81740
TAXIFY-1164,2025-02-03,1174,82914
TAXIFY-1164,2025-02-04,1267,84181
TAXIFY-1164,2025-02-05,1217,85398
TAXIFY-1164,2025-02-06,1200,86598
TAXIFY-1164,2025-02-07,1354,87952
TAXIFY-1164,2025-02-08,627,88579
TAXIFY-1164,2025-02-09,550,89129
TAXIFY-1164,2025-02-10,1062,90191
TAXIFY-1164,2025-02-11,1308,91499
TAXIFY-1164,2025-02-12,1128,92627
TAXIFY-1164,2025-02-13,1242,93869
TAXIFY-1164,2025-02-14,1293,95162
TAXIFY-1164,2025-02-15,621,95783
TAXIFY-1164,2025-02-16,684,96467
TAXIFY-1164,2025-02-17,1200,97667
TAXIFY-1164,2025-02-18,1245,98912
TAXIFY-1164,2025-02-19,1175,100087
TAXIFY-1164,2025-02-20,1188,101275
TAXIFY-1164,2025-02-21,1294,102569
TAXIFY-1164,2025-02-22,653,103222
TAXIFY-1164,2025-02-23,532,103754
TAXIFY-1164,2025-02-24,1141,104895
TAXIFY-1164,2025-02-25,1236,106131
TAXIFY-1164,2025-02-26,1273,107404
TAXIFY-1164,2025-02-27,1097,108501
TAXIFY-1164,2025-02-28,1162,109663
TAXIFY-1164,2025-03-01,888,110551
TAXIFY-1164,2025-03-02,900,111451
TAXIFY-1164,2025-03-03,1756,113207
TAXIFY-1164,2025-03-04,1681,114888
TAXIFY-1164,2025-03-05,1566,116454
TAXIFY-1164,2025-03-06,1651,118105
TAXIFY-1164,2025-03-07,1840,119945
TAXIFY-1164,2025-03-08,913,120858
TAXIFY-1164,2025-03-09,792,121650
TAXIFY-1164,2025-03-10,1919,123569
TAXIFY-1164,2025-03-11,1598,125167
TAXIFY-1164,2025-03-12,1723,126890
TAXIFY-1164,2025-03-13,1559,128449
TAXIFY-1164,2025-03-14,1933,130382
TAXIFY-1164,2025-03-15,909,131291
TAXIFY-1164,2025-03-16,864,132155
TAXIFY-1164,2025-03-17,1645,133800
TAXIFY-1164,2025-03-18,1999,135799
TAXIFY-1164,2025-03-19,1773,137572
TAXIFY-1164,2025-03-20,1980,139552
TAXIFY-1164,2025-03-21,1723,141275
TAXIFY-1164,2025-03-22,863,142138
TAXIFY-1164,2025-03-23,908,143046
TAXIFY-1164,2025-03-24,1728,144774
TAXIFY-1164,2025-03-25,1739,146513
TAXIFY-1164,2025-03-26,1754,148267
TAXIFY-1164,2025-03-27,1821,150088
TAXIFY-1164,2025-03-28,1597,151685
TAXIFY-1164,2025-03-29,853,152538
TAXIFY-1164,2025-03-30,817,153355
TAXIFY-1164,2025-03-31,1791,155146
TAXIFY-1164,2025-04-01,1218,156364
TAXIFY-1164,2025-04-02,1162,157526
TAXIFY-1164,2025-04-03,1356,158882
TAXIFY-1164,2025-04-04,1331,160213
TAXIFY-1164,2025-04-05,563,160776
TAXIFY-1164,2025-04-06,688,161464
TAXIFY-1164,2025-04-07,1402,162866
TAXIFY-1164,2025-04-08,1107,163973
TAXIFY-1164,2025-04-09,1140,165113
TAXIFY-1164,2025-04-10,1186,166299
TAXIFY-1164,2025-04-11,1216,167515
TAXIFY-1164,2025-04-12,671,168186
TAXIFY-1164,2025-04-13,655,168841
TAXIFY-1164,2025-04-14,1104,169945
TAXIFY-1164,2025-04-15,1100,171045
TAXIFY-1164,2025-04-16,1079,172124
TAXIFY-1164,2025-04-17,1133,173257
TAXIFY-1164,2025-04-18,1083,174340
TAXIFY-1164,2025-04-19,646,174986
TAXIFY-1164,2025-04-20,545,175531
TAXIFY-1164,2025-04-21,1240,176771
TAXIFY-1164,2025-04-22,1085,177856
TAXIFY-1164,2025-04-23,1502,179358
TAXIFY-1164,2025-04-24,1263,180621
TAXIFY-1164,2025-04-25,1303,181924
TAXIFY-1164,2025-04-26,591,182515
TAXIFY-1164,2025-04-27,643,183158
TAXIFY-1164,2025-04-28,1178,184336
TAXIFY-1164,2025-04-29,1384,185720
TAXIFY-1164,2025-04-30,1112,186832
TAXIFY-1164,2025-05-01,606,187438
TAXIFY-1164,2025-05-02,597,188035
TAXIFY-1164,2025-05-03,271,188306
TAXIFY-1164,2025-05-04,328,188634
TAXIFY-1164,2025-05-05,562,189196
TAXIFY-1164,2025-05-06,528,189724
TAXIFY-1164,2025-05-07,640,190364
TAXIFY-1164,2025-05-08,534,190898
TAXIFY-1164,2025-05-09,639,191537
TAXIFY-1164,2025-05-10,329,191866
TAXIFY-1164,2025-05-11,277,192143
TAXIFY-1164,2025-05-12,642,192785
TAXIFY-1164,2025-05-13,556,193341
TAXIFY-1164,2025-05-14,589,193930
TAXIFY-1164,2025-05-15,607,194537
TAXIFY-1164,2025-05-16,547,195084
TAXIFY-1164,2025-05-17,274,195358
TAXIFY-1164,2025-05-18,332,195690
TAXIFY-1164,2025-05-19,503,196193
TAXIFY-1164,2025-05-20,591,196784
TAXIFY-1164,2025-05-21,620,197404
TAXIFY-1164,2025-05-22,632,198036
TAXIFY-1164,2025-05-23,676,198712
TAXIFY-1164,2025-05-24,322,199034
TAXIFY-1164,2025-05-25,310,199344
TAXIFY-1164,2025-05-26,601,199945
TAXIFY-1164,2025-05-27,589,200534
TAXIFY-1164,2025-05-28,592,201126
TAXIFY-1164,2025-05-29,596,201722
TAXIFY-1164,2025-05-30,628,202350
TAXIFY-1164,2025-05-31,292,202642
TAXIFY-1164,2025-06-01,258,202900
TAXIFY-1164,2025-06-02,494,203394
TAXIFY-1164,2025-06-03,444,203838
TAXIFY-1164,2025-06-04,487,204325
TAXIFY-1164,2025-06-05,484,204809
TAXIFY-1164,2025-06-06,475,205284
TAXIFY-1164,2025-06-07,250,205534
TAXIFY-1164,2025-06-08,211,205745
TAXIFY-1164,2025-06-09,471,206216
TAXIFY-1164,2025-06-10,481,206697
TAXIFY-1164,2025-06-11,466,207163
TAXIFY-1164,2025-06-12,496,207659
TAXIFY-1164,2025-06-13,471,208130
TAXIFY-1164,2025-06-14,235,208365
TAXIFY-1164,2025-06-15,241,208606
TAXIFY-1164,2025-06-16,451,209057
TAXIFY-1164,2025-06-17,439,209496
TAXIFY-1164,2025-06-18,561,210057
TAXIFY-1164,2025-06-19,467,210524
TAXIFY-1164,2025-06-20,481,211005
TAXIFY-1164,2025-06-21,265,211270
TAXIFY-1164,2025-06-22,249,211519
TAXIFY-1164,2025-06-23,457,211976
TAXIFY-1164,2025-06-24,415,212391
TAXIFY-1164,2025-06-25,427,212818
TAXIFY-1164,2025-06-26,447,213265
TAXIFY-1164,2025-06-27,467,213732
TAXIFY-1164,2025-06-28,254,213986
TAXIFY-1164,2025-06-29,225,214211
TAXIFY-1164,2025-06-30,450,214661
TAXIFY-1164,2025-07-01,529,215190
TAXIFY-1164,2025-07-02,554,215744
TAXIFY-1164,2025-07-03,504,216248
TAXIFY-1164,2025-07-04,480,216728
TAXIFY-1164,2025-07-05,239,216967
TAXIFY-1164,2025-07-06,224,217191
TAXIFY-1164,2025-07-07,524,217715
TAXIFY-1164,2025-07-08,488,218203
TAXIFY-1164,2025-07-09,448,218651
TAXIFY-1164,2025-07-10,462,219113
TAXIFY-1164,2025-07-11,523,219636
TAXIFY-1164,2025-07-12,227,219863
TAXIFY-1164,2025-07-13,230,220093
TAXIFY-1164,2025-07-14,588,220681
TAXIFY-1164,2025-07-15,453,221134
TAXIFY-1164,2025-07-16,498,221632
TAXIFY-1164,2025-07-17,472,222104
TAXIFY-1164,2025-07-18,585,222689
TAXIFY-1164,2025-07-19,266,222955
TAXIFY-1164,2025-07-20,248,223203
TAXIFY-1164,2025-07-21,451,223654
TAXIFY-1164,2025-07-22,451,224105
TAXIFY-1164,2025-07-23,551,224656
TAXIFY-1164,2025-07-24,431,225087
TAXIFY-1164,2025-07-25,506,225593
TAXIFY-1164,2025-07-26,253,225846
TAXIFY-1164,2025-07-27,285,226131
TAXIFY-1164,2025-07-28,427,226558
TAXIFY-1164,2025-07-29,506,227064
TAXIFY-1164,2025-07-30,508,227572
TAXIFY-1164,2025-07-31,505,228077
TAXIFY-1164,2025-08-01,497,228574
TAXIFY-1164,2025-08-02,272,228846
TAXIFY-1164,2025-08-03,243,229089
TAXIFY-1164,2025-08-04,460,229549
TAXIFY-1164,2025-08-05,427,229976
TAXIFY-1164,2025-08-06,479,230455
TAXIFY-1164,2025-08-07,467,230922
TAXIFY-1164,2025-08-08,522,231444
TAXIFY-1164,2025-08-09,216,231660
TAXIFY-1164,2025-08-10,286,231946
TAXIFY-1164,2025-08-11,486,232432
TAXIFY-1164,2025-08-12,527,232959
TAXIFY-1164,2025-08-13,524,233483
TAXIFY-1164,2025-08-14,448,233931
TAXIFY-1164,2025-08-15,483,234414
TAXIFY-1164,2025-08-16,268,234682
TAXIFY-1164,2025-08-17,258,234940
TAXIFY-1164,2025-08-18,498,235438
TAXIFY-1164,2025-08-19,506,235944
TAXIFY-1164,2025-08-20,462,236406
TAXIFY-1164,2025-08-21,421,236827
TAXIFY-1164,2025-08-22,541,237368
TAXIFY-1164,2025-08-23,230,237598
TAXIFY-1164,2025-08-24,221,237819
TAXIFY-1164,2025-08-25,553,238372
TAXIFY-1164,2025-08-26,496,238868
TAXIFY-1164,2025-08-27,407,239275
TAXIFY-1164,2025-08-28,439,239714
TAXIFY-1164,2025-08-29,492,240206
TAXIFY-1164,2025-08-30,231,240437
TAXIFY-1164,2025-08-31,251,240688
TAXIFY-1165,2024-09-01,231,231
TAXIFY-1165,2024-09-02,458,689
TAXIFY-1165,2024-09-03,490,1179
TAXIFY-1165,2024-09-04,424,1603
TAXIFY-1165,2024-09-05,421,2024
TAXIFY-1165,2024-09-06,503,2527
TAXIFY-1165,2024-09-07,239,2766
TAXIFY-1165,2024-09-08,261,3027
TAXIFY-1165,2024-09-09,430,3457
TAXIFY-1165,2024-09-10,478,3935
TAXIFY-1165,2024-09-11,436,4371
TAXIFY-1165,2024-09-12,474,4845
TAXIFY-1165,2024-09-13,526,5371
TAXIFY-1165,2024-09-14,250,5621
TAXIFY-1165,2024-09-15,225,5846
TAXIFY-1165,2024-09-16,477,6323
TAXIFY-1165,2024-09-17,466,6789
TAXIFY-1165,2024-09-18,442,7231
TAXIFY-1165,2024-09-19,450,7681
TAXIFY-1165,2024-09-20,444,8125
TAXIFY-1165,2024-09-21,256,8381
TAXIFY-1165,2024-09-22,232,8613
TAXIFY-1165,2024-09-23,464,9077
TAXIFY-1165,2024-09-24,456,9533
TAXIFY-1165,2024-09-25,548,10081
TAXIFY-1165,2024-09-26,420,10501
TAXIFY-1165,2024-09-27,451,10952
TAXIFY-1165,2024-09-28,236,11188
TAXIFY-1165,2024-09-29,234,11422
TAXIFY-1165,2024-09-30,503,11925
TAXIFY-1165,2024-10-01,571,12496
TAXIFY-1165,2024-10-02,407,12903
TAXIFY-1165,2024-10-03,431,13334
TAXIFY-1165,2024-10-04,474,13808
TAXIFY-1165,2024-10-05,245,14053
TAXIFY-1165,2024-10-06,215,14268
TAXIFY-1165,2024-10-07,485,14753
TAXIFY-1165,2024-10-08,447,15200
TAXIFY-1165,2024-10-09,492,15692
TAXIFY-1165,2024-10-10,474,16166
TAXIFY-1165,2024-10-11,488,16654
TAXIFY-1165,2024-10-12,247,16901
TAXIFY-1165,2024-10-13,249,17150
TAXIFY-1165,2024-10-14,418,17568
TAXIFY-1165,2024-10-15,482,18050
TAXIFY-1165,2024-10-16,512,18562
TAXIFY-1165,2024-10-17,489,19051
TAXIFY-1165,2024-10-18,445,19496
TAXIFY-1165,2024-10-19,237,19733
TAXIFY-1165,2024-10-20,235,19968
TAXIFY-1165,2024-10-21,471,20439
TAXIFY-1165,2024-10-22,464,20903
TAXIFY-1165,2024-10-23,467,21370
TAXIFY-1165,2024-10-24,496,21866
TAXIFY-1165,2024-10-25,413,22279
TAXIFY-1165,2024-10-26,228,22507
TAXIFY-1165,2024-10-27,222,22729
TAXIFY-1165,2024-10-28,504,23233
TAXIFY-1165,2024-10-29,462,23695
TAXIFY-1165,2024-10-30,457,24152
TAXIFY-1165,2024-10-31,461,24613
TAXIFY-1165,2024-11-01,454,25067
TAXIFY-1165,2024-11-02,261,25328
TAXIFY-1165,2024-11-03,234,25562
TAXIFY-1165,2024-11-04,506,26068
TAXIFY-1165,2024-11-05,462,26530
TAXIFY-1165,2024-11-06,527,27057
TAXIFY-1165,2024-11-07,517,27574
TAXIFY-1165,2024-11-08,472,28046
TAXIFY-1165,2024-11-09,249,28295
TAXIFY-1165,2024-11-10,241,28536
TAXIFY-1165,2024-11-11,473,29009
TAXIFY-1165,2024-11-12,463,29472
TAXIFY-1165,2024-11-13,476,29948
TAXIFY-1165,2024-11-14,474,30422
TAXIFY-1165,2024-11-15,447,30869
TAXIFY-1165,2024-11-16,244,31113
TAXIFY-1165,2024-11-17,214,31327
TAXIFY-1165,2024-11-18,481,31808
TAXIFY-1165,2024-11-19,443,32251
TAXIFY-1165,2024-11-20,526,32777
TAXIFY-1165,2024-11-21,502,33279
TAXIFY-1165,2024-11-22,486,33765
TAXIFY-1165,2024-11-23,248,34013
TAXIFY-1165,2024-11-24,248,34261
TAXIFY-1165,2024-11-25,499,34760
TAXIFY-1165,2024-11-26,414,35174
TAXIFY-1165,2024-11-27,453,35627
TAXIFY-1165,2024-11-28,450,36077
TAXIFY-1165,2024-11-29,447,36524
TAXIFY-1165,2024-11-30,268,36792
TAXIFY-1165,2024-12-01,236,37028
TAXIFY-1165,2024-12-02,512,37540
TAXIFY-1165,2024-12-03,469,38009
TAXIFY-1165,2024-12-04,447,38456
TAXIFY-1165,2024-12-05,476,38932
TAXIFY-1165,2024-12-06,459,39391
TAXIFY-1165,2024-12-07,261,39652
TAXIFY-1165,2024-12-08,206,39858
TAXIFY-1165,2024-12-09,506,40364
TAXIFY-1165,2024-12-10,477,40841
TAXIFY-1165,2024-12-11,469,41310
TAXIFY-1165,2024-12-12,470,41780
TAXIFY-1165,2024-12-13,489,42269
TAXIFY-1165,2024-12-14,234,42503
TAXIFY-1165,2024-12-15,255,42758
TAXIFY-1165,2024-12-16,406,43164
TAXIFY-1165,2024-12-17,454,43618
TAXIFY-1165,2024-12-18,442,44060
TAXIFY-1165,2024-12-19,419,44479
TAXIFY-1165,2024-12-20,483,44962
TAXIFY-1165,2024-12-21,264,45226
TAXIFY-1165,2024-12-22,245,45471
TAXIFY-1165,2024-12-23,461,45932
TAXIFY-1165,2024-12-24,505,46437
TAXIFY-1165,2024-12-25,494,46931
TAXIFY-1165,2024-12-26,439,47370
TAXIFY-1165,2024-12-27,451,47821
TAXIFY-1165,2024-12-28,272,48093
TAXIFY-1165,2024-12-29,262,48355
TAXIFY-1165,2024-12-30,490,48845
TAXIFY-1165,2024-12-31,508,49353
TAXIFY-1165,2025-01-01,519,49872
TAXIFY-1165,2025-01-02,522,50394
TAXIFY-1165,2025-01-03,508,50902
TAXIFY-1165,2025-01-04,222,51124
TAXIFY-1165,2025-01-05,241,51365
TAXIFY-1165,2025-01-06,510,51875
TAXIFY-1165,2025-01-07,482,52357
TAXIFY-1165,2025-01-08,470,52827
TAXIFY-1165,2025-01-09,457,53284
TAXIFY-1165,2025-01-10,419,53703
TAXIFY-1165,2025-01-11,225,53928
TAXIFY-1165,2025-01-12,214,54142
TAXIFY-1165,2025-01-13,485,54627
TAXIFY-1165,2025-01-14,453,55080
TAXIFY-1165,2025-01-15,474,55554
TAXIFY-1165,2025-01-16,483,56037
TAXIFY-1165,2025-01-17,486,56523
TAXIFY-1165,2025-01-18,227,56750
TAXIFY-1165,2025-01-19,230,56980
TAXIFY-1165,2025-01-20,477,57457
TAXIFY-1165,2025-01-21,477,57934
TAXIFY-1165,2025-01-22,505,58439
TAXIFY-1165,2025-01-23,478,58917
TAXIFY-1165,2025-01-24,434,59351
TAXIFY-1165,2025-01-25,227,59578
TAXIFY-1165,2025-01-26,223,59801
TAXIFY-1165,2025-01-27,460,60261
TAXIFY-1165,2025-01-28,495,60756
TAXIFY-1165,2025-01-29,500,61256
TAXIFY-1165,2025-01-30,482,61738
TAXIFY-1165,2025-01-31,423,62161
TAXIFY-1165,2025-02-01,449,62610
TAXIFY-1165,2025-02-02,459,63069
TAXIFY-1165,2025-02-03,992,64061
TAXIFY-1165,2025-02-04,839,64900
TAXIFY-1165,2025-02-05,866,65766
TAXIFY-1165,2025-02-06,989,66755
TAXIFY-1165,2025-02-07,979,67734
TAXIFY-1165,2025-02-08,529,68263
TAXIFY-1165,2025-02-09,547,68810
TAXIFY-1165,2025-02-10,879,69689
TAXIFY-1165,2025-02-11,857,70546
TAXIFY-1165,2025-02-12,884,71430
TAXIFY-1165,2025-02-13,1132,72562
TAXIFY-1165,2025-02-14,905,73467
TAXIFY-1165,2025-02-15,522,73989
TAXIFY-1165,2025-02-16,523,74512
TAXIFY-1165,2025-02-17,801,75313
TAXIFY-1165,2025-02-18,971,76284
TAXIFY-1165,2025-02-19,960,77244
TAXIFY-1165,2025-02-20,1022,78266
TAXIFY-1165,2025-02-21,1049,79315
TAXIFY-1165,2025-02-22,510,79825
TAXIFY-1165,2025-02-23,483,80308
TAXIFY-1165,2025-02-24,1004,81312
TAXIFY-1165,2025-02-25,759,82071
TAXIFY-1165,2025-02-26,845,82916
TAXIFY-1165,2025-02-27,898,83814
TAXIFY-1165,2025-02-28,970,84784
TAXIFY-1165,2025-03-01,596,85380
TAXIFY-1165,2025-03-02,683,86063
TAXIFY-1165,2025-03-03,1444,87507
TAXIFY-1165,2025-03-04,1106,88613
TAXIFY-1165,2025-03-05,1545,90158
TAXIFY-1165,2025-03-06,1220,91378
TAXIFY-1165,2025-03-07,1397,92775
TAXIFY-1165,2025-03-08,613,93388
TAXIFY-1165,2025-03-09,673,94061
TAXIFY-1165,2025-03-10,1120,95181
TAXIFY-1165,2025-03-11,1448,96629
TAXIFY-1165,2025-03-12,1183,97812
TAXIFY-1165,2025-03-13,1371,99183
TAXIFY-1165,2025-03-14,1433,100616
TAXIFY-1165,2025-03-15,635,101251
TAXIFY-1165,2025-03-16,626,101877
TAXIFY-1165,2025-03-17,1142,103019
TAXIFY-1165,2025-03-18,1347,104366
TAXIFY-1165,2025-03-19,1345,105711
TAXIFY-1165,2025-03-20,1230,106941
TAXIFY-1165,2025-03-21,1328,108269
TAXIFY-1165,2025-03-22,589,108858
TAXIFY-1165,2025-03-23,595,109453
TAXIFY-1165,2025-03-24,1407,110860
TAXIFY-1165,2025-03-25,1312,112172
TAXIFY-1165,2025-03-26,1198,113370
TAXIFY-1165,2025-03-27,1447,114817
TAXIFY-1165,2025-03-28,1309,116126
TAXIFY-1165,2025-03-29,682,116808
TAXIFY-1165,2025-03-30,690,117498
TAXIFY-1165,2025-03-31,1329,118827
TAXIFY-1165,2025-04-01,937,119764
TAXIFY-1165,2025-04-02,1035,120799
TAXIFY-1165,2025-04-03,844,121643
TAXIFY-1165,2025-04-04,793,122436
TAXIFY-1165,2025-04-05,447,122883
TAXIFY-1165,2025-04-06,452,123335
TAXIFY-1165,2025-04-07,820,124155
TAXIFY-1165,2025-04-08,982,125137
TAXIFY-1165,2025-04-09,933,126070
TAXIFY-1165,2025-04-10,998,127068
TAXIFY-1165,2025-04-11,942,128010
TAXIFY-1165,2025-04-12,422,128432
TAXIFY-1165,2025-04-13,446,128878
TAXIFY-1165,2025-04-14,956,129834
TAXIFY-1165,2025-04-15,1054,130888
TAXIFY-1165,2025-04-16,951,131839
TAXIFY-1165,2025-04-17,955,132794
TAXIFY-1165,2025-04-18,1034,133828
TAXIFY-1165,2025-04-19,490,134318
TAXIFY-1165,2025-04-20,470,134788
TAXIFY-1165,2025-04-21,893,135681
TAXIFY-1165,2025-04-22,1098,136779
TAXIFY-1165,2025-04-23,863,137642
TAXIFY-1165,2025-04-24,902,138544
TAXIFY-1165,2025-04-25,794,139338
TAXIFY-1165,2025-04-26,545,139883
TAXIFY-1165,2025-04-27,469,140352
TAXIFY-1165,2025-04-28,1031,141383
TAXIFY-1165,2025-04-29,959,142342
TAXIFY-1165,2025-04-30,996,143338
TAXIFY-1165,2025-05-01,459,143797
TAXIFY-1165,2025-05-02,363,144160
TAXIFY-1165,2025-05-03,256,144416
TAXIFY-1165,2025-05-04,235,144651
TAXIFY-1165,2025-05-05,483,145134
TAXIFY-1165,2025-05-06,483,145617
TAXIFY-1165,2025-05-07,452,146069
TAXIFY-1165,2025-05-08,504,146573
TAXIFY-1165,2025-05-09,424,146997
TAXIFY-1165,2025-05-10,239,147236
TAXIFY-1165,2025-05-11,224,147460
TAXIFY-1165,2025-05-12,472,147932
TAXIFY-1165,2025-05-13,473,148405
TAXIFY-1165,2025-05-14,495,148900
TAXIFY-1165,2025-05-15,414,149314
TAXIFY-1165,2025-05-16,389,149703
TAXIFY-1165,2025-05-17,232,149935
TAXIFY-1165,2025-05-18,280,150215
TAXIFY-1165,2025-05-19,535,150750
TAXIFY-1165,2025-05-20,460,151210
TAXIFY-1165,2025-05-21,516,151726
TAXIFY-1165,2025-05-22,526,152252
TAXIFY-1165,2025-05-23,432,152684
TAXIFY-1165,2025-05-24,241,152925
TAXIFY-1165,2025-05-25,193,153118
TAXIFY-1165,2025-05-26,453,153571
TAXIFY-1165,2025-05-27,443,154014
TAXIFY-1165,2025-05-28,492,154506
TAXIFY-1165,2025-05-29,458,154964
TAXIFY-1165,2025-05-30,457,155421
TAXIFY-1165,2025-05-31,261,155682
TAXIFY-1165,2025-06-01,158,155840
TAXIFY-1165,2025-06-02,337,156177
TAXIFY-1165,2025-06-03,397,156574
TAXIFY-1165,2025-06-04,360,156934
TAXIFY-1165,2025-06-05,391,157325
TAXIFY-1165,2025-06-06,414,157739
TAXIFY-1165,2025-06-07,201,157940
TAXIFY-1165,2025-06-08,209,158149
TAXIFY-1165,2025-06-09,383,158532
TAXIFY-1165,2025-06-10,351,158883
TAXIFY-1165,2025-06-11,343,159226
TAXIFY-1165,2025-06-12,360,159586
TAXIFY-1165,2025-06-13,402,159988
TAXIFY-1165,2025-06-14,194,160182
TAXIFY-1165,2025-06-15,207,160389
TAXIFY-1165,2025-06-16,420,160809
TAXIFY-1165,2025-06-17,347,161156
TAXIFY-1165,2025-06-18,404,161560
TAXIFY-1165,2025-06-19,370,161930
TAXIFY-1165,2025-06-20,345,162275
TAXIFY-1165,2025-06-21,213,162488
TAXIFY-1165,2025-06-22,186,162674
TAXIFY-1165,2025-06-23,407,163081
TAXIFY-1165,2025-06-24,443,163524
TAXIFY-1165,2025-06-25,333,163857
TAXIFY-1165,2025-06-26,379,164236
TAXIFY-1165,2025-06-27,354,164590
TAXIFY-1165,2025-06-28,185,164775
TAXIFY-1165,2025-06-29,192,164967
TAXIFY-1165,2025-06-30,355,165322
TAXIFY-1165,2025-07-01,399,165721
TAXIFY-1165,2025-07-02,413,166134
TAXIFY-1165,2025-07-03,395,166529
TAXIFY-1165,2025-07-04,396,166925
TAXIFY-1165,2025-07-05,186,167111
TAXIFY-1165,2025-07-06,179,167290
TAXIFY-1165,2025-07-07,374,167664
TAXIFY-1165,2025-07-08,380,168044
TAXIFY-1165,2025-07-09,372,168416
TAXIFY-1165,2025-07-10,379,168795
TAXIFY-1165,2025-07-11,353,169148
TAXIFY-1165,2025-07-12,203,169351
TAXIFY-1165,2025-07-13,187,169538
TAXIFY-1165,2025-07-14,429,169967
TAXIFY-1165,2025-07-15,412,170379
TAXIFY-1165,2025-07-16,408,170787
TAXIFY-1165,2025-07-17,365,171152
TAXIFY-1165,2025-07-18,369,171521
TAXIFY-1165,2025-07-19,187,171708
TAXIFY-1165,2025-07-20,195,171903
TAXIFY-1165,2025-07-21,393,172296
TAXIFY-1165,2025-07-22,369,172665
TAXIFY-1165,2025-07-23,443,173108
TAXIFY-1165,2025-07-24,364,173472
TAXIFY-1165,2025-07-25,301,173773
TAXIFY-1165,2025-07-26,176,173949
TAXIFY-1165,2025-07-27,192,174141
TAXIFY-1165,2025-07-28,369,174510
TAXIFY-1165,2025-07-29,395,174905
TAXIFY-1165,2025-07-30,381,175286
TAXIFY-1165,2025-07-31,371,175657
TAXIFY-1165,2025-08-01,350,176007
TAXIFY-1165,2025-08-02,202,176209
TAXIFY-1165,2025-08-03,171,176380
TAXIFY-1165,2025-08-04,340,176720
TAXIFY-1165,2025-08-05,354,177074
TAXIFY-1165,2025-08-06,378,177452
TAXIFY-1165,2025-08-07,377,177829
TAXIFY-1165,2025-08-08,406,178235
TAXIFY-1165,2025-08-09,190,178425
TAXIFY-1165,2025-08-10,182,178607
TAXIFY-1165,2025-08-11,394,179001
TAXIFY-1165,2025-08-12,415,179416
TAXIFY-1165,2025-08-13,386,179802
TAXIFY-1165,2025-08-14,406,180208
TAXIFY-1165,2025-08-15,382,180590
TAXIFY-1165,2025-08-16,185,180775
TAXIFY-1165,2025-08-17,200,180975
TAXIFY-1165,2025-08-18,386,181361
TAXIFY-1165,2025-08-19,410,181771
TAXIFY-1165,2025-08-20,426,182197
TAXIFY-1165,2025-08-21,376,182573
TAXIFY-1165,2025-08-22,399,182972
TAXIFY-1165,2025-08-23,206,183178
TAXIFY-1165,2025-08-24,196,183374
TAXIFY-1165,2025-08-25,395,183769
TAXIFY-1165,2025-08-26,384,184153
TAXIFY-1165,2025-08-27,387,184540
TAXIFY-1165,2025-08-28,395,184935
TAXIFY-1165,2025-08-29,361,185296
TAXIFY-1165,2025-08-30,164,185460
TAXIFY-1165,2025-08-31,188,185648
TAXIFY-1166,2024-09-01,534,534
TAXIFY-1166,2024-09-02,1223,1757
TAXIFY-1166,2024-09-03,1109,2866
TAXIFY-1166,2024-09-04,1132,3998
TAXIFY-1166,2024-09-05,1047,5045
TAXIFY-1166,2024-09-06,1031,6076
TAXIFY-1166,2024-09-07,505,6581
TAXIFY-1166,2024-09-08,487,7068
TAXIFY-1166,2024-09-09,1146,8214
TAXIFY-1166,2024-09-10,1110,9324
TAXIFY-1166,2024-09-11,1211,10535
TAXIFY-1166,2024-09-12,1131,11666
TAXIFY-1166,2024-09-13,1104,12770
TAXIFY-1166,2024-09-14,455,13225
TAXIFY-1166,2024-09-15,624,13849
TAXIFY-1166,2024-09-16,1086,14935
TAXIFY-1166,2024-09-17,902,15837
TAXIFY-1166,2024-09-18,1102,16939
TAXIFY-1166,2024-09-19,1013,17952
TAXIFY-1166,2024-09-20,1010,18962
TAXIFY-1166,2024-09-21,553,19515
TAXIFY-1166,2024-09-22,516,20031
TAXIFY-1166,2024-09-23,1172,21203
TAXIFY-1166,2024-09-24,1073,22276
TAXIFY-1166,2024-09-25,1118,23394
TAXIFY-1166,2024-09-26,1132,24526
TAXIFY-1166,2024-09-27,1105,25631
TAXIFY-1166,2024-09-28,551,26182
TAXIFY-1166,2024-09-29,547,26729
TAXIFY-1166,2024-09-30,1212,27941
TAXIFY-1166,2024-10-01,1156,29097
TAXIFY-1166,2024-10-02,1023,30120
TAXIFY-1166,2024-10-03,987,31107
TAXIFY-1166,2024-10-04,1014,32121
TAXIFY-1166,2024-10-05,560,32681
TAXIFY-1166,2024-10-06,493,33174
TAXIFY-1166,2024-10-07,1026,34200
TAXIFY-1166,2024-10-08,967,35167
TAXIFY-1166,2024-10-09,1164,36331
TAXIFY-1166,2024-10-10,1140,37471
TAXIFY-1166,2024-10-11,1159,38630
TAXIFY-1166,2024-10-12,521,39151
TAXIFY-1166,2024-10-13,465,39616
TAXIFY-1166,2024-10-14,1011,40627
TAXIFY-1166,2024-10-15,966,41593
TAXIFY-1166,2024-10-16,965,42558
TAXIFY-1166,2024-10-17,1181,43739
TAXIFY-1166,2024-10-18,1062,44801
TAXIFY-1166,2024-10-19,554,45355
TAXIFY-1166,2024-10-20,589,45944
TAXIFY-1166,2024-10-21,995,46939
TAXIFY-1166,2024-10-22,1136,48075
TAXIFY-1166,2024-10-23,957,49032
TAXIFY-1166,2024-10-24,1105,50137
TAXIFY-1166,2024-10-25,1175,51312
TAXIFY-1166,2024-10-26,492,51804
TAXIFY-1166,2024-10-27,577,52381
TAXIFY-1166,2024-10-28,1102,53483
TAXIFY-1166,2024-10-29,1044,54527
TAXIFY-1166,2024-10-30,979,55506
TAXIFY-1166,2024-10-31,1104,56610
TAXIFY-1166,2024-11-01,1126,57736
TAXIFY-1166,2024-11-02,527,58263
TAXIFY-1166,2024-11-03,499,58762
TAXIFY-1166,2024-11-04,1149,59911
TAXIFY-1166,2024-11-05,1186,61097
TAXIFY-1166,2024-11-06,1166,62263
TAXIFY-1166,2024-11-07,1221,63484
TAXIFY-1166,2024-11-08,1026,64510
TAXIFY-1166,2024-11-09,480,64990
TAXIFY-1166,2024-11-10,559,65549
TAXIFY-1166,2024-11-11,1048,66597
TAXIFY-1166,2024-11-12,1169,67766
TAXIFY-1166,2024-11-13,993,68759
TAXIFY-1166,2024-11-14,999,69758
TAXIFY-1166,2024-11-15,1089,70847
TAXIFY-1166,2024-11-16,549,71396
TAXIFY-1166,2024-11-17,570,71966
TAXIFY-1166,2024-11-18,1074,73040
TAXIFY-1166,2024-11-19,917,73957
TAXIFY-1166,2024-11-20,1382,75339
TAXIFY-1166,2024-11-21,1086,76425
TAXIFY-1166,2024-11-22,1333,77758
TAXIFY-1166,2024-11-23,536,78294
TAXIFY-1166,2024-11-24,496,78790
TAXIFY-1166,2024-11-25,1055,79845
TAXIFY-1166,2024-11-26,1178,81023
TAXIFY-1166,2024-11-27,1137,82160
TAXIFY-1166,2024-11-28,1110,83270
TAXIFY-1166,2024-11-29,1078,84348
TAXIFY-1166,2024-11-30,547,84895
TAXIFY-1166,2024-12-01,535,85430
TAXIFY-1166,2024-12-02,1187,86617
TAXIFY-1166,2024-12-03,1162,87779
TAXIFY-1166,2024-12-04,1001,88780
TAXIFY-1166,2024-12-05,955,89735
TAXIFY-1166,2024-12-06,977,90712
TAXIFY-1166,2024-12-07,526,91238
TAXIFY-1166,2024-12-08,551,91789
TAXIFY-1166,2024-12-09,1078,92867
TAXIFY-1166,2024-12-10,1138,94005
TAXIFY-1166,2024-12-11,1082,95087
TAXIFY-1166,2024-12-12,1221,96308
TAXIFY-1166,2024-12-13,1127,97435
TAXIFY-1166,2024-12-14,542,97977
TAXIFY-1166,2024-12-15,476,98453
TAXIFY-1166,2024-12-16,1113,99566
TAXIFY-1166,2024-12-17,1126,100692
TAXIFY-1166,2024-12-18,1021,101713
TAXIFY-1166,2024-12-19,983,102696
TAXIFY-1166,2024-12-20,1178,103874
TAXIFY-1166,2024-12-21,499,104373
TAXIFY-1166,2024-12-22,548,104921
TAXIFY-1166,2024-12-23,1086,106007
TAXIFY-1166,2024-12-24,1122,107129
TAXIFY-1166,2024-12-25,1000,108129
TAXIFY-1166,2024-12-26,1072,109201
TAXIFY-1166,2024-12-27,999,110200
TAXIFY-1166,2024-12-28,544,110744
TAXIFY-1166,2024-12-29,563,111307
TAXIFY-1166,2024-12-30,1161,112468
TAXIFY-1166,2024-12-31,1212,113680
TAXIFY-1166,2025-01-01,1060,114740
TAXIFY-1166,2025-01-02,1059,115799
TAXIFY-1166,2025-01-03,1193,116992
TAXIFY-1166,2025-01-04,566,117558
TAXIFY-1166,2025-01-05,595,118153
TAXIFY-1166,2025-01-06,1252,119405
TAXIFY-1166,2025-01-07,1010,120415
TAXIFY-1166,2025-01-08,1153,121568
TAXIFY-1166,2025-01-09,1031,122599
TAXIFY-1166,2025-01-10,1218,123817
TAXIFY-1166,2025-01-11,490,124307
TAXIFY-1166,2025-01-12,581,124888
TAXIFY-1166,2025-01-13,1035,125923
TAXIFY-1166,2025-01-14,1131,127054
TAXIFY-1166,2025-01-15,1193,128247
TAXIFY-1166,2025-01-16,1027,129274
TAXIFY-1166,2025-01-17,956,130230
TAXIFY-1166,2025-01-18,530,130760
TAXIFY-1166,2025-01-19,524,131284
TAXIFY-1166,2025-01-20,972,132256
TAXIFY-1166,2025-01-21,909,133165
TAXIFY-1166,2025-01-22,1188,134353
TAXIFY-1166,2025-01-23,1212,135565
TAXIFY-1166,2025-01-24,1031,136596
TAXIFY-1166,2025-01-25,529,137125
TAXIFY-1166,2025-01-26,576,137701
TAXIFY-1166,2025-01-27,1154,138855
TAXIFY-1166,2025-01-28,1237,140092
TAXIFY-1166,2025-01-29,1137,141229
TAXIFY-1166,2025-01-30,994,142223
TAXIFY-1166,2025-01-31,1151,143374
TAXIFY-1166,2025-02-01,1022,144396
TAXIFY-1166,2025-02-02,1077,145473
TAXIFY-1166,2025-02-03,2359,147832
TAXIFY-1166,2025-02-04,2009,149841
TAXIFY-1166,2025-02-05,2154,151995
TAXIFY-1166,2025-02-06,1954,153949
TAXIFY-1166,2025-02-07,1995,155944
TAXIFY-1166,2025-02-08,1036,156980
TAXIFY-1166,2025-02-09,1224,158204
TAXIFY-1166,2025-02-10,2172,160376
TAXIFY-1166,2025-02-11,2625,163001
TAXIFY-1166,2025-02-12,2332,165333
TAXIFY-1166,2025-02-13,2337,167670
TAXIFY-1166,2025-02-14,1977,169647
TAXIFY-1166,2025-02-15,1070,170717
TAXIFY-1166,2025-02-16,984,171701
TAXIFY-1166,2025-02-17,2113,173814
TAXIFY-1166,2025-02-18,2087,175901
TAXIFY-1166,2025-02-19,2159,178060
TAXIFY-1166,2025-02-20,2309,180369
TAXIFY-1166,2025-02-21,2121,182490
TAXIFY-1166,2025-02-22,1156,183646
TAXIFY-1166,2025-02-23,956,184602
TAXIFY-1166,2025-02-24,2244,186846
TAXIFY-1166,2025-02-25,2091,188937
TAXIFY-1166,2025-02-26,2210,191147
TAXIFY-1166,2025-02-27,2316,193463
TAXIFY-1166,2025-02-28,1916,195379
TAXIFY-1166,2025-03-01,1695,197074
TAXIFY-1166,2025-03-02,1493,198567
TAXIFY-1166,2025-03-03,3485,202052
TAXIFY-1166,2025-03-04,3050,205102
TAXIFY-1166,2025-03-05,3354,208456
TAXIFY-1166,2025-03-06,3048,211504
TAXIFY-1166,2025-03-07,3098,214602
TAXIFY-1166,2025-03-08,1530,216132
TAXIFY-1166,2025-03-09,1490,217622
TAXIFY-1166,2025-03-10,2971,220593
TAXIFY-1166,2025-03-11,3088,223681
TAXIFY-1166,2025-03-12,3166,226847
TAXIFY-1166,2025-03-13,3090,229937
TAXIFY-1166,2025-03-14,2931,232868
TAXIFY-1166,2025-03-15,1402,234270
TAXIFY-1166,2025-03-16,1640,235910
TAXIFY-1166,2025-03-17,3224,239134
TAXIFY-1166,2025-03-18,3149,242283
TAXIFY-1166,2025-03-19,2996,245279
TAXIFY-1166,2025-03-20,3163,248442
TAXIFY-1166,2025-03-21,2977,251419
TAXIFY-1166,2025-03-22,1597,253016
TAXIFY-1166,2025-03-23,1558,254574
TAXIFY-1166,2025-03-24,3012,257586
TAXIFY-1166,2025-03-25,3227,260813
TAXIFY-1166,2025-03-26,2742,263555
TAXIFY-1166,2025-03-27,3235,266790
TAXIFY-1166,2025-03-28,3254,270044
TAXIFY-1166,2025-03-29,1415,271459
TAXIFY-1166,2025-03-30,1407,272866
TAXIFY-1166,2025-03-31,2613,275479
TAXIFY-1166,2025-04-01,2318,277797
TAXIFY-1166,2025-04-02,2176,279973
TAXIFY-1166,2025-04-03,1991,281964
TAXIFY-1166,2025-04-04,2344,284308
TAXIFY-1166,2025-04-05,1047,285355
TAXIFY-1166,2025-04-06,1021,286376
TAXIFY-1166,2025-04-07,2377,288753
TAXIFY-1166,2025-04-08,2016,290769
TAXIFY-1166,2025-04-09,2150,292919
TAXIFY-1166,2025-04-10,2114,295033
TAXIFY-1166,2025-04-11,2125,297158
TAXIFY-1166,2025-04-12,1023,298181
TAXIFY-1166,2025-04-13,1165,299346
TAXIFY-1166,2025-04-14,2138,301484
TAXIFY-1166,2025-04-15,2098,303582
TAXIFY-1166,2025-04-16,2156,305738
TAXIFY-1166,2025-04-17,2049,307787
TAXIFY-1166,2025-04-18,2273,310060
TAXIFY-1166,2025-04-19,1060,311120
TAXIFY-1166,2025-04-20,1177,312297
TAXIFY-1166,2025-04-21,2529,314826
TAXIFY-1166,2025-04-22,2018,316844
TAXIFY-1166,2025-04-23,1801,318645
TAXIFY-1166,2025-04-24,2138,320783
TAXIFY-1166,2025-04-25,2026,322809
TAXIFY-1166,2025-04-26,1006,323815
TAXIFY-1166,2025-04-27,1028,324843
TAXIFY-1166,2025-04-28,2223,327066
TAXIFY-1166,2025-04-29,1813,328879
TAXIFY-1166,2025-04-30,2347,331226
TAXIFY-1166,2025-05-01,1198,332424
TAXIFY-1166,2025-05-02,1004,333428
TAXIFY-1166,2025-05-03,506,333934
TAXIFY-1166,2025-05-04,541,334475
TAXIFY-1166,2025-05-05,1061,335536
TAXIFY-1166,2025-05-06,1080,336616
TAXIFY-1166,2025-05-07,1082,337698
TAXIFY-1166,2025-05-08,1021,338719
TAXIFY-1166,2025-05-09,1073,339792
TAXIFY-1166,2025-05-10,506,340298
TAXIFY-1166,2025-05-11,564,340862
TAXIFY-1166,2025-05-12,1036,341898
TAXIFY-1166,2025-05-13,964,342862
TAXIFY-1166,2025-05-14,954,343816
TAXIFY-1166,2025-05-15,1085,344901
TAXIFY-1166,2025-05-16,1077,345978
TAXIFY-1166,2025-05-17,509,346487
TAXIFY-1166,2025-05-18,579,347066
TAXIFY-1166,2025-05-19,1217,348283
TAXIFY-1166,2025-05-20,1190,349473
TAXIFY-1166,2025-05-21,1208,350681
TAXIFY-1166,2025-05-22,1165,351846
TAXIFY-1166,2025-05-23,1143,352989
TAXIFY-1166,2025-05-24,574,353563
TAXIFY-1166,2025-05-25,570,354133
TAXIFY-1166,2025-05-26,1093,355226
TAXIFY-1166,2025-05-27,1111,356337
TAXIFY-1166,2025-05-28,1103,357440
TAXIFY-1166,2025-05-29,1248,358688
TAXIFY-1166,2025-05-30,1089,359777
TAXIFY-1166,2025-05-31,547,360324
TAXIFY-1166,2025-06-01,471,360795
TAXIFY-1166,2025-06-02,893,361688
TAXIFY-1166,2025-06-03,910,362598
TAXIFY-1166,2025-06-04,875,363473
TAXIFY-1166,2025-06-05,872,364345
TAXIFY-1166,2025-06-06,932,365277
TAXIFY-1166,2025-06-07,374,365651
TAXIFY-1166,2025-06-08,441,366092
TAXIFY-1166,2025-06-09,745,366837
TAXIFY-1166,2025-06-10,749,367586
TAXIFY-1166,2025-06-11,711,368297
TAXIFY-1166,2025-06-12,903,369200
TAXIFY-1166,2025-06-13,780,369980
TAXIFY-1166,2025-06-14,410,370390
TAXIFY-1166,2025-06-15,462,370852
TAXIFY-1166,2025-06-16,841,371693
TAXIFY-1166,2025-06-17,828,372521
TAXIFY-1166,2025-06-18,947,373468
TAXIFY-1166,2025-06-19,896,374364
TAXIFY-1166,2025-06-20,838,375202
TAXIFY-1166,2025-06-21,444,375646
TAXIFY-1166,2025-06-22,392,376038
TAXIFY-1166,2025-06-23,822,376860
TAXIFY-1166,2025-06-24,969,377829
TAXIFY-1166,2025-06-25,773,378602
TAXIFY-1166,2025-06-26,818,379420
TAXIFY-1166,2025-06-27,839,380259
TAXIFY-1166,2025-06-28,411,380670
TAXIFY-1166,2025-06-29,445,381115
TAXIFY-1166,2025-06-30,876,381991
TAXIFY-1166,2025-07-01,903,382894
TAXIFY-1166,2025-07-02,912,383806
TAXIFY-1166,2025-07-03,903,384709
TAXIFY-1166,2025-07-04,961,385670
TAXIFY-1166,2025-07-05,466,386136
TAXIFY-1166,2025-07-06,425,386561
TAXIFY-1166,2025-07-07,966,387527
TAXIFY-1166,2025-07-08,824,388351
TAXIFY-1166,2025-07-09,836,389187
TAXIFY-1166,2025-07-10,872,390059
TAXIFY-1166,2025-07-11,923,390982
TAXIFY-1166,2025-07-12,443,391425
TAXIFY-1166,2025-07-13,428,391853
TAXIFY-1166,2025-07-14,856,392709
TAXIFY-1166,2025-07-15,946,393655
TAXIFY-1166,2025-07-16,862,394517
TAXIFY-1166,2025-07-17,916,395433
TAXIFY-1166,2025-07-18,711,396144
TAXIFY-1166,2025-07-19,369,396513
TAXIFY-1166,2025-07-20,477,396990
TAXIFY-1166,2025-07-21,700,397690
TAXIFY-1166,2025-07-22,739,398429
TAXIFY-1166,2025-07-23,866,399295
TAXIFY-1166,2025-07-24,927,400222
TAXIFY-1166,2025-07-25,715,400937
TAXIFY-1166,2025-07-26,432,401369
TAXIFY-1166,2025-07-27,460,401829
TAXIFY-1166,2025-07-28,829,402658
TAXIFY-1166,2025-07-29,847,403505
TAXIFY-1166,2025-07-30,921,404426
TAXIFY-1166,2025-07-31,879,405305
TAXIFY-1166,2025-08-01,859,406164
TAXIFY-1166,2025-08-02,405,406569
TAXIFY-1166,2025-08-03,408,406977
TAXIFY-1166,2025-08-04,886,407863
TAXIFY-1166,2025-08-05,844,408707
TAXIFY-1166,2025-08-06,800,409507
TAXIFY-1166,2025-08-07,785,410292
TAXIFY-1166,2025-08-08,711,411003
TAXIFY-1166,2025-08-09,408,411411
TAXIFY-1166,2025-08-10,432,411843
TAXIFY-1166,2025-08-11,952,412795
TAXIFY-1166,2025-08-12,926,413721
TAXIFY-1166,2025-08-13,840,414561
TAXIFY-1166,2025-08-14,832,415393
TAXIFY-1166,2025-08-15,823,416216
TAXIFY-1166,2025-08-16,377,416593
TAXIFY-1166,2025-08-17,387,416980
TAXIFY-1166,2025-08-18,836,417816
TAXIFY-1166,2025-08-19,852,418668
TAXIFY-1166,2025-08-20,838,419506
TAXIFY-1166,2025-08-21,786,420292
TAXIFY-1166,2025-08-22,831,421123
TAXIFY-1166,2025-08-23,399,421522
TAXIFY-1166,2025-08-24,475,421997
TAXIFY-1166,2025-08-25,919,422916
TAXIFY-1166,2025-08-26,853,423769
TAXIFY-1166,2025-08-27,947,424716
TAXIFY-1166,2025-08-28,894,425610
TAXIFY-1166,2025-08-29,878,426488
TAXIFY-1166,2025-08-30,435,426923
TAXIFY-1166,2025-08-31,379,427302
TAXIFY-1167,2024-09-01,479,479
TAXIFY-1167,2024-09-02,993,1472
TAXIFY-1167,2024-09-03,966,2438
TAXIFY-1167,2024-09-04,932,3370
TAXIFY-1167,2024-09-05,952,4322
TAXIFY-1167,2024-09-06,967,5289
TAXIFY-1167,2024-09-07,494,5783
TAXIFY-1167,2024-09-08,480,6263
TAXIFY-1167,2024-09-09,1027,7290
TAXIFY-1167,2024-09-10,888,8178
TAXIFY-1167,2024-09-11,906,9084
TAXIFY-1167,2024-09-12,985,10069
TAXIFY-1167,2024-09-13,965,11034
TAXIFY-1167,2024-09-14,477,11511
TAXIFY-1167,2024-09-15,505,12016
TAXIFY-1167,2024-09-16,824,12840
TAXIFY-1167,2024-09-17,957,13797
TAXIFY-1167,2024-09-18,886,14683
TAXIFY-1167,2024-09-19,977,15660
TAXIFY-1167,2024-09-20,886,16546
TAXIFY-1167,2024-09-21,497,17043
TAXIFY-1167,2024-09-22,506,17549
TAXIFY-1167,2024-09-23,874,18423
TAXIFY-1167,2024-09-24,837,19260
TAXIFY-1167,2024-09-25,953,20213
TAXIFY-1167,2024-09-26,1018,21231
TAXIFY-1167,2024-09-27,1036,22267
TAXIFY-1167,2024-09-28,526,22793
TAXIFY-1167,2024-09-29,427,23220
TAXIFY-1167,2024-09-30,901,24121
TAXIFY-1167,2024-10-01,872,24993
TAXIFY-1167,2024-10-02,914,25907
TAXIFY-1167,2024-10-03,940,26847
TAXIFY-1167,2024-10-04,991,27838
TAXIFY-1167,2024-10-05,484,28322
TAXIFY-1167,2024-10-06,508,28830
TAXIFY-1167,2024-10-07,898,29728
TAXIFY-1167,2024-10-08,1032,30760
TAXIFY-1167,2024-10-09,922,31682
TAXIFY-1167,2024-10-10,953,32635
TAXIFY-1167,2024-10-11,1040,33675
TAXIFY-1167,2024-10-12,393,34068
TAXIFY-1167,2024-10-13,465,34533
TAXIFY-1167,2024-10-14,796,35329
TAXIFY-1167,2024-10-15,819,36148
TAXIFY-1167,2024-10-16,929,37077
TAXIFY-1167,2024-10-17,854,37931
TAXIFY-1167,2024-10-18,958,38889
TAXIFY-1167,2024-10-19,465,39354
TAXIFY-1167,2024-10-20,436,39790
TAXIFY-1167,2024-10-21,810,40600
TAXIFY-1167,2024-10-22,1010,41610
TAXIFY-1167,2024-10-23,938,42548
TAXIFY-1167,2024-10-24,862,43410
TAXIFY-1167,2024-10-25,868,44278
TAXIFY-1167,2024-10-26,422,44700
TAXIFY-1167,2024-10-27,466,45166
TAXIFY-1167,2024-10-28,983,46149
TAXIFY-1167,2024-10-29,957,47106
TAXIFY-1167,2024-10-30,1015,48121
TAXIFY-1167,2024-10-31,947,49068
TAXIFY-1167,2024-11-01,1036,50104
TAXIFY-1167,2024-11-02,460,50564
TAXIFY-1167,2024-11-03,393,50957
TAXIFY-1167,2024-11-04,829,51786
TAXIFY-1167,2024-11-05,899,52685
TAXIFY-1167,2024-11-06,901,53586
TAXIFY-1167,2024-11-07,873,54459
TAXIFY-1167,2024-11-08,964,55423
TAXIFY-1167,2024-11-09,503,55926
TAXIFY-1167,2024-11-10,379,56305
TAXIFY-1167,2024-11-11,980,57285
TAXIFY-1167,2024-11-12,886,58171
TAXIFY-1167,2024-11-13,799,58970
TAXIFY-1167,2024-11-14,827,59797
TAXIFY-1167,2024-11-15,886,60683
TAXIFY-1167,2024-11-16,440,61123
TAXIFY-1167,2024-11-17,427,61550
TAXIFY-1167,2024-11-18,827,62377
TAXIFY-1167,2024-11-19,1065,63442
TAXIFY-1167,2024-11-20,930,64372
TAXIFY-1167,2024-11-21,968,65340
TAXIFY-1167,2024-11-22,998,66338
TAXIFY-1167,2024-11-23,442,66780
TAXIFY-1167,2024-11-24,453,67233
TAXIFY-1167,2024-11-25,937,68170
TAXIFY-1167,2024-11-26,844,69014
TAXIFY-1167,2024-11-27,846,69860
TAXIFY-1167,2024-11-28,1081,70941
TAXIFY-1167,2024-11-29,1113,72054
TAXIFY-1167,2024-11-30,404,72458
TAXIFY-1167,2024-12-01,482,72940
TAXIFY-1167,2024-12-02,964,73904
TAXIFY-1167,2024-12-03,944,74848
TAXIFY-1167,2024-12-04,860,75708
TAXIFY-1167,2024-12-05,851,76559
TAXIFY-1167,2024-12-06,1019,77578
TAXIFY-1167,2024-12-07,529,78107
TAXIFY-1167,2024-12-08,460,78567
TAXIFY-1167,2024-12-09,822,79389
TAXIFY-1167,2024-12-10,909,80298
TAXIFY-1167,2024-12-11,888,81186
TAXIFY-1167,2024-12-12,866,82052
TAXIFY-1167,2024-12-13,906,82958
TAXIFY-1167,2024-12-14,493,83451
TAXIFY-1167,2024-12-15,494,83945
TAXIFY-1167,2024-12-16,942,84887
TAXIFY-1167,2024-12-17,953,85840
TAXIFY-1167,2024-12-18,942,86782
TAXIFY-1167,2024-12-19,877,87659
TAXIFY-1167,2024-12-20,1020,88679
TAXIFY-1167,2024-12-21,412,89091
TAXIFY-1167,2024-12-22,477,89568
TAXIFY-1167,2024-12-23,951,90519
TAXIFY-1167,2024-12-24,1071,91590
TAXIFY-1167,2024-12-25,835,92425
TAXIFY-1167,2024-12-26,908,93333
TAXIFY-1167,2024-12-27,857,94190
TAXIFY-1167,2024-12-28,511,94701
TAXIFY-1167,2024-12-29,433,95134
TAXIFY-1167,2024-12-30,891,96025
TAXIFY-1167,2024-12-31,1034,97059
TAXIFY-1167,2025-01-01,849,97908
TAXIFY-1167,2025-01-02,894,98802
TAXIFY-1167,2025-01-03,1001,99803
TAXIFY-1167,2025-01-04,520,100323
TAXIFY-1167,2025-01-05,439,100762
TAXIFY-1167,2025-01-06,1010,101772
TAXIFY-1167,2025-01-07,935,102707
TAXIFY-1167,2025-01-08,902,103609
TAXIFY-1167,2025-01-09,995,104604
TAXIFY-1167,2025-01-10,889,105493
TAXIFY-1167,2025-01-11,411,105904
TAXIFY-1167,2025-01-12,388,106292
TAXIFY-1167,2025-01-13,947,107239
TAXIFY-1167,2025-01-14,947,108186
TAXIFY-1167,2025-01-15,940,109126
TAXIFY-1167,2025-01-16,858,109984
TAXIFY-1167,2025-01-17,985,110969
TAXIFY-1167,2025-01-18,489,111458
TAXIFY-1167,2025-01-19,503,111961
TAXIFY-1167,2025-01-20,914,112875
TAXIFY-1167,2025-01-21,951,113826
TAXIFY-1167,2025-01-22,924,114750
TAXIFY-1167,2025-01-23,836,115586
TAXIFY-1167,2025-01-24,947,116533
TAXIFY-1167,2025-01-25,452,116985
TAXIFY-1167,2025-01-26,436,117421
TAXIFY-1167,2025-01-27,1056,118477
TAXIFY-1167,2025-01-28,800,119277
TAXIFY-1167,2025-01-29,922,120199
TAXIFY-1167,2025-01-30,918,121117
TAXIFY-1167,2025-01-31,947,122064
TAXIFY-1167,2025-02-01,881,122945
TAXIFY-1167,2025-02-02,756,123701
TAXIFY-1167,2025-02-03,1759,125460
TAXIFY-1167,2025-02-04,1764,127224
TAXIFY-1167,2025-02-05,2054,129278
TAXIFY-1167,2025-02-06,1925,131203
TAXIFY-1167,2025-02-07,1911,133114
TAXIFY-1167,2025-02-08,1041,134155
TAXIFY-1167,2025-02-09,992,135147
TAXIFY-1167,2025-02-10,2144,137291
TAXIFY-1167,2025-02-11,1809,139100
TAXIFY-1167,2025-02-12,1991,141091
TAXIFY-1167,2025-02-13,1825,142916
TAXIFY-1167,2025-02-14,1699,144615
TAXIFY-1167,2025-02-15,876,145491
TAXIFY-1167,2025-02-16,935,146426
TAXIFY-1167,2025-02-17,1982,148408
TAXIFY-1167,2025-02-18,2042,150450
TAXIFY-1167,2025-02-19,1669,152119
TAXIFY-1167,2025-02-20,1825,153944
TAXIFY-1167,2025-02-21,1790,155734
TAXIFY-1167,2025-02-22,1106,156840
TAXIFY-1167,2025-02-23,914,157754
TAXIFY-1167,2025-02-24,1758,159512
TAXIFY-1167,2025-02-25,1831,161343
TAXIFY-1167,2025-02-26,1947,163290
TAXIFY-1167,2025-02-27,1987,165277
TAXIFY-1167,2025-02-28,1623,166900
TAXIFY-1167,2025-03-01,1345,168245
TAXIFY-1167,2025-03-02,1217,169462
TAXIFY-1167,2025-03-03,2844,172306
TAXIFY-1167,2025-03-04,2482,174788
TAXIFY-1167,2025-03-05,2226,177014
TAXIFY-1167,2025-03-06,2583,179597
TAXIFY-1167,2025-03-07,2417,182014
TAXIFY-1167,2025-03-08,1379,183393
TAXIFY-1167,2025-03-09,1329,184722
TAXIFY-1167,2025-03-10,2461,187183
TAXIFY-1167,2025-03-11,2383,189566
TAXIFY-1167,2025-03-12,2364,191930
TAXIFY-1167,2025-03-13,2470,194400
TAXIFY-1167,2025-03-14,2874,197274
TAXIFY-1167,2025-03-15,1280,198554
TAXIFY-1167,2025-03-16,1393,199947
TAXIFY-1167,2025-03-17,2284,202231
TAXIFY-1167,2025-03-18,2193,204424
TAXIFY-1167,2025-03-19,2395,206819
TAXIFY-1167,2025-03-20,2727,209546
TAXIFY-1167,2025-03-21,2531,212077
TAXIFY-1167,2025-03-22,1388,213465
TAXIFY-1167,2025-03-23,1426,214891
TAXIFY-1167,2025-03-24,2393,217284
TAXIFY-1167,2025-03-25,2764,220048
TAXIFY-1167,2025-03-26,2879,222927
TAXIFY-1167,2025-03-27,2805,225732
TAXIFY-1167,2025-03-28,2261,227993
TAXIFY-1167,2025-03-29,1103,229096
TAXIFY-1167,2025-03-30,1249,230345
TAXIFY-1167,2025-03-31,2506,232851
TAXIFY-1167,2025-04-01,1975,234826
TAXIFY-1167,2025-04-02,1707,236533
TAXIFY-1167,2025-04-03,1912,238445
TAXIFY-1167,2025-04-04,1690,240135
TAXIFY-1167,2025-04-05,951,241086
TAXIFY-1167,2025-04-06,891,241977
TAXIFY-1167,2025-04-07,1904,243881
TAXIFY-1167,2025-04-08,1797,245678
TAXIFY-1167,2025-04-09,1524,247202
TAXIFY-1167,2025-04-10,1926,249128
TAXIFY-1167,2025-04-11,2024,251152
TAXIFY-1167,2025-04-12,863,252015
TAXIFY-1167,2025-04-13,985,253000
TAXIFY-1167,2025-04-14,1760,254760
TAXIFY-1167,2025-04-15,1651,256411
TAXIFY-1167,2025-04-16,1760,258171
TAXIFY-1167,2025-04-17,1823,259994
TAXIFY-1167,2025-04-18,1655,261649
TAXIFY-1167,2025-04-19,1025,262674
TAXIFY-1167,2025-04-20,812,263486
TAXIFY-1167,2025-04-21,1770,265256
TAXIFY-1167,2025-04-22,1714,266970
TAXIFY-1167,2025-04-23,2051,269021
TAXIFY-1167,2025-04-24,1627,270648
TAXIFY-1167,2025-04-25,1973,272621
TAXIFY-1167,2025-04-26,940,273561
TAXIFY-1167,2025-04-27,833,274394
TAXIFY-1167,2025-04-28,1799,276193
TAXIFY-1167,2025-04-29,1824,278017
TAXIFY-1167,2025-04-30,1937,279954
TAXIFY-1167,2025-05-01,877,280831
TAXIFY-1167,2025-05-02,972,281803
TAXIFY-1167,2025-05-03,464,282267
TAXIFY-1167,2025-05-04,479,282746
TAXIFY-1167,2025-05-05,860,283606
TAXIFY-1167,2025-05-06,907,284513
TAXIFY-1167,2025-05-07,933,285446
TAXIFY-1167,2025-05-08,931,286377
TAXIFY-1167,2025-05-09,922,287299
TAXIFY-1167,2025-05-10,540,287839
TAXIFY-1167,2025-05-11,484,288323
TAXIFY-1167,2025-05-12,979,289302
TAXIFY-1167,2025-05-13,943,290245
TAXIFY-1167,2025-05-14,965,291210
TAXIFY-1167,2025-05-15,940,292150
TAXIFY-1167,2025-05-16,1060,293210
TAXIFY-1167,2025-05-17,460,293670
TAXIFY-1167,2025-05-18,493,294163
TAXIFY-1167,2025-05-19,1079,295242
TAXIFY-1167,2025-05-20,973,296215
TAXIFY-1167,2025-05-21,904,297119
TAXIFY-1167,2025-05-22,871,297990
TAXIFY-1167,2025-05-23,888,298878
TAXIFY-1167,2025-05-24,477,299355
TAXIFY-1167,2025-05-25,528,299883
TAXIFY-1167,2025-05-26,970,300853
TAXIFY-1167,2025-05-27,896,301749
TAXIFY-1167,2025-05-28,902,302651
TAXIFY-1167,2025-05-29,914,303565
TAXIFY-1167,2025-05-30,826,304391
TAXIFY-1167,2025-05-31,445,304836
TAXIFY-1167,2025-06-01,355,305191
TAXIFY-1167,2025-06-02,905,306096
TAXIFY-1167,2025-06-03,795,306891
TAXIFY-1167,2025-06-04,676,307567
TAXIFY-1167,2025-06-05,647,308214
TAXIFY-1167,2025-06-06,663,308877
TAXIFY-1167,2025-06-07,412,309289
TAXIFY-1167,2025-06-08,330,309619
TAXIFY-1167,2025-06-09,835,310454
TAXIFY-1167,2025-06-10,754,311208
TAXIFY-1167,2025-06-11,725,311933
TAXIFY-1167,2025-06-12,672,312605
TAXIFY-1167,2025-06-13,815,313420
TAXIFY-1167,2025-06-14,386,313806
TAXIFY-1167,2025-06-15,396,314202
TAXIFY-1167,2025-06-16,724,314926
TAXIFY-1167,2025-06-17,779,315705
TAXIFY-1167,2025-06-18,828,316533
TAXIFY-1167,2025-06-19,775,317308
TAXIFY-1167,2025-06-20,677,317985
TAXIFY-1167,2025-06-21,385,318370
TAXIFY-1167,2025-06-22,392,318762
TAXIFY-1167,2025-06-23,839,319601
TAXIFY-1167,2025-06-24,775,320376
TAXIFY-1167,2025-06-25,805,321181
TAXIFY-1167,2025-06-26,776,321957
TAXIFY-1167,2025-06-27,677,322634
TAXIFY-1167,2025-06-28,366,323000
TAXIFY-1167,2025-06-29,386,323386
TAXIFY-1167,2025-06-30,700,324086
TAXIFY-1167,2025-07-01,642,324728
TAXIFY-1167,2025-07-02,687,325415
TAXIFY-1167,2025-07-03,663,326078
TAXIFY-1167,2025-07-04,762,326840
TAXIFY-1167,2025-07-05,405,327245
TAXIFY-1167,2025-07-06,378,327623
TAXIFY-1167,2025-07-07,672,328295
TAXIFY-1167,2025-07-08,771,329066
TAXIFY-1167,2025-07-09,724,329790
TAXIFY-1167,2025-07-10,837,330627
TAXIFY-1167,2025-07-11,720,331347
TAXIFY-1167,2025-07-12,348,331695
TAXIFY-1167,2025-07-13,388,332083
TAXIFY-1167,2025-07-14,712,332795
TAXIFY-1167,2025-07-15,744,333539
TAXIFY-1167,2025-07-16,648,334187
TAXIFY-1167,2025-07-17,712,334899
TAXIFY-1167,2025-07-18,750,335649
TAXIFY-1167,2025-07-19,380,336029
TAXIFY-1167,2025-07-20,356,336385
TAXIFY-1167,2025-07-21,817,337202
TAXIFY-1167,2025-07-22,681,337883
TAXIFY-1167,2025-07-23,781,338664
TAXIFY-1167,2025-07-24,815,339479
TAXIFY-1167,2025-07-25,730,340209
TAXIFY-1167,2025-07-26,449,340658
TAXIFY-1167,2025-07-27,338,340996
TAXIFY-1167,2025-07-28,721,341717
TAXIFY-1167,2025-07-29,744,342461
TAXIFY-1167,2025-07-30,753,343214
TAXIFY-1167,2025-07-31,767,343981
TAXIFY-1167,2025-08-01,715,344696
TAXIFY-1167,2025-08-02,386,345082
TAXIFY-1167,2025-08-03,391,345473
TAXIFY-1167,2025-08-04,685,346158
TAXIFY-1167,2025-08-05,779,346937
TAXIFY-1167,2025-08-06,768,347705
TAXIFY-1167,2025-08-07,795,348500
TAXIFY-1167,2025-08-08,726,349226
TAXIFY-1167,2025-08-09,301,349527
TAXIFY-1167,2025-08-10,299,349826
TAXIFY-1167,2025-08-11,743,350569
TAXIFY-1167,2025-08-12,701,351270
TAXIFY-1167,2025-08-13,768,352038
TAXIFY-1167,2025-08-14,735,352773
TAXIFY-1167,2025-08-15,725,353498
TAXIFY-1167,2025-08-16,390,353888
TAXIFY-1167,2025-08-17,372,354260
TAXIFY-1167,2025-08-18,730,354990
TAXIFY-1167,2025-08-19,676,355666
TAXIFY-1167,2025-08-20,688,356354
TAXIFY-1167,2025-08-21,753,357107
TAXIFY-1167,2025-08-22,765,357872
TAXIFY-1167,2025-08-23,421,358293
TAXIFY-1167,2025-08-24,391,358684
TAXIFY-1167,2025-08-25,702,359386
TAXIFY-1167,2025-08-26,795,360181
TAXIFY-1167,2025-08-27,827,361008
TAXIFY-1167,2025-08-28,781,361789
TAXIFY-1167,2025-08-29,683,362472
TAXIFY-1167,2025-08-30,427,362899
TAXIFY-1167,2025-08-31,437,363336
TAXIFY-1168,2024-09-01,144,144
TAXIFY-1168,2024-09-02,350,494
TAXIFY-1168,2024-09-03,333,827
TAXIFY-1168,2024-09-04,398,1225
TAXIFY-1168,2024-09-05,360,1585
TAXIFY-1168,2024-09-06,339,1924
TAXIFY-1168,2024-09-07,168,2092
TAXIFY-1168,2024-09-08,162,2254
TAXIFY-1168,2024-09-09,437,2691
TAXIFY-1168,2024-09-10,353,3044
TAXIFY-1168,2024-09-11,343,3387
TAXIFY-1168,2024-09-12,301,3688
TAXIFY-1168,2024-09-13,366,4054
TAXIFY-1168,2024-09-14,160,4214
TAXIFY-1168,2024-09-15,185,4399
TAXIFY-1168,2024-09-16,337,4736
TAXIFY-1168,2024-09-17,396,5132
TAXIFY-1168,2024-09-18,331,5463
TAXIFY-1168,2024-09-19,349,5812
TAXIFY-1168,2024-09-20,381,6193
TAXIFY-1168,2024-09-21,189,6382
TAXIFY-1168,2024-09-22,183,6565
TAXIFY-1168,2024-09-23,366,6931
TAXIFY-1168,2024-09-24,344,7275
TAXIFY-1168,2024-09-25,324,7599
TAXIFY-1168,2024-09-26,350,7949
TAXIFY-1168,2024-09-27,344,8293
TAXIFY-1168,2024-09-28,182,8475
TAXIFY-1168,2024-09-29,184,8659
TAXIFY-1168,2024-09-30,348,9007
TAXIFY-1168,2024-10-01,374,9381
TAXIFY-1168,2024-10-02,356,9737
TAXIFY-1168,2024-10-03,363,10100
TAXIFY-1168,2024-10-04,352,10452
TAXIFY-1168,2024-10-05,184,10636
TAXIFY-1168,2024-10-06,174,10810
TAXIFY-1168,2024-10-07,337,11147
TAXIFY-1168,2024-10-08,369,11516
TAXIFY-1168,2024-10-09,347,11863
TAXIFY-1168,2024-10-10,360,12223
TAXIFY-1168,2024-10-11,363,12586
TAXIFY-1168,2024-10-12,155,12741
TAXIFY-1168,2024-10-13,170,12911
TAXIFY-1168,2024-10-14,318,13229
TAXIFY-1168,2024-10-15,359,13588
TAXIFY-1168,2024-10-16,317,13905
TAXIFY-1168,2024-10-17,315,14220
TAXIFY-1168,2024-10-18,367,14587
TAXIFY-1168,2024-10-19,190,14777
TAXIFY-1168,2024-10-20,163,14940
TAXIFY-1168,2024-10-21,350,15290
TAXIFY-1168,2024-10-22,328,15618
TAXIFY-1168,2024-10-23,333,15951
TAXIFY-1168,2024-10-24,306,16257
TAXIFY-1168,2024-10-25,361,16618
TAXIFY-1168,2024-10-26,172,16790
TAXIFY-1168,2024-10-27,171,16961
TAXIFY-1168,2024-10-28,371,17332
TAXIFY-1168,2024-10-29,386,17718
TAXIFY-1168,2024-10-30,317,18035
TAXIFY-1168,2024-10-31,372,18407
TAXIFY-1168,2024-11-01,345,18752
TAXIFY-1168,2024-11-02,168,18920
TAXIFY-1168,2024-11-03,192,19112
TAXIFY-1168,2024-11-04,337,19449
TAXIFY-1168,2024-11-05,350,19799
TAXIFY-1168,2024-11-06,352,20151
TAXIFY-1168,2024-11-07,367,20518
TAXIFY-1168,2024-11-08,341,20859
TAXIFY-1168,2024-11-09,169,21028
TAXIFY-1168,2024-11-10,204,21232
TAXIFY-1168,2024-11-11,344,21576
TAXIFY-1168,2024-11-12,287,21863
TAXIFY-1168,2024-11-13,331,22194
TAXIFY-1168,2024-11-14,355,22549
TAXIFY-1168,2024-11-15,361,22910
TAXIFY-1168,2024-11-16,200,23110
TAXIFY-1168,2024-11-17,164,23274
TAXIFY-1168,2024-11-18,337,23611
TAXIFY-1168,2024-11-19,387,23998
TAXIFY-1168,2024-11-20,415,24413
TAXIFY-1168,2024-11-21,342,24755
TAXIFY-1168,2024-11-22,322,25077
TAXIFY-1168,2024-11-23,183,25260
TAXIFY-1168,2024-11-24,152,25412
TAXIFY-1168,2024-11-25,352,25764
TAXIFY-1168,2024-11-26,352,26116
TAXIFY-1168,2024-11-27,377,26493
TAXIFY-1168,2024-11-28,322,26815
TAXIFY-1168,2024-11-29,342,27157
TAXIFY-1168,2024-11-30,194,27351
TAXIFY-1168,2024-12-01,169,27520
TAXIFY-1168,2024-12-02,342,27862
TAXIFY-1168,2024-12-03,333,28195
TAXIFY-1168,2024-12-04,321,28516
TAXIFY-1168,2024-12-05,369,28885
TAXIFY-1168,2024-12-06,329,29214
TAXIFY-1168,2024-12-07,151,29365
TAXIFY-1168,2024-12-08,163,29528
TAXIFY-1168,2024-12-09,319,29847
TAXIFY-1168,2024-12-10,416,30263
TAXIFY-1168,2024-12-11,350,30613
TAXIFY-1168,2024-12-12,373,30986
TAXIFY-1168,2024-12-13,326,31312
TAXIFY-1168,2024-12-14,180,31492
TAXIFY-1168,2024-12-15,177,31669
TAXIFY-1168,2024-12-16,289,31958
TAXIFY-1168,2024-12-17,331,32289
TAXIFY-1168,2024-12-18,314,32603
TAXIFY-1168,2024-12-19,313,32916
TAXIFY-1168,2024-12-20,348,33264
TAXIFY-1168,2024-12-21,169,33433
TAXIFY-1168,2024-12-22,185,33618
TAXIFY-1168,2024-12-23,319,33937
TAXIFY-1168,2024-12-24,360,34297
TAXIFY-1168,2024-12-25,375,34672
TAXIFY-1168,2024-12-26,311,34983
TAXIFY-1168,2024-12-27,344,35327
TAXIFY-1168,2024-12-28,193,35520
TAXIFY-1168,2024-12-29,178,35698
TAXIFY-1168,2024-12-30,316,36014
TAXIFY-1168,2024-12-31,316,36330
TAXIFY-1168,2025-01-01,351,36681
TAXIFY-1168,2025-01-02,370,37051
TAXIFY-1168,2025-01-03,370,37421
TAXIFY-1168,2025-01-04,182,37603
TAXIFY-1168,2025-01-05,171,37774
TAXIFY-1168,2025-01-06,338,38112
TAXIFY-1168,2025-01-07,299,38411
TAXIFY-1168,2025-01-08,353,38764
TAXIFY-1168,2025-01-09,348,39112
TAXIFY-1168,2025-01-10,350,39462
TAXIFY-1168,2025-01-11,195,39657
TAXIFY-1168,2025-01-12,171,39828
TAXIFY-1168,2025-01-13,346,40174
TAXIFY-1168,2025-01-14,318,40492
TAXIFY-1168,2025-01-15,366,40858
TAXIFY-1168,2025-01-16,339,41197
TAXIFY-1168,2025-01-17,425,41622
TAXIFY-1168,2025-01-18,187,41809
TAXIFY-1168,2025-01-19,207,42016
TAXIFY-1168,2025-01-20,341,42357
TAXIFY-1168,2025-01-21,340,42697
TAXIFY-1168,2025-01-22,377,43074
TAXIFY-1168,2025-01-23,362,43436
TAXIFY-1168,2025-01-24,379,43815
TAXIFY-1168,2025-01-25,182,43997
TAXIFY-1168,2025-01-26,173,44170
TAXIFY-1168,2025-01-27,356,44526
TAXIFY-1168,2025-01-28,335,44861
TAXIFY-1168,2025-01-29,306,45167
TAXIFY-1168,2025-01-30,364,45531
TAXIFY-1168,2025-01-31,384,45915
TAXIFY-1168,2025-02-01,342,46257
TAXIFY-1168,2025-02-02,339,46596
TAXIFY-1168,2025-02-03,709,47305
TAXIFY-1168,2025-02-04,712,48017
TAXIFY-1168,2025-02-05,766,48783
TAXIFY-1168,2025-02-06,741,49524
TAXIFY-1168,2025-02-07,655,50179
TAXIFY-1168,2025-02-08,314,50493
TAXIFY-1168,2025-02-09,357,50850
TAXIFY-1168,2025-02-10,778,51628
TAXIFY-1168,2025-02-11,783,52411
TAXIFY-1168,2025-02-12,597,53008
TAXIFY-1168,2025-02-13,735,53743
TAXIFY-1168,2025-02-14,708,54451
TAXIFY-1168,2025-02-15,299,54750
TAXIFY-1168,2025-02-16,374,55124
TAXIFY-1168,2025-02-17,793,55917
TAXIFY-1168,2025-02-18,742,56659
TAXIFY-1168,2025-02-19,800,57459
TAXIFY-1168,2025-02-20,730,58189
TAXIFY-1168,2025-02-21,693,58882
TAXIFY-1168,2025-02-22,364,59246
TAXIFY-1168,2025-02-23,326,59572
TAXIFY-1168,2025-02-24,665,60237
TAXIFY-1168,2025-02-25,720,60957
TAXIFY-1168,2025-02-26,693,61650
TAXIFY-1168,2025-02-27,810,62460
TAXIFY-1168,2025-02-28,694,63154
TAXIFY-1168,2025-03-01,494,63648
TAXIFY-1168,2025-03-02,503,64151
TAXIFY-1168,2025-03-03,1055,65206
TAXIFY-1168,2025-03-04,862,66068
TAXIFY-1168,2025-03-05,1106,67174
TAXIFY-1168,2025-03-06,1056,68230
TAXIFY-1168,2025-03-07,1029,69259
TAXIFY-1168,2025-03-08,615,69874
TAXIFY-1168,2025-03-09,480,70354
TAXIFY-1168,2025-03-10,941,71295
TAXIFY-1168,2025-03-11,896,72191
TAXIFY-1168,2025-03-12,1152,73343
TAXIFY-1168,2025-03-13,956,74299
TAXIFY-1168,2025-03-14,1174,75473
TAXIFY-1168,2025-03-15,518,75991
TAXIFY-1168,2025-03-16,507,76498
TAXIFY-1168,2025-03-17,1013,77511
TAXIFY-1168,2025-03-18,903,78414
TAXIFY-1168,2025-03-19,1033,79447
TAXIFY-1168,2025-03-20,1019,80466
TAXIFY-1168,2025-03-21,1100,81566
TAXIFY-1168,2025-03-22,520,82086
TAXIFY-1168,2025-03-23,497,82583
TAXIFY-1168,2025-03-24,939,83522
TAXIFY-1168,2025-03-25,1030,84552
TAXIFY-1168,2025-03-26,983,85535
TAXIFY-1168,2025-03-27,1019,86554
TAXIFY-1168,2025-03-28,961,87515
TAXIFY-1168,2025-03-29,493,88008
TAXIFY-1168,2025-03-30,444,88452
TAXIFY-1168,2025-03-31,924,89376
TAXIFY-1168,2025-04-01,610,89986
TAXIFY-1168,2025-04-02,685,90671
TAXIFY-1168,2025-04-03,640,91311
TAXIFY-1168,2025-04-04,696,92007
TAXIFY-1168,2025-04-05,356,92363
TAXIFY-1168,2025-04-06,363,92726
TAXIFY-1168,2025-04-07,596,93322
TAXIFY-1168,2025-04-08,661,93983
TAXIFY-1168,2025-04-09,730,94713
TAXIFY-1168,2025-04-10,726,95439
TAXIFY-1168,2025-04-11,728,96167
TAXIFY-1168,2025-04-12,383,96550
TAXIFY-1168,2025-04-13,323,96873
TAXIFY-1168,2025-04-14,652,97525
TAXIFY-1168,2025-04-15,675,98200
TAXIFY-1168,2025-04-16,682,98882
TAXIFY-1168,2025-04-17,764,99646
TAXIFY-1168,2025-04-18,688,100334
TAXIFY-1168,2025-04-19,365,100699
TAXIFY-1168,2025-04-20,327,101026
TAXIFY-1168,2025-04-21,759,101785
TAXIFY-1168,2025-04-22,650,102435
TAXIFY-1168,2025-04-23,670,103105
TAXIFY-1168,2025-04-24,678,103783
TAXIFY-1168,2025-04-25,786,104569
TAXIFY-1168,2025-04-26,382,104951
TAXIFY-1168,2025-04-27,354,105305
TAXIFY-1168,2025-04-28,629,105934
TAXIFY-1168,2025-04-29,726,106660
TAXIFY-1168,2025-04-30,747,107407
TAXIFY-1168,2025-05-01,386,107793
TAXIFY-1168,2025-05-02,379,108172
TAXIFY-1168,2025-05-03,160,108332
TAXIFY-1168,2025-05-04,168,108500
TAXIFY-1168,2025-05-05,375,108875
TAXIFY-1168,2025-05-06,369,109244
TAXIFY-1168,2025-05-07,356,109600
TAXIFY-1168,2025-05-08,358,109958
TAXIFY-1168,2025-05-09,340,110298
TAXIFY-1168,2025-05-10,146,110444
TAXIFY-1168,2025-05-11,179,110623
TAXIFY-1168,2025-05-12,395,111018
TAXIFY-1168,2025-05-13,371,111389
TAXIFY-1168,2025-05-14,355,111744
TAXIFY-1168,2025-05-15,335,112079
TAXIFY-1168,2025-05-16,375,112454
TAXIFY-1168,2025-05-17,168,112622
TAXIFY-1168,2025-05-18,211,112833
TAXIFY-1168,2025-05-19,363,113196
TAXIFY-1168,2025-05-20,347,113543
TAXIFY-1168,2025-05-21,384,113927
TAXIFY-1168,2025-05-22,366,114293
TAXIFY-1168,2025-05-23,314,114607
TAXIFY-1168,2025-05-24,173,114780
TAXIFY-1168,2025-05-25,180,114960
TAXIFY-1168,2025-05-26,364,115324
TAXIFY-1168,2025-05-27,331,115655
TAXIFY-1168,2025-05-28,372,116027
TAXIFY-1168,2025-05-29,296,116323
TAXIFY-1168,2025-05-30,359,116682
TAXIFY-1168,2025-05-31,185,116867
TAXIFY-1168,2025-06-01,167,117034
TAXIFY-1168,2025-06-02,292,117326
TAXIFY-1168,2025-06-03,256,117582
TAXIFY-1168,2025-06-04,289,117871
TAXIFY-1168,2025-06-05,253,118124
TAXIFY-1168,2025-06-06,299,118423
TAXIFY-1168,2025-06-07,149,118572
TAXIFY-1168,2025-06-08,132,118704
TAXIFY-1168,2025-06-09,249,118953
TAXIFY-1168,2025-06-10,351,119304
TAXIFY-1168,2025-06-11,274,119578
TAXIFY-1168,2025-06-12,285,119863
TAXIFY-1168,2025-06-13,289,120152
TAXIFY-1168,2025-06-14,139,120291
TAXIFY-1168,2025-06-15,144,120435
TAXIFY-1168,2025-06-16,297,120732
TAXIFY-1168,2025-06-17,317,121049
TAXIFY-1168,2025-06-18,260,121309
TAXIFY-1168,2025-06-19,267,121576
TAXIFY-1168,2025-06-20,287,121863
TAXIFY-1168,2025-06-21,158,122021
TAXIFY-1168,2025-06-22,121,122142
TAXIFY-1168,2025-06-23,290,122432
TAXIFY-1168,2025-06-24,305,122737
TAXIFY-1168,2025-06-25,321,123058
TAXIFY-1168,2025-06-26,310,123368
TAXIFY-1168,2025-06-27,272,123640
TAXIFY-1168,2025-06-28,153,123793
TAXIFY-1168,2025-06-29,122,123915
TAXIFY-1168,2025-06-30,313,124228
TAXIFY-1168,2025-07-01,308,124536
TAXIFY-1168,2025-07-02,274,124810
TAXIFY-1168,2025-07-03,290,125100
TAXIFY-1168,2025-07-04,276,125376
TAXIFY-1168,2025-07-05,137,125513
TAXIFY-1168,2025-07-06,150,125663
TAXIFY-1168,2025-07-07,299,125962
TAXIFY-1168,2025-07-08,282,126244
TAXIFY-1168,2025-07-09,291,126535
TAXIFY-1168,2025-07-10,334,126869
TAXIFY-1168,2025-07-11,298,127167
TAXIFY-1168,2025-07-12,133,127300
TAXIFY-1168,2025-07-13,143,127443
TAXIFY-1168,2025-07-14,218,127661
TAXIFY-1168,2025-07-15,296,127957
TAXIFY-1168,2025-07-16,272,128229
TAXIFY-1168,2025-07-17,244,128473
TAXIFY-1168,2025-07-18,301,128774
TAXIFY-1168,2025-07-19,146,128920
TAXIFY-1168,2025-07-20,145,129065
TAXIFY-1168,2025-07-21,313,129378
TAXIFY-1168,2025-07-22,289,129667
TAXIFY-1168,2025-07-23,296,129963
TAXIFY-1168,2025-07-24,274,130237
TAXIFY-1168,2025-07-25,307,130544
TAXIFY-1168,2025-07-26,136,130680
TAXIFY-1168,2025-07-27,143,130823
TAXIFY-1168,2025-07-28,285,131108
TAXIFY-1168,2025-07-29,292,131400
TAXIFY-1168,2025-07-30,281,131681
TAXIFY-1168,2025-07-31,308,131989
TAXIFY-1168,2025-08-01,282,132271
TAXIFY-1168,2025-08-02,135,132406
TAXIFY-1168,2025-08-03,138,132544
TAXIFY-1168,2025-08-04,285,132829
TAXIFY-1168,2025-08-05,288,133117
TAXIFY-1168,2025-08-06,261,133378
TAXIFY-1168,2025-08-07,280,133658
TAXIFY-1168,2025-08-08,306,133964
TAXIFY-1168,2025-08-09,136,134100
TAXIFY-1168,2025-08-10,155,134255
TAXIFY-1168,2025-08-11,278,134533
TAXIFY-1168,2025-08-12,286,134819
TAXIFY-1168,2025-08-13,298,135117
TAXIFY-1168,2025-08-14,342,135459
TAXIFY-1168,2025-08-15,276,135735
TAXIFY-1168,2025-08-16,136,135871
TAXIFY-1168,2025-08-17,158,136029
TAXIFY-1168,2025-08-18,280,136309
TAXIFY-1168,2025-08-19,288,136597
TAXIFY-1168,2025-08-20,292,136889
TAXIFY-1168,2025-08-21,269,137158
TAXIFY-1168,2025-08-22,275,137433
TAXIFY-1168,2025-08-23,117,137550
TAXIFY-1168,2025-08-24,145,137695
TAXIFY-1168,2025-08-25,236,137931
TAXIFY-1168,2025-08-26,310,138241
TAXIFY-1168,2025-08-27,299,138540
TAXIFY-1168,2025-08-28,277,138817
TAXIFY-1168,2025-08-29,310,139127
TAXIFY-1168,2025-08-30,154,139281
TAXIFY-1168,2025-08-31,137,139418
TAXIFY-1169,2024-09-01,226,226
TAXIFY-1169,2024-09-02,507,733
TAXIFY-1169,2024-09-03,552,1285
TAXIFY-1169,2024-09-04,510,1795
TAXIFY-1169,2024-09-05,491,2286
TAXIFY-1169,2024-09-06,488,2774
TAXIFY-1169,2024-09-07,244,3018
TAXIFY-1169,2024-09-08,206,3224
TAXIFY-1169,2024-09-09,545,3769
TAXIFY-1169,2024-09-10,602,4371
TAXIFY-1169,2024-09-11,448,4819
TAXIFY-1169,2024-09-12,477,5296
TAXIFY-1169,2024-09-13,468,5764
TAXIFY-1169,2024-09-14,219,5983
TAXIFY-1169,2024-09-15,249,6232
TAXIFY-1169,2024-09-16,510,6742
TAXIFY-1169,2024-09-17,513,7255
TAXIFY-1169,2024-09-18,484,7739
TAXIFY-1169,2024-09-19,603,8342
TAXIFY-1169,2024-09-20,495,8837
TAXIFY-1169,2024-09-21,248,9085
TAXIFY-1169,2024-09-22,225,9310
TAXIFY-1169,2024-09-23,483,9793
TAXIFY-1169,2024-09-24,477,10270
TAXIFY-1169,2024-09-25,455,10725
TAXIFY-1169,2024-09-26,527,11252
TAXIFY-1169,2024-09-27,465,11717
TAXIFY-1169,2024-09-28,239,11956
TAXIFY-1169,2024-09-29,264,12220
TAXIFY-1169,2024-09-30,486,12706
TAXIFY-1169,2024-10-01,527,13233
TAXIFY-1169,2024-10-02,464,13697
TAXIFY-1169,2024-10-03,428,14125
TAXIFY-1169,2024-10-04,502,14627
TAXIFY-1169,2024-10-05,271,14898
TAXIFY-1169,2024-10-06,269,15167
TAXIFY-1169,2024-10-07,508,15675
TAXIFY-1169,2024-10-08,503,16178
TAXIFY-1169,2024-10-09,504,16682
TAXIFY-1169,2024-10-10,399,17081
TAXIFY-1169,2024-10-11,502,17583
TAXIFY-1169,2024-10-12,237,17820
TAXIFY-1169,2024-10-13,276,18096
TAXIFY-1169,2024-10-14,489,18585
TAXIFY-1169,2024-10-15,503,19088
TAXIFY-1169,2024-10-16,447,19535
TAXIFY-1169,2024-10-17,533,20068
TAXIFY-1169,2024-10-18,499,20567
TAXIFY-1169,2024-10-19,249,20816
TAXIFY-1169,2024-10-20,302,21118
TAXIFY-1169,2024-10-21,509,21627
TAXIFY-1169,2024-10-22,580,22207
TAXIFY-1169,2024-10-23,403,22610
TAXIFY-1169,2024-10-24,514,23124
TAXIFY-1169,2024-10-25,517,23641
TAXIFY-1169,2024-10-26,224,23865
TAXIFY-1169,2024-10-27,252,24117
TAXIFY-1169,2024-10-28,460,24577
TAXIFY-1169,2024-10-29,485,25062
TAXIFY-1169,2024-10-30,475,25537
TAXIFY-1169,2024-10-31,471,26008
TAXIFY-1169,2024-11-01,465,26473
TAXIFY-1169,2024-11-02,208,26681
TAXIFY-1169,2024-11-03,244,26925
TAXIFY-1169,2024-11-04,512,27437
TAXIFY-1169,2024-11-05,514,27951
TAXIFY-1169,2024-11-06,396,28347
TAXIFY-1169,2024-11-07,443,28790
TAXIFY-1169,2024-11-08,528,29318
TAXIFY-1169,2024-11-09,220,29538
TAXIFY-1169,2024-11-10,267,29805
TAXIFY-1169,2024-11-11,541,30346
TAXIFY-1169,2024-11-12,544,30890
TAXIFY-1169,2024-11-13,407,31297
TAXIFY-1169,2024-11-14,530,31827
TAXIFY-1169,2024-11-15,503,32330
TAXIFY-1169,2024-11-16,234,32564
TAXIFY-1169,2024-11-17,253,32817
TAXIFY-1169,2024-11-18,488,33305
TAXIFY-1169,2024-11-19,404,33709
TAXIFY-1169,2024-11-20,426,34135
TAXIFY-1169,2024-11-21,452,34587
TAXIFY-1169,2024-11-22,529,35116
TAXIFY-1169,2024-11-23,261,35377
TAXIFY-1169,2024-11-24,248,35625
TAXIFY-1169,2024-11-25,445,36070
TAXIFY-1169,2024-11-26,447,36517
TAXIFY-1169,2024-11-27,475,36992
TAXIFY-1169,2024-11-28,560,37552
TAXIFY-1169,2024-11-29,455,38007
TAXIFY-1169,2024-11-30,224,38231
TAXIFY-1169,2024-12-01,255,38486
TAXIFY-1169,2024-12-02,533,39019
TAXIFY-1169,2024-12-03,476,39495
TAXIFY-1169,2024-12-04,545,40040
TAXIFY-1169,2024-12-05,488,40528
TAXIFY-1169,2024-12-06,478,41006
TAXIFY-1169,2024-12-07,221,41227
TAXIFY-1169,2024-12-08,259,41486
TAXIFY-1169,2024-12-09,441,41927
TAXIFY-1169,2024-12-10,420,42347
TAXIFY-1169,2024-12-11,490,42837
TAXIFY-1169,2024-12-12,453,43290
TAXIFY-1169,2024-12-13,464,43754
TAXIFY-1169,2024-12-14,266,44020
TAXIFY-1169,2024-12-15,255,44275
TAXIFY-1169,2024-12-16,533,44808
TAXIFY-1169,2024-12-17,498,45306
TAXIFY-1169,2024-12-18,387,45693
TAXIFY-1169,2024-12-19,482,46175
TAXIFY-1169,2024-12-20,526,46701
TAXIFY-1169,2024-12-21,269,46970
TAXIFY-1169,2024-12-22,260,47230
TAXIFY-1169,2024-12-23,514,47744
TAXIFY-1169,2024-12-24,524,48268
TAXIFY-1169,2024-12-25,568,48836
TAXIFY-1169,2024-12-26,493,49329
TAXIFY-1169,2024-12-27,491,49820
TAXIFY-1169,2024-12-28,259,50079
TAXIFY-1169,2024-12-29,227,50306
TAXIFY-1169,2024-12-30,534,50840
TAXIFY-1169,2024-12-31,464,51304
TAXIFY-1169,2025-01-01,498,51802
TAXIFY-1169,2025-01-02,395,52197
TAXIFY-1169,2025-01-03,472,52669
TAXIFY-1169,2025-01-04,233,52902
TAXIFY-1169,2025-01-05,237,53139
TAXIFY-1169,2025-01-06,513,53652
TAXIFY-1169,2025-01-07,485,54137
TAXIFY-1169,2025-01-08,436,54573
TAXIFY-1169,2025-01-09,495,55068
TAXIFY-1169,2025-01-10,472,55540
TAXIFY-1169,2025-01-11,261,55801
TAXIFY-1169,2025-01-12,247,56048
TAXIFY-1169,2025-01-13,524,56572
TAXIFY-1169,2025-01-14,462,57034
TAXIFY-1169,2025-01-15,535,57569
TAXIFY-1169,2025-01-16,511,58080
TAXIFY-1169,2025-01-17,526,58606
TAXIFY-1169,2025-01-18,236,58842
TAXIFY-1169,2025-01-19,243,59085
TAXIFY-1169,2025-01-20,487,59572
TAXIFY-1169,2025-01-21,474,60046
TAXIFY-1169,2025-01-22,466,60512
TAXIFY-1169,2025-01-23,444,60956
TAXIFY-1169,2025-01-24,461,61417
TAXIFY-1169,2025-01-25,242,61659
TAXIFY-1169,2025-01-26,214,61873
TAXIFY-1169,2025-01-27,537,62410
TAXIFY-1169,2025-01-28,548,62958
TAXIFY-1169,2025-01-29,465,63423
TAXIFY-1169,2025-01-30,528,63951
TAXIFY-1169,2025-01-31,469,64420
TAXIFY-1169,2025-02-01,448,64868
TAXIFY-1169,2025-02-02,524,65392
TAXIFY-1169,2025-02-03,1094,66486
TAXIFY-1169,2025-02-04,971,67457
TAXIFY-1169,2025-02-05,1043,68500
TAXIFY-1169,2025-02-06,750,69250
TAXIFY-1169,2025-02-07,917,70167
TAXIFY-1169,2025-02-08,515,70682
TAXIFY-1169,2025-02-09,538,71220
TAXIFY-1169,2025-02-10,992,72212
TAXIFY-1169,2025-02-11,951,73163
TAXIFY-1169,2025-02-12,1025,74188
TAXIFY-1169,2025-02-13,999,75187
TAXIFY-1169,2025-02-14,938,76125
TAXIFY-1169,2025-02-15,425,76550
TAXIFY-1169,2025-02-16,474,77024
TAXIFY-1169,2025-02-17,1014,78038
TAXIFY-1169,2025-02-18,973,79011
TAXIFY-1169,2025-02-19,1105,80116
TAXIFY-1169,2025-02-20,1051,81167
TAXIFY-1169,2025-02-21,888,82055
TAXIFY-1169,2025-02-22,464,82519
TAXIFY-1169,2025-02-23,414,82933
TAXIFY-1169,2025-02-24,932,83865
TAXIFY-1169,2025-02-25,837,84702
TAXIFY-1169,2025-02-26,1052,85754
TAXIFY-1169,2025-02-27,973,86727
TAXIFY-1169,2025-02-28,1126,87853
TAXIFY-1169,2025-03-01,607,88460
TAXIFY-1169,2025-03-02,628,89088
TAXIFY-1169,2025-03-03,1365,90453
TAXIFY-1169,2025-03-04,1291,91744
TAXIFY-1169,2025-03-05,1296,93040
TAXIFY-1169,2025-03-06,1296,94336
TAXIFY-1169,2025-03-07,1412,95748
TAXIFY-1169,2025-03-08,682,96430
TAXIFY-1169,2025-03-09,671,97101
TAXIFY-1169,2025-03-10,1209,98310
TAXIFY-1169,2025-03-11,1300,99610
TAXIFY-1169,2025-03-12,1211,100821
TAXIFY-1169,2025-03-13,1408,102229
TAXIFY-1169,2025-03-14,1514,103743
TAXIFY-1169,2025-03-15,664,104407
TAXIFY-1169,2025-03-16,543,104950
TAXIFY-1169,2025-03-17,1282,106232
TAXIFY-1169,2025-03-18,1304,107536
TAXIFY-1169,2025-03-19,1448,108984
TAXIFY-1169,2025-03-20,1313,110297
TAXIFY-1169,2025-03-21,1556,111853
TAXIFY-1169,2025-03-22,556,112409
TAXIFY-1169,2025-03-23,603,113012
TAXIFY-1169,2025-03-24,1478,114490
TAXIFY-1169,2025-03-25,1405,115895
TAXIFY-1169,2025-03-26,1474,117369
TAXIFY-1169,2025-03-27,1381,118750
TAXIFY-1169,2025-03-28,1484,120234
TAXIFY-1169,2025-03-29,736,120970
TAXIFY-1169,2025-03-30,664,121634
TAXIFY-1169,2025-03-31,1366,123000
TAXIFY-1169,2025-04-01,848,123848
TAXIFY-1169,2025-04-02,1036,124884
TAXIFY-1169,2025-04-03,925,125809
TAXIFY-1169,2025-04-04,1038,126847
TAXIFY-1169,2025-04-05,503,127350
TAXIFY-1169,2025-04-06,487,127837
TAXIFY-1169,2025-04-07,1066,128903
TAXIFY-1169,2025-04-08,967,129870
TAXIFY-1169,2025-04-09,1070,130940
TAXIFY-1169,2025-04-10,939,131879
TAXIFY-1169,2025-04-11,1080,132959
TAXIFY-1169,2025-04-12,526,133485
TAXIFY-1169,2025-04-13,457,133942
TAXIFY-1169,2025-04-14,1000,134942
TAXIFY-1169,2025-04-15,767,135709
TAXIFY-1169,2025-04-16,964,136673
TAXIFY-1169,2025-04-17,880,137553
TAXIFY-1169,2025-04-18,995,138548
TAXIFY-1169,2025-04-19,554,139102
TAXIFY-1169,2025-04-20,619,139721
TAXIFY-1169,2025-04-21,1046,140767
TAXIFY-1169,2025-04-22,1014,141781
TAXIFY-1169,2025-04-23,950,142731
TAXIFY-1169,2025-04-24,868,143599
TAXIFY-1169,2025-04-25,922,144521
TAXIFY-1169,2025-04-26,467,144988
TAXIFY-1169,2025-04-27,532,145520
TAXIFY-1169,2025-04-28,769,146289
TAXIFY-1169,2025-04-29,988,147277
TAXIFY-1169,2025-04-30,1020,148297
TAXIFY-1169,2025-05-01,552,148849
TAXIFY-1169,2025-05-02,453,149302
TAXIFY-1169,2025-05-03,240,149542
TAXIFY-1169,2025-05-04,256,149798
TAXIFY-1169,2025-05-05,462,150260
TAXIFY-1169,2025-05-06,490,150750
TAXIFY-1169,2025-05-07,473,151223
TAXIFY-1169,2025-05-08,461,151684
TAXIFY-1169,2025-05-09,546,152230
TAXIFY-1169,2025-05-10,270,152500
TAXIFY-1169,2025-05-11,259,152759
TAXIFY-1169,2025-05-12,481,153240
TAXIFY-1169,2025-05-13,508,153748
TAXIFY-1169,2025-05-14,512,154260
TAXIFY-1169,2025-05-15,562,154822
TAXIFY-1169,2025-05-16,400,155222
TAXIFY-1169,2025-05-17,223,155445
TAXIFY-1169,2025-05-18,243,155688
TAXIFY-1169,2025-05-19,500,156188
TAXIFY-1169,2025-05-20,444,156632
TAXIFY-1169,2025-05-21,499,157131
TAXIFY-1169,2025-05-22,443,157574
TAXIFY-1169,2025-05-23,380,157954
TAXIFY-1169,2025-05-24,229,158183
TAXIFY-1169,2025-05-25,259,158442
TAXIFY-1169,2025-05-26,493,158935
TAXIFY-1169,2025-05-27,418,159353
TAXIFY-1169,2025-05-28,503,159856
TAXIFY-1169,2025-05-29,555,160411
TAXIFY-1169,2025-05-30,516,160927
TAXIFY-1169,2025-05-31,268,161195
TAXIFY-1169,2025-06-01,200,161395
TAXIFY-1169,2025-06-02,412,161807
TAXIFY-1169,2025-06-03,370,162177
TAXIFY-1169,2025-06-04,385,162562
TAXIFY-1169,2025-06-05,358,162920
TAXIFY-1169,2025-06-06,392,163312
TAXIFY-1169,2025-06-07,183,163495
TAXIFY-1169,2025-06-08,170,163665
TAXIFY-1169,2025-06-09,381,164046
TAXIFY-1169,2025-06-10,367,164413
TAXIFY-1169,2025-06-11,374,164787
TAXIFY-1169,2025-06-12,426,165213
TAXIFY-1169,2025-06-13,398,165611
TAXIFY-1169,2025-06-14,194,165805
TAXIFY-1169,2025-06-15,210,166015
TAXIFY-1169,2025-06-16,387,166402
TAXIFY-1169,2025-06-17,419,166821
TAXIFY-1169,2025-06-18,398,167219
TAXIFY-1169,2025-06-19,390,167609
TAXIFY-1169,2025-06-20,385,167994
TAXIFY-1169,2025-06-21,197,168191
TAXIFY-1169,2025-06-22,213,168404
TAXIFY-1169,2025-06-23,380,168784
TAXIFY-1169,2025-06-24,392,169176
TAXIFY-1169,2025-06-25,399,169575
TAXIFY-1169,2025-06-26,407,169982
TAXIFY-1169,2025-06-27,362,170344
TAXIFY-1169,2025-06-28,200,170544
TAXIFY-1169,2025-06-29,192,170736
TAXIFY-1169,2025-06-30,378,171114
TAXIFY-1169,2025-07-01,434,171548
TAXIFY-1169,2025-07-02,345,171893
TAXIFY-1169,2025-07-03,410,172303
TAXIFY-1169,2025-07-04,366,172669
TAXIFY-1169,2025-07-05,180,172849
TAXIFY-1169,2025-07-06,193,173042
TAXIFY-1169,2025-07-07,445,173487
TAXIFY-1169,2025-07-08,396,173883
TAXIFY-1169,2025-07-09,421,174304
TAXIFY-1169,2025-07-10,355,174659
TAXIFY-1169,2025-07-11,395,175054
TAXIFY-1169,2025-07-12,196,175250
TAXIFY-1169,2025-07-13,162,175412
TAXIFY-1169,2025-07-14,417,175829
TAXIFY-1169,2025-07-15,366,176195
TAXIFY-1169,2025-07-16,429,176624
TAXIFY-1169,2025-07-17,363,176987
TAXIFY-1169,2025-07-18,429,177416
TAXIFY-1169,2025-07-19,204,177620
TAXIFY-1169,2025-07-20,229,177849
TAXIFY-1169,2025-07-21,418,178267
TAXIFY-1169,2025-07-22,391,178658
TAXIFY-1169,2025-07-23,436,179094
TAXIFY-1169,2025-07-24,385,179479
TAXIFY-1169,2025-07-25,347,179826
TAXIFY-1169,2025-07-26,185,180011
TAXIFY-1169,2025-07-27,191,180202
TAXIFY-1169,2025-07-28,418,180620
TAXIFY-1169,2025-07-29,392,181012
TAXIFY-1169,2025-07-30,407,181419
TAXIFY-1169,2025-07-31,398,181817
TAXIFY-1169,2025-08-01,407,182224
TAXIFY-1169,2025-08-02,189,182413
TAXIFY-1169,2025-08-03,183,182596
TAXIFY-1169,2025-08-04,390,182986
TAXIFY-1169,2025-08-05,415,183401
TAXIFY-1169,2025-08-06,389,183790
TAXIFY-1169,2025-08-07,379,184169
TAXIFY-1169,2025-08-08,393,184562
TAXIFY-1169,2025-08-09,189,184751
TAXIFY-1169,2025-08-10,207,184958
TAXIFY-1169,2025-08-11,388,185346
TAXIFY-1169,2025-08-12,421,185767
TAXIFY-1169,2025-08-13,401,186168
TAXIFY-1169,2025-08-14,373,186541
TAXIFY-1169,2025-08-15,368,186909
TAXIFY-1169,2025-08-16,171,187080
TAXIFY-1169,2025-08-17,200,187280
TAXIFY-1169,2025-08-18,384,187664
TAXIFY-1169,2025-08-19,385,188049
TAXIFY-1169,2025-08-20,375,188424
TAXIFY-1169,2025-08-21,391,188815
TAXIFY-1169,2025-08-22,358,189173
TAXIFY-1169,2025-08-23,209,189382
TAXIFY-1169,2025-08-24,194,189576
TAXIFY-1169,2025-08-25,370,189946
TAXIFY-1169,2025-08-26,411,190357
TAXIFY-1169,2025-08-27,382,190739
TAXIFY-1169,2025-08-28,314,191053
TAXIFY-1169,2025-08-29,463,191516
TAXIFY-1169,2025-08-30,207,191723
TAXIFY-1169,2025-08-31,215,191938
TAXIFY-1170,2024-09-01,123,123
TAXIFY-1170,2024-09-02,275,398
TAXIFY-1170,2024-09-03,256,654
TAXIFY-1170,2024-09-04,273,927
TAXIFY-1170,2024-09-05,254,1181
TAXIFY-1170,2024-09-06,293,1474
TAXIFY-1170,2024-09-07,134,1608
TAXIFY-1170,2024-09-08,131,1739
TAXIFY-1170,2024-09-09,265,2004
TAXIFY-1170,2024-09-10,255,2259
TAXIFY-1170,2024-09-11,253,2512
TAXIFY-1170,2024-09-12,297,2809
TAXIFY-1170,2024-09-13,236,3045
TAXIFY-1170,2024-09-14,143,3188
TAXIFY-1170,2024-09-15,122,3310
TAXIFY-1170,2024-09-16,251,3561
TAXIFY-1170,2024-09-17,275,3836
TAXIFY-1170,2024-09-18,253,4089
TAXIFY-1170,2024-09-19,264,4353
TAXIFY-1170,2024-09-20,248,4601
TAXIFY-1170,2024-09-21,137,4738
TAXIFY-1170,2024-09-22,120,4858
TAXIFY-1170,2024-09-23,270,5128
TAXIFY-1170,2024-09-24,293,5421
TAXIFY-1170,2024-09-25,296,5717
TAXIFY-1170,2024-09-26,294,6011
TAXIFY-1170,2024-09-27,234,6245
TAXIFY-1170,2024-09-28,136,6381
TAXIFY-1170,2024-09-29,144,6525
TAXIFY-1170,2024-09-30,278,6803
TAXIFY-1170,2024-10-01,229,7032
TAXIFY-1170,2024-10-02,236,7268
TAXIFY-1170,2024-10-03,268,7536
TAXIFY-1170,2024-10-04,276,7812
TAXIFY-1170,2024-10-05,138,7950
TAXIFY-1170,2024-10-06,131,8081
TAXIFY-1170,2024-10-07,255,8336
TAXIFY-1170,2024-10-08,242,8578
TAXIFY-1170,2024-10-09,268,8846
TAXIFY-1170,2024-10-10,313,9159
TAXIFY-1170,2024-10-11,294,9453
TAXIFY-1170,2024-10-12,137,9590
TAXIFY-1170,2024-10-13,143,9733
TAXIFY-1170,2024-10-14,291,10024
TAXIFY-1170,2024-10-15,283,10307
TAXIFY-1170,2024-10-16,279,10586
TAXIFY-1170,2024-10-17,278,10864
TAXIFY-1170,2024-10-18,242,11106
TAXIFY-1170,2024-10-19,145,11251
TAXIFY-1170,2024-10-20,142,11393
TAXIFY-1170,2024-10-21,246,11639
TAXIFY-1170,2024-10-22,243,11882
TAXIFY-1170,2024-10-23,251,12133
TAXIFY-1170,2024-10-24,291,12424
TAXIFY-1170,2024-10-25,255,12679
TAXIFY-1170,2024-10-26,127,12806
TAXIFY-1170,2024-10-27,137,12943
TAXIFY-1170,2024-10-28,258,13201
TAXIFY-1170,2024-10-29,249,13450
TAXIFY-1170,2024-10-30,217,13667
TAXIFY-1170,2024-10-31,291,13958
TAXIFY-1170,2024-11-01,257,14215
TAXIFY-1170,2024-11-02,143,14358
TAXIFY-1170,2024-11-03,127,14485
TAXIFY-1170,2024-11-04,229,14714
TAXIFY-1170,2024-11-05,261,14975
TAXIFY-1170,2024-11-06,222,15197
TAXIFY-1170,2024-11-07,236,15433
TAXIFY-1170,2024-11-08,253,15686
TAXIFY-1170,2024-11-09,128,15814
TAXIFY-1170,2024-11-10,132,15946
TAXIFY-1170,2024-11-11,290,16236
TAXIFY-1170,2024-11-12,254,16490
TAXIFY-1170,2024-11-13,232,16722
TAXIFY-1170,2024-11-14,296,17018
TAXIFY-1170,2024-11-15,279,17297
TAXIFY-1170,2024-11-16,117,17414
TAXIFY-1170,2024-11-17,138,17552
TAXIFY-1170,2024-11-18,257,17809
TAXIFY-1170,2024-11-19,247,18056
TAXIFY-1170,2024-11-20,265,18321
TAXIFY-1170,2024-11-21,263,18584
TAXIFY-1170,2024-11-22,265,18849
TAXIFY-1170,2024-11-23,130,18979
TAXIFY-1170,2024-11-24,119,19098
TAXIFY-1170,2024-11-25,264,19362
TAXIFY-1170,2024-11-26,248,19610
TAXIFY-1170,2024-11-27,243,19853
TAXIFY-1170,2024-11-28,250,20103
TAXIFY-1170,2024-11-29,243,20346
TAXIFY-1170,2024-11-30,124,20470
TAXIFY-1170,2024-12-01,123,20593
TAXIFY-1170,2024-12-02,219,20812
TAXIFY-1170,2024-12-03,268,21080
TAXIFY-1170,2024-12-04,253,21333
TAXIFY-1170,2024-12-05,263,21596
TAXIFY-1170,2024-12-06,268,21864
TAXIFY-1170,2024-12-07,133,21997
TAXIFY-1170,2024-12-08,135,22132
TAXIFY-1170,2024-12-09,262,22394
TAXIFY-1170,2024-12-10,268,22662
TAXIFY-1170,2024-12-11,233,22895
TAXIFY-1170,2024-12-12,262,23157
TAXIFY-1170,2024-12-13,262,23419
TAXIFY-1170,2024-12-14,128,23547
TAXIFY-1170,2024-12-15,131,23678
TAXIFY-1170,2024-12-16,238,23916
TAXIFY-1170,2024-12-17,259,24175
TAXIFY-1170,2024-12-18,263,24438
TAXIFY-1170,2024-12-19,289,24727
TAXIFY-1170,2024-12-20,262,24989
TAXIFY-1170,2024-12-21,123,25112
TAXIFY-1170,2024-12-22,112,25224
TAXIFY-1170,2024-12-23,260,25484
TAXIFY-1170,2024-12-24,270,25754
TAXIFY-1170,2024-12-25,262,26016
TAXIFY-1170,2024-12-26,280,26296
TAXIFY-1170,2024-12-27,240,26536
TAXIFY-1170,2024-12-28,122,26658
TAXIFY-1170,2024-12-29,151,26809
TAXIFY-1170,2024-12-30,263,27072
TAXIFY-1170,2024-12-31,255,27327
TAXIFY-1170,2025-01-01,256,27583
TAXIFY-1170,2025-01-02,251,27834
TAXIFY-1170,2025-01-03,280,28114
TAXIFY-1170,2025-01-04,123,28237
TAXIFY-1170,2025-01-05,129,28366
TAXIFY-1170,2025-01-06,242,28608
TAXIFY-1170,2025-01-07,205,28813
TAXIFY-1170,2025-01-08,254,29067
TAXIFY-1170,2025-01-09,260,29327
TAXIFY-1170,2025-01-10,259,29586
TAXIFY-1170,2025-01-11,147,29733
TAXIFY-1170,2025-01-12,133,29866
TAXIFY-1170,2025-01-13,273,30139
TAXIFY-1170,2025-01-14,304,30443
TAXIFY-1170,2025-01-15,279,30722
TAXIFY-1170,2025-01-16,244,30966
TAXIFY-1170,2025-01-17,245,31211
TAXIFY-1170,2025-01-18,118,31329
TAXIFY-1170,2025-01-19,143,31472
TAXIFY-1170,2025-01-20,312,31784
TAXIFY-1170,2025-01-21,272,32056
TAXIFY-1170,2025-01-22,257,32313
TAXIFY-1170,2025-01-23,295,32608
TAXIFY-1170,2025-01-24,285,32893
TAXIFY-1170,2025-01-25,122,33015
TAXIFY-1170,2025-01-26,131,33146
TAXIFY-1170,2025-01-27,268,33414
TAXIFY-1170,2025-01-28,256,33670
TAXIFY-1170,2025-01-29,253,33923
TAXIFY-1170,2025-01-30,280,34203
TAXIFY-1170,2025-01-31,291,34494
TAXIFY-1170,2025-02-01,287,34781
TAXIFY-1170,2025-02-02,278,35059
TAXIFY-1170,2025-02-03,600,35659
TAXIFY-1170,2025-02-04,507,36166
TAXIFY-1170,2025-02-05,511,36677
TAXIFY-1170,2025-02-06,551,37228
TAXIFY-1170,2025-02-07,546,37774
TAXIFY-1170,2025-02-08,250,38024
TAXIFY-1170,2025-02-09,258,38282
TAXIFY-1170,2025-02-10,513,38795
TAXIFY-1170,2025-02-11,518,39313
TAXIFY-1170,2025-02-12,551,39864
TAXIFY-1170,2025-02-13,527,40391
TAXIFY-1170,2025-02-14,442,40833
TAXIFY-1170,2025-02-15,268,41101
TAXIFY-1170,2025-02-16,268,41369
TAXIFY-1170,2025-02-17,561,41930
TAXIFY-1170,2025-02-18,535,42465
TAXIFY-1170,2025-02-19,545,43010
TAXIFY-1170,2025-02-20,449,43459
TAXIFY-1170,2025-02-21,529,43988
TAXIFY-1170,2025-02-22,265,44253
TAXIFY-1170,2025-02-23,278,44531
TAXIFY-1170,2025-02-24,567,45098
TAXIFY-1170,2025-02-25,515,45613
TAXIFY-1170,2025-02-26,598,46211
TAXIFY-1170,2025-02-27,538,46749
TAXIFY-1170,2025-02-28,540,47289
TAXIFY-1170,2025-03-01,369,47658
TAXIFY-1170,2025-03-02,345,48003
TAXIFY-1170,2025-03-03,727,48730
TAXIFY-1170,2025-03-04,764,49494
TAXIFY-1170,2025-03-05,773,50267
TAXIFY-1170,2025-03-06,740,51007
TAXIFY-1170,2025-03-07,675,51682
TAXIFY-1170,2025-03-08,344,52026
TAXIFY-1170,2025-03-09,420,52446
TAXIFY-1170,2025-03-10,745,53191
TAXIFY-1170,2025-03-11,804,53995
TAXIFY-1170,2025-03-12,872,54867
TAXIFY-1170,2025-03-13,667,55534
TAXIFY-1170,2025-03-14,684,56218
TAXIFY-1170,2025-03-15,371,56589
TAXIFY-1170,2025-03-16,348,56937
TAXIFY-1170,2025-03-17,738,57675
TAXIFY-1170,2025-03-18,694,58369
TAXIFY-1170,2025-03-19,718,59087
TAXIFY-1170,2025-03-20,742,59829
TAXIFY-1170,2025-03-21,690,60519
TAXIFY-1170,2025-03-22,375,60894
TAXIFY-1170,2025-03-23,352,61246
TAXIFY-1170,2025-03-24,717,61963
TAXIFY-1170,2025-03-25,772,62735
TAXIFY-1170,2025-03-26,751,63486
TAXIFY-1170,2025-03-27,775,64261
TAXIFY-1170,2025-03-28,765,65026
TAXIFY-1170,2025-03-29,339,65365
TAXIFY-1170,2025-03-30,363,65728
TAXIFY-1170,2025-03-31,704,66432
TAXIFY-1170,2025-04-01,526,66958
TAXIFY-1170,2025-04-02,515,67473
TAXIFY-1170,2025-04-03,550,68023
TAXIFY-1170,2025-04-04,565,68588
TAXIFY-1170,2025-04-05,252,68840
TAXIFY-1170,2025-04-06,253,69093
TAXIFY-1170,2025-04-07,571,69664
TAXIFY-1170,2025-04-08,580,70244
TAXIFY-1170,2025-04-09,545,70789
TAXIFY-1170,2025-04-10,491,71280
TAXIFY-1170,2025-04-11,557,71837
TAXIFY-1170,2025-04-12,279,72116
TAXIFY-1170,2025-04-13,290,72406
TAXIFY-1170,2025-04-14,512,72918
TAXIFY-1170,2025-04-15,595,73513
TAXIFY-1170,2025-04-16,477,73990
TAXIFY-1170,2025-04-17,561,74551
TAXIFY-1170,2025-04-18,562,75113
TAXIFY-1170,2025-04-19,282,75395
TAXIFY-1170,2025-04-20,224,75619
TAXIFY-1170,2025-04-21,470,76089
TAXIFY-1170,2025-04-22,553,76642
TAXIFY-1170,2025-04-23,563,77205
TAXIFY-1170,2025-04-24,511,77716
TAXIFY-1170,2025-04-25,520,78236
TAXIFY-1170,2025-04-26,259,78495
TAXIFY-1170,2025-04-27,251,78746
TAXIFY-1170,2025-04-28,625,79371
TAXIFY-1170,2025-04-29,567,79938
TAXIFY-1170,2025-04-30,487,80425
TAXIFY-1170,2025-05-01,279,80704
TAXIFY-1170,2025-05-02,241,80945
TAXIFY-1170,2025-05-03,130,81075
TAXIFY-1170,2025-05-04,122,81197
TAXIFY-1170,2025-05-05,229,81426
TAXIFY-1170,2025-05-06,271,81697
TAXIFY-1170,2025-05-07,262,81959
TAXIFY-1170,2025-05-08,270,82229
TAXIFY-1170,2025-05-09,234,82463
TAXIFY-1170,2025-05-10,157,82620
TAXIFY-1170,2025-05-11,128,82748
TAXIFY-1170,2025-05-12,284,83032
TAXIFY-1170,2025-05-13,263,83295
TAXIFY-1170,2025-05-14,263,83558
TAXIFY-1170,2025-05-15,244,83802
TAXIFY-1170,2025-05-16,308,84110
TAXIFY-1170,2025-05-17,156,84266
TAXIFY-1170,2025-05-18,126,84392
TAXIFY-1170,2025-05-19,269,84661
TAXIFY-1170,2025-05-20,264,84925
TAXIFY-1170,2025-05-21,290,85215
TAXIFY-1170,2025-05-22,302,85517
TAXIFY-1170,2025-05-23,235,85752
TAXIFY-1170,2025-05-24,109,85861
TAXIFY-1170,2025-05-25,127,85988
TAXIFY-1170,2025-05-26,243,86231
TAXIFY-1170,2025-05-27,256,86487
TAXIFY-1170,2025-05-28,276,86763
TAXIFY-1170,2025-05-29,287,87050
TAXIFY-1170,2025-05-30,263,87313
TAXIFY-1170,2025-05-31,141,87454
TAXIFY-1170,2025-06-01,103,87557
TAXIFY-1170,2025-06-02,233,87790
TAXIFY-1170,2025-06-03,190,87980
TAXIFY-1170,2025-06-04,213,88193
TAXIFY-1170,2025-06-05,179,88372
TAXIFY-1170,2025-06-06,216,88588
TAXIFY-1170,2025-06-07,108,88696
TAXIFY-1170,2025-06-08,92,88788
TAXIFY-1170,2025-06-09,213,89001
TAXIFY-1170,2025-06-10,218,89219
TAXIFY-1170,2025-06-11,229,89448
TAXIFY-1170,2025-06-12,234,89682
TAXIFY-1170,2025-06-13,211,89893
TAXIFY-1170,2025-06-14,108,90001
TAXIFY-1170,2025-06-15,94,90095
TAXIFY-1170,2025-06-16,213,90308
TAXIFY-1170,2025-06-17,217,90525
TAXIFY-1170,2025-06-18,204,90729
TAXIFY-1170,2025-06-19,212,90941
TAXIFY-1170,2025-06-20,218,91159
TAXIFY-1170,2025-06-21,95,91254
TAXIFY-1170,2025-06-22,110,91364
TAXIFY-1170,2025-06-23,216,91580
TAXIFY-1170,2025-06-24,205,91785
TAXIFY-1170,2025-06-25,226,92011
TAXIFY-1170,2025-06-26,205,92216
TAXIFY-1170,2025-06-27,243,92459
TAXIFY-1170,2025-06-28,111,92570
TAXIFY-1170,2025-06-29,105,92675
TAXIFY-1170,2025-06-30,223,92898
TAXIFY-1170,2025-07-01,226,93124
TAXIFY-1170,2025-07-02,195,93319
TAXIFY-1170,2025-07-03,208,93527
TAXIFY-1170,2025-07-04,202,93729
TAXIFY-1170,2025-07-05,124,93853
TAXIFY-1170,2025-07-06,92,93945
TAXIFY-1170,2025-07-07,222,94167
TAXIFY-1170,2025-07-08,200,94367
TAXIFY-1170,2025-07-09,197,94564
TAXIFY-1170,2025-07-10,217,94781
TAXIFY-1170,2025-07-11,213,94994
TAXIFY-1170,2025-07-12,112,95106
TAXIFY-1170,2025-07-13,107,95213
TAXIFY-1170,2025-07-14,198,95411
TAXIFY-1170,2025-07-15,228,95639
TAXIFY-1170,2025-07-16,212,95851
TAXIFY-1170,2025-07-17,196,96047
TAXIFY-1170,2025-07-18,197,96244
TAXIFY-1170,2025-07-19,102,96346
TAXIFY-1170,2025-07-20,119,96465
TAXIFY-1170,2025-07-21,167,96632
TAXIFY-1170,2025-07-22,222,96854
TAXIFY-1170,2025-07-23,221,97075
TAXIFY-1170,2025-07-24,225,97300
TAXIFY-1170,2025-07-25,210,97510
TAXIFY-1170,2025-07-26,102,97612
TAXIFY-1170,2025-07-27,117,97729
TAXIFY-1170,2025-07-28,188,97917
TAXIFY-1170,2025-07-29,192,98109
TAXIFY-1170,2025-07-30,177,98286
TAXIFY-1170,2025-07-31,204,98490
TAXIFY-1170,2025-08-01,253,98743
TAXIFY-1170,2025-08-02,97,98840
TAXIFY-1170,2025-08-03,109,98949
TAXIFY-1170,2025-08-04,202,99151
TAXIFY-1170,2025-08-05,207,99358
TAXIFY-1170,2025-08-06,195,99553
TAXIFY-1170,2025-08-07,202,99755
TAXIFY-1170,2025-08-08,196,99951
TAXIFY-1170,2025-08-09,119,100070
TAXIFY-1170,2025-08-10,103,100173
TAXIFY-1170,2025-08-11,186,100359
TAXIFY-1170,2025-08-12,233,100592
TAXIFY-1170,2025-08-13,183,100775
TAXIFY-1170,2025-08-14,223,100998
TAXIFY-1170,2025-08-15,210,101208
TAXIFY-1170,2025-08-16,116,101324
TAXIFY-1170,2025-08-17,97,101421
TAXIFY-1170,2025-08-18,230,101651
TAXIFY-1170,2025-08-19,220,101871
TAXIFY-1170,2025-08-20,214,102085
TAXIFY-1170,2025-08-21,214,102299
TAXIFY-1170,2025-08-22,195,102494
TAXIFY-1170,2025-08-23,132,102626
TAXIFY-1170,2025-08-24,106,102732
TAXIFY-1170,2025-08-25,208,102940
TAXIFY-1170,2025-08-26,205,103145
TAXIFY-1170,2025-08-27,216,103361
TAXIFY-1170,2025-08-28,217,103578
TAXIFY-1170,2025-08-29,222,103800
TAXIFY-1170,2025-08-30,103,103903
TAXIFY-1170,2025-08-31,111,104014
TAXIFY-1171,2024-09-01,257,257
TAXIFY-1171,2024-09-02,545,802
TAXIFY-1171,2024-09-03,489,1291
TAXIFY-1171,2024-09-04,514,1805
TAXIFY-1171,2024-09-05,440,2245
TAXIFY-1171,2024-09-06,467,2712
TAXIFY-1171,2024-09-07,213,2925
TAXIFY-1171,2024-09-08,216,3141
TAXIFY-1171,2024-09-09,480,3621
TAXIFY-1171,2024-09-10,500,4121
TAXIFY-1171,2024-09-11,497,4618
TAXIFY-1171,2024-09-12,451,5069
TAXIFY-1171,2024-09-13,508,5577
TAXIFY-1171,2024-09-14,217,5794
TAXIFY-1171,2024-09-15,227,6021
TAXIFY-1171,2024-09-16,474,6495
TAXIFY-1171,2024-09-17,446,6941
TAXIFY-1171,2024-09-18,450,7391
TAXIFY-1171,2024-09-19,489,7880
TAXIFY-1171,2024-09-20,462,8342
TAXIFY-1171,2024-09-21,236,8578
TAXIFY-1171,2024-09-22,269,8847
TAXIFY-1171,2024-09-23,507,9354
TAXIFY-1171,2024-09-24,477,9831
TAXIFY-1171,2024-09-25,455,10286
TAXIFY-1171,2024-09-26,518,10804
TAXIFY-1171,2024-09-27,438,11242
TAXIFY-1171,2024-09-28,231,11473
TAXIFY-1171,2024-09-29,238,11711
TAXIFY-1171,2024-09-30,474,12185
TAXIFY-1171,2024-10-01,411,12596
TAXIFY-1171,2024-10-02,484,13080
TAXIFY-1171,2024-10-03,515,13595
TAXIFY-1171,2024-10-04,490,14085
TAXIFY-1171,2024-10-05,257,14342
TAXIFY-1171,2024-10-06,237,14579
TAXIFY-1171,2024-10-07,509,15088
TAXIFY-1171,2024-10-08,426,15514
TAXIFY-1171,2024-10-09,538,16052
TAXIFY-1171,2024-10-10,533,16585
TAXIFY-1171,2024-10-11,505,17090
TAXIFY-1171,2024-10-12,249,17339
TAXIFY-1171,2024-10-13,199,17538
TAXIFY-1171,2024-10-14,437,17975
TAXIFY-1171,2024-10-15,491,18466
TAXIFY-1171,2024-10-16,448,18914
TAXIFY-1171,2024-10-17,508,19422
TAXIFY-1171,2024-10-18,470,19892
TAXIFY-1171,2024-10-19,227,20119
TAXIFY-1171,2024-10-20,240,20359
TAXIFY-1171,2024-10-21,410,20769
TAXIFY-1171,2024-10-22,415,21184
TAXIFY-1171,2024-10-23,462,21646
TAXIFY-1171,2024-10-24,462,22108
TAXIFY-1171,2024-10-25,466,22574
TAXIFY-1171,2024-10-26,233,22807
TAXIFY-1171,2024-10-27,184,22991
TAXIFY-1171,2024-10-28,487,23478
TAXIFY-1171,2024-10-29,525,24003
TAXIFY-1171,2024-10-30,444,24447
TAXIFY-1171,2024-10-31,484,24931
TAXIFY-1171,2024-11-01,521,25452
TAXIFY-1171,2024-11-02,227,25679
TAXIFY-1171,2024-11-03,204,25883
TAXIFY-1171,2024-11-04,524,26407
TAXIFY-1171,2024-11-05,440,26847
TAXIFY-1171,2024-11-06,470,27317
TAXIFY-1171,2024-11-07,437,27754
TAXIFY-1171,2024-11-08,439,28193
TAXIFY-1171,2024-11-09,222,28415
TAXIFY-1171,2024-11-10,248,28663
TAXIFY-1171,2024-11-11,508,29171
TAXIFY-1171,2024-11-12,515,29686
TAXIFY-1171,2024-11-13,494,30180
TAXIFY-1171,2024-11-14,441,30621
TAXIFY-1171,2024-11-15,450,31071
TAXIFY-1171,2024-11-16,232,31303
TAXIFY-1171,2024-11-17,262,31565
TAXIFY-1171,2024-11-18,497,32062
TAXIFY-1171,2024-11-19,479,32541
TAXIFY-1171,2024-11-20,498,33039
TAXIFY-1171,2024-11-21,426,33465
TAXIFY-1171,2024-11-22,569,34034
TAXIFY-1171,2024-11-23,223,34257
TAXIFY-1171,2024-11-24,230,34487
TAXIFY-1171,2024-11-25,438,34925
TAXIFY-1171,2024-11-26,430,35355
TAXIFY-1171,2024-11-27,454,35809
TAXIFY-1171,2024-11-28,492,36301
TAXIFY-1171,2024-11-29,482,36783
TAXIFY-1171,2024-11-30,216,36999
TAXIFY-1171,2024-12-01,209,37208
TAXIFY-1171,2024-12-02,416,37624
TAXIFY-1171,2024-12-03,516,38140
TAXIFY-1171,2024-12-04,527,38667
TAXIFY-1171,2024-12-05,481,39148
TAXIFY-1171,2024-12-06,485,39633
TAXIFY-1171,2024-12-07,216,39849
TAXIFY-1171,2024-12-08,246,40095
TAXIFY-1171,2024-12-09,461,40556
TAXIFY-1171,2024-12-10,345,40901
TAXIFY-1171,2024-12-11,425,41326
TAXIFY-1171,2024-12-12,531,41857
TAXIFY-1171,2024-12-13,515,42372
TAXIFY-1171,2024-12-14,236,42608
TAXIFY-1171,2024-12-15,244,42852
TAXIFY-1171,2024-12-16,459,43311
TAXIFY-1171,2024-12-17,462,43773
TAXIFY-1171,2024-12-18,469,44242
TAXIFY-1171,2024-12-19,434,44676
TAXIFY-1171,2024-12-20,499,45175
TAXIFY-1171,2024-12-21,258,45433
TAXIFY-1171,2024-12-22,249,45682
TAXIFY-1171,2024-12-23,511,46193
TAXIFY-1171,2024-12-24,477,46670
TAXIFY-1171,2024-12-25,426,47096
TAXIFY-1171,2024-12-26,482,47578
TAXIFY-1171,2024-12-27,515,48093
TAXIFY-1171,2024-12-28,261,48354
TAXIFY-1171,2024-12-29,255,48609
TAXIFY-1171,2024-12-30,489,49098
TAXIFY-1171,2024-12-31,548,49646
TAXIFY-1171,2025-01-01,487,50133
TAXIFY-1171,2025-01-02,427,50560
TAXIFY-1171,2025-01-03,457,51017
TAXIFY-1171,2025-01-04,241,51258
TAXIFY-1171,2025-01-05,199,51457
TAXIFY-1171,2025-01-06,465,51922
TAXIFY-1171,2025-01-07,519,52441
TAXIFY-1171,2025-01-08,528,52969
TAXIFY-1171,2025-01-09,487,53456
TAXIFY-1171,2025-01-10,469,53925
TAXIFY-1171,2025-01-11,250,54175
TAXIFY-1171,2025-01-12,244,54419
TAXIFY-1171,2025-01-13,430,54849
TAXIFY-1171,2025-01-14,467,55316
TAXIFY-1171,2025-01-15,494,55810
TAXIFY-1171,2025-01-16,333,56143
TAXIFY-1171,2025-01-17,471,56614
TAXIFY-1171,2025-01-18,237,56851
TAXIFY-1171,2025-01-19,253,57104
TAXIFY-1171,2025-01-20,434,57538
TAXIFY-1171,2025-01-21,481,58019
TAXIFY-1171,2025-01-22,399,58418
TAXIFY-1171,2025-01-23,457,58875
TAXIFY-1171,2025-01-24,479,59354
TAXIFY-1171,2025-01-25,209,59563
TAXIFY-1171,2025-01-26,226,59789
TAXIFY-1171,2025-01-27,497,60286
TAXIFY-1171,2025-01-28,505,60791
TAXIFY-1171,2025-01-29,503,61294
TAXIFY-1171,2025-01-30,419,61713
TAXIFY-1171,2025-01-31,433,62146
TAXIFY-1171,2025-02-01,473,62619
TAXIFY-1171,2025-02-02,460,63079
TAXIFY-1171,2025-02-03,938,64017
TAXIFY-1171,2025-02-04,897,64914
TAXIFY-1171,2025-02-05,1091,66005
TAXIFY-1171,2025-02-06,868,66873
TAXIFY-1171,2025-02-07,1014,67887
TAXIFY-1171,2025-02-08,526,68413
TAXIFY-1171,2025-02-09,443,68856
TAXIFY-1171,2025-02-10,1064,69920
TAXIFY-1171,2025-02-11,1091,71011
TAXIFY-1171,2025-02-12,927,71938
TAXIFY-1171,2025-02-13,990,72928
TAXIFY-1171,2025-02-14,897,73825
TAXIFY-1171,2025-02-15,531,74356
TAXIFY-1171,2025-02-16,408,74764
TAXIFY-1171,2025-02-17,881,75645
TAXIFY-1171,2025-02-18,1020,76665
TAXIFY-1171,2025-02-19,1007,77672
TAXIFY-1171,2025-02-20,965,78637
TAXIFY-1171,2025-02-21,1026,79663
TAXIFY-1171,2025-02-22,403,80066
TAXIFY-1171,2025-02-23,510,80576
TAXIFY-1171,2025-02-24,976,81552
TAXIFY-1171,2025-02-25,1013,82565
TAXIFY-1171,2025-02-26,926,83491
TAXIFY-1171,2025-02-27,1046,84537
TAXIFY-1171,2025-02-28,1028,85565
TAXIFY-1171,2025-03-01,658,86223
TAXIFY-1171,2025-03-02,638,86861
TAXIFY-1171,2025-03-03,1354,88215
TAXIFY-1171,2025-03-04,1230,89445
TAXIFY-1171,2025-03-05,1304,90749
TAXIFY-1171,2025-03-06,1461,92210
TAXIFY-1171,2025-03-07,1259,93469
TAXIFY-1171,2025-03-08,613,94082
TAXIFY-1171,2025-03-09,747,94829
TAXIFY-1171,2025-03-10,1380,96209
TAXIFY-1171,2025-03-11,1375,97584
TAXIFY-1171,2025-03-12,1354,98938
TAXIFY-1171,2025-03-13,1250,100188
TAXIFY-1171,2025-03-14,1504,101692
TAXIFY-1171,2025-03-15,652,102344
TAXIFY-1171,2025-03-16,557,102901
TAXIFY-1171,2025-03-17,1288,104189
TAXIFY-1171,2025-03-18,1493,105682
TAXIFY-1171,2025-03-19,1325,107007
TAXIFY-1171,2025-03-20,1478,108485
TAXIFY-1171,2025-03-21,1355,109840
TAXIFY-1171,2025-03-22,638,110478
TAXIFY-1171,2025-03-23,631,111109
TAXIFY-1171,2025-03-24,1450,112559
TAXIFY-1171,2025-03-25,1403,113962
TAXIFY-1171,2025-03-26,1205,115167
TAXIFY-1171,2025-03-27,1414,116581
TAXIFY-1171,2025-03-28,1309,117890
TAXIFY-1171,2025-03-29,656,118546
TAXIFY-1171,2025-03-30,751,119297
TAXIFY-1171,2025-03-31,1552,120849
TAXIFY-1171,2025-04-01,898,121747
TAXIFY-1171,2025-04-02,790,122537
TAXIFY-1171,2025-04-03,968,123505
TAXIFY-1171,2025-04-04,1036,124541
TAXIFY-1171,2025-04-05,468,125009
TAXIFY-1171,2025-04-06,454,125463
TAXIFY-1171,2025-04-07,878,126341
TAXIFY-1171,2025-04-08,959,127300
TAXIFY-1171,2025-04-09,846,128146
TAXIFY-1171,2025-04-10,929,129075
TAXIFY-1171,2025-04-11,929,130004
TAXIFY-1171,2025-04-12,497,130501
TAXIFY-1171,2025-04-13,510,131011
TAXIFY-1171,2025-04-14,921,131932
TAXIFY-1171,2025-04-15,863,132795
TAXIFY-1171,2025-04-16,856,133651
TAXIFY-1171,2025-04-17,1026,134677
TAXIFY-1171,2025-04-18,1068,135745
TAXIFY-1171,2025-04-19,430,136175
TAXIFY-1171,2025-04-20,549,136724
TAXIFY-1171,2025-04-21,1098,137822
TAXIFY-1171,2025-04-22,891,138713
TAXIFY-1171,2025-04-23,943,139656
TAXIFY-1171,2025-04-24,1011,140667
TAXIFY-1171,2025-04-25,952,141619
TAXIFY-1171,2025-04-26,463,142082
TAXIFY-1171,2025-04-27,519,142601
TAXIFY-1171,2025-04-28,1011,143612
TAXIFY-1171,2025-04-29,887,144499
TAXIFY-1171,2025-04-30,998,145497
TAXIFY-1171,2025-05-01,490,145987
TAXIFY-1171,2025-05-02,472,146459
TAXIFY-1171,2025-05-03,230,146689
TAXIFY-1171,2025-05-04,220,146909
TAXIFY-1171,2025-05-05,467,147376
TAXIFY-1171,2025-05-06,458,147834
TAXIFY-1171,2025-05-07,498,148332
TAXIFY-1171,2025-05-08,527,148859
TAXIFY-1171,2025-05-09,463,149322
TAXIFY-1171,2025-05-10,244,149566
TAXIFY-1171,2025-05-11,221,149787
TAXIFY-1171,2025-05-12,474,150261
TAXIFY-1171,2025-05-13,504,150765
TAXIFY-1171,2025-05-14,472,151237
TAXIFY-1171,2025-05-15,464,151701
TAXIFY-1171,2025-05-16,463,152164
TAXIFY-1171,2025-05-17,245,152409
TAXIFY-1171,2025-05-18,237,152646
TAXIFY-1171,2025-05-19,445,153091
TAXIFY-1171,2025-05-20,518,153609
TAXIFY-1171,2025-05-21,454,154063
TAXIFY-1171,2025-05-22,525,154588
TAXIFY-1171,2025-05-23,431,155019
TAXIFY-1171,2025-05-24,278,155297
TAXIFY-1171,2025-05-25,263,155560
TAXIFY-1171,2025-05-26,434,155994
TAXIFY-1171,2025-05-27,478,156472
TAXIFY-1171,2025-05-28,480,156952
TAXIFY-1171,2025-05-29,450,157402
TAXIFY-1171,2025-05-30,527,157929
TAXIFY-1171,2025-05-31,255,158184
TAXIFY-1171,2025-06-01,205,158389
TAXIFY-1171,2025-06-02,409,158798
TAXIFY-1171,2025-06-03,363,159161
TAXIFY-1171,2025-06-04,393,159554
TAXIFY-1171,2025-06-05,398,159952
TAXIFY-1171,2025-06-06,349,160301
TAXIFY-1171,2025-06-07,184,160485
TAXIFY-1171,2025-06-08,197,160682
TAXIFY-1171,2025-06-09,342,161024
TAXIFY-1171,2025-06-10,388,161412
TAXIFY-1171,2025-06-11,379,161791
TAXIFY-1171,2025-06-12,337,162128
TAXIFY-1171,2025-06-13,405,162533
TAXIFY-1171,2025-06-14,218,162751
TAXIFY-1171,2025-06-15,186,162937
TAXIFY-1171,2025-06-16,366,163303
TAXIFY-1171,2025-06-17,387,163690
TAXIFY-1171,2025-06-18,399,164089
TAXIFY-1171,2025-06-19,347,164436
TAXIFY-1171,2025-06-20,401,164837
TAXIFY-1171,2025-06-21,192,165029
TAXIFY-1171,2025-06-22,165,165194
TAXIFY-1171,2025-06-23,366,165560
TAXIFY-1171,2025-06-24,382,165942
TAXIFY-1171,2025-06-25,369,166311
TAXIFY-1171,2025-06-26,389,166700
TAXIFY-1171,2025-06-27,382,167082
TAXIFY-1171,2025-06-28,180,167262
TAXIFY-1171,2025-06-29,214,167476
TAXIFY-1171,2025-06-30,333,167809
TAXIFY-1171,2025-07-01,360,168169
TAXIFY-1171,2025-07-02,411,168580
TAXIFY-1171,2025-07-03,400,168980
TAXIFY-1171,2025-07-04,380,169360
TAXIFY-1171,2025-07-05,214,169574
TAXIFY-1171,2025-07-06,178,169752
TAXIFY-1171,2025-07-07,405,170157
TAXIFY-1171,2025-07-08,338,170495
TAXIFY-1171,2025-07-09,377,170872
TAXIFY-1171,2025-07-10,393,171265
TAXIFY-1171,2025-07-11,398,171663
TAXIFY-1171,2025-07-12,183,171846
TAXIFY-1171,2025-07-13,172,172018
TAXIFY-1171,2025-07-14,437,172455
TAXIFY-1171,2025-07-15,381,172836
TAXIFY-1171,2025-07-16,351,173187
TAXIFY-1171,2025-07-17,366,173553
TAXIFY-1171,2025-07-18,410,173963
TAXIFY-1171,2025-07-19,209,174172
TAXIFY-1171,2025-07-20,181,174353
TAXIFY-1171,2025-07-21,442,174795
TAXIFY-1171,2025-07-22,366,175161
TAXIFY-1171,2025-07-23,363,175524
TAXIFY-1171,2025-07-24,359,175883
TAXIFY-1171,2025-07-25,356,176239
TAXIFY-1171,2025-07-26,195,176434
TAXIFY-1171,2025-07-27,182,176616
TAXIFY-1171,2025-07-28,353,176969
TAXIFY-1171,2025-07-29,368,177337
TAXIFY-1171,2025-07-30,410,177747
TAXIFY-1171,2025-07-31,321,178068
TAXIFY-1171,2025-08-01,400,178468
TAXIFY-1171,2025-08-02,176,178644
TAXIFY-1171,2025-08-03,212,178856
TAXIFY-1171,2025-08-04,436,179292
TAXIFY-1171,2025-08-05,373,179665
TAXIFY-1171,2025-08-06,434,180099
TAXIFY-1171,2025-08-07,358,180457
TAXIFY-1171,2025-08-08,342,180799
TAXIFY-1171,2025-08-09,165,180964
TAXIFY-1171,2025-08-10,167,181131
TAXIFY-1171,2025-08-11,382,181513
TAXIFY-1171,2025-08-12,346,181859
TAXIFY-1171,2025-08-13,458,182317
TAXIFY-1171,2025-08-14,366,182683
TAXIFY-1171,2025-08-15,358,183041
TAXIFY-1171,2025-08-16,182,183223
TAXIFY-1171,2025-08-17,197,183420
TAXIFY-1171,2025-08-18,398,183818
TAXIFY-1171,2025-08-19,412,184230
TAXIFY-1171,2025-08-20,390,184620
TAXIFY-1171,2025-08-21,423,185043
TAXIFY-1171,2025-08-22,383,185426
TAXIFY-1171,2025-08-23,194,185620
TAXIFY-1171,2025-08-24,197,185817
TAXIFY-1171,2025-08-25,379,186196
TAXIFY-1171,2025-08-26,382,186578
TAXIFY-1171,2025-08-27,357,186935
TAXIFY-1171,2025-08-28,338,187273
TAXIFY-1171,2025-08-29,419,187692
TAXIFY-1171,2025-08-30,188,187880
TAXIFY-1171,2025-08-31,178,188058
TAXIFY-1172,2024-09-01,353,353
TAXIFY-1172,2024-09-02,763,1116
TAXIFY-1172,2024-09-03,735,1851
TAXIFY-1172,2024-09-04,744,2595
TAXIFY-1172,2024-09-05,636,3231
TAXIFY-1172,2024-09-06,643,3874
TAXIFY-1172,2024-09-07,330,4204
TAXIFY-1172,2024-09-08,358,4562
TAXIFY-1172,2024-09-09,722,5284
TAXIFY-1172,2024-09-10,695,5979
TAXIFY-1172,2024-09-11,767,6746
TAXIFY-1172,2024-09-12,697,7443
TAXIFY-1172,2024-09-13,742,8185
TAXIFY-1172,2024-09-14,293,8478
TAXIFY-1172,2024-09-15,360,8838
TAXIFY-1172,2024-09-16,810,9648
TAXIFY-1172,2024-09-17,706,10354
TAXIFY-1172,2024-09-18,688,11042
TAXIFY-1172,2024-09-19,704,11746
TAXIFY-1172,2024-09-20,696,12442
TAXIFY-1172,2024-09-21,315,12757
TAXIFY-1172,2024-09-22,354,13111
TAXIFY-1172,2024-09-23,666,13777
TAXIFY-1172,2024-09-24,682,14459
TAXIFY-1172,2024-09-25,653,15112
TAXIFY-1172,2024-09-26,730,15842
TAXIFY-1172,2024-09-27,616,16458
TAXIFY-1172,2024-09-28,335,16793
TAXIFY-1172,2024-09-29,376,17169
TAXIFY-1172,2024-09-30,748,17917
TAXIFY-1172,2024-10-01,680,18597
TAXIFY-1172,2024-10-02,591,19188
TAXIFY-1172,2024-10-03,773,19961
TAXIFY-1172,2024-10-04,676,20637
TAXIFY-1172,2024-10-05,331,20968
TAXIFY-1172,2024-10-06,351,21319
TAXIFY-1172,2024-10-07,703,22022
TAXIFY-1172,2024-10-08,678,22700
TAXIFY-1172,2024-10-09,696,23396
TAXIFY-1172,2024-10-10,709,24105
TAXIFY-1172,2024-10-11,622,24727
TAXIFY-1172,2024-10-12,328,25055
TAXIFY-1172,2024-10-13,366,25421
TAXIFY-1172,2024-10-14,764,26185
TAXIFY-1172,2024-10-15,744,26929
TAXIFY-1172,2024-10-16,656,27585
TAXIFY-1172,2024-10-17,735,28320
TAXIFY-1172,2024-10-18,651,28971
TAXIFY-1172,2024-10-19,332,29303
TAXIFY-1172,2024-10-20,317,29620
TAXIFY-1172,2024-10-21,677,30297
TAXIFY-1172,2024-10-22,663,30960
TAXIFY-1172,2024-10-23,754,31714
TAXIFY-1172,2024-10-24,623,32337
TAXIFY-1172,2024-10-25,727,33064
TAXIFY-1172,2024-10-26,390,33454
TAXIFY-1172,2024-10-27,337,33791
TAXIFY-1172,2024-10-28,775,34566
TAXIFY-1172,2024-10-29,610,35176
TAXIFY-1172,2024-10-30,764,35940
TAXIFY-1172,2024-10-31,627,36567
TAXIFY-1172,2024-11-01,694,37261
TAXIFY-1172,2024-11-02,310,37571
TAXIFY-1172,2024-11-03,358,37929
TAXIFY-1172,2024-11-04,802,38731
TAXIFY-1172,2024-11-05,664,39395
TAXIFY-1172,2024-11-06,611,40006
TAXIFY-1172,2024-11-07,670,40676
TAXIFY-1172,2024-11-08,741,41417
TAXIFY-1172,2024-11-09,357,41774
TAXIFY-1172,2024-11-10,426,42200
TAXIFY-1172,2024-11-11,692,42892
TAXIFY-1172,2024-11-12,767,43659
TAXIFY-1172,2024-11-13,591,44250
TAXIFY-1172,2024-11-14,784,45034
TAXIFY-1172,2024-11-15,689,45723
TAXIFY-1172,2024-11-16,343,46066
TAXIFY-1172,2024-11-17,300,46366
TAXIFY-1172,2024-11-18,656,47022
TAXIFY-1172,2024-11-19,675,47697
TAXIFY-1172,2024-11-20,719,48416
TAXIFY-1172,2024-11-21,684,49100
TAXIFY-1172,2024-11-22,812,49912
TAXIFY-1172,2024-11-23,292,50204
TAXIFY-1172,2024-11-24,359,50563
TAXIFY-1172,2024-11-25,549,51112
TAXIFY-1172,2024-11-26,687,51799
TAXIFY-1172,2024-11-27,716,52515
TAXIFY-1172,2024-11-28,675,53190
TAXIFY-1172,2024-11-29,769,53959
TAXIFY-1172,2024-11-30,365,54324
TAXIFY-1172,2024-12-01,357,54681
TAXIFY-1172,2024-12-02,710,55391
TAXIFY-1172,2024-12-03,654,56045
TAXIFY-1172,2024-12-04,677,56722
TAXIFY-1172,2024-12-05,814,57536
TAXIFY-1172,2024-12-06,676,58212
TAXIFY-1172,2024-12-07,315,58527
TAXIFY-1172,2024-12-08,388,58915
TAXIFY-1172,2024-12-09,747,59662
TAXIFY-1172,2024-12-10,682,60344
TAXIFY-1172,2024-12-11,635,60979
TAXIFY-1172,2024-12-12,768,61747
TAXIFY-1172,2024-12-13,670,62417
TAXIFY-1172,2024-12-14,364,62781
TAXIFY-1172,2024-12-15,373,63154
TAXIFY-1172,2024-12-16,686,63840
TAXIFY-1172,2024-12-17,742,64582
TAXIFY-1172,2024-12-18,675,65257
TAXIFY-1172,2024-12-19,653,65910
TAXIFY-1172,2024-12-20,603,66513
TAXIFY-1172,2024-12-21,373,66886
TAXIFY-1172,2024-12-22,333,67219
TAXIFY-1172,2024-12-23,698,67917
TAXIFY-1172,2024-12-24,705,68622
TAXIFY-1172,2024-12-25,702,69324
TAXIFY-1172,2024-12-26,668,69992
TAXIFY-1172,2024-12-27,665,70657
TAXIFY-1172,2024-12-28,347,71004
TAXIFY-1172,2024-12-29,279,71283
TAXIFY-1172,2024-12-30,564,71847
TAXIFY-1172,2024-12-31,729,72576
TAXIFY-1172,2025-01-01,777,73353
TAXIFY-1172,2025-01-02,722,74075
TAXIFY-1172,2025-01-03,779,74854
TAXIFY-1172,2025-01-04,365,75219
TAXIFY-1172,2025-01-05,357,75576
TAXIFY-1172,2025-01-06,620,76196
TAXIFY-1172,2025-01-07,708,76904
TAXIFY-1172,2025-01-08,649,77553
TAXIFY-1172,2025-01-09,616,78169
TAXIFY-1172,2025-01-10,725,78894
TAXIFY-1172,2025-01-11,351,79245
TAXIFY-1172,2025-01-12,353,79598
TAXIFY-1172,2025-01-13,675,80273
TAXIFY-1172,2025-01-14,783,81056
TAXIFY-1172,2025-01-15,730,81786
TAXIFY-1172,2025-01-16,653,82439
TAXIFY-1172,2025-01-17,687,83126
TAXIFY-1172,2025-01-18,304,83430
TAXIFY-1172,2025-01-19,311,83741
TAXIFY-1172,2025-01-20,663,84404
TAXIFY-1172,2025-01-21,701,85105
TAXIFY-1172,2025-01-22,693,85798
TAXIFY-1172,2025-01-23,687,86485
TAXIFY-1172,2025-01-24,498,86983
TAXIFY-1172,2025-01-25,309,87292
TAXIFY-1172,2025-01-26,328,87620
TAXIFY-1172,2025-01-27,727,88347
TAXIFY-1172,2025-01-28,670,89017
TAXIFY-1172,2025-01-29,695,89712
TAXIFY-1172,2025-01-30,672,90384
TAXIFY-1172,2025-01-31,774,91158
TAXIFY-1172,2025-02-01,706,91864
TAXIFY-1172,2025-02-02,673,92537
TAXIFY-1172,2025-02-03,1542,94079
TAXIFY-1172,2025-02-04,1322,95401
TAXIFY-1172,2025-02-05,1350,96751
TAXIFY-1172,2025-02-06,1218,97969
TAXIFY-1172,2025-02-07,1462,99431
TAXIFY-1172,2025-02-08,690,100121
TAXIFY-1172,2025-02-09,721,100842
TAXIFY-1172,2025-02-10,1538,102380
TAXIFY-1172,2025-02-11,1581,103961
TAXIFY-1172,2025-02-12,1345,105306
TAXIFY-1172,2025-02-13,1405,106711
TAXIFY-1172,2025-02-14,1405,108116
TAXIFY-1172,2025-02-15,706,108822
TAXIFY-1172,2025-02-16,688,109510
TAXIFY-1172,2025-02-17,1513,111023
TAXIFY-1172,2025-02-18,1337,112360
TAXIFY-1172,2025-02-19,1587,113947
TAXIFY-1172,2025-02-20,1338,115285
TAXIFY-1172,2025-02-21,1300,116585
TAXIFY-1172,2025-02-22,647,117232
TAXIFY-1172,2025-02-23,662,117894
TAXIFY-1172,2025-02-24,1381,119275
TAXIFY-1172,2025-02-25,1202,120477
TAXIFY-1172,2025-02-26,1183,121660
TAXIFY-1172,2025-02-27,1291,122951
TAXIFY-1172,2025-02-28,1397,124348
TAXIFY-1172,2025-03-01,982,125330
TAXIFY-1172,2025-03-02,946,126276
TAXIFY-1172,2025-03-03,1953,128229
TAXIFY-1172,2025-03-04,1882,130111
TAXIFY-1172,2025-03-05,1843,131954
TAXIFY-1172,2025-03-06,2043,133997
TAXIFY-1172,2025-03-07,1964,135961
TAXIFY-1172,2025-03-08,996,136957
TAXIFY-1172,2025-03-09,966,137923
TAXIFY-1172,2025-03-10,1962,139885
TAXIFY-1172,2025-03-11,2022,141907
TAXIFY-1172,2025-03-12,2234,144141
TAXIFY-1172,2025-03-13,1865,146006
TAXIFY-1172,2025-03-14,1841,147847
TAXIFY-1172,2025-03-15,1077,148924
TAXIFY-1172,2025-03-16,918,149842
TAXIFY-1172,2025-03-17,1933,151775
TAXIFY-1172,2025-03-18,1843,153618
TAXIFY-1172,2025-03-19,2090,155708
TAXIFY-1172,2025-03-20,1886,157594
TAXIFY-1172,2025-03-21,1805,159399
TAXIFY-1172,2025-03-22,926,160325
TAXIFY-1172,2025-03-23,1022,161347
TAXIFY-1172,2025-03-24,1939,163286
TAXIFY-1172,2025-03-25,1935,165221
TAXIFY-1172,2025-03-26,2005,167226
TAXIFY-1172,2025-03-27,1751,168977
TAXIFY-1172,2025-03-28,2005,170982
TAXIFY-1172,2025-03-29,1073,172055
TAXIFY-1172,2025-03-30,1040,173095
TAXIFY-1172,2025-03-31,1845,174940
TAXIFY-1172,2025-04-01,1346,176286
TAXIFY-1172,2025-04-02,1231,177517
TAXIFY-1172,2025-04-03,1378,178895
TAXIFY-1172,2025-04-04,1182,180077
TAXIFY-1172,2025-04-05,626,180703
TAXIFY-1172,2025-04-06,668,181371
TAXIFY-1172,2025-04-07,1300,182671
TAXIFY-1172,2025-04-08,1443,184114
TAXIFY-1172,2025-04-09,1534,185648
TAXIFY-1172,2025-04-10,1405,187053
TAXIFY-1172,2025-04-11,1493,188546
TAXIFY-1172,2025-04-12,688,189234
TAXIFY-1172,2025-04-13,715,189949
TAXIFY-1172,2025-04-14,1374,191323
TAXIFY-1172,2025-04-15,1472,192795
TAXIFY-1172,2025-04-16,1551,194346
TAXIFY-1172,2025-04-17,1474,195820
TAXIFY-1172,2025-04-18,1211,197031
TAXIFY-1172,2025-04-19,630,197661
TAXIFY-1172,2025-04-20,707,198368
TAXIFY-1172,2025-04-21,1392,199760
TAXIFY-1172,2025-04-22,1496,201256
TAXIFY-1172,2025-04-23,1359,202615
TAXIFY-1172,2025-04-24,1296,203911
TAXIFY-1172,2025-04-25,1320,205231
TAXIFY-1172,2025-04-26,664,205895
TAXIFY-1172,2025-04-27,699,206594
TAXIFY-1172,2025-04-28,1424,208018
TAXIFY-1172,2025-04-29,1499,209517
TAXIFY-1172,2025-04-30,1251,210768
TAXIFY-1172,2025-05-01,657,211425
TAXIFY-1172,2025-05-02,746,212171
TAXIFY-1172,2025-05-03,363,212534
TAXIFY-1172,2025-05-04,370,212904
TAXIFY-1172,2025-05-05,729,213633
TAXIFY-1172,2025-05-06,636,214269
TAXIFY-1172,2025-05-07,782,215051
TAXIFY-1172,2025-05-08,640,215691
TAXIFY-1172,2025-05-09,707,216398
TAXIFY-1172,2025-05-10,388,216786
TAXIFY-1172,2025-05-11,303,217089
TAXIFY-1172,2025-05-12,698,217787
TAXIFY-1172,2025-05-13,625,218412
TAXIFY-1172,2025-05-14,747,219159
TAXIFY-1172,2025-05-15,630,219789
TAXIFY-1172,2025-05-16,641,220430
TAXIFY-1172,2025-05-17,357,220787
TAXIFY-1172,2025-05-18,364,221151
TAXIFY-1172,2025-05-19,701,221852
TAXIFY-1172,2025-05-20,726,222578
TAXIFY-1172,2025-05-21,736,223314
TAXIFY-1172,2025-05-22,707,224021
TAXIFY-1172,2025-05-23,749,224770
TAXIFY-1172,2025-05-24,332,225102
TAXIFY-1172,2025-05-25,387,225489
TAXIFY-1172,2025-05-26,711,226200
TAXIFY-1172,2025-05-27,699,226899
TAXIFY-1172,2025-05-28,744,227643
TAXIFY-1172,2025-05-29,745,228388
TAXIFY-1172,2025-05-30,670,229058
TAXIFY-1172,2025-05-31,348,229406
TAXIFY-1172,2025-06-01,263,229669
TAXIFY-1172,2025-06-02,559,230228
TAXIFY-1172,2025-06-03,594,230822
TAXIFY-1172,2025-06-04,621,231443
TAXIFY-1172,2025-06-05,472,231915
TAXIFY-1172,2025-06-06,603,232518
TAXIFY-1172,2025-06-07,293,232811
TAXIFY-1172,2025-06-08,250,233061
TAXIFY-1172,2025-06-09,482,233543
TAXIFY-1172,2025-06-10,553,234096
TAXIFY-1172,2025-06-11,549,234645
TAXIFY-1172,2025-06-12,555,235200
TAXIFY-1172,2025-06-13,620,235820
TAXIFY-1172,2025-06-14,243,236063
TAXIFY-1172,2025-06-15,251,236314
TAXIFY-1172,2025-06-16,492,236806
TAXIFY-1172,2025-06-17,604,237410
TAXIFY-1172,2025-06-18,584,237994
TAXIFY-1172,2025-06-19,560,238554
TAXIFY-1172,2025-06-20,530,239084
TAXIFY-1172,2025-06-21,272,239356
TAXIFY-1172,2025-06-22,268,239624
TAXIFY-1172,2025-06-23,580,240204
TAXIFY-1172,2025-06-24,637,240841
TAXIFY-1172,2025-06-25,504,241345
TAXIFY-1172,2025-06-26,534,241879
TAXIFY-1172,2025-06-27,542,242421
TAXIFY-1172,2025-06-28,219,242640
TAXIFY-1172,2025-06-29,295,242935
TAXIFY-1172,2025-06-30,556,243491
TAXIFY-1172,2025-07-01,570,244061
TAXIFY-1172,2025-07-02,526,244587
TAXIFY-1172,2025-07-03,570,245157
TAXIFY-1172,2025-07-04,546,245703
TAXIFY-1172,2025-07-05,278,245981
TAXIFY-1172,2025-07-06,300,246281
TAXIFY-1172,2025-07-07,569,246850
TAXIFY-1172,2025-07-08,486,247336
TAXIFY-1172,2025-07-09,548,247884
TAXIFY-1172,2025-07-10,605,248489
TAXIFY-1172,2025-07-11,544,249033
TAXIFY-1172,2025-07-12,293,249326
TAXIFY-1172,2025-07-13,310,249636
TAXIFY-1172,2025-07-14,591,250227
TAXIFY-1172,2025-07-15,575,250802
TAXIFY-1172,2025-07-16,562,251364
TAXIFY-1172,2025-07-17,543,251907
TAXIFY-1172,2025-07-18,548,252455
TAXIFY-1172,2025-07-19,307,252762
TAXIFY-1172,2025-07-20,291,253053
TAXIFY-1172,2025-07-21,546,253599
TAXIFY-1172,2025-07-22,540,254139
TAXIFY-1172,2025-07-23,556,254695
TAXIFY-1172,2025-07-24,567,255262
TAXIFY-1172,2025-07-25,537,255799
TAXIFY-1172,2025-07-26,250,256049
TAXIFY-1172,2025-07-27,288,256337
TAXIFY-1172,2025-07-28,534,256871
TAXIFY-1172,2025-07-29,525,257396
TAXIFY-1172,2025-07-30,533,257929
TAXIFY-1172,2025-07-31,523,258452
TAXIFY-1172,2025-08-01,585,259037
TAXIFY-1172,2025-08-02,297,259334
TAXIFY-1172,2025-08-03,292,259626
TAXIFY-1172,2025-08-04,563,260189
TAXIFY-1172,2025-08-05,496,260685
TAXIFY-1172,2025-08-06,575,261260
TAXIFY-1172,2025-08-07,640,261900
TAXIFY-1172,2025-08-08,544,262444
TAXIFY-1172,2025-08-09,241,262685
TAXIFY-1172,2025-08-10,292,262977
TAXIFY-1172,2025-08-11,474,263451
TAXIFY-1172,2025-08-12,510,263961
TAXIFY-1172,2025-08-13,541,264502
TAXIFY-1172,2025-08-14,602,265104
TAXIFY-1172,2025-08-15,560,265664
TAXIFY-1172,2025-08-16,263,265927
TAXIFY-1172,2025-08-17,263,266190
TAXIFY-1172,2025-08-18,504,266694
TAXIFY-1172,2025-08-19,529,267223
TAXIFY-1172,2025-08-20,543,267766
TAXIFY-1172,2025-08-21,555,268321
TAXIFY-1172,2025-08-22,580,268901
TAXIFY-1172,2025-08-23,280,269181
TAXIFY-1172,2025-08-24,250,269431
TAXIFY-1172,2025-08-25,463,269894
TAXIFY-1172,2025-08-26,524,270418
TAXIFY-1172,2025-08-27,643,271061
TAXIFY-1172,2025-08-28,538,271599
TAXIFY-1172,2025-08-29,560,272159
TAXIFY-1172,2025-08-30,245,272404
TAXIFY-1172,2025-08-31,264,272668
TAXIFY-1173,2024-09-01,241,241
TAXIFY-1173,2024-09-02,479,720
TAXIFY-1173,2024-09-03,460,1180
TAXIFY-1173,2024-09-04,474,1654
TAXIFY-1173,2024-09-05,507,2161
TAXIFY-1173,2024-09-06,465,2626
TAXIFY-1173,2024-09-07,260,2886
TAXIFY-1173,2024-09-08,236,3122
TAXIFY-1173,2024-09-09,436,3558
TAXIFY-1173,2024-09-10,430,3988
TAXIFY-1173,2024-09-11,447,4435
TAXIFY-1173,2024-09-12,455,4890
TAXIFY-1173,2024-09-13,495,5385
TAXIFY-1173,2024-09-14,253,5638
TAXIFY-1173,2024-09-15,225,5863
TAXIFY-1173,2024-09-16,477,6340
TAXIFY-1173,2024-09-17,467,6807
TAXIFY-1173,2024-09-18,453,7260
TAXIFY-1173,2024-09-19,474,7734
TAXIFY-1173,2024-09-20,481,8215
TAXIFY-1173,2024-09-21,268,8483
TAXIFY-1173,2024-09-22,261,8744
TAXIFY-1173,2024-09-23,507,9251
TAXIFY-1173,2024-09-24,451,9702
TAXIFY-1173,2024-09-25,419,10121
TAXIFY-1173,2024-09-26,476,10597
TAXIFY-1173,2024-09-27,394,10991
TAXIFY-1173,2024-09-28,228,11219
TAXIFY-1173,2024-09-29,238,11457
TAXIFY-1173,2024-09-30,421,11878
TAXIFY-1173,2024-10-01,470,12348
TAXIFY-1173,2024-10-02,490,12838
TAXIFY-1173,2024-10-03,456,13294
TAXIFY-1173,2024-10-04,462,13756
TAXIFY-1173,2024-10-05,243,13999
TAXIFY-1173,2024-10-06,261,14260
TAXIFY-1173,2024-10-07,468,14728
TAXIFY-1173,2024-10-08,484,15212
TAXIFY-1173,2024-10-09,448,15660
TAXIFY-1173,2024-10-10,485,16145
TAXIFY-1173,2024-10-11,486,16631
TAXIFY-1173,2024-10-12,238,16869
TAXIFY-1173,2024-10-13,261,17130
TAXIFY-1173,2024-10-14,450,17580
TAXIFY-1173,2024-10-15,461,18041
TAXIFY-1173,2024-10-16,512,18553
TAXIFY-1173,2024-10-17,448,19001
TAXIFY-1173,2024-10-18,489,19490
TAXIFY-1173,2024-10-19,263,19753
TAXIFY-1173,2024-10-20,244,19997
TAXIFY-1173,2024-10-21,476,20473
TAXIFY-1173,2024-10-22,454,20927
TAXIFY-1173,2024-10-23,502,21429
TAXIFY-1173,2024-10-24,423,21852
TAXIFY-1173,2024-10-25,407,22259
TAXIFY-1173,2024-10-26,213,22472
TAXIFY-1173,2024-10-27,230,22702
TAXIFY-1173,2024-10-28,417,23119
TAXIFY-1173,2024-10-29,542,23661
TAXIFY-1173,2024-10-30,430,24091
TAXIFY-1173,2024-10-31,493,24584
TAXIFY-1173,2024-11-01,434,25018
TAXIFY-1173,2024-11-02,229,25247
TAXIFY-1173,2024-11-03,231,25478
TAXIFY-1173,2024-11-04,420,25898
TAXIFY-1173,2024-11-05,460,26358
TAXIFY-1173,2024-11-06,512,26870
TAXIFY-1173,2024-11-07,454,27324
TAXIFY-1173,2024-11-08,469,27793
TAXIFY-1173,2024-11-09,236,28029
TAXIFY-1173,2024-11-10,237,28266
TAXIFY-1173,2024-11-11,395,28661
TAXIFY-1173,2024-11-12,488,29149
TAXIFY-1173,2024-11-13,480,29629
TAXIFY-1173,2024-11-14,462,30091
TAXIFY-1173,2024-11-15,510,30601
TAXIFY-1173,2024-11-16,250,30851
TAXIFY-1173,2024-11-17,237,31088
TAXIFY-1173,2024-11-18,442,31530
TAXIFY-1173,2024-11-19,451,31981
TAXIFY-1173,2024-11-20,456,32437
TAXIFY-1173,2024-11-21,482,32919
TAXIFY-1173,2024-11-22,459,33378
TAXIFY-1173,2024-11-23,234,33612
TAXIFY-1173,2024-11-24,208,33820
TAXIFY-1173,2024-11-25,490,34310
TAXIFY-1173,2024-11-26,504,34814
TAXIFY-1173,2024-11-27,446,35260
TAXIFY-1173,2024-11-28,443,35703
TAXIFY-1173,2024-11-29,436,36139
TAXIFY-1173,2024-11-30,264,36403
TAXIFY-1173,2024-12-01,244,36647
TAXIFY-1173,2024-12-02,458,37105
TAXIFY-1173,2024-12-03,437,37542
TAXIFY-1173,2024-12-04,422,37964
TAXIFY-1173,2024-12-05,489,38453
TAXIFY-1173,2024-12-06,450,38903
TAXIFY-1173,2024-12-07,238,39141
TAXIFY-1173,2024-12-08,255,39396
TAXIFY-1173,2024-12-09,422,39818
TAXIFY-1173,2024-12-10,436,40254
TAXIFY-1173,2024-12-11,478,40732
TAXIFY-1173,2024-12-12,451,41183
TAXIFY-1173,2024-12-13,453,41636
TAXIFY-1173,2024-12-14,245,41881
TAXIFY-1173,2024-12-15,243,42124
TAXIFY-1173,2024-12-16,447,42571
TAXIFY-1173,2024-12-17,439,43010
TAXIFY-1173,2024-12-18,457,43467
TAXIFY-1173,2024-12-19,501,43968
TAXIFY-1173,2024-12-20,399,44367
TAXIFY-1173,2024-12-21,227,44594
TAXIFY-1173,2024-12-22,241,44835
TAXIFY-1173,2024-12-23,437,45272
TAXIFY-1173,2024-12-24,409,45681
TAXIFY-1173,2024-12-25,420,46101
TAXIFY-1173,2024-12-26,472,46573
TAXIFY-1173,2024-12-27,456,47029
TAXIFY-1173,2024-12-28,195,47224
TAXIFY-1173,2024-12-29,220,47444
TAXIFY-1173,2024-12-30,506,47950
TAXIFY-1173,2024-12-31,457,48407
TAXIFY-1173,2025-01-01,480,48887
TAXIFY-1173,2025-01-02,456,49343
TAXIFY-1173,2025-01-03,489,49832
TAXIFY-1173,2025-01-04,240,50072
TAXIFY-1173,2025-01-05,230,50302
TAXIFY-1173,2025-01-06,427,50729
TAXIFY-1173,2025-01-07,475,51204
TAXIFY-1173,2025-01-08,408,51612
TAXIFY-1173,2025-01-09,477,52089
TAXIFY-1173,2025-01-10,491,52580
TAXIFY-1173,2025-01-11,220,52800
TAXIFY-1173,2025-01-12,208,53008
TAXIFY-1173,2025-01-13,495,53503
TAXIFY-1173,2025-01-14,460,53963
TAXIFY-1173,2025-01-15,453,54416
TAXIFY-1173,2025-01-16,466,54882
TAXIFY-1173,2025-01-17,442,55324
TAXIFY-1173,2025-01-18,201,55525
TAXIFY-1173,2025-01-19,219,55744
TAXIFY-1173,2025-01-20,460,56204
TAXIFY-1173,2025-01-21,460,56664
TAXIFY-1173,2025-01-22,394,57058
TAXIFY-1173,2025-01-23,449,57507
TAXIFY-1173,2025-01-24,520,58027
TAXIFY-1173,2025-01-25,230,58257
TAXIFY-1173,2025-01-26,245,58502
TAXIFY-1173,2025-01-27,480,58982
TAXIFY-1173,2025-01-28,435,59417
TAXIFY-1173,2025-01-29,437,59854
TAXIFY-1173,2025-01-30,474,60328
TAXIFY-1173,2025-01-31,439,60767
TAXIFY-1173,2025-02-01,501,61268
TAXIFY-1173,2025-02-02,448,61716
TAXIFY-1173,2025-02-03,980,62696
TAXIFY-1173,2025-02-04,947,63643
TAXIFY-1173,2025-02-05,954,64597
TAXIFY-1173,2025-02-06,874,65471
TAXIFY-1173,2025-02-07,998,66469
TAXIFY-1173,2025-02-08,545,67014
TAXIFY-1173,2025-02-09,425,67439
TAXIFY-1173,2025-02-10,988,68427
TAXIFY-1173,2025-02-11,919,69346
TAXIFY-1173,2025-02-12,860,70206
TAXIFY-1173,2025-02-13,841,71047
TAXIFY-1173,2025-02-14,855,71902
TAXIFY-1173,2025-02-15,432,72334
TAXIFY-1173,2025-02-16,416,72750
TAXIFY-1173,2025-02-17,1000,73750
TAXIFY-1173,2025-02-18,918,74668
TAXIFY-1173,2025-02-19,949,75617
TAXIFY-1173,2025-02-20,834,76451
TAXIFY-1173,2025-02-21,1007,77458
TAXIFY-1173,2025-02-22,440,77898
TAXIFY-1173,2025-02-23,507,78405
TAXIFY-1173,2025-02-24,952,79357
TAXIFY-1173,2025-02-25,848,80205
TAXIFY-1173,2025-02-26,946,81151
TAXIFY-1173,2025-02-27,916,82067
TAXIFY-1173,2025-02-28,847,82914
TAXIFY-1173,2025-03-01,588,83502
TAXIFY-1173,2025-03-02,685,84187
TAXIFY-1173,2025-03-03,1411,85598
TAXIFY-1173,2025-03-04,1179,86777
TAXIFY-1173,2025-03-05,1298,88075
TAXIFY-1173,2025-03-06,1134,89209
TAXIFY-1173,2025-03-07,1373,90582
TAXIFY-1173,2025-03-08,647,91229
TAXIFY-1173,2025-03-09,574,91803
TAXIFY-1173,2025-03-10,1240,93043
TAXIFY-1173,2025-03-11,1230,94273
TAXIFY-1173,2025-03-12,1198,95471
TAXIFY-1173,2025-03-13,1384,96855
TAXIFY-1173,2025-03-14,1200,98055
TAXIFY-1173,2025-03-15,729,98784
TAXIFY-1173,2025-03-16,687,99471
TAXIFY-1173,2025-03-17,1253,100724
TAXIFY-1173,2025-03-18,1522,102246
TAXIFY-1173,2025-03-19,1249,103495
TAXIFY-1173,2025-03-20,1144,104639
TAXIFY-1173,2025-03-21,1389,106028
TAXIFY-1173,2025-03-22,599,106627
TAXIFY-1173,2025-03-23,707,107334
TAXIFY-1173,2025-03-24,1144,108478
TAXIFY-1173,2025-03-25,1199,109677
TAXIFY-1173,2025-03-26,1231,110908
TAXIFY-1173,2025-03-27,1345,112253
TAXIFY-1173,2025-03-28,1237,113490
TAXIFY-1173,2025-03-29,615,114105
TAXIFY-1173,2025-03-30,677,114782
TAXIFY-1173,2025-03-31,1407,116189
TAXIFY-1173,2025-04-01,897,117086
TAXIFY-1173,2025-04-02,845,117931
TAXIFY-1173,2025-04-03,1026,118957
TAXIFY-1173,2025-04-04,908,119865
TAXIFY-1173,2025-04-05,474,120339
TAXIFY-1173,2025-04-06,442,120781
TAXIFY-1173,2025-04-07,890,121671
TAXIFY-1173,2025-04-08,884,122555
TAXIFY-1173,2025-04-09,980,123535
TAXIFY-1173,2025-04-10,1006,124541
TAXIFY-1173,2025-04-11,881,125422
TAXIFY-1173,2025-04-12,445,125867
TAXIFY-1173,2025-04-13,504,126371
TAXIFY-1173,2025-04-14,1058,127429
TAXIFY-1173,2025-04-15,961,128390
TAXIFY-1173,2025-04-16,944,129334
TAXIFY-1173,2025-04-17,1060,130394
TAXIFY-1173,2025-04-18,937,131331
TAXIFY-1173,2025-04-19,468,131799
TAXIFY-1173,2025-04-20,442,132241
TAXIFY-1173,2025-04-21,970,133211
TAXIFY-1173,2025-04-22,873,134084
TAXIFY-1173,2025-04-23,888,134972
TAXIFY-1173,2025-04-24,899,135871
TAXIFY-1173,2025-04-25,962,136833
TAXIFY-1173,2025-04-26,449,137282
TAXIFY-1173,2025-04-27,492,137774
TAXIFY-1173,2025-04-28,848,138622
TAXIFY-1173,2025-04-29,894,139516
TAXIFY-1173,2025-04-30,928,140444
TAXIFY-1173,2025-05-01,466,140910
TAXIFY-1173,2025-05-02,486,141396
TAXIFY-1173,2025-05-03,213,141609
TAXIFY-1173,2025-05-04,230,141839
TAXIFY-1173,2025-05-05,424,142263
TAXIFY-1173,2025-05-06,483,142746
TAXIFY-1173,2025-05-07,442,143188
TAXIFY-1173,2025-05-08,490,143678
TAXIFY-1173,2025-05-09,460,144138
TAXIFY-1173,2025-05-10,232,144370
TAXIFY-1173,2025-05-11,278,144648
TAXIFY-1173,2025-05-12,496,145144
TAXIFY-1173,2025-05-13,484,145628
TAXIFY-1173,2025-05-14,460,146088
TAXIFY-1173,2025-05-15,446,146534
TAXIFY-1173,2025-05-16,442,146976
TAXIFY-1173,2025-05-17,255,147231
TAXIFY-1173,2025-05-18,218,147449
TAXIFY-1173,2025-05-19,480,147929
TAXIFY-1173,2025-05-20,439,148368
TAXIFY-1173,2025-05-21,428,148796
TAXIFY-1173,2025-05-22,445,149241
TAXIFY-1173,2025-05-23,486,149727
TAXIFY-1173,2025-05-24,249,149976
TAXIFY-1173,2025-05-25,234,150210
TAXIFY-1173,2025-05-26,455,150665
TAXIFY-1173,2025-05-27,481,151146
TAXIFY-1173,2025-05-28,454,151600
TAXIFY-1173,2025-05-29,446,152046
TAXIFY-1173,2025-05-30,427,152473
TAXIFY-1173,2025-05-31,250,152723
TAXIFY-1173,2025-06-01,176,152899
TAXIFY-1173,2025-06-02,340,153239
TAXIFY-1173,2025-06-03,362,153601
TAXIFY-1173,2025-06-04,394,153995
TAXIFY-1173,2025-06-05,390,154385
TAXIFY-1173,2025-06-06,363,154748
TAXIFY-1173,2025-06-07,177,154925
TAXIFY-1173,2025-06-08,216,155141
TAXIFY-1173,2025-06-09,346,155487
TAXIFY-1173,2025-06-10,369,155856
TAXIFY-1173,2025-06-11,349,156205
TAXIFY-1173,2025-06-12,394,156599
TAXIFY-1173,2025-06-13,395,156994
TAXIFY-1173,2025-06-14,169,157163
TAXIFY-1173,2025-06-15,187,157350
TAXIFY-1173,2025-06-16,299,157649
TAXIFY-1173,2025-06-17,372,158021
TAXIFY-1173,2025-06-18,287,158308
TAXIFY-1173,2025-06-19,378,158686
TAXIFY-1173,2025-06-20,359,159045
TAXIFY-1173,2025-06-21,163,159208
TAXIFY-1173,2025-06-22,192,159400
TAXIFY-1173,2025-06-23,369,159769
TAXIFY-1173,2025-06-24,341,160110
TAXIFY-1173,2025-06-25,337,160447
TAXIFY-1173,2025-06-26,358,160805
TAXIFY-1173,2025-06-27,446,161251
TAXIFY-1173,2025-06-28,184,161435
TAXIFY-1173,2025-06-29,196,161631
TAXIFY-1173,2025-06-30,338,161969
TAXIFY-1173,2025-07-01,304,162273
TAXIFY-1173,2025-07-02,387,162660
TAXIFY-1173,2025-07-03,337,162997
TAXIFY-1173,2025-07-04,338,163335
TAXIFY-1173,2025-07-05,183,163518
TAXIFY-1173,2025-07-06,205,163723
TAXIFY-1173,2025-07-07,394,164117
TAXIFY-1173,2025-07-08,347,164464
TAXIFY-1173,2025-07-09,376,164840
TAXIFY-1173,2025-07-10,382,165222
TAXIFY-1173,2025-07-11,383,165605
TAXIFY-1173,2025-07-12,179,165784
TAXIFY-1173,2025-07-13,191,165975
TAXIFY-1173,2025-07-14,383,166358
TAXIFY-1173,2025-07-15,379,166737
TAXIFY-1173,2025-07-16,333,167070
TAXIFY-1173,2025-07-17,367,167437
TAXIFY-1173,2025-07-18,395,167832
TAXIFY-1173,2025-07-19,151,167983
TAXIFY-1173,2025-07-20,201,168184
TAXIFY-1173,2025-07-21,393,168577
TAXIFY-1173,2025-07-22,379,168956
TAXIFY-1173,2025-07-23,382,169338
TAXIFY-1173,2025-07-24,368,169706
TAXIFY-1173,2025-07-25,339,170045
TAXIFY-1173,2025-07-26,180,170225
TAXIFY-1173,2025-07-27,184,170409
TAXIFY-1173,2025-07-28,360,170769
TAXIFY-1173,2025-07-29,378,171147
TAXIFY-1173,2025-07-30,377,171524
TAXIFY-1173,2025-07-31,368,171892
TAXIFY-1173,2025-08-01,383,172275
TAXIFY-1173,2025-08-02,193,172468
TAXIFY-1173,2025-08-03,168,172636
TAXIFY-1173,2025-08-04,402,173038
TAXIFY-1173,2025-08-05,349,173387
TAXIFY-1173,2025-08-06,377,173764
TAXIFY-1173,2025-08-07,360,174124
TAXIFY-1173,2025-08-08,368,174492
TAXIFY-1173,2025-08-09,201,174693
TAXIFY-1173,2025-08-10,181,174874
TAXIFY-1173,2025-08-11,378,175252
TAXIFY-1173,2025-08-12,398,175650
TAXIFY-1173,2025-08-13,391,176041
TAXIFY-1173,2025-08-14,382,176423
TAXIFY-1173,2025-08-15,429,176852
TAXIFY-1173,2025-08-16,185,177037
TAXIFY-1173,2025-08-17,199,177236
TAXIFY-1173,2025-08-18,446,177682
TAXIFY-1173,2025-08-19,351,178033
TAXIFY-1173,2025-08-20,415,178448
TAXIFY-1173,2025-08-21,382,178830
TAXIFY-1173,2025-08-22,418,179248
TAXIFY-1173,2025-08-23,186,179434
TAXIFY-1173,2025-08-24,196,179630
TAXIFY-1173,2025-08-25,327,179957
TAXIFY-1173,2025-08-26,333,180290
TAXIFY-1173,2025-08-27,386,180676
TAXIFY-1173,2025-08-28,387,181063
TAXIFY-1173,2025-08-29,344,181407
TAXIFY-1173,2025-08-30,194,181601
TAXIFY-1173,2025-08-31,190,181791
TAXIFY-1174,2024-09-01,431,431
TAXIFY-1174,2024-09-02,895,1326
TAXIFY-1174,2024-09-03,737,2063
TAXIFY-1174,2024-09-04,879,2942
TAXIFY-1174,2024-09-05,858,3800
TAXIFY-1174,2024-09-06,778,4578
TAXIFY-1174,2024-09-07,373,4951
TAXIFY-1174,2024-09-08,397,5348
TAXIFY-1174,2024-09-09,802,6150
TAXIFY-1174,2024-09-10,796,6946
TAXIFY-1174,2024-09-11,835,7781
TAXIFY-1174,2024-09-12,901,8682
TAXIFY-1174,2024-09-13,849,9531
TAXIFY-1174,2024-09-14,378,9909
TAXIFY-1174,2024-09-15,424,10333
TAXIFY-1174,2024-09-16,802,11135
TAXIFY-1174,2024-09-17,798,11933
TAXIFY-1174,2024-09-18,790,12723
TAXIFY-1174,2024-09-19,842,13565
TAXIFY-1174,2024-09-20,830,14395
TAXIFY-1174,2024-09-21,392,14787
TAXIFY-1174,2024-09-22,424,15211
TAXIFY-1174,2024-09-23,813,16024
TAXIFY-1174,2024-09-24,801,16825
TAXIFY-1174,2024-09-25,834,17659
TAXIFY-1174,2024-09-26,813,18472
TAXIFY-1174,2024-09-27,793,19265
TAXIFY-1174,2024-09-28,445,19710
TAXIFY-1174,2024-09-29,446,20156
TAXIFY-1174,2024-09-30,788,20944
TAXIFY-1174,2024-10-01,847,21791
TAXIFY-1174,2024-10-02,800,22591
TAXIFY-1174,2024-10-03,805,23396
TAXIFY-1174,2024-10-04,787,24183
TAXIFY-1174,2024-10-05,377,24560
TAXIFY-1174,2024-10-06,412,24972
TAXIFY-1174,2024-10-07,813,25785
TAXIFY-1174,2024-10-08,803,26588
TAXIFY-1174,2024-10-09,908,27496
TAXIFY-1174,2024-10-10,847,28343
TAXIFY-1174,2024-10-11,847,29190
TAXIFY-1174,2024-10-12,468,29658
TAXIFY-1174,2024-10-13,428,30086
TAXIFY-1174,2024-10-14,960,31046
TAXIFY-1174,2024-10-15,802,31848
TAXIFY-1174,2024-10-16,826,32674
TAXIFY-1174,2024-10-17,893,33567
TAXIFY-1174,2024-10-18,688,34255
TAXIFY-1174,2024-10-19,419,34674
TAXIFY-1174,2024-10-20,497,35171
TAXIFY-1174,2024-10-21,761,35932
TAXIFY-1174,2024-10-22,919,36851
TAXIFY-1174,2024-10-23,817,37668
TAXIFY-1174,2024-10-24,1009,38677
TAXIFY-1174,2024-10-25,775,39452
TAXIFY-1174,2024-10-26,389,39841
TAXIFY-1174,2024-10-27,382,40223
TAXIFY-1174,2024-10-28,837,41060
TAXIFY-1174,2024-10-29,798,41858
TAXIFY-1174,2024-10-30,786,42644
TAXIFY-1174,2024-10-31,847,43491
TAXIFY-1174,2024-11-01,867,44358
TAXIFY-1174,2024-11-02,344,44702
TAXIFY-1174,2024-11-03,442,45144
TAXIFY-1174,2024-11-04,744,45888
TAXIFY-1174,2024-11-05,804,46692
TAXIFY-1174,2024-11-06,800,47492
TAXIFY-1174,2024-11-07,850,48342
TAXIFY-1174,2024-11-08,773,49115
TAXIFY-1174,2024-11-09,438,49553
TAXIFY-1174,2024-11-10,385,49938
TAXIFY-1174,2024-11-11,894,50832
TAXIFY-1174,2024-11-12,814,51646
TAXIFY-1174,2024-11-13,836,52482
TAXIFY-1174,2024-11-14,892,53374
TAXIFY-1174,2024-11-15,813,54187
TAXIFY-1174,2024-11-16,484,54671
TAXIFY-1174,2024-11-17,406,55077
TAXIFY-1174,2024-11-18,839,55916
TAXIFY-1174,2024-11-19,931,56847
TAXIFY-1174,2024-11-20,858,57705
TAXIFY-1174,2024-11-21,883,58588
TAXIFY-1174,2024-11-22,801,59389
TAXIFY-1174,2024-11-23,345,59734
TAXIFY-1174,2024-11-24,392,60126
TAXIFY-1174,2024-11-25,822,60948
TAXIFY-1174,2024-11-26,775,61723
TAXIFY-1174,2024-11-27,828,62551
TAXIFY-1174,2024-11-28,726,63277
TAXIFY-1174,2024-11-29,830,64107
TAXIFY-1174,2024-11-30,388,64495
TAXIFY-1174,2024-12-01,358,64853
TAXIFY-1174,2024-12-02,832,65685
TAXIFY-1174,2024-12-03,826,66511
TAXIFY-1174,2024-12-04,803,67314
TAXIFY-1174,2024-12-05,763,68077
TAXIFY-1174,2024-12-06,756,68833
TAXIFY-1174,2024-12-07,461,69294
TAXIFY-1174,2024-12-08,435,69729
TAXIFY-1174,2024-12-09,787,70516
TAXIFY-1174,2024-12-10,788,71304
TAXIFY-1174,2024-12-11,755,72059
TAXIFY-1174,2024-12-12,815,72874
TAXIFY-1174,2024-12-13,906,73780
TAXIFY-1174,2024-12-14,428,74208
TAXIFY-1174,2024-12-15,441,74649
TAXIFY-1174,2024-12-16,746,75395
TAXIFY-1174,2024-12-17,786,76181
TAXIFY-1174,2024-12-18,844,77025
TAXIFY-1174,2024-12-19,677,77702
TAXIFY-1174,2024-12-20,782,78484
TAXIFY-1174,2024-12-21,384,78868
TAXIFY-1174,2024-12-22,456,79324
TAXIFY-1174,2024-12-23,881,80205
TAXIFY-1174,2024-12-24,856,81061
TAXIFY-1174,2024-12-25,821,81882
TAXIFY-1174,2024-12-26,861,82743
TAXIFY-1174,2024-12-27,807,83550
TAXIFY-1174,2024-12-28,443,83993
TAXIFY-1174,2024-12-29,382,84375
TAXIFY-1174,2024-12-30,754,85129
TAXIFY-1174,2024-12-31,820,85949
TAXIFY-1174,2025-01-01,841,86790
TAXIFY-1174,2025-01-02,903,87693
TAXIFY-1174,2025-01-03,770,88463
TAXIFY-1174,2025-01-04,411,88874
TAXIFY-1174,2025-01-05,416,89290
TAXIFY-1174,2025-01-06,780,90070
TAXIFY-1174,2025-01-07,862,90932
TAXIFY-1174,2025-01-08,758,91690
TAXIFY-1174,2025-01-09,816,92506
TAXIFY-1174,2025-01-10,850,93356
TAXIFY-1174,2025-01-11,425,93781
TAXIFY-1174,2025-01-12,419,94200
TAXIFY-1174,2025-01-13,746,94946
TAXIFY-1174,2025-01-14,895,95841
TAXIFY-1174,2025-01-15,821,96662
TAXIFY-1174,2025-01-16,723,97385
TAXIFY-1174,2025-01-17,748,98133
TAXIFY-1174,2025-01-18,366,98499
TAXIFY-1174,2025-01-19,376,98875
TAXIFY-1174,2025-01-20,809,99684
TAXIFY-1174,2025-01-21,668,100352
TAXIFY-1174,2025-01-22,878,101230
TAXIFY-1174,2025-01-23,907,102137
TAXIFY-1174,2025-01-24,895,103032
TAXIFY-1174,2025-01-25,370,103402
TAXIFY-1174,2025-01-26,432,103834
TAXIFY-1174,2025-01-27,893,104727
TAXIFY-1174,2025-01-28,958,105685
TAXIFY-1174,2025-01-29,738,106423
TAXIFY-1174,2025-01-30,872,107295
TAXIFY-1174,2025-01-31,803,108098
TAXIFY-1174,2025-02-01,856,108954
TAXIFY-1174,2025-02-02,789,109743
TAXIFY-1174,2025-02-03,1696,111439
TAXIFY-1174,2025-02-04,1913,113352
TAXIFY-1174,2025-02-05,1541,114893
TAXIFY-1174,2025-02-06,1478,116371
TAXIFY-1174,2025-02-07,1561,117932
TAXIFY-1174,2025-02-08,862,118794
TAXIFY-1174,2025-02-09,860,119654
TAXIFY-1174,2025-02-10,1400,121054
TAXIFY-1174,2025-02-11,1621,122675
TAXIFY-1174,2025-02-12,1724,124399
TAXIFY-1174,2025-02-13,1688,126087
TAXIFY-1174,2025-02-14,1685,127772
TAXIFY-1174,2025-02-15,914,128686
TAXIFY-1174,2025-02-16,809,129495
TAXIFY-1174,2025-02-17,1700,131195
TAXIFY-1174,2025-02-18,1517,132712
TAXIFY-1174,2025-02-19,1844,134556
TAXIFY-1174,2025-02-20,1489,136045
TAXIFY-1174,2025-02-21,1574,137619
TAXIFY-1174,2025-02-22,826,138445
TAXIFY-1174,2025-02-23,796,139241
TAXIFY-1174,2025-02-24,1712,140953
TAXIFY-1174,2025-02-25,1460,142413
TAXIFY-1174,2025-02-26,1411,143824
TAXIFY-1174,2025-02-27,1527,145351
TAXIFY-1174,2025-02-28,1800,147151
TAXIFY-1174,2025-03-01,977,148128
TAXIFY-1174,2025-03-02,1199,149327
TAXIFY-1174,2025-03-03,2486,151813
TAXIFY-1174,2025-03-04,2339,154152
TAXIFY-1174,2025-03-05,2132,156284
TAXIFY-1174,2025-03-06,2171,158455
TAXIFY-1174,2025-03-07,2505,160960
TAXIFY-1174,2025-03-08,1148,162108
TAXIFY-1174,2025-03-09,1166,163274
TAXIFY-1174,2025-03-10,2288,165562
TAXIFY-1174,2025-03-11,2339,167901
TAXIFY-1174,2025-03-12,2333,170234
TAXIFY-1174,2025-03-13,2482,172716
TAXIFY-1174,2025-03-14,2207,174923
TAXIFY-1174,2025-03-15,1064,175987
TAXIFY-1174,2025-03-16,1153,177140
TAXIFY-1174,2025-03-17,2288,179428
TAXIFY-1174,2025-03-18,2311,181739
TAXIFY-1174,2025-03-19,2669,184408
TAXIFY-1174,2025-03-20,2184,186592
TAXIFY-1174,2025-03-21,2461,189053
TAXIFY-1174,2025-03-22,1121,190174
TAXIFY-1174,2025-03-23,1216,191390
TAXIFY-1174,2025-03-24,2335,193725
TAXIFY-1174,2025-03-25,2393,196118
TAXIFY-1174,2025-03-26,2325,198443
TAXIFY-1174,2025-03-27,1983,200426
TAXIFY-1174,2025-03-28,2333,202759
TAXIFY-1174,2025-03-29,1287,204046
TAXIFY-1174,2025-03-30,1214,205260
TAXIFY-1174,2025-03-31,2349,207609
TAXIFY-1174,2025-04-01,1696,209305
TAXIFY-1174,2025-04-02,1407,210712
TAXIFY-1174,2025-04-03,1388,212100
TAXIFY-1174,2025-04-04,1767,213867
TAXIFY-1174,2025-04-05,909,214776
TAXIFY-1174,2025-04-06,783,215559
TAXIFY-1174,2025-04-07,1675,217234
TAXIFY-1174,2025-04-08,1731,218965
TAXIFY-1174,2025-04-09,1868,220833
TAXIFY-1174,2025-04-10,1639,222472
TAXIFY-1174,2025-04-11,1747,224219
TAXIFY-1174,2025-04-12,956,225175
TAXIFY-1174,2025-04-13,806,225981
TAXIFY-1174,2025-04-14,1658,227639
TAXIFY-1174,2025-04-15,1503,229142
TAXIFY-1174,2025-04-16,1510,230652
TAXIFY-1174,2025-04-17,1765,232417
TAXIFY-1174,2025-04-18,1807,234224
TAXIFY-1174,2025-04-19,901,235125
TAXIFY-1174,2025-04-20,756,235881
TAXIFY-1174,2025-04-21,1622,237503
TAXIFY-1174,2025-04-22,1712,239215
TAXIFY-1174,2025-04-23,1349,240564
TAXIFY-1174,2025-04-24,1710,242274
TAXIFY-1174,2025-04-25,1897,244171
TAXIFY-1174,2025-04-26,899,245070
TAXIFY-1174,2025-04-27,665,245735
TAXIFY-1174,2025-04-28,1702,247437
TAXIFY-1174,2025-04-29,1678,249115
TAXIFY-1174,2025-04-30,1685,250800
TAXIFY-1174,2025-05-01,831,251631
TAXIFY-1174,2025-05-02,803,252434
TAXIFY-1174,2025-05-03,335,252769
TAXIFY-1174,2025-05-04,422,253191
TAXIFY-1174,2025-05-05,866,254057
TAXIFY-1174,2025-05-06,788,254845
TAXIFY-1174,2025-05-07,907,255752
TAXIFY-1174,2025-05-08,716,256468
TAXIFY-1174,2025-05-09,710,257178
TAXIFY-1174,2025-05-10,415,257593
TAXIFY-1174,2025-05-11,389,257982
TAXIFY-1174,2025-05-12,888,258870
TAXIFY-1174,2025-05-13,796,259666
TAXIFY-1174,2025-05-14,914,260580
TAXIFY-1174,2025-05-15,777,261357
TAXIFY-1174,2025-05-16,834,262191
TAXIFY-1174,2025-05-17,346,262537
TAXIFY-1174,2025-05-18,410,262947
TAXIFY-1174,2025-05-19,829,263776
TAXIFY-1174,2025-05-20,904,264680
TAXIFY-1174,2025-05-21,725,265405
TAXIFY-1174,2025-05-22,806,266211
TAXIFY-1174,2025-05-23,920,267131
TAXIFY-1174,2025-05-24,464,267595
TAXIFY-1174,2025-05-25,384,267979
TAXIFY-1174,2025-05-26,779,268758
TAXIFY-1174,2025-05-27,712,269470
TAXIFY-1174,2025-05-28,684,270154
TAXIFY-1174,2025-05-29,799,270953
TAXIFY-1174,2025-05-30,782,271735
TAXIFY-1174,2025-05-31,480,272215
TAXIFY-1174,2025-06-01,339,272554
TAXIFY-1174,2025-06-02,648,273202
TAXIFY-1174,2025-06-03,694,273896
TAXIFY-1174,2025-06-04,714,274610
TAXIFY-1174,2025-06-05,723,275333
TAXIFY-1174,2025-06-06,673,276006
TAXIFY-1174,2025-06-07,329,276335
TAXIFY-1174,2025-06-08,334,276669
TAXIFY-1174,2025-06-09,656,277325
TAXIFY-1174,2025-06-10,631,277956
TAXIFY-1174,2025-06-11,714,278670
TAXIFY-1174,2025-06-12,649,279319
TAXIFY-1174,2025-06-13,606,279925
TAXIFY-1174,2025-06-14,330,280255
TAXIFY-1174,2025-06-15,348,280603
TAXIFY-1174,2025-06-16,583,281186
TAXIFY-1174,2025-06-17,645,281831
TAXIFY-1174,2025-06-18,617,282448
TAXIFY-1174,2025-06-19,775,283223
TAXIFY-1174,2025-06-20,664,283887
TAXIFY-1174,2025-06-21,370,284257
TAXIFY-1174,2025-06-22,336,284593
TAXIFY-1174,2025-06-23,677,285270
TAXIFY-1174,2025-06-24,656,285926
TAXIFY-1174,2025-06-25,648,286574
TAXIFY-1174,2025-06-26,655,287229
TAXIFY-1174,2025-06-27,625,287854
TAXIFY-1174,2025-06-28,329,288183
TAXIFY-1174,2025-06-29,287,288470
TAXIFY-1174,2025-06-30,669,289139
TAXIFY-1174,2025-07-01,596,289735
TAXIFY-1174,2025-07-02,664,290399
TAXIFY-1174,2025-07-03,676,291075
TAXIFY-1174,2025-07-04,734,291809
TAXIFY-1174,2025-07-05,338,292147
TAXIFY-1174,2025-07-06,322,292469
TAXIFY-1174,2025-07-07,626,293095
TAXIFY-1174,2025-07-08,697,293792
TAXIFY-1174,2025-07-09,654,294446
TAXIFY-1174,2025-07-10,620,295066
TAXIFY-1174,2025-07-11,667,295733
TAXIFY-1174,2025-07-12,280,296013
TAXIFY-1174,2025-07-13,332,296345
TAXIFY-1174,2025-07-14,618,296963
TAXIFY-1174,2025-07-15,642,297605
TAXIFY-1174,2025-07-16,765,298370
TAXIFY-1174,2025-07-17,634,299004
TAXIFY-1174,2025-07-18,701,299705
TAXIFY-1174,2025-07-19,357,300062
TAXIFY-1174,2025-07-20,352,300414
TAXIFY-1174,2025-07-21,679,301093
TAXIFY-1174,2025-07-22,601,301694
TAXIFY-1174,2025-07-23,625,302319
TAXIFY-1174,2025-07-24,598,302917
TAXIFY-1174,2025-07-25,641,303558
TAXIFY-1174,2025-07-26,320,303878
TAXIFY-1174,2025-07-27,305,304183
TAXIFY-1174,2025-07-28,688,304871
TAXIFY-1174,2025-07-29,633,305504
TAXIFY-1174,2025-07-30,640,306144
TAXIFY-1174,2025-07-31,577,306721
TAXIFY-1174,2025-08-01,663,307384
TAXIFY-1174,2025-08-02,327,307711
TAXIFY-1174,2025-08-03,314,308025
TAXIFY-1174,2025-08-04,679,308704
TAXIFY-1174,2025-08-05,666,309370
TAXIFY-1174,2025-08-06,690,310060
TAXIFY-1174,2025-08-07,693,310753
TAXIFY-1174,2025-08-08,697,311450
TAXIFY-1174,2025-08-09,373,311823
TAXIFY-1174,2025-08-10,333,312156
TAXIFY-1174,2025-08-11,609,312765
TAXIFY-1174,2025-08-12,637,313402
TAXIFY-1174,2025-08-13,638,314040
TAXIFY-1174,2025-08-14,611,314651
TAXIFY-1174,2025-08-15,527,315178
TAXIFY-1174,2025-08-16,336,315514
TAXIFY-1174,2025-08-17,330,315844
TAXIFY-1174,2025-08-18,760,316604
TAXIFY-1174,2025-08-19,757,317361
TAXIFY-1174,2025-08-20,695,318056
TAXIFY-1174,2025-08-21,689,318745
TAXIFY-1174,2025-08-22,616,319361
TAXIFY-1174,2025-08-23,334,319695
TAXIFY-1174,2025-08-24,326,320021
TAXIFY-1174,2025-08-25,667,320688
TAXIFY-1174,2025-08-26,619,321307
TAXIFY-1174,2025-08-27,682,321989
TAXIFY-1174,2025-08-28,587,322576
TAXIFY-1174,2025-08-29,820,323396
TAXIFY-1174,2025-08-30,368,323764
TAXIFY-1174,2025-08-31,364,324128
TAXIFY-1175,2024-09-01,487,487
TAXIFY-1175,2024-09-02,945,1432
TAXIFY-1175,2024-09-03,1110,2542
TAXIFY-1175,2024-09-04,1059,3601
TAXIFY-1175,2024-09-05,1246,4847
TAXIFY-1175,2024-09-06,1140,5987
TAXIFY-1175,2024-09-07,541,6528
TAXIFY-1175,2024-09-08,607,7135
TAXIFY-1175,2024-09-09,1102,8237
TAXIFY-1175,2024-09-10,1106,9343
TAXIFY-1175,2024-09-11,1176,10519
TAXIFY-1175,2024-09-12,1027,11546
TAXIFY-1175,2024-09-13,1174,12720
TAXIFY-1175,2024-09-14,567,13287
TAXIFY-1175,2024-09-15,503,13790
TAXIFY-1175,2024-09-16,1256,15046
TAXIFY-1175,2024-09-17,1046,16092
TAXIFY-1175,2024-09-18,944,17036
TAXIFY-1175,2024-09-19,1018,18054
TAXIFY-1175,2024-09-20,996,19050
TAXIFY-1175,2024-09-21,551,19601
TAXIFY-1175,2024-09-22,613,20214
TAXIFY-1175,2024-09-23,1107,21321
TAXIFY-1175,2024-09-24,1224,22545
TAXIFY-1175,2024-09-25,1178,23723
TAXIFY-1175,2024-09-26,854,24577
TAXIFY-1175,2024-09-27,1164,25741
TAXIFY-1175,2024-09-28,517,26258
TAXIFY-1175,2024-09-29,565,26823
TAXIFY-1175,2024-09-30,1081,27904
TAXIFY-1175,2024-10-01,1328,29232
TAXIFY-1175,2024-10-02,1124,30356
TAXIFY-1175,2024-10-03,1136,31492
TAXIFY-1175,2024-10-04,1179,32671
TAXIFY-1175,2024-10-05,478,33149
TAXIFY-1175,2024-10-06,590,33739
TAXIFY-1175,2024-10-07,1067,34806
TAXIFY-1175,2024-10-08,1026,35832
TAXIFY-1175,2024-10-09,1157,36989
TAXIFY-1175,2024-10-10,956,37945
TAXIFY-1175,2024-10-11,1167,39112
TAXIFY-1175,2024-10-12,536,39648
TAXIFY-1175,2024-10-13,538,40186
TAXIFY-1175,2024-10-14,891,41077
TAXIFY-1175,2024-10-15,1164,42241
TAXIFY-1175,2024-10-16,1107,43348
TAXIFY-1175,2024-10-17,1045,44393
TAXIFY-1175,2024-10-18,1005,45398
TAXIFY-1175,2024-10-19,577,45975
TAXIFY-1175,2024-10-20,558,46533
TAXIFY-1175,2024-10-21,1086,47619
TAXIFY-1175,2024-10-22,1000,48619
TAXIFY-1175,2024-10-23,1112,49731
TAXIFY-1175,2024-10-24,1107,50838
TAXIFY-1175,2024-10-25,1200,52038
TAXIFY-1175,2024-10-26,491,52529
TAXIFY-1175,2024-10-27,512,53041
TAXIFY-1175,2024-10-28,1255,54296
TAXIFY-1175,2024-10-29,1102,55398
TAXIFY-1175,2024-10-30,1108,56506
TAXIFY-1175,2024-10-31,1170,57676
TAXIFY-1175,2024-11-01,1243,58919
TAXIFY-1175,2024-11-02,492,59411
TAXIFY-1175,2024-11-03,637,60048
TAXIFY-1175,2024-11-04,1082,61130
TAXIFY-1175,2024-11-05,1109,62239
TAXIFY-1175,2024-11-06,1091,63330
TAXIFY-1175,2024-11-07,1216,64546
TAXIFY-1175,2024-11-08,1169,65715
TAXIFY-1175,2024-11-09,536,66251
TAXIFY-1175,2024-11-10,494,66745
TAXIFY-1175,2024-11-11,1065,67810
TAXIFY-1175,2024-11-12,969,68779
TAXIFY-1175,2024-11-13,1163,69942
TAXIFY-1175,2024-11-14,1027,70969
TAXIFY-1175,2024-11-15,1077,72046
TAXIFY-1175,2024-11-16,594,72640
TAXIFY-1175,2024-11-17,578,73218
TAXIFY-1175,2024-11-18,1119,74337
TAXIFY-1175,2024-11-19,1017,75354
TAXIFY-1175,2024-11-20,1128,76482
TAXIFY-1175,2024-11-21,1017,77499
TAXIFY-1175,2024-11-22,1129,78628
TAXIFY-1175,2024-11-23,486,79114
TAXIFY-1175,2024-11-24,595,79709
TAXIFY-1175,2024-11-25,1103,80812
TAXIFY-1175,2024-11-26,1085,81897
TAXIFY-1175,2024-11-27,1120,83017
TAXIFY-1175,2024-11-28,1076,84093
TAXIFY-1175,2024-11-29,1092,85185
TAXIFY-1175,2024-11-30,599,85784
TAXIFY-1175,2024-12-01,589,86373
TAXIFY-1175,2024-12-02,1148,87521
TAXIFY-1175,2024-12-03,1108,88629
TAXIFY-1175,2024-12-04,1058,89687
TAXIFY-1175,2024-12-05,1179,90866
TAXIFY-1175,2024-12-06,1007,91873
TAXIFY-1175,2024-12-07,620,92493
TAXIFY-1175,2024-12-08,574,93067
TAXIFY-1175,2024-12-09,1188,94255
TAXIFY-1175,2024-12-10,1126,95381
TAXIFY-1175,2024-12-11,1075,96456
TAXIFY-1175,2024-12-12,1168,97624
TAXIFY-1175,2024-12-13,963,98587
TAXIFY-1175,2024-12-14,517,99104
TAXIFY-1175,2024-12-15,534,99638
TAXIFY-1175,2024-12-16,966,100604
TAXIFY-1175,2024-12-17,1141,101745
TAXIFY-1175,2024-12-18,1196,102941
TAXIFY-1175,2024-12-19,937,103878
TAXIFY-1175,2024-12-20,1050,104928
TAXIFY-1175,2024-12-21,535,105463
TAXIFY-1175,2024-12-22,557,106020
TAXIFY-1175,2024-12-23,1160,107180
TAXIFY-1175,2024-12-24,1061,108241
TAXIFY-1175,2024-12-25,1167,109408
TAXIFY-1175,2024-12-26,1093,110501
TAXIFY-1175,2024-12-27,1033,111534
TAXIFY-1175,2024-12-28,553,112087
TAXIFY-1175,2024-12-29,488,112575
TAXIFY-1175,2024-12-30,1064,113639
TAXIFY-1175,2024-12-31,1070,114709
TAXIFY-1175,2025-01-01,1033,115742
TAXIFY-1175,2025-01-02,1306,117048
TAXIFY-1175,2025-01-03,1199,118247
TAXIFY-1175,2025-01-04,551,118798
TAXIFY-1175,2025-01-05,561,119359
TAXIFY-1175,2025-01-06,1131,120490
TAXIFY-1175,2025-01-07,1140,121630
TAXIFY-1175,2025-01-08,1221,122851
TAXIFY-1175,2025-01-09,1166,124017
TAXIFY-1175,2025-01-10,913,124930
TAXIFY-1175,2025-01-11,579,125509
TAXIFY-1175,2025-01-12,506,126015
TAXIFY-1175,2025-01-13,1038,127053
TAXIFY-1175,2025-01-14,1171,128224
TAXIFY-1175,2025-01-15,924,129148
TAXIFY-1175,2025-01-16,1235,130383
TAXIFY-1175,2025-01-17,1157,131540
TAXIFY-1175,2025-01-18,557,132097
TAXIFY-1175,2025-01-19,579,132676
TAXIFY-1175,2025-01-20,1186,133862
TAXIFY-1175,2025-01-21,1105,134967
TAXIFY-1175,2025-01-22,1153,136120
TAXIFY-1175,2025-01-23,1001,137121
TAXIFY-1175,2025-01-24,1156,138277
TAXIFY-1175,2025-01-25,569,138846
TAXIFY-1175,2025-01-26,605,139451
TAXIFY-1175,2025-01-27,1101,140552
TAXIFY-1175,2025-01-28,1112,141664
TAXIFY-1175,2025-01-29,1005,142669
TAXIFY-1175,2025-01-30,1086,143755
TAXIFY-1175,2025-01-31,1139,144894
TAXIFY-1175,2025-02-01,1147,146041
TAXIFY-1175,2025-02-02,1235,147276
TAXIFY-1175,2025-02-03,2252,149528
TAXIFY-1175,2025-02-04,2156,151684
TAXIFY-1175,2025-02-05,2269,153953
TAXIFY-1175,2025-02-06,2075,156028
TAXIFY-1175,2025-02-07,2402,158430
TAXIFY-1175,2025-02-08,1025,159455
TAXIFY-1175,2025-02-09,1051,160506
TAXIFY-1175,2025-02-10,1985,162491
TAXIFY-1175,2025-02-11,2186,164677
TAXIFY-1175,2025-02-12,2284,166961
TAXIFY-1175,2025-02-13,2459,169420
TAXIFY-1175,2025-02-14,2162,171582
TAXIFY-1175,2025-02-15,1066,172648
TAXIFY-1175,2025-02-16,854,173502
TAXIFY-1175,2025-02-17,2211,175713
TAXIFY-1175,2025-02-18,2177,177890
TAXIFY-1175,2025-02-19,2175,180065
TAXIFY-1175,2025-02-20,2434,182499
TAXIFY-1175,2025-02-21,2267,184766
TAXIFY-1175,2025-02-22,1050,185816
TAXIFY-1175,2025-02-23,1007,186823
TAXIFY-1175,2025-02-24,1971,188794
TAXIFY-1175,2025-02-25,2094,190888
TAXIFY-1175,2025-02-26,2237,193125
TAXIFY-1175,2025-02-27,1805,194930
TAXIFY-1175,2025-02-28,2148,197078
TAXIFY-1175,2025-03-01,1437,198515
TAXIFY-1175,2025-03-02,1564,200079
TAXIFY-1175,2025-03-03,3322,203401
TAXIFY-1175,2025-03-04,2985,206386
TAXIFY-1175,2025-03-05,3039,209425
TAXIFY-1175,2025-03-06,2980,212405
TAXIFY-1175,2025-03-07,3479,215884
TAXIFY-1175,2025-03-08,1445,217329
TAXIFY-1175,2025-03-09,1440,218769
TAXIFY-1175,2025-03-10,2913,221682
TAXIFY-1175,2025-03-11,3354,225036
TAXIFY-1175,2025-03-12,3375,228411
TAXIFY-1175,2025-03-13,2841,231252
TAXIFY-1175,2025-03-14,3240,234492
TAXIFY-1175,2025-03-15,1474,235966
TAXIFY-1175,2025-03-16,1355,237321
TAXIFY-1175,2025-03-17,2711,240032
TAXIFY-1175,2025-03-18,3008,243040
TAXIFY-1175,2025-03-19,3251,246291
TAXIFY-1175,2025-03-20,3051,249342
TAXIFY-1175,2025-03-21,3079,252421
TAXIFY-1175,2025-03-22,1306,253727
TAXIFY-1175,2025-03-23,1481,255208
TAXIFY-1175,2025-03-24,2984,258192
TAXIFY-1175,2025-03-25,2953,261145
TAXIFY-1175,2025-03-26,2803,263948
TAXIFY-1175,2025-03-27,3515,267463
TAXIFY-1175,2025-03-28,3190,270653
TAXIFY-1175,2025-03-29,1627,272280
TAXIFY-1175,2025-03-30,1537,273817
TAXIFY-1175,2025-03-31,3375,277192
TAXIFY-1175,2025-04-01,2015,279207
TAXIFY-1175,2025-04-02,2328,281535
TAXIFY-1175,2025-04-03,1973,283508
TAXIFY-1175,2025-04-04,2189,285697
TAXIFY-1175,2025-04-05,1090,286787
TAXIFY-1175,2025-04-06,1098,287885
TAXIFY-1175,2025-04-07,2182,290067
TAXIFY-1175,2025-04-08,1801,291868
TAXIFY-1175,2025-04-09,2109,293977
TAXIFY-1175,2025-04-10,2166,296143
TAXIFY-1175,2025-04-11,2092,298235
TAXIFY-1175,2025-04-12,953,299188
TAXIFY-1175,2025-04-13,1059,300247
TAXIFY-1175,2025-04-14,2287,302534
TAXIFY-1175,2025-04-15,2439,304973
TAXIFY-1175,2025-04-16,2153,307126
TAXIFY-1175,2025-04-17,2137,309263
TAXIFY-1175,2025-04-18,2043,311306
TAXIFY-1175,2025-04-19,1223,312529
TAXIFY-1175,2025-04-20,1025,313554
TAXIFY-1175,2025-04-21,2119,315673
TAXIFY-1175,2025-04-22,2255,317928
TAXIFY-1175,2025-04-23,2342,320270
TAXIFY-1175,2025-04-24,2086,322356
TAXIFY-1175,2025-04-25,2141,324497
TAXIFY-1175,2025-04-26,1067,325564
TAXIFY-1175,2025-04-27,969,326533
TAXIFY-1175,2025-04-28,2250,328783
TAXIFY-1175,2025-04-29,2069,330852
TAXIFY-1175,2025-04-30,2097,332949
TAXIFY-1175,2025-05-01,1115,334064
TAXIFY-1175,2025-05-02,1094,335158
TAXIFY-1175,2025-05-03,620,335778
TAXIFY-1175,2025-05-04,620,336398
TAXIFY-1175,2025-05-05,1212,337610
TAXIFY-1175,2025-05-06,1261,338871
TAXIFY-1175,2025-05-07,1226,340097
TAXIFY-1175,2025-05-08,943,341040
TAXIFY-1175,2025-05-09,1134,342174
TAXIFY-1175,2025-05-10,557,342731
TAXIFY-1175,2025-05-11,555,343286
TAXIFY-1175,2025-05-12,1044,344330
TAXIFY-1175,2025-05-13,934,345264
TAXIFY-1175,2025-05-14,1038,346302
TAXIFY-1175,2025-05-15,1027,347329
TAXIFY-1175,2025-05-16,1146,348475
TAXIFY-1175,2025-05-17,530,349005
TAXIFY-1175,2025-05-18,597,349602
TAXIFY-1175,2025-05-19,1241,350843
TAXIFY-1175,2025-05-20,1014,351857
TAXIFY-1175,2025-05-21,994,352851
TAXIFY-1175,2025-05-22,1128,353979
TAXIFY-1175,2025-05-23,1138,355117
TAXIFY-1175,2025-05-24,547,355664
TAXIFY-1175,2025-05-25,492,356156
TAXIFY-1175,2025-05-26,1115,357271
TAXIFY-1175,2025-05-27,1067,358338
TAXIFY-1175,2025-05-28,1146,359484
TAXIFY-1175,2025-05-29,1066,360550
TAXIFY-1175,2025-05-30,1158,361708
TAXIFY-1175,2025-05-31,579,362287
TAXIFY-1175,2025-06-01,414,362701
TAXIFY-1175,2025-06-02,920,363621
TAXIFY-1175,2025-06-03,905,364526
TAXIFY-1175,2025-06-04,857,365383
TAXIFY-1175,2025-06-05,952,366335
TAXIFY-1175,2025-06-06,780,367115
TAXIFY-1175,2025-06-07,419,367534
TAXIFY-1175,2025-06-08,474,368008
TAXIFY-1175,2025-06-09,881,368889
TAXIFY-1175,2025-06-10,859,369748
TAXIFY-1175,2025-06-11,850,370598
TAXIFY-1175,2025-06-12,813,371411
TAXIFY-1175,2025-06-13,965,372376
TAXIFY-1175,2025-06-14,440,372816
TAXIFY-1175,2025-06-15,435,373251
TAXIFY-1175,2025-06-16,945,374196
TAXIFY-1175,2025-06-17,946,375142
TAXIFY-1175,2025-06-18,885,376027
TAXIFY-1175,2025-06-19,1040,377067
TAXIFY-1175,2025-06-20,773,377840
TAXIFY-1175,2025-06-21,492,378332
TAXIFY-1175,2025-06-22,451,378783
TAXIFY-1175,2025-06-23,921,379704
TAXIFY-1175,2025-06-24,783,380487
TAXIFY-1175,2025-06-25,799,381286
TAXIFY-1175,2025-06-26,861,382147
TAXIFY-1175,2025-06-27,892,383039
TAXIFY-1175,2025-06-28,445,383484
TAXIFY-1175,2025-06-29,428,383912
TAXIFY-1175,2025-06-30,825,384737
TAXIFY-1175,2025-07-01,878,385615
TAXIFY-1175,2025-07-02,743,386358
TAXIFY-1175,2025-07-03,1018,387376
TAXIFY-1175,2025-07-04,858,388234
TAXIFY-1175,2025-07-05,395,388629
TAXIFY-1175,2025-07-06,470,389099
TAXIFY-1175,2025-07-07,904,390003
TAXIFY-1175,2025-07-08,860,390863
TAXIFY-1175,2025-07-09,858,391721
TAXIFY-1175,2025-07-10,841,392562
TAXIFY-1175,2025-07-11,728,393290
TAXIFY-1175,2025-07-12,461,393751
TAXIFY-1175,2025-07-13,434,394185
TAXIFY-1175,2025-07-14,910,395095
TAXIFY-1175,2025-07-15,932,396027
TAXIFY-1175,2025-07-16,941,396968
TAXIFY-1175,2025-07-17,879,397847
TAXIFY-1175,2025-07-18,878,398725
TAXIFY-1175,2025-07-19,473,399198
TAXIFY-1175,2025-07-20,430,399628
TAXIFY-1175,2025-07-21,960,400588
TAXIFY-1175,2025-07-22,944,401532
TAXIFY-1175,2025-07-23,831,402363
TAXIFY-1175,2025-07-24,821,403184
TAXIFY-1175,2025-07-25,791,403975
TAXIFY-1175,2025-07-26,465,404440
TAXIFY-1175,2025-07-27,341,404781
TAXIFY-1175,2025-07-28,684,405465
TAXIFY-1175,2025-07-29,895,406360
TAXIFY-1175,2025-07-30,764,407124
TAXIFY-1175,2025-07-31,795,407919
TAXIFY-1175,2025-08-01,881,408800
TAXIFY-1175,2025-08-02,381,409181
TAXIFY-1175,2025-08-03,387,409568
TAXIFY-1175,2025-08-04,979,410547
TAXIFY-1175,2025-08-05,896,411443
TAXIFY-1175,2025-08-06,933,412376
TAXIFY-1175,2025-08-07,827,413203
TAXIFY-1175,2025-08-08,988,414191
TAXIFY-1175,2025-08-09,327,414518
TAXIFY-1175,2025-08-10,378,414896
TAXIFY-1175,2025-08-11,749,415645
TAXIFY-1175,2025-08-12,805,416450
TAXIFY-1175,2025-08-13,950,417400
TAXIFY-1175,2025-08-14,1005,418405
TAXIFY-1175,2025-08-15,878,419283
TAXIFY-1175,2025-08-16,453,419736
TAXIFY-1175,2025-08-17,350,420086
TAXIFY-1175,2025-08-18,904,420990
TAXIFY-1175,2025-08-19,822,421812
TAXIFY-1175,2025-08-20,793,422605
TAXIFY-1175,2025-08-21,839,423444
TAXIFY-1175,2025-08-22,857,424301
TAXIFY-1175,2025-08-23,479,424780
TAXIFY-1175,2025-08-24,379,425159
TAXIFY-1175,2025-08-25,796,425955
TAXIFY-1175,2025-08-26,952,426907
TAXIFY-1175,2025-08-27,782,427689
TAXIFY-1175,2025-08-28,738,428427
TAXIFY-1175,2025-08-29,1032,429459
TAXIFY-1175,2025-08-30,395,429854
TAXIFY-1175,2025-08-31,428,430282
TAXIFY-1176,2024-09-01,355,355
TAXIFY-1176,2024-09-02,802,1157
TAXIFY-1176,2024-09-03,727,1884
TAXIFY-1176,2024-09-04,741,2625
TAXIFY-1176,2024-09-05,765,3390
TAXIFY-1176,2024-09-06,771,4161
TAXIFY-1176,2024-09-07,388,4549
TAXIFY-1176,2024-09-08,401,4950
TAXIFY-1176,2024-09-09,683,5633
TAXIFY-1176,2024-09-10,667,6300
TAXIFY-1176,2024-09-11,695,6995
TAXIFY-1176,2024-09-12,679,7674
TAXIFY-1176,2024-09-13,769,8443
TAXIFY-1176,2024-09-14,301,8744
TAXIFY-1176,2024-09-15,399,9143
TAXIFY-1176,2024-09-16,750,9893
TAXIFY-1176,2024-09-17,626,10519
TAXIFY-1176,2024-09-18,724,11243
TAXIFY-1176,2024-09-19,742,11985
TAXIFY-1176,2024-09-20,774,12759
TAXIFY-1176,2024-09-21,359,13118
TAXIFY-1176,2024-09-22,361,13479
TAXIFY-1176,2024-09-23,715,14194
TAXIFY-1176,2024-09-24,788,14982
TAXIFY-1176,2024-09-25,832,15814
TAXIFY-1176,2024-09-26,740,16554
TAXIFY-1176,2024-09-27,688,17242
TAXIFY-1176,2024-09-28,372,17614
TAXIFY-1176,2024-09-29,415,18029
TAXIFY-1176,2024-09-30,723,18752
TAXIFY-1176,2024-10-01,682,19434
TAXIFY-1176,2024-10-02,815,20249
TAXIFY-1176,2024-10-03,736,20985
TAXIFY-1176,2024-10-04,728,21713
TAXIFY-1176,2024-10-05,318,22031
TAXIFY-1176,2024-10-06,364,22395
TAXIFY-1176,2024-10-07,773,23168
TAXIFY-1176,2024-10-08,694,23862
TAXIFY-1176,2024-10-09,709,24571
TAXIFY-1176,2024-10-10,725,25296
TAXIFY-1176,2024-10-11,727,26023
TAXIFY-1176,2024-10-12,367,26390
TAXIFY-1176,2024-10-13,412,26802
TAXIFY-1176,2024-10-14,695,27497
TAXIFY-1176,2024-10-15,684,28181
TAXIFY-1176,2024-10-16,675,28856
TAXIFY-1176,2024-10-17,704,29560
TAXIFY-1176,2024-10-18,660,30220
TAXIFY-1176,2024-10-19,355,30575
TAXIFY-1176,2024-10-20,384,30959
TAXIFY-1176,2024-10-21,781,31740
TAXIFY-1176,2024-10-22,662,32402
TAXIFY-1176,2024-10-23,701,33103
TAXIFY-1176,2024-10-24,754,33857
TAXIFY-1176,2024-10-25,688,34545
TAXIFY-1176,2024-10-26,388,34933
TAXIFY-1176,2024-10-27,356,35289
TAXIFY-1176,2024-10-28,628,35917
TAXIFY-1176,2024-10-29,744,36661
TAXIFY-1176,2024-10-30,768,37429
TAXIFY-1176,2024-10-31,672,38101
TAXIFY-1176,2024-11-01,693,38794
TAXIFY-1176,2024-11-02,343,39137
TAXIFY-1176,2024-11-03,370,39507
TAXIFY-1176,2024-11-04,675,40182
TAXIFY-1176,2024-11-05,712,40894
TAXIFY-1176,2024-11-06,661,41555
TAXIFY-1176,2024-11-07,710,42265
TAXIFY-1176,2024-11-08,719,42984
TAXIFY-1176,2024-11-09,347,43331
TAXIFY-1176,2024-11-10,311,43642
TAXIFY-1176,2024-11-11,835,44477
TAXIFY-1176,2024-11-12,744,45221
TAXIFY-1176,2024-11-13,686,45907
TAXIFY-1176,2024-11-14,743,46650
TAXIFY-1176,2024-11-15,768,47418
TAXIFY-1176,2024-11-16,375,47793
TAXIFY-1176,2024-11-17,382,48175
TAXIFY-1176,2024-11-18,782,48957
TAXIFY-1176,2024-11-19,675,49632
TAXIFY-1176,2024-11-20,704,50336
TAXIFY-1176,2024-11-21,727,51063
TAXIFY-1176,2024-11-22,746,51809
TAXIFY-1176,2024-11-23,370,52179
TAXIFY-1176,2024-11-24,300,52479
TAXIFY-1176,2024-11-25,887,53366
TAXIFY-1176,2024-11-26,819,54185
TAXIFY-1176,2024-11-27,690,54875
TAXIFY-1176,2024-11-28,761,55636
TAXIFY-1176,2024-11-29,682,56318
TAXIFY-1176,2024-11-30,331,56649
TAXIFY-1176,2024-12-01,335,56984
TAXIFY-1176,2024-12-02,695,57679
TAXIFY-1176,2024-12-03,749,58428
TAXIFY-1176,2024-12-04,752,59180
TAXIFY-1176,2024-12-05,710,59890
TAXIFY-1176,2024-12-06,630,60520
TAXIFY-1176,2024-12-07,374,60894
TAXIFY-1176,2024-12-08,401,61295
TAXIFY-1176,2024-12-09,710,62005
TAXIFY-1176,2024-12-10,719,62724
TAXIFY-1176,2024-12-11,844,63568
TAXIFY-1176,2024-12-12,773,64341
TAXIFY-1176,2024-12-13,668,65009
TAXIFY-1176,2024-12-14,329,65338
TAXIFY-1176,2024-12-15,325,65663
TAXIFY-1176,2024-12-16,744,66407
TAXIFY-1176,2024-12-17,815,67222
TAXIFY-1176,2024-12-18,756,67978
TAXIFY-1176,2024-12-19,667,68645
TAXIFY-1176,2024-12-20,772,69417
TAXIFY-1176,2024-12-21,338,69755
TAXIFY-1176,2024-12-22,433,70188
TAXIFY-1176,2024-12-23,690,70878
TAXIFY-1176,2024-12-24,661,71539
TAXIFY-1176,2024-12-25,740,72279
TAXIFY-1176,2024-12-26,774,73053
TAXIFY-1176,2024-12-27,744,73797
TAXIFY-1176,2024-12-28,370,74167
TAXIFY-1176,2024-12-29,381,74548
TAXIFY-1176,2024-12-30,727,75275
TAXIFY-1176,2024-12-31,746,76021
TAXIFY-1176,2025-01-01,769,76790
TAXIFY-1176,2025-01-02,652,77442
TAXIFY-1176,2025-01-03,708,78150
TAXIFY-1176,2025-01-04,382,78532
TAXIFY-1176,2025-01-05,317,78849
TAXIFY-1176,2025-01-06,743,79592
TAXIFY-1176,2025-01-07,694,80286
TAXIFY-1176,2025-01-08,708,80994
TAXIFY-1176,2025-01-09,724,81718
TAXIFY-1176,2025-01-10,631,82349
TAXIFY-1176,2025-01-11,345,82694
TAXIFY-1176,2025-01-12,399,83093
TAXIFY-1176,2025-01-13,609,83702
TAXIFY-1176,2025-01-14,816,84518
TAXIFY-1176,2025-01-15,689,85207
TAXIFY-1176,2025-01-16,689,85896
TAXIFY-1176,2025-01-17,728,86624
TAXIFY-1176,2025-01-18,403,87027
TAXIFY-1176,2025-01-19,322,87349
TAXIFY-1176,2025-01-20,692,88041
TAXIFY-1176,2025-01-21,765,88806
TAXIFY-1176,2025-01-22,767,89573
TAXIFY-1176,2025-01-23,827,90400
TAXIFY-1176,2025-01-24,660,91060
TAXIFY-1176,2025-01-25,327,91387
TAXIFY-1176,2025-01-26,385,91772
TAXIFY-1176,2025-01-27,684,92456
TAXIFY-1176,2025-01-28,748,93204
TAXIFY-1176,2025-01-29,764,93968
TAXIFY-1176,2025-01-30,628,94596
TAXIFY-1176,2025-01-31,829,95425
TAXIFY-1176,2025-02-01,743,96168
TAXIFY-1176,2025-02-02,689,96857
TAXIFY-1176,2025-02-03,1458,98315
TAXIFY-1176,2025-02-04,1469,99784
TAXIFY-1176,2025-02-05,1475,101259
TAXIFY-1176,2025-02-06,1547,102806
TAXIFY-1176,2025-02-07,1380,104186
TAXIFY-1176,2025-02-08,732,104918
TAXIFY-1176,2025-02-09,705,105623
TAXIFY-1176,2025-02-10,1486,107109
TAXIFY-1176,2025-02-11,1464,108573
TAXIFY-1176,2025-02-12,1211,109784
TAXIFY-1176,2025-02-13,1369,111153
TAXIFY-1176,2025-02-14,1237,112390
TAXIFY-1176,2025-02-15,825,113215
TAXIFY-1176,2025-02-16,776,113991
TAXIFY-1176,2025-02-17,1300,115291
TAXIFY-1176,2025-02-18,1543,116834
TAXIFY-1176,2025-02-19,1393,118227
TAXIFY-1176,2025-02-20,1466,119693
TAXIFY-1176,2025-02-21,1211,120904
TAXIFY-1176,2025-02-22,746,121650
TAXIFY-1176,2025-02-23,747,122397
TAXIFY-1176,2025-02-24,1238,123635
TAXIFY-1176,2025-02-25,1594,125229
TAXIFY-1176,2025-02-26,1579,126808
TAXIFY-1176,2025-02-27,1468,128276
TAXIFY-1176,2025-02-28,1400,129676
TAXIFY-1176,2025-03-01,988,130664
TAXIFY-1176,2025-03-02,1145,131809
TAXIFY-1176,2025-03-03,2319,134128
TAXIFY-1176,2025-03-04,1934,136062
TAXIFY-1176,2025-03-05,1742,137804
TAXIFY-1176,2025-03-06,2001,139805
TAXIFY-1176,2025-03-07,2231,142036
TAXIFY-1176,2025-03-08,959,142995
TAXIFY-1176,2025-03-09,928,143923
TAXIFY-1176,2025-03-10,2331,146254
TAXIFY-1176,2025-03-11,1788,148042
TAXIFY-1176,2025-03-12,2252,150294
TAXIFY-1176,2025-03-13,2030,152324
TAXIFY-1176,2025-03-14,2013,154337
TAXIFY-1176,2025-03-15,1047,155384
TAXIFY-1176,2025-03-16,1004,156388
TAXIFY-1176,2025-03-17,2012,158400
TAXIFY-1176,2025-03-18,1882,160282
TAXIFY-1176,2025-03-19,1965,162247
TAXIFY-1176,2025-03-20,2134,164381
TAXIFY-1176,2025-03-21,1830,166211
TAXIFY-1176,2025-03-22,1082,167293
TAXIFY-1176,2025-03-23,997,168290
TAXIFY-1176,2025-03-24,1830,170120
TAXIFY-1176,2025-03-25,2004,172124
TAXIFY-1176,2025-03-26,2092,174216
TAXIFY-1176,2025-03-27,1896,176112
TAXIFY-1176,2025-03-28,2252,178364
TAXIFY-1176,2025-03-29,1085,179449
TAXIFY-1176,2025-03-30,1063,180512
TAXIFY-1176,2025-03-31,1984,182496
TAXIFY-1176,2025-04-01,1543,184039
TAXIFY-1176,2025-04-02,1579,185618
TAXIFY-1176,2025-04-03,1376,186994
TAXIFY-1176,2025-04-04,1444,188438
TAXIFY-1176,2025-04-05,713,189151
TAXIFY-1176,2025-04-06,711,189862
TAXIFY-1176,2025-04-07,1608,191470
TAXIFY-1176,2025-04-08,1583,193053
TAXIFY-1176,2025-04-09,1564,194617
TAXIFY-1176,2025-04-10,1515,196132
TAXIFY-1176,2025-04-11,1451,197583
TAXIFY-1176,2025-04-12,713,198296
TAXIFY-1176,2025-04-13,748,199044
TAXIFY-1176,2025-04-14,1265,200309
TAXIFY-1176,2025-04-15,1549,201858
TAXIFY-1176,2025-04-16,1557,203415
TAXIFY-1176,2025-04-17,1339,204754
TAXIFY-1176,2025-04-18,1289,206043
TAXIFY-1176,2025-04-19,754,206797
TAXIFY-1176,2025-04-20,634,207431
TAXIFY-1176,2025-04-21,1480,208911
TAXIFY-1176,2025-04-22,1357,210268
TAXIFY-1176,2025-04-23,1282,211550
TAXIFY-1176,2025-04-24,1530,213080
TAXIFY-1176,2025-04-25,1608,214688
TAXIFY-1176,2025-04-26,700,215388
TAXIFY-1176,2025-04-27,771,216159
TAXIFY-1176,2025-04-28,1357,217516
TAXIFY-1176,2025-04-29,1549,219065
TAXIFY-1176,2025-04-30,1389,220454
TAXIFY-1176,2025-05-01,805,221259
TAXIFY-1176,2025-05-02,593,221852
TAXIFY-1176,2025-05-03,346,222198
TAXIFY-1176,2025-05-04,351,222549
TAXIFY-1176,2025-05-05,632,223181
TAXIFY-1176,2025-05-06,764,223945
TAXIFY-1176,2025-05-07,720,224665
TAXIFY-1176,2025-05-08,767,225432
TAXIFY-1176,2025-05-09,707,226139
TAXIFY-1176,2025-05-10,366,226505
TAXIFY-1176,2025-05-11,336,226841
TAXIFY-1176,2025-05-12,748,227589
TAXIFY-1176,2025-05-13,724,228313
TAXIFY-1176,2025-05-14,713,229026
TAXIFY-1176,2025-05-15,683,229709
TAXIFY-1176,2025-05-16,700,230409
TAXIFY-1176,2025-05-17,392,230801
TAXIFY-1176,2025-05-18,401,231202
TAXIFY-1176,2025-05-19,676,231878
TAXIFY-1176,2025-05-20,712,232590
TAXIFY-1176,2025-05-21,667,233257
TAXIFY-1176,2025-05-22,718,233975
TAXIFY-1176,2025-05-23,737,234712
TAXIFY-1176,2025-05-24,363,235075
TAXIFY-1176,2025-05-25,285,235360
TAXIFY-1176,2025-05-26,793,236153
TAXIFY-1176,2025-05-27,695,236848
TAXIFY-1176,2025-05-28,652,237500
TAXIFY-1176,2025-05-29,674,238174
TAXIFY-1176,2025-05-30,784,238958
TAXIFY-1176,2025-05-31,382,239340
TAXIFY-1176,2025-06-01,288,239628
TAXIFY-1176,2025-06-02,575,240203
TAXIFY-1176,2025-06-03,519,240722
TAXIFY-1176,2025-06-04,624,241346
TAXIFY-1176,2025-06-05,620,241966
TAXIFY-1176,2025-06-06,638,242604
TAXIFY-1176,2025-06-07,293,242897
TAXIFY-1176,2025-06-08,316,243213
TAXIFY-1176,2025-06-09,536,243749
TAXIFY-1176,2025-06-10,581,244330
TAXIFY-1176,2025-06-11,621,244951
TAXIFY-1176,2025-06-12,612,245563
TAXIFY-1176,2025-06-13,652,246215
TAXIFY-1176,2025-06-14,274,246489
TAXIFY-1176,2025-06-15,309,246798
TAXIFY-1176,2025-06-16,522,247320
TAXIFY-1176,2025-06-17,494,247814
TAXIFY-1176,2025-06-18,595,248409
TAXIFY-1176,2025-06-19,660,249069
TAXIFY-1176,2025-06-20,646,249715
TAXIFY-1176,2025-06-21,269,249984
TAXIFY-1176,2025-06-22,289,250273
TAXIFY-1176,2025-06-23,526,250799
TAXIFY-1176,2025-06-24,585,251384
TAXIFY-1176,2025-06-25,607,251991
TAXIFY-1176,2025-06-26,560,252551
TAXIFY-1176,2025-06-27,589,253140
TAXIFY-1176,2025-06-28,273,253413
TAXIFY-1176,2025-06-29,275,253688
TAXIFY-1176,2025-06-30,534,254222
TAXIFY-1176,2025-07-01,537,254759
TAXIFY-1176,2025-07-02,659,255418
TAXIFY-1176,2025-07-03,603,256021
TAXIFY-1176,2025-07-04,493,256514
TAXIFY-1176,2025-07-05,299,256813
TAXIFY-1176,2025-07-06,300,257113
TAXIFY-1176,2025-07-07,663,257776
TAXIFY-1176,2025-07-08,522,258298
TAXIFY-1176,2025-07-09,605,258903
TAXIFY-1176,2025-07-10,573,259476
TAXIFY-1176,2025-07-11,590,260066
TAXIFY-1176,2025-07-12,304,260370
TAXIFY-1176,2025-07-13,238,260608
TAXIFY-1176,2025-07-14,603,261211
TAXIFY-1176,2025-07-15,604,261815
TAXIFY-1176,2025-07-16,590,262405
TAXIFY-1176,2025-07-17,528,262933
TAXIFY-1176,2025-07-18,571,263504
TAXIFY-1176,2025-07-19,321,263825
TAXIFY-1176,2025-07-20,288,264113
TAXIFY-1176,2025-07-21,615,264728
TAXIFY-1176,2025-07-22,602,265330
TAXIFY-1176,2025-07-23,631,265961
TAXIFY-1176,2025-07-24,653,266614
TAXIFY-1176,2025-07-25,482,267096
TAXIFY-1176,2025-07-26,274,267370
TAXIFY-1176,2025-07-27,290,267660
TAXIFY-1176,2025-07-28,676,268336
TAXIFY-1176,2025-07-29,629,268965
TAXIFY-1176,2025-07-30,603,269568
TAXIFY-1176,2025-07-31,604,270172
TAXIFY-1176,2025-08-01,533,270705
TAXIFY-1176,2025-08-02,302,271007
TAXIFY-1176,2025-08-03,253,271260
TAXIFY-1176,2025-08-04,585,271845
TAXIFY-1176,2025-08-05,601,272446
TAXIFY-1176,2025-08-06,620,273066
TAXIFY-1176,2025-08-07,510,273576
TAXIFY-1176,2025-08-08,562,274138
TAXIFY-1176,2025-08-09,260,274398
TAXIFY-1176,2025-08-10,320,274718
TAXIFY-1176,2025-08-11,658,275376
TAXIFY-1176,2025-08-12,620,275996
TAXIFY-1176,2025-08-13,521,276517
TAXIFY-1176,2025-08-14,577,277094
TAXIFY-1176,2025-08-15,604,277698
TAXIFY-1176,2025-08-16,295,277993
TAXIFY-1176,2025-08-17,301,278294
TAXIFY-1176,2025-08-18,588,278882
TAXIFY-1176,2025-08-19,591,279473
TAXIFY-1176,2025-08-20,532,280005
TAXIFY-1176,2025-08-21,618,280623
TAXIFY-1176,2025-08-22,497,281120
TAXIFY-1176,2025-08-23,310,281430
TAXIFY-1176,2025-08-24,235,281665
TAXIFY-1176,2025-08-25,633,282298
TAXIFY-1176,2025-08-26,578,282876
TAXIFY-1176,2025-08-27,560,283436
TAXIFY-1176,2025-08-28,632,284068
TAXIFY-1176,2025-08-29,612,284680
TAXIFY-1176,2025-08-30,278,284958
TAXIFY-1176,2025-08-31,325,285283
TAXIFY-1177,2024-09-01,379,379
TAXIFY-1177,2024-09-02,759,1138
TAXIFY-1177,2024-09-03,777,1915
TAXIFY-1177,2024-09-04,776,2691
TAXIFY-1177,2024-09-05,767,3458
TAXIFY-1177,2024-09-06,811,4269
TAXIFY-1177,2024-09-07,370,4639
TAXIFY-1177,2024-09-08,406,5045
TAXIFY-1177,2024-09-09,700,5745
TAXIFY-1177,2024-09-10,765,6510
TAXIFY-1177,2024-09-11,781,7291
TAXIFY-1177,2024-09-12,716,8007
TAXIFY-1177,2024-09-13,745,8752
TAXIFY-1177,2024-09-14,398,9150
TAXIFY-1177,2024-09-15,353,9503
TAXIFY-1177,2024-09-16,804,10307
TAXIFY-1177,2024-09-17,791,11098
TAXIFY-1177,2024-09-18,752,11850
TAXIFY-1177,2024-09-19,732,12582
TAXIFY-1177,2024-09-20,706,13288
TAXIFY-1177,2024-09-21,432,13720
TAXIFY-1177,2024-09-22,367,14087
TAXIFY-1177,2024-09-23,672,14759
TAXIFY-1177,2024-09-24,686,15445
TAXIFY-1177,2024-09-25,773,16218
TAXIFY-1177,2024-09-26,722,16940
TAXIFY-1177,2024-09-27,670,17610
TAXIFY-1177,2024-09-28,350,17960
TAXIFY-1177,2024-09-29,411,18371
TAXIFY-1177,2024-09-30,813,19184
TAXIFY-1177,2024-10-01,669,19853
TAXIFY-1177,2024-10-02,625,20478
TAXIFY-1177,2024-10-03,853,21331
TAXIFY-1177,2024-10-04,676,22007
TAXIFY-1177,2024-10-05,363,22370
TAXIFY-1177,2024-10-06,379,22749
TAXIFY-1177,2024-10-07,660,23409
TAXIFY-1177,2024-10-08,776,24185
TAXIFY-1177,2024-10-09,676,24861
TAXIFY-1177,2024-10-10,722,25583
TAXIFY-1177,2024-10-11,884,26467
TAXIFY-1177,2024-10-12,369,26836
TAXIFY-1177,2024-10-13,376,27212
TAXIFY-1177,2024-10-14,677,27889
TAXIFY-1177,2024-10-15,610,28499
TAXIFY-1177,2024-10-16,820,29319
TAXIFY-1177,2024-10-17,813,30132
TAXIFY-1177,2024-10-18,780,30912
TAXIFY-1177,2024-10-19,377,31289
TAXIFY-1177,2024-10-20,384,31673
TAXIFY-1177,2024-10-21,852,32525
TAXIFY-1177,2024-10-22,805,33330
TAXIFY-1177,2024-10-23,807,34137
TAXIFY-1177,2024-10-24,765,34902
TAXIFY-1177,2024-10-25,681,35583
TAXIFY-1177,2024-10-26,358,35941
TAXIFY-1177,2024-10-27,279,36220
TAXIFY-1177,2024-10-28,734,36954
TAXIFY-1177,2024-10-29,690,37644
TAXIFY-1177,2024-10-30,878,38522
TAXIFY-1177,2024-10-31,770,39292
TAXIFY-1177,2024-11-01,871,40163
TAXIFY-1177,2024-11-02,349,40512
TAXIFY-1177,2024-11-03,415,40927
TAXIFY-1177,2024-11-04,785,41712
TAXIFY-1177,2024-11-05,819,42531
TAXIFY-1177,2024-11-06,744,43275
TAXIFY-1177,2024-11-07,751,44026
TAXIFY-1177,2024-11-08,792,44818
TAXIFY-1177,2024-11-09,384,45202
TAXIFY-1177,2024-11-10,364,45566
TAXIFY-1177,2024-11-11,675,46241
TAXIFY-1177,2024-11-12,849,47090
TAXIFY-1177,2024-11-13,651,47741
TAXIFY-1177,2024-11-14,781,48522
TAXIFY-1177,2024-11-15,764,49286
TAXIFY-1177,2024-11-16,300,49586
TAXIFY-1177,2024-11-17,385,49971
TAXIFY-1177,2024-11-18,758,50729
TAXIFY-1177,2024-11-19,762,51491
TAXIFY-1177,2024-11-20,790,52281
TAXIFY-1177,2024-11-21,667,52948
TAXIFY-1177,2024-11-22,802,53750
TAXIFY-1177,2024-11-23,355,54105
TAXIFY-1177,2024-11-24,366,54471
TAXIFY-1177,2024-11-25,754,55225
TAXIFY-1177,2024-11-26,836,56061
TAXIFY-1177,2024-11-27,750,56811
TAXIFY-1177,2024-11-28,703,57514
TAXIFY-1177,2024-11-29,835,58349
TAXIFY-1177,2024-11-30,346,58695
TAXIFY-1177,2024-12-01,363,59058
TAXIFY-1177,2024-12-02,838,59896
TAXIFY-1177,2024-12-03,793,60689
TAXIFY-1177,2024-12-04,717,61406
TAXIFY-1177,2024-12-05,695,62101
TAXIFY-1177,2024-12-06,795,62896
TAXIFY-1177,2024-12-07,338,63234
TAXIFY-1177,2024-12-08,419,63653
TAXIFY-1177,2024-12-09,772,64425
TAXIFY-1177,2024-12-10,710,65135
TAXIFY-1177,2024-12-11,793,65928
TAXIFY-1177,2024-12-12,885,66813
TAXIFY-1177,2024-12-13,798,67611
TAXIFY-1177,2024-12-14,371,67982
TAXIFY-1177,2024-12-15,396,68378
TAXIFY-1177,2024-12-16,872,69250
TAXIFY-1177,2024-12-17,832,70082
TAXIFY-1177,2024-12-18,754,70836
TAXIFY-1177,2024-12-19,762,71598
TAXIFY-1177,2024-12-20,790,72388
TAXIFY-1177,2024-12-21,378,72766
TAXIFY-1177,2024-12-22,359,73125
TAXIFY-1177,2024-12-23,824,73949
TAXIFY-1177,2024-12-24,788,74737
TAXIFY-1177,2024-12-25,825,75562
TAXIFY-1177,2024-12-26,686,76248
TAXIFY-1177,2024-12-27,750,76998
TAXIFY-1177,2024-12-28,366,77364
TAXIFY-1177,2024-12-29,363,77727
TAXIFY-1177,2024-12-30,743,78470
TAXIFY-1177,2024-12-31,701,79171
TAXIFY-1177,2025-01-01,845,80016
TAXIFY-1177,2025-01-02,728,80744
TAXIFY-1177,2025-01-03,734,81478
TAXIFY-1177,2025-01-04,380,81858
TAXIFY-1177,2025-01-05,412,82270
TAXIFY-1177,2025-01-06,643,82913
TAXIFY-1177,2025-01-07,791,83704
TAXIFY-1177,2025-01-08,703,84407
TAXIFY-1177,2025-01-09,689,85096
TAXIFY-1177,2025-01-10,716,85812
TAXIFY-1177,2025-01-11,355,86167
TAXIFY-1177,2025-01-12,391,86558
TAXIFY-1177,2025-01-13,616,87174
TAXIFY-1177,2025-01-14,701,87875
TAXIFY-1177,2025-01-15,823,88698
TAXIFY-1177,2025-01-16,832,89530
TAXIFY-1177,2025-01-17,725,90255
TAXIFY-1177,2025-01-18,345,90600
TAXIFY-1177,2025-01-19,358,90958
TAXIFY-1177,2025-01-20,773,91731
TAXIFY-1177,2025-01-21,797,92528
TAXIFY-1177,2025-01-22,761,93289
TAXIFY-1177,2025-01-23,782,94071
TAXIFY-1177,2025-01-24,786,94857
TAXIFY-1177,2025-01-25,380,95237
TAXIFY-1177,2025-01-26,388,95625
TAXIFY-1177,2025-01-27,905,96530
TAXIFY-1177,2025-01-28,721,97251
TAXIFY-1177,2025-01-29,675,97926
TAXIFY-1177,2025-01-30,872,98798
TAXIFY-1177,2025-01-31,868,99666
TAXIFY-1177,2025-02-01,872,100538
TAXIFY-1177,2025-02-02,731,101269
TAXIFY-1177,2025-02-03,1607,102876
TAXIFY-1177,2025-02-04,1583,104459
TAXIFY-1177,2025-02-05,1292,105751
TAXIFY-1177,2025-02-06,1459,107210
TAXIFY-1177,2025-02-07,1434,108644
TAXIFY-1177,2025-02-08,729,109373
TAXIFY-1177,2025-02-09,808,110181
TAXIFY-1177,2025-02-10,1421,111602
TAXIFY-1177,2025-02-11,1485,113087
TAXIFY-1177,2025-02-12,1602,114689
TAXIFY-1177,2025-02-13,1395,116084
TAXIFY-1177,2025-02-14,1390,117474
TAXIFY-1177,2025-02-15,721,118195
TAXIFY-1177,2025-02-16,760,118955
TAXIFY-1177,2025-02-17,1611,120566
TAXIFY-1177,2025-02-18,1533,122099
TAXIFY-1177,2025-02-19,1211,123310
TAXIFY-1177,2025-02-20,1493,124803
TAXIFY-1177,2025-02-21,1523,126326
TAXIFY-1177,2025-02-22,724,127050
TAXIFY-1177,2025-02-23,751,127801
TAXIFY-1177,2025-02-24,1381,129182
TAXIFY-1177,2025-02-25,1383,130565
TAXIFY-1177,2025-02-26,1410,131975
TAXIFY-1177,2025-02-27,1473,133448
TAXIFY-1177,2025-02-28,1426,134874
TAXIFY-1177,2025-03-01,1136,136010
TAXIFY-1177,2025-03-02,1108,137118
TAXIFY-1177,2025-03-03,2282,139400
TAXIFY-1177,2025-03-04,2133,141533
TAXIFY-1177,2025-03-05,2013,143546
TAXIFY-1177,2025-03-06,2087,145633
TAXIFY-1177,2025-03-07,2101,147734
TAXIFY-1177,2025-03-08,1115,148849
TAXIFY-1177,2025-03-09,1030,149879
TAXIFY-1177,2025-03-10,2085,151964
TAXIFY-1177,2025-03-11,2043,154007
TAXIFY-1177,2025-03-12,2228,156235
TAXIFY-1177,2025-03-13,2501,158736
TAXIFY-1177,2025-03-14,2269,161005
TAXIFY-1177,2025-03-15,1049,162054
TAXIFY-1177,2025-03-16,1111,163165
TAXIFY-1177,2025-03-17,1796,164961
TAXIFY-1177,2025-03-18,2125,167086
TAXIFY-1177,2025-03-19,2085,169171
TAXIFY-1177,2025-03-20,2120,171291
TAXIFY-1177,2025-03-21,2263,173554
TAXIFY-1177,2025-03-22,980,174534
TAXIFY-1177,2025-03-23,1171,175705
TAXIFY-1177,2025-03-24,2246,177951
TAXIFY-1177,2025-03-25,2083,180034
TAXIFY-1177,2025-03-26,2107,182141
TAXIFY-1177,2025-03-27,2084,184225
TAXIFY-1177,2025-03-28,2126,186351
TAXIFY-1177,2025-03-29,1092,187443
TAXIFY-1177,2025-03-30,1169,188612
TAXIFY-1177,2025-03-31,2022,190634
TAXIFY-1177,2025-04-01,1535,192169
TAXIFY-1177,2025-04-02,1366,193535
TAXIFY-1177,2025-04-03,1556,195091
TAXIFY-1177,2025-04-04,1314,196405
TAXIFY-1177,2025-04-05,703,197108
TAXIFY-1177,2025-04-06,738,197846
TAXIFY-1177,2025-04-07,1323,199169
TAXIFY-1177,2025-04-08,1423,200592
TAXIFY-1177,2025-04-09,1608,202200
TAXIFY-1177,2025-04-10,1246,203446
TAXIFY-1177,2025-04-11,1536,204982
TAXIFY-1177,2025-04-12,808,205790
TAXIFY-1177,2025-04-13,874,206664
TAXIFY-1177,2025-04-14,1400,208064
TAXIFY-1177,2025-04-15,1518,209582
TAXIFY-1177,2025-04-16,1676,211258
TAXIFY-1177,2025-04-17,1411,212669
TAXIFY-1177,2025-04-18,1554,214223
TAXIFY-1177,2025-04-19,827,215050
TAXIFY-1177,2025-04-20,831,215881
TAXIFY-1177,2025-04-21,1507,217388
TAXIFY-1177,2025-04-22,1496,218884
TAXIFY-1177,2025-04-23,1467,220351
TAXIFY-1177,2025-04-24,1511,221862
TAXIFY-1177,2025-04-25,1729,223591
TAXIFY-1177,2025-04-26,781,224372
TAXIFY-1177,2025-04-27,641,225013
TAXIFY-1177,2025-04-28,1481,226494
TAXIFY-1177,2025-04-29,1784,228278
TAXIFY-1177,2025-04-30,1555,229833
TAXIFY-1177,2025-05-01,732,230565
TAXIFY-1177,2025-05-02,633,231198
TAXIFY-1177,2025-05-03,419,231617
TAXIFY-1177,2025-05-04,458,232075
TAXIFY-1177,2025-05-05,815,232890
TAXIFY-1177,2025-05-06,758,233648
TAXIFY-1177,2025-05-07,716,234364
TAXIFY-1177,2025-05-08,754,235118
TAXIFY-1177,2025-05-09,740,235858
TAXIFY-1177,2025-05-10,404,236262
TAXIFY-1177,2025-05-11,400,236662
TAXIFY-1177,2025-05-12,776,237438
TAXIFY-1177,2025-05-13,783,238221
TAXIFY-1177,2025-05-14,706,238927
TAXIFY-1177,2025-05-15,859,239786
TAXIFY-1177,2025-05-16,701,240487
TAXIFY-1177,2025-05-17,360,240847
TAXIFY-1177,2025-05-18,404,241251
TAXIFY-1177,2025-05-19,737,241988
TAXIFY-1177,2025-05-20,761,242749
TAXIFY-1177,2025-05-21,751,243500
TAXIFY-1177,2025-05-22,794,244294
TAXIFY-1177,2025-05-23,694,244988
TAXIFY-1177,2025-05-24,398,245386
TAXIFY-1177,2025-05-25,340,245726
TAXIFY-1177,2025-05-26,888,246614
TAXIFY-1177,2025-05-27,715,247329
TAXIFY-1177,2025-05-28,749,248078
TAXIFY-1177,2025-05-29,684,248762
TAXIFY-1177,2025-05-30,711,249473
TAXIFY-1177,2025-05-31,320,249793
TAXIFY-1177,2025-06-01,284,250077
TAXIFY-1177,2025-06-02,585,250662
TAXIFY-1177,2025-06-03,666,251328
TAXIFY-1177,2025-06-04,665,251993
TAXIFY-1177,2025-06-05,631,252624
TAXIFY-1177,2025-06-06,529,253153
TAXIFY-1177,2025-06-07,304,253457
TAXIFY-1177,2025-06-08,316,253773
TAXIFY-1177,2025-06-09,551,254324
TAXIFY-1177,2025-06-10,552,254876
TAXIFY-1177,2025-06-11,604,255480
TAXIFY-1177,2025-06-12,668,256148
TAXIFY-1177,2025-06-13,643,256791
TAXIFY-1177,2025-06-14,269,257060
TAXIFY-1177,2025-06-15,313,257373
TAXIFY-1177,2025-06-16,638,258011
TAXIFY-1177,2025-06-17,594,258605
TAXIFY-1177,2025-06-18,575,259180
TAXIFY-1177,2025-06-19,590,259770
TAXIFY-1177,2025-06-20,668,260438
TAXIFY-1177,2025-06-21,301,260739
TAXIFY-1177,2025-06-22,324,261063
TAXIFY-1177,2025-06-23,600,261663
TAXIFY-1177,2025-06-24,639,262302
TAXIFY-1177,2025-06-25,722,263024
TAXIFY-1177,2025-06-26,517,263541
TAXIFY-1177,2025-06-27,585,264126
TAXIFY-1177,2025-06-28,319,264445
TAXIFY-1177,2025-06-29,269,264714
TAXIFY-1177,2025-06-30,642,265356
TAXIFY-1177,2025-07-01,662,266018
TAXIFY-1177,2025-07-02,526,266544
TAXIFY-1177,2025-07-03,667,267211
TAXIFY-1177,2025-07-04,563,267774
TAXIFY-1177,2025-07-05,342,268116
TAXIFY-1177,2025-07-06,305,268421
TAXIFY-1177,2025-07-07,635,269056
TAXIFY-1177,2025-07-08,548,269604
TAXIFY-1177,2025-07-09,554,270158
TAXIFY-1177,2025-07-10,540,270698
TAXIFY-1177,2025-07-11,594,271292
TAXIFY-1177,2025-07-12,298,271590
TAXIFY-1177,2025-07-13,337,271927
TAXIFY-1177,2025-07-14,579,272506
TAXIFY-1177,2025-07-15,587,273093
TAXIFY-1177,2025-07-16,622,273715
TAXIFY-1177,2025-07-17,646,274361
TAXIFY-1177,2025-07-18,591,274952
TAXIFY-1177,2025-07-19,332,275284
TAXIFY-1177,2025-07-20,291,275575
TAXIFY-1177,2025-07-21,569,276144
TAXIFY-1177,2025-07-22,636,276780
TAXIFY-1177,2025-07-23,501,277281
TAXIFY-1177,2025-07-24,632,277913
TAXIFY-1177,2025-07-25,627,278540
TAXIFY-1177,2025-07-26,314,278854
TAXIFY-1177,2025-07-27,305,279159
TAXIFY-1177,2025-07-28,673,279832
TAXIFY-1177,2025-07-29,636,280468
TAXIFY-1177,2025-07-30,645,281113
TAXIFY-1177,2025-07-31,681,281794
TAXIFY-1177,2025-08-01,613,282407
TAXIFY-1177,2025-08-02,334,282741
TAXIFY-1177,2025-08-03,289,283030
TAXIFY-1177,2025-08-04,654,283684
TAXIFY-1177,2025-08-05,622,284306
TAXIFY-1177,2025-08-06,594,284900
TAXIFY-1177,2025-08-07,648,285548
TAXIFY-1177,2025-08-08,557,286105
TAXIFY-1177,2025-08-09,279,286384
TAXIFY-1177,2025-08-10,294,286678
TAXIFY-1177,2025-08-11,599,287277
TAXIFY-1177,2025-08-12,604,287881
TAXIFY-1177,2025-08-13,657,288538
TAXIFY-1177,2025-08-14,589,289127
TAXIFY-1177,2025-08-15,665,289792
TAXIFY-1177,2025-08-16,314,290106
TAXIFY-1177,2025-08-17,301,290407
TAXIFY-1177,2025-08-18,560,290967
TAXIFY-1177,2025-08-19,521,291488
TAXIFY-1177,2025-08-20,612,292100
TAXIFY-1177,2025-08-21,516,292616
TAXIFY-1177,2025-08-22,684,293300
TAXIFY-1177,2025-08-23,329,293629
TAXIFY-1177,2025-08-24,292,293921
TAXIFY-1177,2025-08-25,558,294479
TAXIFY-1177,2025-08-26,546,295025
TAXIFY-1177,2025-08-27,579,295604
TAXIFY-1177,2025-08-28,593,296197
TAXIFY-1177,2025-08-29,519,296716
TAXIFY-1177,2025-08-30,289,297005
TAXIFY-1177,2025-08-31,293,297298
TAXIFY-1178,2024-09-01,338,338
TAXIFY-1178,2024-09-02,642,980
TAXIFY-1178,2024-09-03,600,1580
TAXIFY-1178,2024-09-04,601,2181
TAXIFY-1178,2024-09-05,571,2752
TAXIFY-1178,2024-09-06,681,3433
TAXIFY-1178,2024-09-07,313,3746
TAXIFY-1178,2024-09-08,312,4058
TAXIFY-1178,2024-09-09,596,4654
TAXIFY-1178,2024-09-10,574,5228
TAXIFY-1178,2024-09-11,657,5885
TAXIFY-1178,2024-09-12,679,6564
TAXIFY-1178,2024-09-13,596,7160
TAXIFY-1178,2024-09-14,274,7434
TAXIFY-1178,2024-09-15,321,7755
TAXIFY-1178,2024-09-16,556,8311
TAXIFY-1178,2024-09-17,675,8986
TAXIFY-1178,2024-09-18,578,9564
TAXIFY-1178,2024-09-19,673,10237
TAXIFY-1178,2024-09-20,617,10854
TAXIFY-1178,2024-09-21,342,11196
TAXIFY-1178,2024-09-22,284,11480
TAXIFY-1178,2024-09-23,545,12025
TAXIFY-1178,2024-09-24,634,12659
TAXIFY-1178,2024-09-25,690,13349
TAXIFY-1178,2024-09-26,654,14003
TAXIFY-1178,2024-09-27,623,14626
TAXIFY-1178,2024-09-28,324,14950
TAXIFY-1178,2024-09-29,275,15225
TAXIFY-1178,2024-09-30,651,15876
TAXIFY-1178,2024-10-01,630,16506
TAXIFY-1178,2024-10-02,602,17108
TAXIFY-1178,2024-10-03,549,17657
TAXIFY-1178,2024-10-04,661,18318
TAXIFY-1178,2024-10-05,295,18613
TAXIFY-1178,2024-10-06,290,18903
TAXIFY-1178,2024-10-07,729,19632
TAXIFY-1178,2024-10-08,642,20274
TAXIFY-1178,2024-10-09,580,20854
TAXIFY-1178,2024-10-10,677,21531
TAXIFY-1178,2024-10-11,626,22157
TAXIFY-1178,2024-10-12,343,22500
TAXIFY-1178,2024-10-13,276,22776
TAXIFY-1178,2024-10-14,642,23418
TAXIFY-1178,2024-10-15,602,24020
TAXIFY-1178,2024-10-16,622,24642
TAXIFY-1178,2024-10-17,706,25348
TAXIFY-1178,2024-10-18,653,26001
TAXIFY-1178,2024-10-19,265,26266
TAXIFY-1178,2024-10-20,327,26593
TAXIFY-1178,2024-10-21,556,27149
TAXIFY-1178,2024-10-22,598,27747
TAXIFY-1178,2024-10-23,602,28349
TAXIFY-1178,2024-10-24,640,28989
TAXIFY-1178,2024-10-25,632,29621
TAXIFY-1178,2024-10-26,302,29923
TAXIFY-1178,2024-10-27,309,30232
TAXIFY-1178,2024-10-28,712,30944
TAXIFY-1178,2024-10-29,628,31572
TAXIFY-1178,2024-10-30,537,32109
TAXIFY-1178,2024-10-31,565,32674
TAXIFY-1178,2024-11-01,578,33252
TAXIFY-1178,2024-11-02,368,33620
TAXIFY-1178,2024-11-03,289,33909
TAXIFY-1178,2024-11-04,582,34491
TAXIFY-1178,2024-11-05,638,35129
TAXIFY-1178,2024-11-06,704,35833
TAXIFY-1178,2024-11-07,611,36444
TAXIFY-1178,2024-11-08,594,37038
TAXIFY-1178,2024-11-09,348,37386
TAXIFY-1178,2024-11-10,316,37702
TAXIFY-1178,2024-11-11,640,38342
TAXIFY-1178,2024-11-12,672,39014
TAXIFY-1178,2024-11-13,635,39649
TAXIFY-1178,2024-11-14,665,40314
TAXIFY-1178,2024-11-15,606,40920
TAXIFY-1178,2024-11-16,299,41219
TAXIFY-1178,2024-11-17,322,41541
TAXIFY-1178,2024-11-18,677,42218
TAXIFY-1178,2024-11-19,614,42832
TAXIFY-1178,2024-11-20,599,43431
TAXIFY-1178,2024-11-21,715,44146
TAXIFY-1178,2024-11-22,660,44806
TAXIFY-1178,2024-11-23,318,45124
TAXIFY-1178,2024-11-24,279,45403
TAXIFY-1178,2024-11-25,654,46057
TAXIFY-1178,2024-11-26,568,46625
TAXIFY-1178,2024-11-27,673,47298
TAXIFY-1178,2024-11-28,706,48004
TAXIFY-1178,2024-11-29,692,48696
TAXIFY-1178,2024-11-30,348,49044
TAXIFY-1178,2024-12-01,295,49339
TAXIFY-1178,2024-12-02,675,50014
TAXIFY-1178,2024-12-03,610,50624
TAXIFY-1178,2024-12-04,686,51310
TAXIFY-1178,2024-12-05,641,51951
TAXIFY-1178,2024-12-06,616,52567
TAXIFY-1178,2024-12-07,307,52874
TAXIFY-1178,2024-12-08,326,53200
TAXIFY-1178,2024-12-09,601,53801
TAXIFY-1178,2024-12-10,549,54350
TAXIFY-1178,2024-12-11,683,55033
TAXIFY-1178,2024-12-12,612,55645
TAXIFY-1178,2024-12-13,702,56347
TAXIFY-1178,2024-12-14,340,56687
TAXIFY-1178,2024-12-15,323,57010
TAXIFY-1178,2024-12-16,706,57716
TAXIFY-1178,2024-12-17,606,58322
TAXIFY-1178,2024-12-18,672,58994
TAXIFY-1178,2024-12-19,636,59630
TAXIFY-1178,2024-12-20,536,60166
TAXIFY-1178,2024-12-21,304,60470
TAXIFY-1178,2024-12-22,294,60764
TAXIFY-1178,2024-12-23,598,61362
TAXIFY-1178,2024-12-24,584,61946
TAXIFY-1178,2024-12-25,530,62476
TAXIFY-1178,2024-12-26,649,63125
TAXIFY-1178,2024-12-27,597,63722
TAXIFY-1178,2024-12-28,311,64033
TAXIFY-1178,2024-12-29,331,64364
TAXIFY-1178,2024-12-30,622,64986
TAXIFY-1178,2024-12-31,667,65653
TAXIFY-1178,2025-01-01,653,66306
TAXIFY-1178,2025-01-02,610,66916
TAXIFY-1178,2025-01-03,642,67558
TAXIFY-1178,2025-01-04,333,67891
TAXIFY-1178,2025-01-05,309,68200
TAXIFY-1178,2025-01-06,660,68860
TAXIFY-1178,2025-01-07,671,69531
TAXIFY-1178,2025-01-08,607,70138
TAXIFY-1178,2025-01-09,663,70801
TAXIFY-1178,2025-01-10,608,71409
TAXIFY-1178,2025-01-11,334,71743
TAXIFY-1178,2025-01-12,288,72031
TAXIFY-1178,2025-01-13,641,72672
TAXIFY-1178,2025-01-14,640,73312
TAXIFY-1178,2025-01-15,658,73970
TAXIFY-1178,2025-01-16,632,74602
TAXIFY-1178,2025-01-17,619,75221
TAXIFY-1178,2025-01-18,285,75506
TAXIFY-1178,2025-01-19,308,75814
TAXIFY-1178,2025-01-20,597,76411
TAXIFY-1178,2025-01-21,677,77088
TAXIFY-1178,2025-01-22,658,77746
TAXIFY-1178,2025-01-23,533,78279
TAXIFY-1178,2025-01-24,721,79000
TAXIFY-1178,2025-01-25,331,79331
TAXIFY-1178,2025-01-26,307,79638
TAXIFY-1178,2025-01-27,660,80298
TAXIFY-1178,2025-01-28,578,80876
TAXIFY-1178,2025-01-29,586,81462
TAXIFY-1178,2025-01-30,557,82019
TAXIFY-1178,2025-01-31,625,82644
TAXIFY-1178,2025-02-01,679,83323
TAXIFY-1178,2025-02-02,654,83977
TAXIFY-1178,2025-02-03,1270,85247
TAXIFY-1178,2025-02-04,1274,86521
TAXIFY-1178,2025-02-05,1452,87973
TAXIFY-1178,2025-02-06,1383,89356
TAXIFY-1178,2025-02-07,1176,90532
TAXIFY-1178,2025-02-08,564,91096
TAXIFY-1178,2025-02-09,630,91726
TAXIFY-1178,2025-02-10,1226,92952
TAXIFY-1178,2025-02-11,1359,94311
TAXIFY-1178,2025-02-12,1189,95500
TAXIFY-1178,2025-02-13,1379,96879
TAXIFY-1178,2025-02-14,1293,98172
TAXIFY-1178,2025-02-15,589,98761
TAXIFY-1178,2025-02-16,570,99331
TAXIFY-1178,2025-02-17,1273,100604
TAXIFY-1178,2025-02-18,1205,101809
TAXIFY-1178,2025-02-19,1347,103156
TAXIFY-1178,2025-02-20,1241,104397
TAXIFY-1178,2025-02-21,962,105359
TAXIFY-1178,2025-02-22,629,105988
TAXIFY-1178,2025-02-23,546,106534
TAXIFY-1178,2025-02-24,1173,107707
TAXIFY-1178,2025-02-25,1122,108829
TAXIFY-1178,2025-02-26,1239,110068
TAXIFY-1178,2025-02-27,1093,111161
TAXIFY-1178,2025-02-28,1132,112293
TAXIFY-1178,2025-03-01,972,113265
TAXIFY-1178,2025-03-02,888,114153
TAXIFY-1178,2025-03-03,1709,115862
TAXIFY-1178,2025-03-04,1662,117524
TAXIFY-1178,2025-03-05,1624,119148
TAXIFY-1178,2025-03-06,2022,121170
TAXIFY-1178,2025-03-07,1704,122874
TAXIFY-1178,2025-03-08,742,123616
TAXIFY-1178,2025-03-09,812,124428
TAXIFY-1178,2025-03-10,1914,126342
TAXIFY-1178,2025-03-11,1954,128296
TAXIFY-1178,2025-03-12,1503,129799
TAXIFY-1178,2025-03-13,1639,131438
TAXIFY-1178,2025-03-14,1571,133009
TAXIFY-1178,2025-03-15,760,133769
TAXIFY-1178,2025-03-16,919,134688
TAXIFY-1178,2025-03-17,1790,136478
TAXIFY-1178,2025-03-18,1725,138203
TAXIFY-1178,2025-03-19,1702,139905
TAXIFY-1178,2025-03-20,1834,141739
TAXIFY-1178,2025-03-21,1824,143563
TAXIFY-1178,2025-03-22,895,144458
TAXIFY-1178,2025-03-23,901,145359
TAXIFY-1178,2025-03-24,2089,147448
TAXIFY-1178,2025-03-25,1565,149013
TAXIFY-1178,2025-03-26,1606,150619
TAXIFY-1178,2025-03-27,1875,152494
TAXIFY-1178,2025-03-28,1896,154390
TAXIFY-1178,2025-03-29,1086,155476
TAXIFY-1178,2025-03-30,827,156303
TAXIFY-1178,2025-03-31,1868,158171
TAXIFY-1178,2025-04-01,1238,159409
TAXIFY-1178,2025-04-02,1331,160740
TAXIFY-1178,2025-04-03,1046,161786
TAXIFY-1178,2025-04-04,1250,163036
TAXIFY-1178,2025-04-05,622,163658
TAXIFY-1178,2025-04-06,579,164237
TAXIFY-1178,2025-04-07,1290,165527
TAXIFY-1178,2025-04-08,1158,166685
TAXIFY-1178,2025-04-09,1263,167948
TAXIFY-1178,2025-04-10,1217,169165
TAXIFY-1178,2025-04-11,1204,170369
TAXIFY-1178,2025-04-12,641,171010
TAXIFY-1178,2025-04-13,650,171660
TAXIFY-1178,2025-04-14,1205,172865
TAXIFY-1178,2025-04-15,1173,174038
TAXIFY-1178,2025-04-16,1241,175279
TAXIFY-1178,2025-04-17,1300,176579
TAXIFY-1178,2025-04-18,1322,177901
TAXIFY-1178,2025-04-19,602,178503
TAXIFY-1178,2025-04-20,574,179077
TAXIFY-1178,2025-04-21,1221,180298
TAXIFY-1178,2025-04-22,1263,181561
TAXIFY-1178,2025-04-23,1043,182604
TAXIFY-1178,2025-04-24,1244,183848
TAXIFY-1178,2025-04-25,1144,184992
TAXIFY-1178,2025-04-26,612,185604
TAXIFY-1178,2025-04-27,609,186213
TAXIFY-1178,2025-04-28,1192,187405
TAXIFY-1178,2025-04-29,1213,188618
TAXIFY-1178,2025-04-30,1375,189993
TAXIFY-1178,2025-05-01,613,190606
TAXIFY-1178,2025-05-02,782,191388
TAXIFY-1178,2025-05-03,300,191688
TAXIFY-1178,2025-05-04,284,191972
TAXIFY-1178,2025-05-05,680,192652
TAXIFY-1178,2025-05-06,578,193230
TAXIFY-1178,2025-05-07,603,193833
TAXIFY-1178,2025-05-08,517,194350
TAXIFY-1178,2025-05-09,617,194967
TAXIFY-1178,2025-05-10,368,195335
TAXIFY-1178,2025-05-11,327,195662
TAXIFY-1178,2025-05-12,620,196282
TAXIFY-1178,2025-05-13,597,196879
TAXIFY-1178,2025-05-14,557,197436
TAXIFY-1178,2025-05-15,732,198168
TAXIFY-1178,2025-05-16,525,198693
TAXIFY-1178,2025-05-17,335,199028
TAXIFY-1178,2025-05-18,313,199341
TAXIFY-1178,2025-05-19,644,199985
TAXIFY-1178,2025-05-20,712,200697
TAXIFY-1178,2025-05-21,570,201267
TAXIFY-1178,2025-05-22,654,201921
TAXIFY-1178,2025-05-23,560,202481
TAXIFY-1178,2025-05-24,371,202852
TAXIFY-1178,2025-05-25,310,203162
TAXIFY-1178,2025-05-26,561,203723
TAXIFY-1178,2025-05-27,615,204338
TAXIFY-1178,2025-05-28,647,204985
TAXIFY-1178,2025-05-29,717,205702
TAXIFY-1178,2025-05-30,612,206314
TAXIFY-1178,2025-05-31,296,206610
TAXIFY-1178,2025-06-01,272,206882
TAXIFY-1178,2025-06-02,503,207385
TAXIFY-1178,2025-06-03,501,207886
TAXIFY-1178,2025-06-04,513,208399
TAXIFY-1178,2025-06-05,422,208821
TAXIFY-1178,2025-06-06,496,209317
TAXIFY-1178,2025-06-07,238,209555
TAXIFY-1178,2025-06-08,237,209792
TAXIFY-1178,2025-06-09,512,210304
TAXIFY-1178,2025-06-10,398,210702
TAXIFY-1178,2025-06-11,458,211160
TAXIFY-1178,2025-06-12,502,211662
TAXIFY-1178,2025-06-13,521,212183
TAXIFY-1178,2025-06-14,248,212431
TAXIFY-1178,2025-06-15,224,212655
TAXIFY-1178,2025-06-16,486,213141
TAXIFY-1178,2025-06-17,541,213682
TAXIFY-1178,2025-06-18,546,214228
TAXIFY-1178,2025-06-19,481,214709
TAXIFY-1178,2025-06-20,452,215161
TAXIFY-1178,2025-06-21,286,215447
TAXIFY-1178,2025-06-22,302,215749
TAXIFY-1178,2025-06-23,523,216272
TAXIFY-1178,2025-06-24,500,216772
TAXIFY-1178,2025-06-25,453,217225
TAXIFY-1178,2025-06-26,510,217735
TAXIFY-1178,2025-06-27,503,218238
TAXIFY-1178,2025-06-28,234,218472
TAXIFY-1178,2025-06-29,235,218707
TAXIFY-1178,2025-06-30,473,219180
TAXIFY-1178,2025-07-01,550,219730
TAXIFY-1178,2025-07-02,520,220250
TAXIFY-1178,2025-07-03,552,220802
TAXIFY-1178,2025-07-04,495,221297
TAXIFY-1178,2025-07-05,256,221553
TAXIFY-1178,2025-07-06,246,221799
TAXIFY-1178,2025-07-07,449,222248
TAXIFY-1178,2025-07-08,521,222769
TAXIFY-1178,2025-07-09,474,223243
TAXIFY-1178,2025-07-10,518,223761
TAXIFY-1178,2025-07-11,437,224198
TAXIFY-1178,2025-07-12,250,224448
TAXIFY-1178,2025-07-13,262,224710
TAXIFY-1178,2025-07-14,457,225167
TAXIFY-1178,2025-07-15,458,225625
TAXIFY-1178,2025-07-16,468,226093
TAXIFY-1178,2025-07-17,556,226649
TAXIFY-1178,2025-07-18,518,227167
TAXIFY-1178,2025-07-19,263,227430
TAXIFY-1178,2025-07-20,283,227713
TAXIFY-1178,2025-07-21,535,228248
TAXIFY-1178,2025-07-22,509,228757
TAXIFY-1178,2025-07-23,566,229323
TAXIFY-1178,2025-07-24,464,229787
TAXIFY-1178,2025-07-25,492,230279
TAXIFY-1178,2025-07-26,274,230553
TAXIFY-1178,2025-07-27,207,230760
TAXIFY-1178,2025-07-28,471,231231
TAXIFY-1178,2025-07-29,535,231766
TAXIFY-1178,2025-07-30,507,232273
TAXIFY-1178,2025-07-31,524,232797
TAXIFY-1178,2025-08-01,426,233223
TAXIFY-1178,2025-08-02,234,233457
TAXIFY-1178,2025-08-03,264,233721
TAXIFY-1178,2025-08-04,467,234188
TAXIFY-1178,2025-08-05,536,234724
TAXIFY-1178,2025-08-06,514,235238
TAXIFY-1178,2025-08-07,456,235694
TAXIFY-1178,2025-08-08,517,236211
TAXIFY-1178,2025-08-09,266,236477
TAXIFY-1178,2025-08-10,258,236735
TAXIFY-1178,2025-08-11,525,237260
TAXIFY-1178,2025-08-12,433,237693
TAXIFY-1178,2025-08-13,594,238287
TAXIFY-1178,2025-08-14,616,238903
TAXIFY-1178,2025-08-15,560,239463
TAXIFY-1178,2025-08-16,254,239717
TAXIFY-1178,2025-08-17,243,239960
TAXIFY-1178,2025-08-18,487,240447
TAXIFY-1178,2025-08-19,534,240981
TAXIFY-1178,2025-08-20,546,241527
TAXIFY-1178,2025-08-21,477,242004
TAXIFY-1178,2025-08-22,502,242506
TAXIFY-1178,2025-08-23,277,242783
TAXIFY-1178,2025-08-24,249,243032
TAXIFY-1178,2025-08-25,507,243539
TAXIFY-1178,2025-08-26,558,244097
TAXIFY-1178,2025-08-27,552,244649
TAXIFY-1178,2025-08-28,535,245184
TAXIFY-1178,2025-08-29,460,245644
TAXIFY-1178,2025-08-30,230,245874
TAXIFY-1178,2025-08-31,236,246110
TAXIFY-1179,2024-09-01,1197,1197
TAXIFY-1179,2024-09-02,2543,3740
TAXIFY-1179,2024-09-03,2481,6221
TAXIFY-1179,2024-09-04,2467,8688
TAXIFY-1179,2024-09-05,2448,11136
TAXIFY-1179,2024-09-06,2324,13460
TAXIFY-1179,2024-09-07,1203,14663
TAXIFY-1179,2024-09-08,1493,16156
TAXIFY-1179,2024-09-09,2639,18795
TAXIFY-1179,2024-09-10,2504,21299
TAXIFY-1179,2024-09-11,2199,23498
TAXIFY-1179,2024-09-12,2301,25799
TAXIFY-1179,2024-09-13,2491,28290
TAXIFY-1179,2024-09-14,1385,29675
TAXIFY-1179,2024-09-15,1272,30947
TAXIFY-1179,2024-09-16,2543,33490
TAXIFY-1179,2024-09-17,2722,36212
TAXIFY-1179,2024-09-18,2305,38517
TAXIFY-1179,2024-09-19,2781,41298
TAXIFY-1179,2024-09-20,2423,43721
TAXIFY-1179,2024-09-21,1365,45086
TAXIFY-1179,2024-09-22,1417,46503
TAXIFY-1179,2024-09-23,2318,48821
TAXIFY-1179,2024-09-24,2500,51321
TAXIFY-1179,2024-09-25,2657,53978
TAXIFY-1179,2024-09-26,2442,56420
TAXIFY-1179,2024-09-27,2448,58868
TAXIFY-1179,2024-09-28,1210,60078
TAXIFY-1179,2024-09-29,1063,61141
TAXIFY-1179,2024-09-30,2711,63852
TAXIFY-1179,2024-10-01,2298,66150
TAXIFY-1179,2024-10-02,2042,68192
TAXIFY-1179,2024-10-03,2709,70901
TAXIFY-1179,2024-10-04,2596,73497
TAXIFY-1179,2024-10-05,1118,74615
TAXIFY-1179,2024-10-06,1358,75973
TAXIFY-1179,2024-10-07,2633,78606
TAXIFY-1179,2024-10-08,2500,81106
TAXIFY-1179,2024-10-09,2429,83535
TAXIFY-1179,2024-10-10,2475,86010
TAXIFY-1179,2024-10-11,2541,88551
TAXIFY-1179,2024-10-12,1171,89722
TAXIFY-1179,2024-10-13,1361,91083
TAXIFY-1179,2024-10-14,2611,93694
TAXIFY-1179,2024-10-15,2472,96166
TAXIFY-1179,2024-10-16,2848,99014
TAXIFY-1179,2024-10-17,2439,101453
TAXIFY-1179,2024-10-18,2809,104262
TAXIFY-1179,2024-10-19,1279,105541
TAXIFY-1179,2024-10-20,1325,106866
TAXIFY-1179,2024-10-21,2426,109292
TAXIFY-1179,2024-10-22,2126,111418
TAXIFY-1179,2024-10-23,2595,114013
TAXIFY-1179,2024-10-24,2262,116275
TAXIFY-1179,2024-10-25,2377,118652
TAXIFY-1179,2024-10-26,1257,119909
TAXIFY-1179,2024-10-27,1185,121094
TAXIFY-1179,2024-10-28,2493,123587
TAXIFY-1179,2024-10-29,2539,126126
TAXIFY-1179,2024-10-30,2205,128331
TAXIFY-1179,2024-10-31,2554,130885
TAXIFY-1179,2024-11-01,2375,133260
TAXIFY-1179,2024-11-02,1143,134403
TAXIFY-1179,2024-11-03,1049,135452
TAXIFY-1179,2024-11-04,2189,137641
TAXIFY-1179,2024-11-05,2504,140145
TAXIFY-1179,2024-11-06,2508,142653
TAXIFY-1179,2024-11-07,2603,145256
TAXIFY-1179,2024-11-08,2843,148099
TAXIFY-1179,2024-11-09,1385,149484
TAXIFY-1179,2024-11-10,1349,150833
TAXIFY-1179,2024-11-11,2737,153570
TAXIFY-1179,2024-11-12,2536,156106
TAXIFY-1179,2024-11-13,2532,158638
TAXIFY-1179,2024-11-14,2807,161445
TAXIFY-1179,2024-11-15,2543,163988
TAXIFY-1179,2024-11-16,1273,165261
TAXIFY-1179,2024-11-17,1366,166627
TAXIFY-1179,2024-11-18,2444,169071
TAXIFY-1179,2024-11-19,2473,171544
TAXIFY-1179,2024-11-20,2227,173771
TAXIFY-1179,2024-11-21,2407,176178
TAXIFY-1179,2024-11-22,2434,178612
TAXIFY-1179,2024-11-23,1222,179834
TAXIFY-1179,2024-11-24,1331,181165
TAXIFY-1179,2024-11-25,2298,183463
TAXIFY-1179,2024-11-26,2797,186260
TAXIFY-1179,2024-11-27,2087,188347
TAXIFY-1179,2024-11-28,2619,190966
TAXIFY-1179,2024-11-29,2663,193629
TAXIFY-1179,2024-11-30,1319,194948
TAXIFY-1179,2024-12-01,1359,196307
TAXIFY-1179,2024-12-02,2457,198764
TAXIFY-1179,2024-12-03,2750,201514
TAXIFY-1179,2024-12-04,2361,203875
TAXIFY-1179,2024-12-05,2378,206253
TAXIFY-1179,2024-12-06,2913,209166
TAXIFY-1179,2024-12-07,1267,210433
TAXIFY-1179,2024-12-08,1345,211778
TAXIFY-1179,2024-12-09,2599,214377
TAXIFY-1179,2024-12-10,2644,217021
TAXIFY-1179,2024-12-11,2098,219119
TAXIFY-1179,2024-12-12,2575,221694
TAXIFY-1179,2024-12-13,2503,224197
TAXIFY-1179,2024-12-14,1347,225544
TAXIFY-1179,2024-12-15,1084,226628
TAXIFY-1179,2024-12-16,2472,229100
TAXIFY-1179,2024-12-17,2380,231480
TAXIFY-1179,2024-12-18,2501,233981
TAXIFY-1179,2024-12-19,2508,236489
TAXIFY-1179,2024-12-20,2386,238875
TAXIFY-1179,2024-12-21,1241,240116
TAXIFY-1179,2024-12-22,1247,241363
TAXIFY-1179,2024-12-23,2282,243645
TAXIFY-1179,2024-12-24,2921,246566
TAXIFY-1179,2024-12-25,2468,249034
TAXIFY-1179,2024-12-26,2849,251883
TAXIFY-1179,2024-12-27,2642,254525
TAXIFY-1179,2024-12-28,1247,255772
TAXIFY-1179,2024-12-29,1207,256979
TAXIFY-1179,2024-12-30,2548,259527
TAXIFY-1179,2024-12-31,2105,261632
TAXIFY-1179,2025-01-01,2190,263822
TAXIFY-1179,2025-01-02,2334,266156
TAXIFY-1179,2025-01-03,2213,268369
TAXIFY-1179,2025-01-04,1244,269613
TAXIFY-1179,2025-01-05,1254,270867
TAXIFY-1179,2025-01-06,2857,273724
TAXIFY-1179,2025-01-07,2566,276290
TAXIFY-1179,2025-01-08,2527,278817
TAXIFY-1179,2025-01-09,2522,281339
TAXIFY-1179,2025-01-10,2545,283884
TAXIFY-1179,2025-01-11,1210,285094
TAXIFY-1179,2025-01-12,1229,286323
TAXIFY-1179,2025-01-13,2330,288653
TAXIFY-1179,2025-01-14,2148,290801
TAXIFY-1179,2025-01-15,2411,293212
TAXIFY-1179,2025-01-16,2549,295761
TAXIFY-1179,2025-01-17,2710,298471
TAXIFY-1179,2025-01-18,1215,299686
TAXIFY-1179,2025-01-19,1151,300837
TAXIFY-1179,2025-01-20,2497,303334
TAXIFY-1179,2025-01-21,2334,305668
TAXIFY-1179,2025-01-22,2226,307894
TAXIFY-1179,2025-01-23,2277,310171
TAXIFY-1179,2025-01-24,2540,312711
TAXIFY-1179,2025-01-25,1269,313980
TAXIFY-1179,2025-01-26,1305,315285
TAXIFY-1179,2025-01-27,2547,317832
TAXIFY-1179,2025-01-28,2736,320568
TAXIFY-1179,2025-01-29,2807,323375
TAXIFY-1179,2025-01-30,2626,326001
TAXIFY-1179,2025-01-31,2371,328372
TAXIFY-1179,2025-02-01,2568,330940
TAXIFY-1179,2025-02-02,2432,333372
TAXIFY-1179,2025-02-03,5093,338465
TAXIFY-1179,2025-02-04,4976,343441
TAXIFY-1179,2025-02-05,4960,348401
TAXIFY-1179,2025-02-06,5108,353509
TAXIFY-1179,2025-02-07,5747,359256
TAXIFY-1179,2025-02-08,2624,361880
TAXIFY-1179,2025-02-09,2535,364415
TAXIFY-1179,2025-02-10,5021,369436
TAXIFY-1179,2025-02-11,5538,374974
TAXIFY-1179,2025-02-12,4663,379637
TAXIFY-1179,2025-02-13,5263,384900
TAXIFY-1179,2025-02-14,6036,390936
TAXIFY-1179,2025-02-15,2588,393524
TAXIFY-1179,2025-02-16,2377,395901
TAXIFY-1179,2025-02-17,4605,400506
TAXIFY-1179,2025-02-18,4890,405396
TAXIFY-1179,2025-02-19,5434,410830
TAXIFY-1179,2025-02-20,5332,416162
TAXIFY-1179,2025-02-21,4916,421078
TAXIFY-1179,2025-02-22,2677,423755
TAXIFY-1179,2025-02-23,2712,426467
TAXIFY-1179,2025-02-24,5032,431499
TAXIFY-1179,2025-02-25,4788,436287
TAXIFY-1179,2025-02-26,5888,442175
TAXIFY-1179,2025-02-27,4434,446609
TAXIFY-1179,2025-02-28,5074,451683
TAXIFY-1179,2025-03-01,3297,454980
TAXIFY-1179,2025-03-02,3380,458360
TAXIFY-1179,2025-03-03,6892,465252
TAXIFY-1179,2025-03-04,6104,471356
TAXIFY-1179,2025-03-05,6893,478249
TAXIFY-1179,2025-03-06,6722,484971
TAXIFY-1179,2025-03-07,7130,492101
TAXIFY-1179,2025-03-08,3552,495653
TAXIFY-1179,2025-03-09,3577,499230
TAXIFY-1179,2025-03-10,6134,505364
TAXIFY-1179,2025-03-11,6913,512277
TAXIFY-1179,2025-03-12,6900,519177
TAXIFY-1179,2025-03-13,6966,526143
TAXIFY-1179,2025-03-14,6745,532888
TAXIFY-1179,2025-03-15,3039,535927
TAXIFY-1179,2025-03-16,3306,539233
TAXIFY-1179,2025-03-17,7223,546456
TAXIFY-1179,2025-03-18,5907,552363
TAXIFY-1179,2025-03-19,6767,559130
TAXIFY-1179,2025-03-20,7668,566798
TAXIFY-1179,2025-03-21,7064,573862
TAXIFY-1179,2025-03-22,3537,577399
TAXIFY-1179,2025-03-23,3383,580782
TAXIFY-1179,2025-03-24,6924,587706
TAXIFY-1179,2025-03-25,6344,594050
TAXIFY-1179,2025-03-26,6466,600516
TAXIFY-1179,2025-03-27,6388,606904
TAXIFY-1179,2025-03-28,7548,614452
TAXIFY-1179,2025-03-29,3090,617542
TAXIFY-1179,2025-03-30,3499,621041
TAXIFY-1179,2025-03-31,7131,628172
TAXIFY-1179,2025-04-01,4492,632664
TAXIFY-1179,2025-04-02,5056,637720
TAXIFY-1179,2025-04-03,4570,642290
TAXIFY-1179,2025-04-04,4986,647276
TAXIFY-1179,2025-04-05,2625,649901
TAXIFY-1179,2025-04-06,2213,652114
TAXIFY-1179,2025-04-07,5362,657476
TAXIFY-1179,2025-04-08,4993,662469
TAXIFY-1179,2025-04-09,5048,667517
TAXIFY-1179,2025-04-10,5122,672639
TAXIFY-1179,2025-04-11,4481,677120
TAXIFY-1179,2025-04-12,2499,679619
TAXIFY-1179,2025-04-13,2266,681885
TAXIFY-1179,2025-04-14,4748,686633
TAXIFY-1179,2025-04-15,4720,691353
TAXIFY-1179,2025-04-16,4849,696202
TAXIFY-1179,2025-04-17,4858,701060
TAXIFY-1179,2025-04-18,5849,706909
TAXIFY-1179,2025-04-19,2359,709268
TAXIFY-1179,2025-04-20,2297,711565
TAXIFY-1179,2025-04-21,5482,717047
TAXIFY-1179,2025-04-22,4363,721410
TAXIFY-1179,2025-04-23,5109,726519
TAXIFY-1179,2025-04-24,4990,731509
TAXIFY-1179,2025-04-25,4856,736365
TAXIFY-1179,2025-04-26,2331,738696
TAXIFY-1179,2025-04-27,2286,740982
TAXIFY-1179,2025-04-28,5245,746227
TAXIFY-1179,2025-04-29,5444,751671
TAXIFY-1179,2025-04-30,4738,756409
TAXIFY-1179,2025-05-01,2464,758873
TAXIFY-1179,2025-05-02,2273,761146
TAXIFY-1179,2025-05-03,1258,762404
TAXIFY-1179,2025-05-04,1192,763596
TAXIFY-1179,2025-05-05,2541,766137
TAXIFY-1179,2025-05-06,2477,768614
TAXIFY-1179,2025-05-07,2248,770862
TAXIFY-1179,2025-05-08,2521,773383
TAXIFY-1179,2025-05-09,2487,775870
TAXIFY-1179,2025-05-10,1188,777058
TAXIFY-1179,2025-05-11,1334,778392
TAXIFY-1179,2025-05-12,2479,780871
TAXIFY-1179,2025-05-13,2579,783450
TAXIFY-1179,2025-05-14,2853,786303
TAXIFY-1179,2025-05-15,2877,789180
TAXIFY-1179,2025-05-16,2250,791430
TAXIFY-1179,2025-05-17,1322,792752
TAXIFY-1179,2025-05-18,1231,793983
TAXIFY-1179,2025-05-19,2565,796548
TAXIFY-1179,2025-05-20,2732,799280
TAXIFY-1179,2025-05-21,2644,801924
TAXIFY-1179,2025-05-22,2476,804400
TAXIFY-1179,2025-05-23,2704,807104
TAXIFY-1179,2025-05-24,1202,808306
TAXIFY-1179,2025-05-25,1274,809580
TAXIFY-1179,2025-05-26,2643,812223
TAXIFY-1179,2025-05-27,2655,814878
TAXIFY-1179,2025-05-28,2161,817039
TAXIFY-1179,2025-05-29,2337,819376
TAXIFY-1179,2025-05-30,2347,821723
TAXIFY-1179,2025-05-31,1227,822950
TAXIFY-1179,2025-06-01,1056,824006
TAXIFY-1179,2025-06-02,2037,826043
TAXIFY-1179,2025-06-03,2139,828182
TAXIFY-1179,2025-06-04,2287,830469
TAXIFY-1179,2025-06-05,2003,832472
TAXIFY-1179,2025-06-06,2039,834511
TAXIFY-1179,2025-06-07,1104,835615
TAXIFY-1179,2025-06-08,921,836536
TAXIFY-1179,2025-06-09,2075,838611
TAXIFY-1179,2025-06-10,2003,840614
TAXIFY-1179,2025-06-11,1765,842379
TAXIFY-1179,2025-06-12,2155,844534
TAXIFY-1179,2025-06-13,2205,846739
TAXIFY-1179,2025-06-14,1074,847813
TAXIFY-1179,2025-06-15,940,848753
TAXIFY-1179,2025-06-16,2351,851104
TAXIFY-1179,2025-06-17,2161,853265
TAXIFY-1179,2025-06-18,2113,855378
TAXIFY-1179,2025-06-19,2149,857527
TAXIFY-1179,2025-06-20,2094,859621
TAXIFY-1179,2025-06-21,979,860600
TAXIFY-1179,2025-06-22,1037,861637
TAXIFY-1179,2025-06-23,2106,863743
TAXIFY-1179,2025-06-24,2015,865758
TAXIFY-1179,2025-06-25,1883,867641
TAXIFY-1179,2025-06-26,2033,869674
TAXIFY-1179,2025-06-27,2155,871829
TAXIFY-1179,2025-06-28,999,872828
TAXIFY-1179,2025-06-29,1089,873917
TAXIFY-1179,2025-06-30,1954,875871
TAXIFY-1179,2025-07-01,1995,877866
TAXIFY-1179,2025-07-02,1723,879589
TAXIFY-1179,2025-07-03,2067,881656
TAXIFY-1179,2025-07-04,1673,883329
TAXIFY-1179,2025-07-05,1005,884334
TAXIFY-1179,2025-07-06,1027,885361
TAXIFY-1179,2025-07-07,2005,887366
TAXIFY-1179,2025-07-08,1791,889157
TAXIFY-1179,2025-07-09,2133,891290
TAXIFY-1179,2025-07-10,2254,893544
TAXIFY-1179,2025-07-11,2328,895872
TAXIFY-1179,2025-07-12,1001,896873
TAXIFY-1179,2025-07-13,981,897854
TAXIFY-1179,2025-07-14,1803,899657
TAXIFY-1179,2025-07-15,2077,901734
TAXIFY-1179,2025-07-16,2244,903978
TAXIFY-1179,2025-07-17,1893,905871
TAXIFY-1179,2025-07-18,1839,907710
TAXIFY-1179,2025-07-19,990,908700
TAXIFY-1179,2025-07-20,1131,909831
TAXIFY-1179,2025-07-21,2065,911896
TAXIFY-1179,2025-07-22,2028,913924
TAXIFY-1179,2025-07-23,1876,915800
TAXIFY-1179,2025-07-24,2224,918024
TAXIFY-1179,2025-07-25,1711,919735
TAXIFY-1179,2025-07-26,1006,920741
TAXIFY-1179,2025-07-27,1015,921756
TAXIFY-1179,2025-07-28,1919,923675
TAXIFY-1179,2025-07-29,2144,925819
TAXIFY-1179,2025-07-30,2065,927884
TAXIFY-1179,2025-07-31,1965,929849
TAXIFY-1179,2025-08-01,2026,931875
TAXIFY-1179,2025-08-02,973,932848
TAXIFY-1179,2025-08-03,1109,933957
TAXIFY-1179,2025-08-04,2065,936022
TAXIFY-1179,2025-08-05,2104,938126
TAXIFY-1179,2025-08-06,1862,939988
TAXIFY-1179,2025-08-07,1977,941965
TAXIFY-1179,2025-08-08,1823,943788
TAXIFY-1179,2025-08-09,1066,944854
TAXIFY-1179,2025-08-10,924,945778
TAXIFY-1179,2025-08-11,2085,947863
TAXIFY-1179,2025-08-12,2113,949976
TAXIFY-1179,2025-08-13,1972,951948
TAXIFY-1179,2025-08-14,1857,953805
TAXIFY-1179,2025-08-15,1957,955762
TAXIFY-1179,2025-08-16,940,956702
TAXIFY-1179,2025-08-17,828,957530
TAXIFY-1179,2025-08-18,2289,959819
TAXIFY-1179,2025-08-19,1942,961761
TAXIFY-1179,2025-08-20,1982,963743
TAXIFY-1179,2025-08-21,1831,965574
TAXIFY-1179,2025-08-22,1941,967515
TAXIFY-1179,2025-08-23,870,968385
TAXIFY-1179,2025-08-24,958,969343
TAXIFY-1179,2025-08-25,1896,971239
TAXIFY-1179,2025-08-26,1708,972947
TAXIFY-1179,2025-08-27,2077,975024
TAXIFY-1179,2025-08-28,2060,977084
TAXIFY-1179,2025-08-29,1827,978911
TAXIFY-1179,2025-08-30,1029,979940
TAXIFY-1179,2025-08-31,1031,980971
TAXIFY-1180,2024-09-01,454,454
TAXIFY-1180,2024-09-02,1053,1507
TAXIFY-1180,2024-09-03,910,2417
TAXIFY-1180,2024-09-04,1192,3609
TAXIFY-1180,2024-09-05,1119,4728
TAXIFY-1180,2024-09-06,956,5684
TAXIFY-1180,2024-09-07,509,6193
TAXIFY-1180,2024-09-08,491,6684
TAXIFY-1180,2024-09-09,968,7652
TAXIFY-1180,2024-09-10,937,8589
TAXIFY-1180,2024-09-11,974,9563
TAXIFY-1180,2024-09-12,982,10545
TAXIFY-1180,2024-09-13,932,11477
TAXIFY-1180,2024-09-14,477,11954
TAXIFY-1180,2024-09-15,470,12424
TAXIFY-1180,2024-09-16,1120,13544
TAXIFY-1180,2024-09-17,1089,14633
TAXIFY-1180,2024-09-18,1110,15743
TAXIFY-1180,2024-09-19,956,16699
TAXIFY-1180,2024-09-20,974,17673
TAXIFY-1180,2024-09-21,485,18158
TAXIFY-1180,2024-09-22,422,18580
TAXIFY-1180,2024-09-23,841,19421
TAXIFY-1180,2024-09-24,900,20321
TAXIFY-1180,2024-09-25,957,21278
TAXIFY-1180,2024-09-26,938,22216
TAXIFY-1180,2024-09-27,1080,23296
TAXIFY-1180,2024-09-28,503,23799
TAXIFY-1180,2024-09-29,519,24318
TAXIFY-1180,2024-09-30,1065,25383
TAXIFY-1180,2024-10-01,1055,26438
TAXIFY-1180,2024-10-02,1031,27469
TAXIFY-1180,2024-10-03,1046,28515
TAXIFY-1180,2024-10-04,928,29443
TAXIFY-1180,2024-10-05,505,29948
TAXIFY-1180,2024-10-06,562,30510
TAXIFY-1180,2024-10-07,1122,31632
TAXIFY-1180,2024-10-08,1018,32650
TAXIFY-1180,2024-10-09,998,33648
TAXIFY-1180,2024-10-10,947,34595
TAXIFY-1180,2024-10-11,889,35484
TAXIFY-1180,2024-10-12,464,35948
TAXIFY-1180,2024-10-13,566,36514
TAXIFY-1180,2024-10-14,910,37424
TAXIFY-1180,2024-10-15,902,38326
TAXIFY-1180,2024-10-16,822,39148
TAXIFY-1180,2024-10-17,916,40064
TAXIFY-1180,2024-10-18,1114,41178
TAXIFY-1180,2024-10-19,516,41694
TAXIFY-1180,2024-10-20,539,42233
TAXIFY-1180,2024-10-21,1065,43298
TAXIFY-1180,2024-10-22,1102,44400
TAXIFY-1180,2024-10-23,1010,45410
TAXIFY-1180,2024-10-24,924,46334
TAXIFY-1180,2024-10-25,1100,47434
TAXIFY-1180,2024-10-26,564,47998
TAXIFY-1180,2024-10-27,497,48495
TAXIFY-1180,2024-10-28,984,49479
TAXIFY-1180,2024-10-29,908,50387
TAXIFY-1180,2024-10-30,970,51357
TAXIFY-1180,2024-10-31,888,52245
TAXIFY-1180,2024-11-01,985,53230
TAXIFY-1180,2024-11-02,466,53696
TAXIFY-1180,2024-11-03,520,54216
TAXIFY-1180,2024-11-04,902,55118
TAXIFY-1180,2024-11-05,954,56072
TAXIFY-1180,2024-11-06,941,57013
TAXIFY-1180,2024-11-07,775,57788
TAXIFY-1180,2024-11-08,922,58710
TAXIFY-1180,2024-11-09,455,59165
TAXIFY-1180,2024-11-10,430,59595
TAXIFY-1180,2024-11-11,1036,60631
TAXIFY-1180,2024-11-12,787,61418
TAXIFY-1180,2024-11-13,772,62190
TAXIFY-1180,2024-11-14,1001,63191
TAXIFY-1180,2024-11-15,998,64189
TAXIFY-1180,2024-11-16,472,64661
TAXIFY-1180,2024-11-17,511,65172
TAXIFY-1180,2024-11-18,1034,66206
TAXIFY-1180,2024-11-19,1055,67261
TAXIFY-1180,2024-11-20,882,68143
TAXIFY-1180,2024-11-21,999,69142
TAXIFY-1180,2024-11-22,953,70095
TAXIFY-1180,2024-11-23,514,70609
TAXIFY-1180,2024-11-24,553,71162
TAXIFY-1180,2024-11-25,986,72148
TAXIFY-1180,2024-11-26,1006,73154
TAXIFY-1180,2024-11-27,1001,74155
TAXIFY-1180,2024-11-28,909,75064
TAXIFY-1180,2024-11-29,947,76011
TAXIFY-1180,2024-11-30,500,76511
TAXIFY-1180,2024-12-01,526,77037
TAXIFY-1180,2024-12-02,1093,78130
TAXIFY-1180,2024-12-03,1134,79264
TAXIFY-1180,2024-12-04,972,80236
TAXIFY-1180,2024-12-05,985,81221
TAXIFY-1180,2024-12-06,939,82160
TAXIFY-1180,2024-12-07,496,82656
TAXIFY-1180,2024-12-08,480,83136
TAXIFY-1180,2024-12-09,1021,84157
TAXIFY-1180,2024-12-10,929,85086
TAXIFY-1180,2024-12-11,784,85870
TAXIFY-1180,2024-12-12,845,86715
TAXIFY-1180,2024-12-13,899,87614
TAXIFY-1180,2024-12-14,553,88167
TAXIFY-1180,2024-12-15,530,88697
TAXIFY-1180,2024-12-16,986,89683
TAXIFY-1180,2024-12-17,988,90671
TAXIFY-1180,2024-12-18,912,91583
TAXIFY-1180,2024-12-19,931,92514
TAXIFY-1180,2024-12-20,966,93480
TAXIFY-1180,2024-12-21,452,93932
TAXIFY-1180,2024-12-22,575,94507
TAXIFY-1180,2024-12-23,1103,95610
TAXIFY-1180,2024-12-24,1118,96728
TAXIFY-1180,2024-12-25,921,97649
TAXIFY-1180,2024-12-26,992,98641
TAXIFY-1180,2024-12-27,1128,99769
TAXIFY-1180,2024-12-28,437,100206
TAXIFY-1180,2024-12-29,500,100706
TAXIFY-1180,2024-12-30,920,101626
TAXIFY-1180,2024-12-31,989,102615
TAXIFY-1180,2025-01-01,1132,103747
TAXIFY-1180,2025-01-02,1056,104803
TAXIFY-1180,2025-01-03,978,105781
TAXIFY-1180,2025-01-04,503,106284
TAXIFY-1180,2025-01-05,371,106655
TAXIFY-1180,2025-01-06,960,107615
TAXIFY-1180,2025-01-07,949,108564
TAXIFY-1180,2025-01-08,962,109526
TAXIFY-1180,2025-01-09,933,110459
TAXIFY-1180,2025-01-10,997,111456
TAXIFY-1180,2025-01-11,482,111938
TAXIFY-1180,2025-01-12,489,112427
TAXIFY-1180,2025-01-13,994,113421
TAXIFY-1180,2025-01-14,1008,114429
TAXIFY-1180,2025-01-15,924,115353
TAXIFY-1180,2025-01-16,910,116263
TAXIFY-1180,2025-01-17,999,117262
TAXIFY-1180,2025-01-18,411,117673
TAXIFY-1180,2025-01-19,465,118138
TAXIFY-1180,2025-01-20,998,119136
TAXIFY-1180,2025-01-21,936,120072
TAXIFY-1180,2025-01-22,999,121071
TAXIFY-1180,2025-01-23,981,122052
TAXIFY-1180,2025-01-24,1050,123102
TAXIFY-1180,2025-01-25,498,123600
TAXIFY-1180,2025-01-26,513,124113
TAXIFY-1180,2025-01-27,1088,125201
TAXIFY-1180,2025-01-28,945,126146
TAXIFY-1180,2025-01-29,993,127139
TAXIFY-1180,2025-01-30,927,128066
TAXIFY-1180,2025-01-31,1035,129101
TAXIFY-1180,2025-02-01,944,130045
TAXIFY-1180,2025-02-02,997,131042
TAXIFY-1180,2025-02-03,2109,133151
TAXIFY-1180,2025-02-04,1858,135009
TAXIFY-1180,2025-02-05,1736,136745
TAXIFY-1180,2025-02-06,1778,138523
TAXIFY-1180,2025-02-07,2263,140786
TAXIFY-1180,2025-02-08,935,141721
TAXIFY-1180,2025-02-09,1081,142802
TAXIFY-1180,2025-02-10,1747,144549
TAXIFY-1180,2025-02-11,1968,146517
TAXIFY-1180,2025-02-12,2083,148600
TAXIFY-1180,2025-02-13,2028,150628
TAXIFY-1180,2025-02-14,2034,152662
TAXIFY-1180,2025-02-15,971,153633
TAXIFY-1180,2025-02-16,857,154490
TAXIFY-1180,2025-02-17,1676,156166
TAXIFY-1180,2025-02-18,2006,158172
TAXIFY-1180,2025-02-19,1996,160168
TAXIFY-1180,2025-02-20,2118,162286
TAXIFY-1180,2025-02-21,1744,164030
TAXIFY-1180,2025-02-22,880,164910
TAXIFY-1180,2025-02-23,998,165908
TAXIFY-1180,2025-02-24,1864,167772
TAXIFY-1180,2025-02-25,1914,169686
TAXIFY-1180,2025-02-26,1754,171440
TAXIFY-1180,2025-02-27,2020,173460
TAXIFY-1180,2025-02-28,1928,175388
TAXIFY-1180,2025-03-01,1407,176795
TAXIFY-1180,2025-03-02,1468,178263
TAXIFY-1180,2025-03-03,2474,180737
TAXIFY-1180,2025-03-04,2813,183550
TAXIFY-1180,2025-03-05,2535,186085
TAXIFY-1180,2025-03-06,2956,189041
TAXIFY-1180,2025-03-07,2426,191467
TAXIFY-1180,2025-03-08,1325,192792
TAXIFY-1180,2025-03-09,1515,194307
TAXIFY-1180,2025-03-10,2482,196789
TAXIFY-1180,2025-03-11,2482,199271
TAXIFY-1180,2025-03-12,3015,202286
TAXIFY-1180,2025-03-13,2616,204902
TAXIFY-1180,2025-03-14,3124,208026
TAXIFY-1180,2025-03-15,1314,209340
TAXIFY-1180,2025-03-16,1400,210740
TAXIFY-1180,2025-03-17,3121,213861
TAXIFY-1180,2025-03-18,2269,216130
TAXIFY-1180,2025-03-19,2573,218703
TAXIFY-1180,2025-03-20,2794,221497
TAXIFY-1180,2025-03-21,3222,224719
TAXIFY-1180,2025-03-22,1167,225886
TAXIFY-1180,2025-03-23,1309,227195
TAXIFY-1180,2025-03-24,2702,229897
TAXIFY-1180,2025-03-25,3020,232917
TAXIFY-1180,2025-03-26,2814,235731
TAXIFY-1180,2025-03-27,2687,238418
TAXIFY-1180,2025-03-28,2586,241004
TAXIFY-1180,2025-03-29,1501,242505
TAXIFY-1180,2025-03-30,1286,243791
TAXIFY-1180,2025-03-31,2796,246587
TAXIFY-1180,2025-04-01,1937,248524
TAXIFY-1180,2025-04-02,2039,250563
TAXIFY-1180,2025-04-03,2211,252774
TAXIFY-1180,2025-04-04,2075,254849
TAXIFY-1180,2025-04-05,971,255820
TAXIFY-1180,2025-04-06,1113,256933
TAXIFY-1180,2025-04-07,2212,259145
TAXIFY-1180,2025-04-08,2143,261288
TAXIFY-1180,2025-04-09,2008,263296
TAXIFY-1180,2025-04-10,1843,265139
TAXIFY-1180,2025-04-11,1592,266731
TAXIFY-1180,2025-04-12,998,267729
TAXIFY-1180,2025-04-13,1042,268771
TAXIFY-1180,2025-04-14,1754,270525
TAXIFY-1180,2025-04-15,2029,272554
TAXIFY-1180,2025-04-16,1894,274448
TAXIFY-1180,2025-04-17,2044,276492
TAXIFY-1180,2025-04-18,1867,278359
TAXIFY-1180,2025-04-19,925,279284
TAXIFY-1180,2025-04-20,977,280261
TAXIFY-1180,2025-04-21,1779,282040
TAXIFY-1180,2025-04-22,2115,284155
TAXIFY-1180,2025-04-23,1967,286122
TAXIFY-1180,2025-04-24,1784,287906
TAXIFY-1180,2025-04-25,1867,289773
TAXIFY-1180,2025-04-26,1028,290801
TAXIFY-1180,2025-04-27,958,291759
TAXIFY-1180,2025-04-28,2075,293834
TAXIFY-1180,2025-04-29,1807,295641
TAXIFY-1180,2025-04-30,1920,297561
TAXIFY-1180,2025-05-01,976,298537
TAXIFY-1180,2025-05-02,1157,299694
TAXIFY-1180,2025-05-03,462,300156
TAXIFY-1180,2025-05-04,515,300671
TAXIFY-1180,2025-05-05,1019,301690
TAXIFY-1180,2025-05-06,1119,302809
TAXIFY-1180,2025-05-07,1088,303897
TAXIFY-1180,2025-05-08,945,304842
TAXIFY-1180,2025-05-09,899,305741
TAXIFY-1180,2025-05-10,435,306176
TAXIFY-1180,2025-05-11,500,306676
TAXIFY-1180,2025-05-12,1061,307737
TAXIFY-1180,2025-05-13,1071,308808
TAXIFY-1180,2025-05-14,961,309769
TAXIFY-1180,2025-05-15,985,310754
TAXIFY-1180,2025-05-16,1094,311848
TAXIFY-1180,2025-05-17,461,312309
TAXIFY-1180,2025-05-18,393,312702
TAXIFY-1180,2025-05-19,1072,313774
TAXIFY-1180,2025-05-20,890,314664
TAXIFY-1180,2025-05-21,959,315623
TAXIFY-1180,2025-05-22,1017,316640
TAXIFY-1180,2025-05-23,945,317585
TAXIFY-1180,2025-05-24,533,318118
TAXIFY-1180,2025-05-25,595,318713
TAXIFY-1180,2025-05-26,918,319631
TAXIFY-1180,2025-05-27,992,320623
TAXIFY-1180,2025-05-28,982,321605
TAXIFY-1180,2025-05-29,1006,322611
TAXIFY-1180,2025-05-30,934,323545
TAXIFY-1180,2025-05-31,465,324010
TAXIFY-1180,2025-06-01,373,324383
TAXIFY-1180,2025-06-02,756,325139
TAXIFY-1180,2025-06-03,757,325896
TAXIFY-1180,2025-06-04,628,326524
TAXIFY-1180,2025-06-05,791,327315
TAXIFY-1180,2025-06-06,766,328081
TAXIFY-1180,2025-06-07,370,328451
TAXIFY-1180,2025-06-08,395,328846
TAXIFY-1180,2025-06-09,785,329631
TAXIFY-1180,2025-06-10,760,330391
TAXIFY-1180,2025-06-11,786,331177
TAXIFY-1180,2025-06-12,749,331926
TAXIFY-1180,2025-06-13,712,332638
TAXIFY-1180,2025-06-14,454,333092
TAXIFY-1180,2025-06-15,377,333469
TAXIFY-1180,2025-06-16,802,334271
TAXIFY-1180,2025-06-17,948,335219
TAXIFY-1180,2025-06-18,759,335978
TAXIFY-1180,2025-06-19,814,336792
TAXIFY-1180,2025-06-20,931,337723
TAXIFY-1180,2025-06-21,340,338063
TAXIFY-1180,2025-06-22,434,338497
TAXIFY-1180,2025-06-23,799,339296
TAXIFY-1180,2025-06-24,753,340049
TAXIFY-1180,2025-06-25,788,340837
TAXIFY-1180,2025-06-26,762,341599
TAXIFY-1180,2025-06-27,884,342483
TAXIFY-1180,2025-06-28,392,342875
TAXIFY-1180,2025-06-29,414,343289
TAXIFY-1180,2025-06-30,752,344041
TAXIFY-1180,2025-07-01,804,344845
TAXIFY-1180,2025-07-02,761,345606
TAXIFY-1180,2025-07-03,696,346302
TAXIFY-1180,2025-07-04,867,347169
TAXIFY-1180,2025-07-05,403,347572
TAXIFY-1180,2025-07-06,417,347989
TAXIFY-1180,2025-07-07,739,348728
TAXIFY-1180,2025-07-08,860,349588
TAXIFY-1180,2025-07-09,815,350403
TAXIFY-1180,2025-07-10,795,351198
TAXIFY-1180,2025-07-11,850,352048
TAXIFY-1180,2025-07-12,382,352430
TAXIFY-1180,2025-07-13,433,352863
TAXIFY-1180,2025-07-14,744,353607
TAXIFY-1180,2025-07-15,787,354394
TAXIFY-1180,2025-07-16,726,355120
TAXIFY-1180,2025-07-17,713,355833
TAXIFY-1180,2025-07-18,756,356589
TAXIFY-1180,2025-07-19,387,356976
TAXIFY-1180,2025-07-20,410,357386
TAXIFY-1180,2025-07-21,745,358131
TAXIFY-1180,2025-07-22,822,358953
TAXIFY-1180,2025-07-23,765,359718
TAXIFY-1180,2025-07-24,754,360472
TAXIFY-1180,2025-07-25,825,361297
TAXIFY-1180,2025-07-26,375,361672
TAXIFY-1180,2025-07-27,450,362122
TAXIFY-1180,2025-07-28,812,362934
TAXIFY-1180,2025-07-29,699,363633
TAXIFY-1180,2025-07-30,778,364411
TAXIFY-1180,2025-07-31,744,365155
TAXIFY-1180,2025-08-01,682,365837
TAXIFY-1180,2025-08-02,426,366263
TAXIFY-1180,2025-08-03,426,366689
TAXIFY-1180,2025-08-04,740,367429
TAXIFY-1180,2025-08-05,830,368259
TAXIFY-1180,2025-08-06,840,369099
TAXIFY-1180,2025-08-07,784,369883
TAXIFY-1180,2025-08-08,845,370728
TAXIFY-1180,2025-08-09,402,371130
TAXIFY-1180,2025-08-10,428,371558
TAXIFY-1180,2025-08-11,711,372269
TAXIFY-1180,2025-08-12,794,373063
TAXIFY-1180,2025-08-13,798,373861
TAXIFY-1180,2025-08-14,712,374573
TAXIFY-1180,2025-08-15,719,375292
TAXIFY-1180,2025-08-16,343,375635
TAXIFY-1180,2025-08-17,394,376029
TAXIFY-1180,2025-08-18,758,376787
TAXIFY-1180,2025-08-19,704,377491
TAXIFY-1180,2025-08-20,862,378353
TAXIFY-1180,2025-08-21,810,379163
TAXIFY-1180,2025-08-22,740,379903
TAXIFY-1180,2025-08-23,399,380302
TAXIFY-1180,2025-08-24,385,380687
TAXIFY-1180,2025-08-25,687,381374
TAXIFY-1180,2025-08-26,802,382176
TAXIFY-1180,2025-08-27,888,383064
TAXIFY-1180,2025-08-28,874,383938
TAXIFY-1180,2025-08-29,792,384730
TAXIFY-1180,2025-08-30,379,385109
TAXIFY-1180,2025-08-31,410,385519
TAXIFY-1181,2024-09-01,238,238
TAXIFY-1181,2024-09-02,462,700
TAXIFY-1181,2024-09-03,537,1237
TAXIFY-1181,2024-09-04,453,1690
TAXIFY-1181,2024-09-05,503,2193
TAXIFY-1181,2024-09-06,473,2666
TAXIFY-1181,2024-09-07,236,2902
TAXIFY-1181,2024-09-08,203,3105
TAXIFY-1181,2024-09-09,509,3614
TAXIFY-1181,2024-09-10,499,4113
TAXIFY-1181,2024-09-11,474,4587
TAXIFY-1181,2024-09-12,506,5093
TAXIFY-1181,2024-09-13,483,5576
TAXIFY-1181,2024-09-14,209,5785
TAXIFY-1181,2024-09-15,215,6000
TAXIFY-1181,2024-09-16,465,6465
TAXIFY-1181,2024-09-17,404,6869
TAXIFY-1181,2024-09-18,509,7378
TAXIFY-1181,2024-09-19,459,7837
TAXIFY-1181,2024-09-20,473,8310
TAXIFY-1181,2024-09-21,215,8525
TAXIFY-1181,2024-09-22,246,8771
TAXIFY-1181,2024-09-23,462,9233
TAXIFY-1181,2024-09-24,455,9688
TAXIFY-1181,2024-09-25,520,10208
TAXIFY-1181,2024-09-26,516,10724
TAXIFY-1181,2024-09-27,495,11219
TAXIFY-1181,2024-09-28,237,11456
TAXIFY-1181,2024-09-29,224,11680
TAXIFY-1181,2024-09-30,457,12137
TAXIFY-1181,2024-10-01,455,12592
TAXIFY-1181,2024-10-02,482,13074
TAXIFY-1181,2024-10-03,466,13540
TAXIFY-1181,2024-10-04,467,14007
TAXIFY-1181,2024-10-05,262,14269
TAXIFY-1181,2024-10-06,255,14524
TAXIFY-1181,2024-10-07,438,14962
TAXIFY-1181,2024-10-08,479,15441
TAXIFY-1181,2024-10-09,438,15879
TAXIFY-1181,2024-10-10,490,16369
TAXIFY-1181,2024-10-11,540,16909
TAXIFY-1181,2024-10-12,227,17136
TAXIFY-1181,2024-10-13,248,17384
TAXIFY-1181,2024-10-14,528,17912
TAXIFY-1181,2024-10-15,462,18374
TAXIFY-1181,2024-10-16,486,18860
TAXIFY-1181,2024-10-17,532,19392
TAXIFY-1181,2024-10-18,432,19824
TAXIFY-1181,2024-10-19,214,20038
TAXIFY-1181,2024-10-20,210,20248
TAXIFY-1181,2024-10-21,496,20744
TAXIFY-1181,2024-10-22,429,21173
TAXIFY-1181,2024-10-23,488,21661
TAXIFY-1181,2024-10-24,518,22179
TAXIFY-1181,2024-10-25,443,22622
TAXIFY-1181,2024-10-26,219,22841
TAXIFY-1181,2024-10-27,246,23087
TAXIFY-1181,2024-10-28,469,23556
TAXIFY-1181,2024-10-29,379,23935
TAXIFY-1181,2024-10-30,525,24460
TAXIFY-1181,2024-10-31,488,24948
TAXIFY-1181,2024-11-01,453,25401
TAXIFY-1181,2024-11-02,226,25627
TAXIFY-1181,2024-11-03,247,25874
TAXIFY-1181,2024-11-04,466,26340
TAXIFY-1181,2024-11-05,470,26810
TAXIFY-1181,2024-11-06,473,27283
TAXIFY-1181,2024-11-07,437,27720
TAXIFY-1181,2024-11-08,454,28174
TAXIFY-1181,2024-11-09,230,28404
TAXIFY-1181,2024-11-10,219,28623
TAXIFY-1181,2024-11-11,478,29101
TAXIFY-1181,2024-11-12,486,29587
TAXIFY-1181,2024-11-13,531,30118
TAXIFY-1181,2024-11-14,439,30557
TAXIFY-1181,2024-11-15,501,31058
TAXIFY-1181,2024-11-16,260,31318
TAXIFY-1181,2024-11-17,251,31569
TAXIFY-1181,2024-11-18,449,32018
TAXIFY-1181,2024-11-19,456,32474
TAXIFY-1181,2024-11-20,524,32998
TAXIFY-1181,2024-11-21,460,33458
TAXIFY-1181,2024-11-22,466,33924
TAXIFY-1181,2024-11-23,224,34148
TAXIFY-1181,2024-11-24,248,34396
TAXIFY-1181,2024-11-25,375,34771
TAXIFY-1181,2024-11-26,437,35208
TAXIFY-1181,2024-11-27,431,35639
TAXIFY-1181,2024-11-28,527,36166
TAXIFY-1181,2024-11-29,476,36642
TAXIFY-1181,2024-11-30,230,36872
TAXIFY-1181,2024-12-01,230,37102
TAXIFY-1181,2024-12-02,416,37518
TAXIFY-1181,2024-12-03,518,38036
TAXIFY-1181,2024-12-04,454,38490
TAXIFY-1181,2024-12-05,490,38980
TAXIFY-1181,2024-12-06,443,39423
TAXIFY-1181,2024-12-07,232,39655
TAXIFY-1181,2024-12-08,216,39871
TAXIFY-1181,2024-12-09,458,40329
TAXIFY-1181,2024-12-10,506,40835
TAXIFY-1181,2024-12-11,471,41306
TAXIFY-1181,2024-12-12,481,41787
TAXIFY-1181,2024-12-13,470,42257
TAXIFY-1181,2024-12-14,264,42521
TAXIFY-1181,2024-12-15,218,42739
TAXIFY-1181,2024-12-16,462,43201
TAXIFY-1181,2024-12-17,474,43675
TAXIFY-1181,2024-12-18,430,44105
TAXIFY-1181,2024-12-19,472,44577
TAXIFY-1181,2024-12-20,469,45046
TAXIFY-1181,2024-12-21,236,45282
TAXIFY-1181,2024-12-22,236,45518
TAXIFY-1181,2024-12-23,442,45960
TAXIFY-1181,2024-12-24,407,46367
TAXIFY-1181,2024-12-25,474,46841
TAXIFY-1181,2024-12-26,434,47275
TAXIFY-1181,2024-12-27,464,47739
TAXIFY-1181,2024-12-28,219,47958
TAXIFY-1181,2024-12-29,206,48164
TAXIFY-1181,2024-12-30,481,48645
TAXIFY-1181,2024-12-31,494,49139
TAXIFY-1181,2025-01-01,509,49648
TAXIFY-1181,2025-01-02,451,50099
TAXIFY-1181,2025-01-03,469,50568
TAXIFY-1181,2025-01-04,240,50808
TAXIFY-1181,2025-01-05,253,51061
TAXIFY-1181,2025-01-06,402,51463
TAXIFY-1181,2025-01-07,412,51875
TAXIFY-1181,2025-01-08,519,52394
TAXIFY-1181,2025-01-09,404,52798
TAXIFY-1181,2025-01-10,502,53300
TAXIFY-1181,2025-01-11,258,53558
TAXIFY-1181,2025-01-12,248,53806
TAXIFY-1181,2025-01-13,430,54236
TAXIFY-1181,2025-01-14,434,54670
TAXIFY-1181,2025-01-15,465,55135
TAXIFY-1181,2025-01-16,533,55668
TAXIFY-1181,2025-01-17,533,56201
TAXIFY-1181,2025-01-18,239,56440
TAXIFY-1181,2025-01-19,204,56644
TAXIFY-1181,2025-01-20,473,57117
TAXIFY-1181,2025-01-21,460,57577
TAXIFY-1181,2025-01-22,468,58045
TAXIFY-1181,2025-01-23,405,58450
TAXIFY-1181,2025-01-24,477,58927
TAXIFY-1181,2025-01-25,205,59132
TAXIFY-1181,2025-01-26,186,59318
TAXIFY-1181,2025-01-27,476,59794
TAXIFY-1181,2025-01-28,539,60333
TAXIFY-1181,2025-01-29,436,60769
TAXIFY-1181,2025-01-30,450,61219
TAXIFY-1181,2025-01-31,501,61720
TAXIFY-1181,2025-02-01,511,62231
TAXIFY-1181,2025-02-02,471,62702
TAXIFY-1181,2025-02-03,882,63584
TAXIFY-1181,2025-02-04,1035,64619
TAXIFY-1181,2025-02-05,843,65462
TAXIFY-1181,2025-02-06,896,66358
TAXIFY-1181,2025-02-07,979,67337
TAXIFY-1181,2025-02-08,409,67746
TAXIFY-1181,2025-02-09,482,68228
TAXIFY-1181,2025-02-10,1021,69249
TAXIFY-1181,2025-02-11,1061,70310
TAXIFY-1181,2025-02-12,906,71216
TAXIFY-1181,2025-02-13,902,72118
TAXIFY-1181,2025-02-14,989,73107
TAXIFY-1181,2025-02-15,444,73551
TAXIFY-1181,2025-02-16,456,74007
TAXIFY-1181,2025-02-17,959,74966
TAXIFY-1181,2025-02-18,963,75929
TAXIFY-1181,2025-02-19,793,76722
TAXIFY-1181,2025-02-20,848,77570
TAXIFY-1181,2025-02-21,798,78368
TAXIFY-1181,2025-02-22,405,78773
TAXIFY-1181,2025-02-23,426,79199
TAXIFY-1181,2025-02-24,919,80118
TAXIFY-1181,2025-02-25,926,81044
TAXIFY-1181,2025-02-26,774,81818
TAXIFY-1181,2025-02-27,865,82683
TAXIFY-1181,2025-02-28,822,83505
TAXIFY-1181,2025-03-01,644,84149
TAXIFY-1181,2025-03-02,620,84769
TAXIFY-1181,2025-03-03,1442,86211
TAXIFY-1181,2025-03-04,1295,87506
TAXIFY-1181,2025-03-05,1246,88752
TAXIFY-1181,2025-03-06,1282,90034
TAXIFY-1181,2025-03-07,1242,91276
TAXIFY-1181,2025-03-08,725,92001
TAXIFY-1181,2025-03-09,637,92638
TAXIFY-1181,2025-03-10,1357,93995
TAXIFY-1181,2025-03-11,1392,95387
TAXIFY-1181,2025-03-12,1240,96627
TAXIFY-1181,2025-03-13,1121,97748
TAXIFY-1181,2025-03-14,1259,99007
TAXIFY-1181,2025-03-15,688,99695
TAXIFY-1181,2025-03-16,566,100261
TAXIFY-1181,2025-03-17,1336,101597
TAXIFY-1181,2025-03-18,1398,102995
TAXIFY-1181,2025-03-19,1456,104451
TAXIFY-1181,2025-03-20,1381,105832
TAXIFY-1181,2025-03-21,1340,107172
TAXIFY-1181,2025-03-22,664,107836
TAXIFY-1181,2025-03-23,591,108427
TAXIFY-1181,2025-03-24,1210,109637
TAXIFY-1181,2025-03-25,1128,110765
TAXIFY-1181,2025-03-26,1317,112082
TAXIFY-1181,2025-03-27,1356,113438
TAXIFY-1181,2025-03-28,1322,114760
TAXIFY-1181,2025-03-29,669,115429
TAXIFY-1181,2025-03-30,694,116123
TAXIFY-1181,2025-03-31,1171,117294
TAXIFY-1181,2025-04-01,940,118234
TAXIFY-1181,2025-04-02,954,119188
TAXIFY-1181,2025-04-03,900,120088
TAXIFY-1181,2025-04-04,776,120864
TAXIFY-1181,2025-04-05,429,121293
TAXIFY-1181,2025-04-06,448,121741
TAXIFY-1181,2025-04-07,947,122688
TAXIFY-1181,2025-04-08,938,123626
TAXIFY-1181,2025-04-09,1079,124705
TAXIFY-1181,2025-04-10,1006,125711
TAXIFY-1181,2025-04-11,934,126645
TAXIFY-1181,2025-04-12,472,127117
TAXIFY-1181,2025-04-13,515,127632
TAXIFY-1181,2025-04-14,1033,128665
TAXIFY-1181,2025-04-15,960,129625
TAXIFY-1181,2025-04-16,1065,130690
TAXIFY-1181,2025-04-17,868,131558
TAXIFY-1181,2025-04-18,933,132491
TAXIFY-1181,2025-04-19,586,133077
TAXIFY-1181,2025-04-20,494,133571
TAXIFY-1181,2025-04-21,925,134496
TAXIFY-1181,2025-04-22,943,135439
TAXIFY-1181,2025-04-23,949,136388
TAXIFY-1181,2025-04-24,1060,137448
TAXIFY-1181,2025-04-25,996,138444
TAXIFY-1181,2025-04-26,464,138908
TAXIFY-1181,2025-04-27,405,139313
TAXIFY-1181,2025-04-28,881,140194
TAXIFY-1181,2025-04-29,940,141134
TAXIFY-1181,2025-04-30,926,142060
TAXIFY-1181,2025-05-01,508,142568
TAXIFY-1181,2025-05-02,459,143027
TAXIFY-1181,2025-05-03,249,143276
TAXIFY-1181,2025-05-04,206,143482
TAXIFY-1181,2025-05-05,448,143930
TAXIFY-1181,2025-05-06,493,144423
TAXIFY-1181,2025-05-07,545,144968
TAXIFY-1181,2025-05-08,462,145430
TAXIFY-1181,2025-05-09,498,145928
TAXIFY-1181,2025-05-10,258,146186
TAXIFY-1181,2025-05-11,251,146437
TAXIFY-1181,2025-05-12,495,146932
TAXIFY-1181,2025-05-13,454,147386
TAXIFY-1181,2025-05-14,524,147910
TAXIFY-1181,2025-05-15,418,148328
TAXIFY-1181,2025-05-16,420,148748
TAXIFY-1181,2025-05-17,268,149016
TAXIFY-1181,2025-05-18,240,149256
TAXIFY-1181,2025-05-19,421,149677
TAXIFY-1181,2025-05-20,414,150091
TAXIFY-1181,2025-05-21,412,150503
TAXIFY-1181,2025-05-22,544,151047
TAXIFY-1181,2025-05-23,464,151511
TAXIFY-1181,2025-05-24,224,151735
TAXIFY-1181,2025-05-25,264,151999
TAXIFY-1181,2025-05-26,477,152476
TAXIFY-1181,2025-05-27,455,152931
TAXIFY-1181,2025-05-28,507,153438
TAXIFY-1181,2025-05-29,490,153928
TAXIFY-1181,2025-05-30,490,154418
TAXIFY-1181,2025-05-31,228,154646
TAXIFY-1181,2025-06-01,173,154819
TAXIFY-1181,2025-06-02,344,155163
TAXIFY-1181,2025-06-03,377,155540
TAXIFY-1181,2025-06-04,374,155914
TAXIFY-1181,2025-06-05,388,156302
TAXIFY-1181,2025-06-06,361,156663
TAXIFY-1181,2025-06-07,206,156869
TAXIFY-1181,2025-06-08,167,157036
TAXIFY-1181,2025-06-09,386,157422
TAXIFY-1181,2025-06-10,347,157769
TAXIFY-1181,2025-06-11,367,158136
TAXIFY-1181,2025-06-12,346,158482
TAXIFY-1181,2025-06-13,363,158845
TAXIFY-1181,2025-06-14,171,159016
TAXIFY-1181,2025-06-15,172,159188
TAXIFY-1181,2025-06-16,403,159591
TAXIFY-1181,2025-06-17,332,159923
TAXIFY-1181,2025-06-18,393,160316
TAXIFY-1181,2025-06-19,399,160715
TAXIFY-1181,2025-06-20,396,161111
TAXIFY-1181,2025-06-21,186,161297
TAXIFY-1181,2025-06-22,170,161467
TAXIFY-1181,2025-06-23,328,161795
TAXIFY-1181,2025-06-24,338,162133
TAXIFY-1181,2025-06-25,339,162472
TAXIFY-1181,2025-06-26,382,162854
TAXIFY-1181,2025-06-27,331,163185
TAXIFY-1181,2025-06-28,184,163369
TAXIFY-1181,2025-06-29,187,163556
TAXIFY-1181,2025-06-30,365,163921
TAXIFY-1181,2025-07-01,366,164287
TAXIFY-1181,2025-07-02,412,164699
TAXIFY-1181,2025-07-03,389,165088
TAXIFY-1181,2025-07-04,395,165483
TAXIFY-1181,2025-07-05,181,165664
TAXIFY-1181,2025-07-06,198,165862
TAXIFY-1181,2025-07-07,383,166245
TAXIFY-1181,2025-07-08,380,166625
TAXIFY-1181,2025-07-09,362,166987
TAXIFY-1181,2025-07-10,381,167368
TAXIFY-1181,2025-07-11,437,167805
TAXIFY-1181,2025-07-12,196,168001
TAXIFY-1181,2025-07-13,212,168213
TAXIFY-1181,2025-07-14,317,168530
TAXIFY-1181,2025-07-15,376,168906
TAXIFY-1181,2025-07-16,398,169304
TAXIFY-1181,2025-07-17,385,169689
TAXIFY-1181,2025-07-18,389,170078
TAXIFY-1181,2025-07-19,181,170259
TAXIFY-1181,2025-07-20,205,170464
TAXIFY-1181,2025-07-21,326,170790
TAXIFY-1181,2025-07-22,369,171159
TAXIFY-1181,2025-07-23,378,171537
TAXIFY-1181,2025-07-24,357,171894
TAXIFY-1181,2025-07-25,375,172269
TAXIFY-1181,2025-07-26,157,172426
TAXIFY-1181,2025-07-27,167,172593
TAXIFY-1181,2025-07-28,412,173005
TAXIFY-1181,2025-07-29,381,173386
TAXIFY-1181,2025-07-30,362,173748
TAXIFY-1181,2025-07-31,403,174151
TAXIFY-1181,2025-08-01,415,174566
TAXIFY-1181,2025-08-02,214,174780
TAXIFY-1181,2025-08-03,158,174938
TAXIFY-1181,2025-08-04,415,175353
TAXIFY-1181,2025-08-05,339,175692
TAXIFY-1181,2025-08-06,383,176075
TAXIFY-1181,2025-08-07,392,176467
TAXIFY-1181,2025-08-08,422,176889
TAXIFY-1181,2025-08-09,194,177083
TAXIFY-1181,2025-08-10,191,177274
TAXIFY-1181,2025-08-11,349,177623
TAXIFY-1181,2025-08-12,323,177946
TAXIFY-1181,2025-08-13,348,178294
TAXIFY-1181,2025-08-14,416,178710
TAXIFY-1181,2025-08-15,375,179085
TAXIFY-1181,2025-08-16,212,179297
TAXIFY-1181,2025-08-17,176,179473
TAXIFY-1181,2025-08-18,397,179870
TAXIFY-1181,2025-08-19,379,180249
TAXIFY-1181,2025-08-20,413,180662
TAXIFY-1181,2025-08-21,367,181029
TAXIFY-1181,2025-08-22,370,181399
TAXIFY-1181,2025-08-23,205,181604
TAXIFY-1181,2025-08-24,155,181759
TAXIFY-1181,2025-08-25,370,182129
TAXIFY-1181,2025-08-26,324,182453
TAXIFY-1181,2025-08-27,373,182826
TAXIFY-1181,2025-08-28,361,183187
TAXIFY-1181,2025-08-29,392,183579
TAXIFY-1181,2025-08-30,194,183773
TAXIFY-1181,2025-08-31,182,183955
TAXIFY-1182,2024-09-01,194,194
TAXIFY-1182,2024-09-02,423,617
TAXIFY-1182,2024-09-03,464,1081
TAXIFY-1182,2024-09-04,387,1468
TAXIFY-1182,2024-09-05,369,1837
TAXIFY-1182,2024-09-06,358,2195
TAXIFY-1182,2024-09-07,184,2379
TAXIFY-1182,2024-09-08,210,2589
TAXIFY-1182,2024-09-09,373,2962
TAXIFY-1182,2024-09-10,407,3369
TAXIFY-1182,2024-09-11,436,3805
TAXIFY-1182,2024-09-12,348,4153
TAXIFY-1182,2024-09-13,453,4606
TAXIFY-1182,2024-09-14,234,4840
TAXIFY-1182,2024-09-15,241,5081
TAXIFY-1182,2024-09-16,470,5551
TAXIFY-1182,2024-09-17,501,6052
TAXIFY-1182,2024-09-18,428,6480
TAXIFY-1182,2024-09-19,447,6927
TAXIFY-1182,2024-09-20,412,7339
TAXIFY-1182,2024-09-21,221,7560
TAXIFY-1182,2024-09-22,212,7772
TAXIFY-1182,2024-09-23,364,8136
TAXIFY-1182,2024-09-24,369,8505
TAXIFY-1182,2024-09-25,481,8986
TAXIFY-1182,2024-09-26,425,9411
TAXIFY-1182,2024-09-27,468,9879
TAXIFY-1182,2024-09-28,200,10079
TAXIFY-1182,2024-09-29,195,10274
TAXIFY-1182,2024-09-30,417,10691
TAXIFY-1182,2024-10-01,446,11137
TAXIFY-1182,2024-10-02,467,11604
TAXIFY-1182,2024-10-03,426,12030
TAXIFY-1182,2024-10-04,442,12472
TAXIFY-1182,2024-10-05,207,12679
TAXIFY-1182,2024-10-06,234,12913
TAXIFY-1182,2024-10-07,469,13382
TAXIFY-1182,2024-10-08,394,13776
TAXIFY-1182,2024-10-09,433,14209
TAXIFY-1182,2024-10-10,386,14595
TAXIFY-1182,2024-10-11,447,15042
TAXIFY-1182,2024-10-12,203,15245
TAXIFY-1182,2024-10-13,196,15441
TAXIFY-1182,2024-10-14,351,15792
TAXIFY-1182,2024-10-15,456,16248
TAXIFY-1182,2024-10-16,426,16674
TAXIFY-1182,2024-10-17,428,17102
TAXIFY-1182,2024-10-18,448,17550
TAXIFY-1182,2024-10-19,197,17747
TAXIFY-1182,2024-10-20,194,17941
TAXIFY-1182,2024-10-21,438,18379
TAXIFY-1182,2024-10-22,459,18838
TAXIFY-1182,2024-10-23,438,19276
TAXIFY-1182,2024-10-24,474,19750
TAXIFY-1182,2024-10-25,439,20189
TAXIFY-1182,2024-10-26,218,20407
TAXIFY-1182,2024-10-27,224,20631
TAXIFY-1182,2024-10-28,412,21043
TAXIFY-1182,2024-10-29,378,21421
TAXIFY-1182,2024-10-30,421,21842
TAXIFY-1182,2024-10-31,444,22286
TAXIFY-1182,2024-11-01,391,22677
TAXIFY-1182,2024-11-02,186,22863
TAXIFY-1182,2024-11-03,198,23061
TAXIFY-1182,2024-11-04,465,23526
TAXIFY-1182,2024-11-05,437,23963
TAXIFY-1182,2024-11-06,416,24379
TAXIFY-1182,2024-11-07,387,24766
TAXIFY-1182,2024-11-08,429,25195
TAXIFY-1182,2024-11-09,213,25408
TAXIFY-1182,2024-11-10,217,25625
TAXIFY-1182,2024-11-11,504,26129
TAXIFY-1182,2024-11-12,437,26566
TAXIFY-1182,2024-11-13,397,26963
TAXIFY-1182,2024-11-14,373,27336
TAXIFY-1182,2024-11-15,401,27737
TAXIFY-1182,2024-11-16,202,27939
TAXIFY-1182,2024-11-17,224,28163
TAXIFY-1182,2024-11-18,399,28562
TAXIFY-1182,2024-11-19,387,28949
TAXIFY-1182,2024-11-20,438,29387
TAXIFY-1182,2024-11-21,399,29786
TAXIFY-1182,2024-11-22,439,30225
TAXIFY-1182,2024-11-23,196,30421
TAXIFY-1182,2024-11-24,202,30623
TAXIFY-1182,2024-11-25,400,31023
TAXIFY-1182,2024-11-26,434,31457
TAXIFY-1182,2024-11-27,415,31872
TAXIFY-1182,2024-11-28,379,32251
TAXIFY-1182,2024-11-29,376,32627
TAXIFY-1182,2024-11-30,204,32831
TAXIFY-1182,2024-12-01,186,33017
TAXIFY-1182,2024-12-02,406,33423
TAXIFY-1182,2024-12-03,429,33852
TAXIFY-1182,2024-12-04,380,34232
TAXIFY-1182,2024-12-05,449,34681
TAXIFY-1182,2024-12-06,467,35148
TAXIFY-1182,2024-12-07,228,35376
TAXIFY-1182,2024-12-08,221,35597
TAXIFY-1182,2024-12-09,434,36031
TAXIFY-1182,2024-12-10,428,36459
TAXIFY-1182,2024-12-11,432,36891
TAXIFY-1182,2024-12-12,400,37291
TAXIFY-1182,2024-12-13,419,37710
TAXIFY-1182,2024-12-14,212,37922
TAXIFY-1182,2024-12-15,221,38143
TAXIFY-1182,2024-12-16,367,38510
TAXIFY-1182,2024-12-17,427,38937
TAXIFY-1182,2024-12-18,456,39393
TAXIFY-1182,2024-12-19,400,39793
TAXIFY-1182,2024-12-20,416,40209
TAXIFY-1182,2024-12-21,178,40387
TAXIFY-1182,2024-12-22,211,40598
TAXIFY-1182,2024-12-23,370,40968
TAXIFY-1182,2024-12-24,401,41369
TAXIFY-1182,2024-12-25,418,41787
TAXIFY-1182,2024-12-26,400,42187
TAXIFY-1182,2024-12-27,414,42601
TAXIFY-1182,2024-12-28,216,42817
TAXIFY-1182,2024-12-29,209,43026
TAXIFY-1182,2024-12-30,425,43451
TAXIFY-1182,2024-12-31,357,43808
TAXIFY-1182,2025-01-01,415,44223
TAXIFY-1182,2025-01-02,345,44568
TAXIFY-1182,2025-01-03,407,44975
TAXIFY-1182,2025-01-04,241,45216
TAXIFY-1182,2025-01-05,225,45441
TAXIFY-1182,2025-01-06,372,45813
TAXIFY-1182,2025-01-07,402,46215
TAXIFY-1182,2025-01-08,414,46629
TAXIFY-1182,2025-01-09,437,47066
TAXIFY-1182,2025-01-10,449,47515
TAXIFY-1182,2025-01-11,237,47752
TAXIFY-1182,2025-01-12,194,47946
TAXIFY-1182,2025-01-13,427,48373
TAXIFY-1182,2025-01-14,361,48734
TAXIFY-1182,2025-01-15,434,49168
TAXIFY-1182,2025-01-16,437,49605
TAXIFY-1182,2025-01-17,421,50026
TAXIFY-1182,2025-01-18,221,50247
TAXIFY-1182,2025-01-19,195,50442
TAXIFY-1182,2025-01-20,376,50818
TAXIFY-1182,2025-01-21,388,51206
TAXIFY-1182,2025-01-22,432,51638
TAXIFY-1182,2025-01-23,464,52102
TAXIFY-1182,2025-01-24,391,52493
TAXIFY-1182,2025-01-25,198,52691
TAXIFY-1182,2025-01-26,212,52903
TAXIFY-1182,2025-01-27,536,53439
TAXIFY-1182,2025-01-28,405,53844
TAXIFY-1182,2025-01-29,452,54296
TAXIFY-1182,2025-01-30,414,54710
TAXIFY-1182,2025-01-31,402,55112
TAXIFY-1182,2025-02-01,375,55487
TAXIFY-1182,2025-02-02,410,55897
TAXIFY-1182,2025-02-03,898,56795
TAXIFY-1182,2025-02-04,782,57577
TAXIFY-1182,2025-02-05,847,58424
TAXIFY-1182,2025-02-06,783,59207
TAXIFY-1182,2025-02-07,812,60019
TAXIFY-1182,2025-02-08,369,60388
TAXIFY-1182,2025-02-09,498,60886
TAXIFY-1182,2025-02-10,861,61747
TAXIFY-1182,2025-02-11,819,62566
TAXIFY-1182,2025-02-12,927,63493
TAXIFY-1182,2025-02-13,834,64327
TAXIFY-1182,2025-02-14,871,65198
TAXIFY-1182,2025-02-15,473,65671
TAXIFY-1182,2025-02-16,470,66141
TAXIFY-1182,2025-02-17,764,66905
TAXIFY-1182,2025-02-18,841,67746
TAXIFY-1182,2025-02-19,926,68672
TAXIFY-1182,2025-02-20,768,69440
TAXIFY-1182,2025-02-21,823,70263
TAXIFY-1182,2025-02-22,410,70673
TAXIFY-1182,2025-02-23,437,71110
TAXIFY-1182,2025-02-24,894,72004
TAXIFY-1182,2025-02-25,918,72922
TAXIFY-1182,2025-02-26,846,73768
TAXIFY-1182,2025-02-27,770,74538
TAXIFY-1182,2025-02-28,817,75355
TAXIFY-1182,2025-03-01,538,75893
TAXIFY-1182,2025-03-02,556,76449
TAXIFY-1182,2025-03-03,1244,77693
TAXIFY-1182,2025-03-04,1042,78735
TAXIFY-1182,2025-03-05,1125,79860
TAXIFY-1182,2025-03-06,1261,81121
TAXIFY-1182,2025-03-07,1241,82362
TAXIFY-1182,2025-03-08,550,82912
TAXIFY-1182,2025-03-09,546,83458
TAXIFY-1182,2025-03-10,1325,84783
TAXIFY-1182,2025-03-11,1212,85995
TAXIFY-1182,2025-03-12,1100,87095
TAXIFY-1182,2025-03-13,1173,88268
TAXIFY-1182,2025-03-14,1279,89547
TAXIFY-1182,2025-03-15,546,90093
TAXIFY-1182,2025-03-16,545,90638
TAXIFY-1182,2025-03-17,1198,91836
TAXIFY-1182,2025-03-18,1050,92886
TAXIFY-1182,2025-03-19,1113,93999
TAXIFY-1182,2025-03-20,1136,95135
TAXIFY-1182,2025-03-21,927,96062
TAXIFY-1182,2025-03-22,592,96654
TAXIFY-1182,2025-03-23,617,97271
TAXIFY-1182,2025-03-24,1361,98632
TAXIFY-1182,2025-03-25,1233,99865
TAXIFY-1182,2025-03-26,1080,100945
TAXIFY-1182,2025-03-27,1134,102079
TAXIFY-1182,2025-03-28,1352,103431
TAXIFY-1182,2025-03-29,610,104041
TAXIFY-1182,2025-03-30,638,104679
TAXIFY-1182,2025-03-31,1123,105802
TAXIFY-1182,2025-04-01,826,106628
TAXIFY-1182,2025-04-02,836,107464
TAXIFY-1182,2025-04-03,902,108366
TAXIFY-1182,2025-04-04,812,109178
TAXIFY-1182,2025-04-05,440,109618
TAXIFY-1182,2025-04-06,420,110038
TAXIFY-1182,2025-04-07,759,110797
TAXIFY-1182,2025-04-08,840,111637
TAXIFY-1182,2025-04-09,915,112552
TAXIFY-1182,2025-04-10,841,113393
TAXIFY-1182,2025-04-11,818,114211
TAXIFY-1182,2025-04-12,468,114679
TAXIFY-1182,2025-04-13,433,115112
TAXIFY-1182,2025-04-14,748,115860
TAXIFY-1182,2025-04-15,821,116681
TAXIFY-1182,2025-04-16,859,117540
TAXIFY-1182,2025-04-17,856,118396
TAXIFY-1182,2025-04-18,875,119271
TAXIFY-1182,2025-04-19,415,119686
TAXIFY-1182,2025-04-20,413,120099
TAXIFY-1182,2025-04-21,841,120940
TAXIFY-1182,2025-04-22,894,121834
TAXIFY-1182,2025-04-23,794,122628
TAXIFY-1182,2025-04-24,836,123464
TAXIFY-1182,2025-04-25,857,124321
TAXIFY-1182,2025-04-26,402,124723
TAXIFY-1182,2025-04-27,436,125159
TAXIFY-1182,2025-04-28,864,126023
TAXIFY-1182,2025-04-29,701,126724
TAXIFY-1182,2025-04-30,843,127567
TAXIFY-1182,2025-05-01,468,128035
TAXIFY-1182,2025-05-02,470,128505
TAXIFY-1182,2025-05-03,221,128726
TAXIFY-1182,2025-05-04,231,128957
TAXIFY-1182,2025-05-05,415,129372
TAXIFY-1182,2025-05-06,439,129811
TAXIFY-1182,2025-05-07,426,130237
TAXIFY-1182,2025-05-08,442,130679
TAXIFY-1182,2025-05-09,482,131161
TAXIFY-1182,2025-05-10,227,131388
TAXIFY-1182,2025-05-11,204,131592
TAXIFY-1182,2025-05-12,473,132065
TAXIFY-1182,2025-05-13,428,132493
TAXIFY-1182,2025-05-14,442,132935
TAXIFY-1182,2025-05-15,412,133347
TAXIFY-1182,2025-05-16,445,133792
TAXIFY-1182,2025-05-17,216,134008
TAXIFY-1182,2025-05-18,229,134237
TAXIFY-1182,2025-05-19,403,134640
TAXIFY-1182,2025-05-20,452,135092
TAXIFY-1182,2025-05-21,338,135430
TAXIFY-1182,2025-05-22,399,135829
TAXIFY-1182,2025-05-23,375,136204
TAXIFY-1182,2025-05-24,215,136419
TAXIFY-1182,2025-05-25,226,136645
TAXIFY-1182,2025-05-26,420,137065
TAXIFY-1182,2025-05-27,466,137531
TAXIFY-1182,2025-05-28,394,137925
TAXIFY-1182,2025-05-29,373,138298
TAXIFY-1182,2025-05-30,444,138742
TAXIFY-1182,2025-05-31,229,138971
TAXIFY-1182,2025-06-01,169,139140
TAXIFY-1182,2025-06-02,385,139525
TAXIFY-1182,2025-06-03,350,139875
TAXIFY-1182,2025-06-04,347,140222
TAXIFY-1182,2025-06-05,324,140546
TAXIFY-1182,2025-06-06,301,140847
TAXIFY-1182,2025-06-07,164,141011
TAXIFY-1182,2025-06-08,189,141200
TAXIFY-1182,2025-06-09,341,141541
TAXIFY-1182,2025-06-10,325,141866
TAXIFY-1182,2025-06-11,312,142178
TAXIFY-1182,2025-06-12,350,142528
TAXIFY-1182,2025-06-13,306,142834
TAXIFY-1182,2025-06-14,172,143006
TAXIFY-1182,2025-06-15,161,143167
TAXIFY-1182,2025-06-16,329,143496
TAXIFY-1182,2025-06-17,353,143849
TAXIFY-1182,2025-06-18,310,144159
TAXIFY-1182,2025-06-19,336,144495
TAXIFY-1182,2025-06-20,295,144790
TAXIFY-1182,2025-06-21,166,144956
TAXIFY-1182,2025-06-22,174,145130
TAXIFY-1182,2025-06-23,357,145487
TAXIFY-1182,2025-06-24,366,145853
TAXIFY-1182,2025-06-25,354,146207
TAXIFY-1182,2025-06-26,325,146532
TAXIFY-1182,2025-06-27,287,146819
TAXIFY-1182,2025-06-28,181,147000
TAXIFY-1182,2025-06-29,161,147161
TAXIFY-1182,2025-06-30,297,147458
TAXIFY-1182,2025-07-01,386,147844
TAXIFY-1182,2025-07-02,334,148178
TAXIFY-1182,2025-07-03,349,148527
TAXIFY-1182,2025-07-04,342,148869
TAXIFY-1182,2025-07-05,168,149037
TAXIFY-1182,2025-07-06,162,149199
TAXIFY-1182,2025-07-07,320,149519
TAXIFY-1182,2025-07-08,396,149915
TAXIFY-1182,2025-07-09,297,150212
TAXIFY-1182,2025-07-10,324,150536
TAXIFY-1182,2025-07-11,312,150848
TAXIFY-1182,2025-07-12,175,151023
TAXIFY-1182,2025-07-13,162,151185
TAXIFY-1182,2025-07-14,322,151507
TAXIFY-1182,2025-07-15,353,151860
TAXIFY-1182,2025-07-16,388,152248
TAXIFY-1182,2025-07-17,314,152562
TAXIFY-1182,2025-07-18,294,152856
TAXIFY-1182,2025-07-19,169,153025
TAXIFY-1182,2025-07-20,179,153204
TAXIFY-1182,2025-07-21,330,153534
TAXIFY-1182,2025-07-22,353,153887
TAXIFY-1182,2025-07-23,321,154208
TAXIFY-1182,2025-07-24,400,154608
TAXIFY-1182,2025-07-25,352,154960
TAXIFY-1182,2025-07-26,161,155121
TAXIFY-1182,2025-07-27,158,155279
TAXIFY-1182,2025-07-28,343,155622
TAXIFY-1182,2025-07-29,354,155976
TAXIFY-1182,2025-07-30,301,156277
TAXIFY-1182,2025-07-31,336,156613
TAXIFY-1182,2025-08-01,356,156969
TAXIFY-1182,2025-08-02,172,157141
TAXIFY-1182,2025-08-03,176,157317
TAXIFY-1182,2025-08-04,376,157693
TAXIFY-1182,2025-08-05,252,157945
TAXIFY-1182,2025-08-06,342,158287
TAXIFY-1182,2025-08-07,273,158560
TAXIFY-1182,2025-08-08,335,158895
TAXIFY-1182,2025-08-09,185,159080
TAXIFY-1182,2025-08-10,166,159246
TAXIFY-1182,2025-08-11,311,159557
TAXIFY-1182,2025-08-12,358,159915
TAXIFY-1182,2025-08-13,340,160255
TAXIFY-1182,2025-08-14,341,160596
TAXIFY-1182,2025-08-15,394,160990
TAXIFY-1182,2025-08-16,147,161137
TAXIFY-1182,2025-08-17,159,161296
TAXIFY-1182,2025-08-18,346,161642
TAXIFY-1182,2025-08-19,369,162011
TAXIFY-1182,2025-08-20,310,162321
TAXIFY-1182,2025-08-21,325,162646
TAXIFY-1182,2025-08-22,334,162980
TAXIFY-1182,2025-08-23,166,163146
TAXIFY-1182,2025-08-24,177,163323
TAXIFY-1182,2025-08-25,335,163658
TAXIFY-1182,2025-08-26,353,164011
TAXIFY-1182,2025-08-27,304,164315
TAXIFY-1182,2025-08-28,340,164655
TAXIFY-1182,2025-08-29,337,164992
TAXIFY-1182,2025-08-30,179,165171
TAXIFY-1182,2025-08-31,202,165373
TAXIFY-1183,2024-09-01,492,492
TAXIFY-1183,2024-09-02,862,1354
TAXIFY-1183,2024-09-03,960,2314
TAXIFY-1183,2024-09-04,910,3224
TAXIFY-1183,2024-09-05,889,4113
TAXIFY-1183,2024-09-06,875,4988
TAXIFY-1183,2024-09-07,435,5423
TAXIFY-1183,2024-09-08,415,5838
TAXIFY-1183,2024-09-09,819,6657
TAXIFY-1183,2024-09-10,962,7619
TAXIFY-1183,2024-09-11,888,8507
TAXIFY-1183,2024-09-12,927,9434
TAXIFY-1183,2024-09-13,850,10284
TAXIFY-1183,2024-09-14,478,10762
TAXIFY-1183,2024-09-15,431,11193
TAXIFY-1183,2024-09-16,816,12009
TAXIFY-1183,2024-09-17,1028,13037
TAXIFY-1183,2024-09-18,929,13966
TAXIFY-1183,2024-09-19,891,14857
TAXIFY-1183,2024-09-20,900,15757
TAXIFY-1183,2024-09-21,443,16200
TAXIFY-1183,2024-09-22,475,16675
TAXIFY-1183,2024-09-23,801,17476
TAXIFY-1183,2024-09-24,782,18258
TAXIFY-1183,2024-09-25,922,19180
TAXIFY-1183,2024-09-26,786,19966
TAXIFY-1183,2024-09-27,774,20740
TAXIFY-1183,2024-09-28,490,21230
TAXIFY-1183,2024-09-29,463,21693
TAXIFY-1183,2024-09-30,927,22620
TAXIFY-1183,2024-10-01,832,23452
TAXIFY-1183,2024-10-02,1015,24467
TAXIFY-1183,2024-10-03,987,25454
TAXIFY-1183,2024-10-04,814,26268
TAXIFY-1183,2024-10-05,453,26721
TAXIFY-1183,2024-10-06,442,27163
TAXIFY-1183,2024-10-07,910,28073
TAXIFY-1183,2024-10-08,993,29066
TAXIFY-1183,2024-10-09,886,29952
TAXIFY-1183,2024-10-10,986,30938
TAXIFY-1183,2024-10-11,787,31725
TAXIFY-1183,2024-10-12,434,32159
TAXIFY-1183,2024-10-13,442,32601
TAXIFY-1183,2024-10-14,874,33475
TAXIFY-1183,2024-10-15,916,34391
TAXIFY-1183,2024-10-16,925,35316
TAXIFY-1183,2024-10-17,931,36247
TAXIFY-1183,2024-10-18,979,37226
TAXIFY-1183,2024-10-19,483,37709
TAXIFY-1183,2024-10-20,402,38111
TAXIFY-1183,2024-10-21,925,39036
TAXIFY-1183,2024-10-22,869,39905
TAXIFY-1183,2024-10-23,974,40879
TAXIFY-1183,2024-10-24,1008,41887
TAXIFY-1183,2024-10-25,975,42862
TAXIFY-1183,2024-10-26,526,43388
TAXIFY-1183,2024-10-27,484,43872
TAXIFY-1183,2024-10-28,987,44859
TAXIFY-1183,2024-10-29,856,45715
TAXIFY-1183,2024-10-30,912,46627
TAXIFY-1183,2024-10-31,964,47591
TAXIFY-1183,2024-11-01,935,48526
TAXIFY-1183,2024-11-02,423,48949
TAXIFY-1183,2024-11-03,423,49372
TAXIFY-1183,2024-11-04,781,50153
TAXIFY-1183,2024-11-05,941,51094
TAXIFY-1183,2024-11-06,838,51932
TAXIFY-1183,2024-11-07,963,52895
TAXIFY-1183,2024-11-08,967,53862
TAXIFY-1183,2024-11-09,465,54327
TAXIFY-1183,2024-11-10,471,54798
TAXIFY-1183,2024-11-11,988,55786
TAXIFY-1183,2024-11-12,998,56784
TAXIFY-1183,2024-11-13,751,57535
TAXIFY-1183,2024-11-14,965,58500
TAXIFY-1183,2024-11-15,949,59449
TAXIFY-1183,2024-11-16,467,59916
TAXIFY-1183,2024-11-17,474,60390
TAXIFY-1183,2024-11-18,891,61281
TAXIFY-1183,2024-11-19,738,62019
TAXIFY-1183,2024-11-20,869,62888
TAXIFY-1183,2024-11-21,780,63668
TAXIFY-1183,2024-11-22,793,64461
TAXIFY-1183,2024-11-23,496,64957
TAXIFY-1183,2024-11-24,437,65394
TAXIFY-1183,2024-11-25,933,66327
TAXIFY-1183,2024-11-26,914,67241
TAXIFY-1183,2024-11-27,1012,68253
TAXIFY-1183,2024-11-28,919,69172
TAXIFY-1183,2024-11-29,870,70042
TAXIFY-1183,2024-11-30,511,70553
TAXIFY-1183,2024-12-01,438,70991
TAXIFY-1183,2024-12-02,944,71935
TAXIFY-1183,2024-12-03,950,72885
TAXIFY-1183,2024-12-04,823,73708
TAXIFY-1183,2024-12-05,981,74689
TAXIFY-1183,2024-12-06,1013,75702
TAXIFY-1183,2024-12-07,415,76117
TAXIFY-1183,2024-12-08,458,76575
TAXIFY-1183,2024-12-09,1012,77587
TAXIFY-1183,2024-12-10,795,78382
TAXIFY-1183,2024-12-11,960,79342
TAXIFY-1183,2024-12-12,822,80164
TAXIFY-1183,2024-12-13,890,81054
TAXIFY-1183,2024-12-14,449,81503
TAXIFY-1183,2024-12-15,414,81917
TAXIFY-1183,2024-12-16,847,82764
TAXIFY-1183,2024-12-17,908,83672
TAXIFY-1183,2024-12-18,1014,84686
TAXIFY-1183,2024-12-19,949,85635
TAXIFY-1183,2024-12-20,794,86429
TAXIFY-1183,2024-12-21,474,86903
TAXIFY-1183,2024-12-22,458,87361
TAXIFY-1183,2024-12-23,867,88228
TAXIFY-1183,2024-12-24,882,89110
TAXIFY-1183,2024-12-25,950,90060
TAXIFY-1183,2024-12-26,799,90859
TAXIFY-1183,2024-12-27,866,91725
TAXIFY-1183,2024-12-28,415,92140
TAXIFY-1183,2024-12-29,427,92567
TAXIFY-1183,2024-12-30,938,93505
TAXIFY-1183,2024-12-31,917,94422
TAXIFY-1183,2025-01-01,963,95385
TAXIFY-1183,2025-01-02,749,96134
TAXIFY-1183,2025-01-03,894,97028
TAXIFY-1183,2025-01-04,453,97481
TAXIFY-1183,2025-01-05,397,97878
TAXIFY-1183,2025-01-06,863,98741
TAXIFY-1183,2025-01-07,912,99653
TAXIFY-1183,2025-01-08,937,100590
TAXIFY-1183,2025-01-09,939,101529
TAXIFY-1183,2025-01-10,770,102299
TAXIFY-1183,2025-01-11,434,102733
TAXIFY-1183,2025-01-12,401,103134
TAXIFY-1183,2025-01-13,913,104047
TAXIFY-1183,2025-01-14,882,104929
TAXIFY-1183,2025-01-15,868,105797
TAXIFY-1183,2025-01-16,1145,106942
TAXIFY-1183,2025-01-17,837,107779
TAXIFY-1183,2025-01-18,456,108235
TAXIFY-1183,2025-01-19,474,108709
TAXIFY-1183,2025-01-20,940,109649
TAXIFY-1183,2025-01-21,956,110605
TAXIFY-1183,2025-01-22,940,111545
TAXIFY-1183,2025-01-23,890,112435
TAXIFY-1183,2025-01-24,915,113350
TAXIFY-1183,2025-01-25,433,113783
TAXIFY-1183,2025-01-26,429,114212
TAXIFY-1183,2025-01-27,817,115029
TAXIFY-1183,2025-01-28,971,116000
TAXIFY-1183,2025-01-29,994,116994
TAXIFY-1183,2025-01-30,871,117865
TAXIFY-1183,2025-01-31,908,118773
TAXIFY-1183,2025-02-01,1031,119804
TAXIFY-1183,2025-02-02,996,120800
TAXIFY-1183,2025-02-03,1958,122758
TAXIFY-1183,2025-02-04,1867,124625
TAXIFY-1183,2025-02-05,1736,126361
TAXIFY-1183,2025-02-06,1753,128114
TAXIFY-1183,2025-02-07,1862,129976
TAXIFY-1183,2025-02-08,946,130922
TAXIFY-1183,2025-02-09,843,131765
TAXIFY-1183,2025-02-10,2010,133775
TAXIFY-1183,2025-02-11,2034,135809
TAXIFY-1183,2025-02-12,1944,137753
TAXIFY-1183,2025-02-13,2048,139801
TAXIFY-1183,2025-02-14,1921,141722
TAXIFY-1183,2025-02-15,934,142656
TAXIFY-1183,2025-02-16,917,143573
TAXIFY-1183,2025-02-17,1782,145355
TAXIFY-1183,2025-02-18,1827,147182
TAXIFY-1183,2025-02-19,1676,148858
TAXIFY-1183,2025-02-20,1816,150674
TAXIFY-1183,2025-02-21,1657,152331
TAXIFY-1183,2025-02-22,855,153186
TAXIFY-1183,2025-02-23,1004,154190
TAXIFY-1183,2025-02-24,2001,156191
TAXIFY-1183,2025-02-25,1706,157897
TAXIFY-1183,2025-02-26,1955,159852
TAXIFY-1183,2025-02-27,1742,161594
TAXIFY-1183,2025-02-28,1731,163325
TAXIFY-1183,2025-03-01,1422,164747
TAXIFY-1183,2025-03-02,1167,165914
TAXIFY-1183,2025-03-03,2193,168107
TAXIFY-1183,2025-03-04,2423,170530
TAXIFY-1183,2025-03-05,2436,172966
TAXIFY-1183,2025-03-06,2483,175449
TAXIFY-1183,2025-03-07,2207,177656
TAXIFY-1183,2025-03-08,1315,178971
TAXIFY-1183,2025-03-09,1474,180445
TAXIFY-1183,2025-03-10,2621,183066
TAXIFY-1183,2025-03-11,2514,185580
TAXIFY-1183,2025-03-12,2696,188276
TAXIFY-1183,2025-03-13,2575,190851
TAXIFY-1183,2025-03-14,2571,193422
TAXIFY-1183,2025-03-15,1271,194693
TAXIFY-1183,2025-03-16,1302,195995
TAXIFY-1183,2025-03-17,2929,198924
TAXIFY-1183,2025-03-18,2150,201074
TAXIFY-1183,2025-03-19,2787,203861
TAXIFY-1183,2025-03-20,2786,206647
TAXIFY-1183,2025-03-21,2614,209261
TAXIFY-1183,2025-03-22,1186,210447
TAXIFY-1183,2025-03-23,1333,211780
TAXIFY-1183,2025-03-24,2390,214170
TAXIFY-1183,2025-03-25,2460,216630
TAXIFY-1183,2025-03-26,2605,219235
TAXIFY-1183,2025-03-27,2456,221691
TAXIFY-1183,2025-03-28,2334,224025
TAXIFY-1183,2025-03-29,1259,225284
TAXIFY-1183,2025-03-30,1331,226615
TAXIFY-1183,2025-03-31,2794,229409
TAXIFY-1183,2025-04-01,1925,231334
TAXIFY-1183,2025-04-02,2055,233389
TAXIFY-1183,2025-04-03,1864,235253
TAXIFY-1183,2025-04-04,1801,237054
TAXIFY-1183,2025-04-05,1044,238098
TAXIFY-1183,2025-04-06,886,238984
TAXIFY-1183,2025-04-07,1956,240940
TAXIFY-1183,2025-04-08,2012,242952
TAXIFY-1183,2025-04-09,1484,244436
TAXIFY-1183,2025-04-10,1835,246271
TAXIFY-1183,2025-04-11,1667,247938
TAXIFY-1183,2025-04-12,829,248767
TAXIFY-1183,2025-04-13,853,249620
TAXIFY-1183,2025-04-14,1563,251183
TAXIFY-1183,2025-04-15,1947,253130
TAXIFY-1183,2025-04-16,1788,254918
TAXIFY-1183,2025-04-17,1986,256904
TAXIFY-1183,2025-04-18,1869,258773
TAXIFY-1183,2025-04-19,910,259683
TAXIFY-1183,2025-04-20,851,260534
TAXIFY-1183,2025-04-21,1774,262308
TAXIFY-1183,2025-04-22,1887,264195
TAXIFY-1183,2025-04-23,1786,265981
TAXIFY-1183,2025-04-24,1740,267721
TAXIFY-1183,2025-04-25,1827,269548
TAXIFY-1183,2025-04-26,1000,270548
TAXIFY-1183,2025-04-27,926,271474
TAXIFY-1183,2025-04-28,1985,273459
TAXIFY-1183,2025-04-29,1510,274969
TAXIFY-1183,2025-04-30,1846,276815
TAXIFY-1183,2025-05-01,905,277720
TAXIFY-1183,2025-05-02,846,278566
TAXIFY-1183,2025-05-03,463,279029
TAXIFY-1183,2025-05-04,486,279515
TAXIFY-1183,2025-05-05,920,280435
TAXIFY-1183,2025-05-06,823,281258
TAXIFY-1183,2025-05-07,948,282206
TAXIFY-1183,2025-05-08,998,283204
TAXIFY-1183,2025-05-09,925,284129
TAXIFY-1183,2025-05-10,454,284583
TAXIFY-1183,2025-05-11,432,285015
TAXIFY-1183,2025-05-12,942,285957
TAXIFY-1183,2025-05-13,887,286844
TAXIFY-1183,2025-05-14,1186,288030
TAXIFY-1183,2025-05-15,996,289026
TAXIFY-1183,2025-05-16,933,289959
TAXIFY-1183,2025-05-17,474,290433
TAXIFY-1183,2025-05-18,452,290885
TAXIFY-1183,2025-05-19,948,291833
TAXIFY-1183,2025-05-20,957,292790
TAXIFY-1183,2025-05-21,856,293646
TAXIFY-1183,2025-05-22,896,294542
TAXIFY-1183,2025-05-23,937,295479
TAXIFY-1183,2025-05-24,472,295951
TAXIFY-1183,2025-05-25,447,296398
TAXIFY-1183,2025-05-26,884,297282
TAXIFY-1183,2025-05-27,956,298238
TAXIFY-1183,2025-05-28,954,299192
TAXIFY-1183,2025-05-29,881,300073
TAXIFY-1183,2025-05-30,761,300834
TAXIFY-1183,2025-05-31,478,301312
TAXIFY-1183,2025-06-01,391,301703
TAXIFY-1183,2025-06-02,766,302469
TAXIFY-1183,2025-06-03,834,303303
TAXIFY-1183,2025-06-04,778,304081
TAXIFY-1183,2025-06-05,746,304827
TAXIFY-1183,2025-06-06,677,305504
TAXIFY-1183,2025-06-07,363,305867
TAXIFY-1183,2025-06-08,359,306226
TAXIFY-1183,2025-06-09,745,306971
TAXIFY-1183,2025-06-10,658,307629
TAXIFY-1183,2025-06-11,764,308393
TAXIFY-1183,2025-06-12,696,309089
TAXIFY-1183,2025-06-13,750,309839
TAXIFY-1183,2025-06-14,351,310190
TAXIFY-1183,2025-06-15,361,310551
TAXIFY-1183,2025-06-16,678,311229
TAXIFY-1183,2025-06-17,681,311910
TAXIFY-1183,2025-06-18,760,312670
TAXIFY-1183,2025-06-19,785,313455
TAXIFY-1183,2025-06-20,728,314183
TAXIFY-1183,2025-06-21,402,314585
TAXIFY-1183,2025-06-22,395,314980
TAXIFY-1183,2025-06-23,745,315725
TAXIFY-1183,2025-06-24,673,316398
TAXIFY-1183,2025-06-25,745,317143
TAXIFY-1183,2025-06-26,751,317894
TAXIFY-1183,2025-06-27,762,318656
TAXIFY-1183,2025-06-28,355,319011
TAXIFY-1183,2025-06-29,344,319355
TAXIFY-1183,2025-06-30,635,319990
TAXIFY-1183,2025-07-01,738,320728
TAXIFY-1183,2025-07-02,725,321453
TAXIFY-1183,2025-07-03,802,322255
TAXIFY-1183,2025-07-04,673,322928
TAXIFY-1183,2025-07-05,364,323292
TAXIFY-1183,2025-07-06,333,323625
TAXIFY-1183,2025-07-07,826,324451
TAXIFY-1183,2025-07-08,710,325161
TAXIFY-1183,2025-07-09,650,325811
TAXIFY-1183,2025-07-10,734,326545
TAXIFY-1183,2025-07-11,741,327286
TAXIFY-1183,2025-07-12,347,327633
TAXIFY-1183,2025-07-13,365,327998
TAXIFY-1183,2025-07-14,671,328669
TAXIFY-1183,2025-07-15,698,329367
TAXIFY-1183,2025-07-16,698,330065
TAXIFY-1183,2025-07-17,888,330953
TAXIFY-1183,2025-07-18,796,331749
TAXIFY-1183,2025-07-19,365,332114
TAXIFY-1183,2025-07-20,360,332474
TAXIFY-1183,2025-07-21,802,333276
TAXIFY-1183,2025-07-22,799,334075
TAXIFY-1183,2025-07-23,711,334786
TAXIFY-1183,2025-07-24,868,335654
TAXIFY-1183,2025-07-25,711,336365
TAXIFY-1183,2025-07-26,357,336722
TAXIFY-1183,2025-07-27,382,337104
TAXIFY-1183,2025-07-28,739,337843
TAXIFY-1183,2025-07-29,701,338544
TAXIFY-1183,2025-07-30,714,339258
TAXIFY-1183,2025-07-31,695,339953
TAXIFY-1183,2025-08-01,735,340688
TAXIFY-1183,2025-08-02,360,341048
TAXIFY-1183,2025-08-03,378,341426
TAXIFY-1183,2025-08-04,746,342172
TAXIFY-1183,2025-08-05,680,342852
TAXIFY-1183,2025-08-06,703,343555
TAXIFY-1183,2025-08-07,795,344350
TAXIFY-1183,2025-08-08,725,345075
TAXIFY-1183,2025-08-09,336,345411
TAXIFY-1183,2025-08-10,357,345768
TAXIFY-1183,2025-08-11,731,346499
TAXIFY-1183,2025-08-12,858,347357
TAXIFY-1183,2025-08-13,709,348066
TAXIFY-1183,2025-08-14,712,348778
TAXIFY-1183,2025-08-15,744,349522
TAXIFY-1183,2025-08-16,385,349907
TAXIFY-1183,2025-08-17,423,350330
TAXIFY-1183,2025-08-18,717,351047
TAXIFY-1183,2025-08-19,719,351766
TAXIFY-1183,2025-08-20,662,352428
TAXIFY-1183,2025-08-21,657,353085
TAXIFY-1183,2025-08-22,733,353818
TAXIFY-1183,2025-08-23,339,354157
TAXIFY-1183,2025-08-24,320,354477
TAXIFY-1183,2025-08-25,688,355165
TAXIFY-1183,2025-08-26,659,355824
TAXIFY-1183,2025-08-27,727,356551
TAXIFY-1183,2025-08-28,657,357208
TAXIFY-1183,2025-08-29,708,357916
TAXIFY-1183,2025-08-30,379,358295
TAXIFY-1183,2025-08-31,359,358654
TAXIFY-1184,2024-09-01,318,318
TAXIFY-1184,2024-09-02,581,899
TAXIFY-1184,2024-09-03,674,1573
TAXIFY-1184,2024-09-04,654,2227
TAXIFY-1184,2024-09-05,635,2862
TAXIFY-1184,2024-09-06,652,3514
TAXIFY-1184,2024-09-07,316,3830
TAXIFY-1184,2024-09-08,332,4162
TAXIFY-1184,2024-09-09,678,4840
TAXIFY-1184,2024-09-10,622,5462
TAXIFY-1184,2024-09-11,618,6080
TAXIFY-1184,2024-09-12,613,6693
TAXIFY-1184,2024-09-13,606,7299
TAXIFY-1184,2024-09-14,298,7597
TAXIFY-1184,2024-09-15,319,7916
TAXIFY-1184,2024-09-16,626,8542
TAXIFY-1184,2024-09-17,640,9182
TAXIFY-1184,2024-09-18,663,9845
TAXIFY-1184,2024-09-19,657,10502
TAXIFY-1184,2024-09-20,708,11210
TAXIFY-1184,2024-09-21,322,11532
TAXIFY-1184,2024-09-22,314,11846
TAXIFY-1184,2024-09-23,646,12492
TAXIFY-1184,2024-09-24,675,13167
TAXIFY-1184,2024-09-25,746,13913
TAXIFY-1184,2024-09-26,659,14572
TAXIFY-1184,2024-09-27,651,15223
TAXIFY-1184,2024-09-28,348,15571
TAXIFY-1184,2024-09-29,309,15880
TAXIFY-1184,2024-09-30,637,16517
TAXIFY-1184,2024-10-01,658,17175
TAXIFY-1184,2024-10-02,601,17776
TAXIFY-1184,2024-10-03,572,18348
TAXIFY-1184,2024-10-04,674,19022
TAXIFY-1184,2024-10-05,296,19318
TAXIFY-1184,2024-10-06,346,19664
TAXIFY-1184,2024-10-07,623,20287
TAXIFY-1184,2024-10-08,633,20920
TAXIFY-1184,2024-10-09,551,21471
TAXIFY-1184,2024-10-10,663,22134
TAXIFY-1184,2024-10-11,667,22801
TAXIFY-1184,2024-10-12,334,23135
TAXIFY-1184,2024-10-13,341,23476
TAXIFY-1184,2024-10-14,551,24027
TAXIFY-1184,2024-10-15,577,24604
TAXIFY-1184,2024-10-16,574,25178
TAXIFY-1184,2024-10-17,621,25799
TAXIFY-1184,2024-10-18,597,26396
TAXIFY-1184,2024-10-19,329,26725
TAXIFY-1184,2024-10-20,320,27045
TAXIFY-1184,2024-10-21,664,27709
TAXIFY-1184,2024-10-22,668,28377
TAXIFY-1184,2024-10-23,539,28916
TAXIFY-1184,2024-10-24,686,29602
TAXIFY-1184,2024-10-25,622,30224
TAXIFY-1184,2024-10-26,344,30568
TAXIFY-1184,2024-10-27,282,30850
TAXIFY-1184,2024-10-28,672,31522
TAXIFY-1184,2024-10-29,646,32168
TAXIFY-1184,2024-10-30,721,32889
TAXIFY-1184,2024-10-31,650,33539
TAXIFY-1184,2024-11-01,689,34228
TAXIFY-1184,2024-11-02,278,34506
TAXIFY-1184,2024-11-03,321,34827
TAXIFY-1184,2024-11-04,602,35429
TAXIFY-1184,2024-11-05,624,36053
TAXIFY-1184,2024-11-06,637,36690
TAXIFY-1184,2024-11-07,602,37292
TAXIFY-1184,2024-11-08,674,37966
TAXIFY-1184,2024-11-09,344,38310
TAXIFY-1184,2024-11-10,296,38606
TAXIFY-1184,2024-11-11,654,39260
TAXIFY-1184,2024-11-12,546,39806
TAXIFY-1184,2024-11-13,691,40497
TAXIFY-1184,2024-11-14,646,41143
TAXIFY-1184,2024-11-15,637,41780
TAXIFY-1184,2024-11-16,363,42143
TAXIFY-1184,2024-11-17,329,42472
TAXIFY-1184,2024-11-18,783,43255
TAXIFY-1184,2024-11-19,586,43841
TAXIFY-1184,2024-11-20,591,44432
TAXIFY-1184,2024-11-21,684,45116
TAXIFY-1184,2024-11-22,629,45745
TAXIFY-1184,2024-11-23,350,46095
TAXIFY-1184,2024-11-24,295,46390
TAXIFY-1184,2024-11-25,704,47094
TAXIFY-1184,2024-11-26,639,47733
TAXIFY-1184,2024-11-27,643,48376
TAXIFY-1184,2024-11-28,578,48954
TAXIFY-1184,2024-11-29,702,49656
TAXIFY-1184,2024-11-30,332,49988
TAXIFY-1184,2024-12-01,336,50324
TAXIFY-1184,2024-12-02,571,50895
TAXIFY-1184,2024-12-03,631,51526
TAXIFY-1184,2024-12-04,639,52165
TAXIFY-1184,2024-12-05,574,52739
TAXIFY-1184,2024-12-06,678,53417
TAXIFY-1184,2024-12-07,345,53762
TAXIFY-1184,2024-12-08,283,54045
TAXIFY-1184,2024-12-09,640,54685
TAXIFY-1184,2024-12-10,687,55372
TAXIFY-1184,2024-12-11,731,56103
TAXIFY-1184,2024-12-12,684,56787
TAXIFY-1184,2024-12-13,590,57377
TAXIFY-1184,2024-12-14,297,57674
TAXIFY-1184,2024-12-15,328,58002
TAXIFY-1184,2024-12-16,678,58680
TAXIFY-1184,2024-12-17,642,59322
TAXIFY-1184,2024-12-18,618,59940
TAXIFY-1184,2024-12-19,683,60623
TAXIFY-1184,2024-12-20,696,61319
TAXIFY-1184,2024-12-21,313,61632
TAXIFY-1184,2024-12-22,321,61953
TAXIFY-1184,2024-12-23,676,62629
TAXIFY-1184,2024-12-24,622,63251
TAXIFY-1184,2024-12-25,688,63939
TAXIFY-1184,2024-12-26,619,64558
TAXIFY-1184,2024-12-27,693,65251
TAXIFY-1184,2024-12-28,303,65554
TAXIFY-1184,2024-12-29,381,65935
TAXIFY-1184,2024-12-30,639,66574
TAXIFY-1184,2024-12-31,675,67249
TAXIFY-1184,2025-01-01,708,67957
TAXIFY-1184,2025-01-02,638,68595
TAXIFY-1184,2025-01-03,660,69255
TAXIFY-1184,2025-01-04,324,69579
TAXIFY-1184,2025-01-05,376,69955
TAXIFY-1184,2025-01-06,730,70685
TAXIFY-1184,2025-01-07,608,71293
TAXIFY-1184,2025-01-08,591,71884
TAXIFY-1184,2025-01-09,672,72556
TAXIFY-1184,2025-01-10,650,73206
TAXIFY-1184,2025-01-11,363,73569
TAXIFY-1184,2025-01-12,332,73901
TAXIFY-1184,2025-01-13,644,74545
TAXIFY-1184,2025-01-14,595,75140
TAXIFY-1184,2025-01-15,619,75759
TAXIFY-1184,2025-01-16,608,76367
TAXIFY-1184,2025-01-17,624,76991
TAXIFY-1184,2025-01-18,312,77303
TAXIFY-1184,2025-01-19,312,77615
TAXIFY-1184,2025-01-20,644,78259
TAXIFY-1184,2025-01-21,672,78931
TAXIFY-1184,2025-01-22,694,79625
TAXIFY-1184,2025-01-23,683,80308
TAXIFY-1184,2025-01-24,570,80878
TAXIFY-1184,2025-01-25,290,81168
TAXIFY-1184,2025-01-26,312,81480
TAXIFY-1184,2025-01-27,585,82065
TAXIFY-1184,2025-01-28,665,82730
TAXIFY-1184,2025-01-29,641,83371
TAXIFY-1184,2025-01-30,649,84020
TAXIFY-1184,2025-01-31,709,84729
TAXIFY-1184,2025-02-01,625,85354
TAXIFY-1184,2025-02-02,585,85939
TAXIFY-1184,2025-02-03,1265,87204
TAXIFY-1184,2025-02-04,1067,88271
TAXIFY-1184,2025-02-05,1269,89540
TAXIFY-1184,2025-02-06,1030,90570
TAXIFY-1184,2025-02-07,1289,91859
TAXIFY-1184,2025-02-08,700,92559
TAXIFY-1184,2025-02-09,670,93229
TAXIFY-1184,2025-02-10,1317,94546
TAXIFY-1184,2025-02-11,1337,95883
TAXIFY-1184,2025-02-12,1209,97092
TAXIFY-1184,2025-02-13,1074,98166
TAXIFY-1184,2025-02-14,1159,99325
TAXIFY-1184,2025-02-15,673,99998
TAXIFY-1184,2025-02-16,693,100691
TAXIFY-1184,2025-02-17,1421,102112
TAXIFY-1184,2025-02-18,1152,103264
TAXIFY-1184,2025-02-19,1409,104673
TAXIFY-1184,2025-02-20,1154,105827
TAXIFY-1184,2025-02-21,1328,107155
TAXIFY-1184,2025-02-22,672,107827
TAXIFY-1184,2025-02-23,607,108434
TAXIFY-1184,2025-02-24,1367,109801
TAXIFY-1184,2025-02-25,1059,110860
TAXIFY-1184,2025-02-26,1182,112042
TAXIFY-1184,2025-02-27,1204,113246
TAXIFY-1184,2025-02-28,1352,114598
TAXIFY-1184,2025-03-01,944,115542
TAXIFY-1184,2025-03-02,915,116457
TAXIFY-1184,2025-03-03,1828,118285
TAXIFY-1184,2025-03-04,1982,120267
TAXIFY-1184,2025-03-05,1745,122012
TAXIFY-1184,2025-03-06,1734,123746
TAXIFY-1184,2025-03-07,1776,125522
TAXIFY-1184,2025-03-08,828,126350
TAXIFY-1184,2025-03-09,943,127293
TAXIFY-1184,2025-03-10,1621,128914
TAXIFY-1184,2025-03-11,1772,130686
TAXIFY-1184,2025-03-12,1929,132615
TAXIFY-1184,2025-03-13,1761,134376
TAXIFY-1184,2025-03-14,1647,136023
TAXIFY-1184,2025-03-15,923,136946
TAXIFY-1184,2025-03-16,951,137897
TAXIFY-1184,2025-03-17,1866,139763
TAXIFY-1184,2025-03-18,1872,141635
TAXIFY-1184,2025-03-19,1697,143332
TAXIFY-1184,2025-03-20,2113,145445
TAXIFY-1184,2025-03-21,1947,147392
TAXIFY-1184,2025-03-22,850,148242
TAXIFY-1184,2025-03-23,915,149157
TAXIFY-1184,2025-03-24,1830,150987
TAXIFY-1184,2025-03-25,1821,152808
TAXIFY-1184,2025-03-26,1861,154669
TAXIFY-1184,2025-03-27,1798,156467
TAXIFY-1184,2025-03-28,1884,158351
TAXIFY-1184,2025-03-29,962,159313
TAXIFY-1184,2025-03-30,928,160241
TAXIFY-1184,2025-03-31,1709,161950
TAXIFY-1184,2025-04-01,1405,163355
TAXIFY-1184,2025-04-02,1279,164634
TAXIFY-1184,2025-04-03,1305,165939
TAXIFY-1184,2025-04-04,1242,167181
TAXIFY-1184,2025-04-05,708,167889
TAXIFY-1184,2025-04-06,612,168501
TAXIFY-1184,2025-04-07,1273,169774
TAXIFY-1184,2025-04-08,1543,171317
TAXIFY-1184,2025-04-09,1099,172416
TAXIFY-1184,2025-04-10,1196,173612
TAXIFY-1184,2025-04-11,1396,175008
TAXIFY-1184,2025-04-12,648,175656
TAXIFY-1184,2025-04-13,672,176328
TAXIFY-1184,2025-04-14,1149,177477
TAXIFY-1184,2025-04-15,1265,178742
TAXIFY-1184,2025-04-16,1272,180014
TAXIFY-1184,2025-04-17,1286,181300
TAXIFY-1184,2025-04-18,1293,182593
TAXIFY-1184,2025-04-19,533,183126
TAXIFY-1184,2025-04-20,635,183761
TAXIFY-1184,2025-04-21,1438,185199
TAXIFY-1184,2025-04-22,1256,186455
TAXIFY-1184,2025-04-23,1189,187644
TAXIFY-1184,2025-04-24,1223,188867
TAXIFY-1184,2025-04-25,1407,190274
TAXIFY-1184,2025-04-26,512,190786
TAXIFY-1184,2025-04-27,675,191461
TAXIFY-1184,2025-04-28,1323,192784
TAXIFY-1184,2025-04-29,1201,193985
TAXIFY-1184,2025-04-30,1594,195579
TAXIFY-1184,2025-05-01,691,196270
TAXIFY-1184,2025-05-02,651,196921
TAXIFY-1184,2025-05-03,351,197272
TAXIFY-1184,2025-05-04,336,197608
TAXIFY-1184,2025-05-05,662,198270
TAXIFY-1184,2025-05-06,652,198922
TAXIFY-1184,2025-05-07,615,199537
TAXIFY-1184,2025-05-08,696,200233
TAXIFY-1184,2025-05-09,636,200869
TAXIFY-1184,2025-05-10,351,201220
TAXIFY-1184,2025-05-11,350,201570
TAXIFY-1184,2025-05-12,691,202261
TAXIFY-1184,2025-05-13,620,202881
TAXIFY-1184,2025-05-14,598,203479
TAXIFY-1184,2025-05-15,640,204119
TAXIFY-1184,2025-05-16,642,204761
TAXIFY-1184,2025-05-17,311,205072
TAXIFY-1184,2025-05-18,347,205419
TAXIFY-1184,2025-05-19,689,206108
TAXIFY-1184,2025-05-20,681,206789
TAXIFY-1184,2025-05-21,716,207505
TAXIFY-1184,2025-05-22,654,208159
TAXIFY-1184,2025-05-23,587,208746
TAXIFY-1184,2025-05-24,357,209103
TAXIFY-1184,2025-05-25,333,209436
TAXIFY-1184,2025-05-26,700,210136
TAXIFY-1184,2025-05-27,666,210802
TAXIFY-1184,2025-05-28,612,211414
TAXIFY-1184,2025-05-29,581,211995
TAXIFY-1184,2025-05-30,692,212687
TAXIFY-1184,2025-05-31,311,212998
TAXIFY-1184,2025-06-01,278,213276
TAXIFY-1184,2025-06-02,431,213707
TAXIFY-1184,2025-06-03,541,214248
TAXIFY-1184,2025-06-04,537,214785
TAXIFY-1184,2025-06-05,580,215365
TAXIFY-1184,2025-06-06,497,215862
TAXIFY-1184,2025-06-07,256,216118
TAXIFY-1184,2025-06-08,289,216407
TAXIFY-1184,2025-06-09,571,216978
TAXIFY-1184,2025-06-10,491,217469
TAXIFY-1184,2025-06-11,472,217941
TAXIFY-1184,2025-06-12,519,218460
TAXIFY-1184,2025-06-13,556,219016
TAXIFY-1184,2025-06-14,271,219287
TAXIFY-1184,2025-06-15,254,219541
TAXIFY-1184,2025-06-16,604,220145
TAXIFY-1184,2025-06-17,502,220647
TAXIFY-1184,2025-06-18,531,221178
TAXIFY-1184,2025-06-19,466,221644
TAXIFY-1184,2025-06-20,487,222131
TAXIFY-1184,2025-06-21,257,222388
TAXIFY-1184,2025-06-22,268,222656
TAXIFY-1184,2025-06-23,425,223081
TAXIFY-1184,2025-06-24,482,223563
TAXIFY-1184,2025-06-25,424,223987
TAXIFY-1184,2025-06-26,446,224433
TAXIFY-1184,2025-06-27,577,225010
TAXIFY-1184,2025-06-28,299,225309
TAXIFY-1184,2025-06-29,247,225556
TAXIFY-1184,2025-06-30,483,226039
TAXIFY-1184,2025-07-01,491,226530
TAXIFY-1184,2025-07-02,515,227045
TAXIFY-1184,2025-07-03,507,227552
TAXIFY-1184,2025-07-04,511,228063
TAXIFY-1184,2025-07-05,263,228326
TAXIFY-1184,2025-07-06,261,228587
TAXIFY-1184,2025-07-07,514,229101
TAXIFY-1184,2025-07-08,495,229596
TAXIFY-1184,2025-07-09,531,230127
TAXIFY-1184,2025-07-10,529,230656
TAXIFY-1184,2025-07-11,527,231183
TAXIFY-1184,2025-07-12,256,231439
TAXIFY-1184,2025-07-13,242,231681
TAXIFY-1184,2025-07-14,516,232197
TAXIFY-1184,2025-07-15,502,232699
TAXIFY-1184,2025-07-16,428,233127
TAXIFY-1184,2025-07-17,554,233681
TAXIFY-1184,2025-07-18,524,234205
TAXIFY-1184,2025-07-19,256,234461
TAXIFY-1184,2025-07-20,267,234728
TAXIFY-1184,2025-07-21,482,235210
TAXIFY-1184,2025-07-22,569,235779
TAXIFY-1184,2025-07-23,563,236342
TAXIFY-1184,2025-07-24,466,236808
TAXIFY-1184,2025-07-25,487,237295
TAXIFY-1184,2025-07-26,270,237565
TAXIFY-1184,2025-07-27,262,237827
TAXIFY-1184,2025-07-28,513,238340
TAXIFY-1184,2025-07-29,531,238871
TAXIFY-1184,2025-07-30,436,239307
TAXIFY-1184,2025-07-31,475,239782
TAXIFY-1184,2025-08-01,489,240271
TAXIFY-1184,2025-08-02,272,240543
TAXIFY-1184,2025-08-03,212,240755
TAXIFY-1184,2025-08-04,521,241276
TAXIFY-1184,2025-08-05,498,241774
TAXIFY-1184,2025-08-06,540,242314
TAXIFY-1184,2025-08-07,547,242861
TAXIFY-1184,2025-08-08,583,243444
TAXIFY-1184,2025-08-09,232,243676
TAXIFY-1184,2025-08-10,240,243916
TAXIFY-1184,2025-08-11,515,244431
TAXIFY-1184,2025-08-12,571,245002
TAXIFY-1184,2025-08-13,531,245533
TAXIFY-1184,2025-08-14,518,246051
TAXIFY-1184,2025-08-15,564,246615
TAXIFY-1184,2025-08-16,248,246863
TAXIFY-1184,2025-08-17,280,247143
TAXIFY-1184,2025-08-18,585,247728
TAXIFY-1184,2025-08-19,507,248235
TAXIFY-1184,2025-08-20,450,248685
TAXIFY-1184,2025-08-21,519,249204
TAXIFY-1184,2025-08-22,581,249785
TAXIFY-1184,2025-08-23,267,250052
TAXIFY-1184,2025-08-24,228,250280
TAXIFY-1184,2025-08-25,566,250846
TAXIFY-1184,2025-08-26,546,251392
TAXIFY-1184,2025-08-27,554,251946
TAXIFY-1184,2025-08-28,560,252506
TAXIFY-1184,2025-08-29,491,252997
TAXIFY-1184,2025-08-30,278,253275
TAXIFY-1184,2025-08-31,243,253518
TAXIFY-1185,2024-09-01,246,246
TAXIFY-1185,2024-09-02,507,753
TAXIFY-1185,2024-09-03,573,1326
TAXIFY-1185,2024-09-04,525,1851
TAXIFY-1185,2024-09-05,607,2458
TAXIFY-1185,2024-09-06,592,3050
TAXIFY-1185,2024-09-07,286,3336
TAXIFY-1185,2024-09-08,301,3637
TAXIFY-1185,2024-09-09,492,4129
TAXIFY-1185,2024-09-10,585,4714
TAXIFY-1185,2024-09-11,568,5282
TAXIFY-1185,2024-09-12,488,5770
TAXIFY-1185,2024-09-13,512,6282
TAXIFY-1185,2024-09-14,268,6550
TAXIFY-1185,2024-09-15,267,6817
TAXIFY-1185,2024-09-16,541,7358
TAXIFY-1185,2024-09-17,516,7874
TAXIFY-1185,2024-09-18,607,8481
TAXIFY-1185,2024-09-19,489,8970
TAXIFY-1185,2024-09-20,491,9461
TAXIFY-1185,2024-09-21,251,9712
TAXIFY-1185,2024-09-22,257,9969
TAXIFY-1185,2024-09-23,512,10481
TAXIFY-1185,2024-09-24,616,11097
TAXIFY-1185,2024-09-25,514,11611
TAXIFY-1185,2024-09-26,538,12149
TAXIFY-1185,2024-09-27,488,12637
TAXIFY-1185,2024-09-28,261,12898
TAXIFY-1185,2024-09-29,284,13182
TAXIFY-1185,2024-09-30,573,13755
TAXIFY-1185,2024-10-01,586,14341
TAXIFY-1185,2024-10-02,500,14841
TAXIFY-1185,2024-10-03,514,15355
TAXIFY-1185,2024-10-04,579,15934
TAXIFY-1185,2024-10-05,271,16205
TAXIFY-1185,2024-10-06,270,16475
TAXIFY-1185,2024-10-07,569,17044
TAXIFY-1185,2024-10-08,586,17630
TAXIFY-1185,2024-10-09,513,18143
TAXIFY-1185,2024-10-10,539,18682
TAXIFY-1185,2024-10-11,538,19220
TAXIFY-1185,2024-10-12,250,19470
TAXIFY-1185,2024-10-13,278,19748
TAXIFY-1185,2024-10-14,520,20268
TAXIFY-1185,2024-10-15,543,20811
TAXIFY-1185,2024-10-16,571,21382
TAXIFY-1185,2024-10-17,555,21937
TAXIFY-1185,2024-10-18,504,22441
TAXIFY-1185,2024-10-19,276,22717
TAXIFY-1185,2024-10-20,274,22991
TAXIFY-1185,2024-10-21,519,23510
TAXIFY-1185,2024-10-22,506,24016
TAXIFY-1185,2024-10-23,550,24566
TAXIFY-1185,2024-10-24,482,25048
TAXIFY-1185,2024-10-25,497,25545
TAXIFY-1185,2024-10-26,243,25788
TAXIFY-1185,2024-10-27,245,26033
TAXIFY-1185,2024-10-28,522,26555
TAXIFY-1185,2024-10-29,589,27144
TAXIFY-1185,2024-10-30,570,27714
TAXIFY-1185,2024-10-31,592,28306
TAXIFY-1185,2024-11-01,517,28823
TAXIFY-1185,2024-11-02,228,29051
TAXIFY-1185,2024-11-03,258,29309
TAXIFY-1185,2024-11-04,592,29901
TAXIFY-1185,2024-11-05,526,30427
TAXIFY-1185,2024-11-06,542,30969
TAXIFY-1185,2024-11-07,534,31503
TAXIFY-1185,2024-11-08,573,32076
TAXIFY-1185,2024-11-09,289,32365
TAXIFY-1185,2024-11-10,238,32603
TAXIFY-1185,2024-11-11,437,33040
TAXIFY-1185,2024-11-12,572,33612
TAXIFY-1185,2024-11-13,534,34146
TAXIFY-1185,2024-11-14,572,34718
TAXIFY-1185,2024-11-15,531,35249
TAXIFY-1185,2024-11-16,283,35532
TAXIFY-1185,2024-11-17,268,35800
TAXIFY-1185,2024-11-18,512,36312
TAXIFY-1185,2024-11-19,526,36838
TAXIFY-1185,2024-11-20,536,37374
TAXIFY-1185,2024-11-21,570,37944
TAXIFY-1185,2024-11-22,536,38480
TAXIFY-1185,2024-11-23,248,38728
TAXIFY-1185,2024-11-24,307,39035
TAXIFY-1185,2024-11-25,557,39592
TAXIFY-1185,2024-11-26,602,40194
TAXIFY-1185,2024-11-27,496,40690
TAXIFY-1185,2024-11-28,532,41222
TAXIFY-1185,2024-11-29,551,41773
TAXIFY-1185,2024-11-30,286,42059
TAXIFY-1185,2024-12-01,230,42289
TAXIFY-1185,2024-12-02,462,42751
TAXIFY-1185,2024-12-03,514,43265
TAXIFY-1185,2024-12-04,567,43832
TAXIFY-1185,2024-12-05,514,44346
TAXIFY-1185,2024-12-06,538,44884
TAXIFY-1185,2024-12-07,272,45156
TAXIFY-1185,2024-12-08,253,45409
TAXIFY-1185,2024-12-09,607,46016
TAXIFY-1185,2024-12-10,508,46524
TAXIFY-1185,2024-12-11,453,46977
TAXIFY-1185,2024-12-12,500,47477
TAXIFY-1185,2024-12-13,507,47984
TAXIFY-1185,2024-12-14,275,48259
TAXIFY-1185,2024-12-15,276,48535
TAXIFY-1185,2024-12-16,569,49104
TAXIFY-1185,2024-12-17,625,49729
TAXIFY-1185,2024-12-18,544,50273
TAXIFY-1185,2024-12-19,580,50853
TAXIFY-1185,2024-12-20,524,51377
TAXIFY-1185,2024-12-21,278,51655
TAXIFY-1185,2024-12-22,264,51919
TAXIFY-1185,2024-12-23,537,52456
TAXIFY-1185,2024-12-24,550,53006
TAXIFY-1185,2024-12-25,586,53592
TAXIFY-1185,2024-12-26,541,54133
TAXIFY-1185,2024-12-27,541,54674
TAXIFY-1185,2024-12-28,278,54952
TAXIFY-1185,2024-12-29,290,55242
TAXIFY-1185,2024-12-30,482,55724
TAXIFY-1185,2024-12-31,554,56278
TAXIFY-1185,2025-01-01,485,56763
TAXIFY-1185,2025-01-02,600,57363
TAXIFY-1185,2025-01-03,558,57921
TAXIFY-1185,2025-01-04,298,58219
TAXIFY-1185,2025-01-05,235,58454
TAXIFY-1185,2025-01-06,536,58990
TAXIFY-1185,2025-01-07,581,59571
TAXIFY-1185,2025-01-08,604,60175
TAXIFY-1185,2025-01-09,558,60733
TAXIFY-1185,2025-01-10,524,61257
TAXIFY-1185,2025-01-11,265,61522
TAXIFY-1185,2025-01-12,249,61771
TAXIFY-1185,2025-01-13,607,62378
TAXIFY-1185,2025-01-14,571,62949
TAXIFY-1185,2025-01-15,535,63484
TAXIFY-1185,2025-01-16,567,64051
TAXIFY-1185,2025-01-17,538,64589
TAXIFY-1185,2025-01-18,265,64854
TAXIFY-1185,2025-01-19,255,65109
TAXIFY-1185,2025-01-20,511,65620
TAXIFY-1185,2025-01-21,560,66180
TAXIFY-1185,2025-01-22,589,66769
TAXIFY-1185,2025-01-23,528,67297
TAXIFY-1185,2025-01-24,509,67806
TAXIFY-1185,2025-01-25,292,68098
TAXIFY-1185,2025-01-26,273,68371
TAXIFY-1185,2025-01-27,446,68817
TAXIFY-1185,2025-01-28,512,69329
TAXIFY-1185,2025-01-29,563,69892
TAXIFY-1185,2025-01-30,509,70401
TAXIFY-1185,2025-01-31,545,70946
TAXIFY-1185,2025-02-01,489,71435
TAXIFY-1185,2025-02-02,525,71960
TAXIFY-1185,2025-02-03,992,72952
TAXIFY-1185,2025-02-04,980,73932
TAXIFY-1185,2025-02-05,1021,74953
TAXIFY-1185,2025-02-06,1163,76116
TAXIFY-1185,2025-02-07,1123,77239
TAXIFY-1185,2025-02-08,632,77871
TAXIFY-1185,2025-02-09,517,78388
TAXIFY-1185,2025-02-10,1175,79563
TAXIFY-1185,2025-02-11,1248,80811
TAXIFY-1185,2025-02-12,1184,81995
TAXIFY-1185,2025-02-13,1185,83180
TAXIFY-1185,2025-02-14,1097,84277
TAXIFY-1185,2025-02-15,553,84830
TAXIFY-1185,2025-02-16,503,85333
TAXIFY-1185,2025-02-17,854,86187
TAXIFY-1185,2025-02-18,1104,87291
TAXIFY-1185,2025-02-19,1003,88294
TAXIFY-1185,2025-02-20,1050,89344
TAXIFY-1185,2025-02-21,1015,90359
TAXIFY-1185,2025-02-22,557,90916
TAXIFY-1185,2025-02-23,534,91450
TAXIFY-1185,2025-02-24,1196,92646
TAXIFY-1185,2025-02-25,1024,93670
TAXIFY-1185,2025-02-26,1102,94772
TAXIFY-1185,2025-02-27,1070,95842
TAXIFY-1185,2025-02-28,1061,96903
TAXIFY-1185,2025-03-01,756,97659
TAXIFY-1185,2025-03-02,853,98512
TAXIFY-1185,2025-03-03,1624,100136
TAXIFY-1185,2025-03-04,1466,101602
TAXIFY-1185,2025-03-05,1447,103049
TAXIFY-1185,2025-03-06,1426,104475
TAXIFY-1185,2025-03-07,1536,106011
TAXIFY-1185,2025-03-08,668,106679
TAXIFY-1185,2025-03-09,747,107426
TAXIFY-1185,2025-03-10,1568,108994
TAXIFY-1185,2025-03-11,1433,110427
TAXIFY-1185,2025-03-12,1526,111953
TAXIFY-1185,2025-03-13,1554,113507
TAXIFY-1185,2025-03-14,1307,114814
TAXIFY-1185,2025-03-15,773,115587
TAXIFY-1185,2025-03-16,733,116320
TAXIFY-1185,2025-03-17,1746,118066
TAXIFY-1185,2025-03-18,1546,119612
TAXIFY-1185,2025-03-19,1410,121022
TAXIFY-1185,2025-03-20,1300,122322
TAXIFY-1185,2025-03-21,1515,123837
TAXIFY-1185,2025-03-22,840,124677
TAXIFY-1185,2025-03-23,724,125401
TAXIFY-1185,2025-03-24,1560,126961
TAXIFY-1185,2025-03-25,1612,128573
TAXIFY-1185,2025-03-26,1605,130178
TAXIFY-1185,2025-03-27,1521,131699
TAXIFY-1185,2025-03-28,1441,133140
TAXIFY-1185,2025-03-29,745,133885
TAXIFY-1185,2025-03-30,695,134580
TAXIFY-1185,2025-03-31,1407,135987
TAXIFY-1185,2025-04-01,1173,137160
TAXIFY-1185,2025-04-02,1116,138276
TAXIFY-1185,2025-04-03,1112,139388
TAXIFY-1185,2025-04-04,1024,140412
TAXIFY-1185,2025-04-05,595,141007
TAXIFY-1185,2025-04-06,533,141540
TAXIFY-1185,2025-04-07,1098,142638
TAXIFY-1185,2025-04-08,1188,143826
TAXIFY-1185,2025-04-09,1024,144850
TAXIFY-1185,2025-04-10,1031,145881
TAXIFY-1185,2025-04-11,1177,147058
TAXIFY-1185,2025-04-12,578,147636
TAXIFY-1185,2025-04-13,558,148194
TAXIFY-1185,2025-04-14,897,149091
TAXIFY-1185,2025-04-15,1198,150289
TAXIFY-1185,2025-04-16,1034,151323
TAXIFY-1185,2025-04-17,1036,152359
TAXIFY-1185,2025-04-18,1069,153428
TAXIFY-1185,2025-04-19,491,153919
TAXIFY-1185,2025-04-20,596,154515
TAXIFY-1185,2025-04-21,1102,155617
TAXIFY-1185,2025-04-22,1147,156764
TAXIFY-1185,2025-04-23,1019,157783
TAXIFY-1185,2025-04-24,1172,158955
TAXIFY-1185,2025-04-25,1210,160165
TAXIFY-1185,2025-04-26,488,160653
TAXIFY-1185,2025-04-27,494,161147
TAXIFY-1185,2025-04-28,1017,162164
TAXIFY-1185,2025-04-29,1167,163331
TAXIFY-1185,2025-04-30,1102,164433
TAXIFY-1185,2025-05-01,540,164973
TAXIFY-1185,2025-05-02,559,165532
TAXIFY-1185,2025-05-03,313,165845
TAXIFY-1185,2025-05-04,233,166078
TAXIFY-1185,2025-05-05,530,166608
TAXIFY-1185,2025-05-06,409,167017
TAXIFY-1185,2025-05-07,565,167582
TAXIFY-1185,2025-05-08,590,168172
TAXIFY-1185,2025-05-09,530,168702
TAXIFY-1185,2025-05-10,285,168987
TAXIFY-1185,2025-05-11,238,169225
TAXIFY-1185,2025-05-12,564,169789
TAXIFY-1185,2025-05-13,650,170439
TAXIFY-1185,2025-05-14,526,170965
TAXIFY-1185,2025-05-15,561,171526
TAXIFY-1185,2025-05-16,517,172043
TAXIFY-1185,2025-05-17,275,172318
TAXIFY-1185,2025-05-18,295,172613
TAXIFY-1185,2025-05-19,569,173182
TAXIFY-1185,2025-05-20,539,173721
TAXIFY-1185,2025-05-21,538,174259
TAXIFY-1185,2025-05-22,491,174750
TAXIFY-1185,2025-05-23,587,175337
TAXIFY-1185,2025-05-24,288,175625
TAXIFY-1185,2025-05-25,244,175869
TAXIFY-1185,2025-05-26,551,176420
TAXIFY-1185,2025-05-27,503,176923
TAXIFY-1185,2025-05-28,503,177426
TAXIFY-1185,2025-05-29,580,178006
TAXIFY-1185,2025-05-30,573,178579
TAXIFY-1185,2025-05-31,268,178847
TAXIFY-1185,2025-06-01,207,179054
TAXIFY-1185,2025-06-02,472,179526
TAXIFY-1185,2025-06-03,463,179989
TAXIFY-1185,2025-06-04,426,180415
TAXIFY-1185,2025-06-05,351,180766
TAXIFY-1185,2025-06-06,408,181174
TAXIFY-1185,2025-06-07,216,181390
TAXIFY-1185,2025-06-08,247,181637
TAXIFY-1185,2025-06-09,469,182106
TAXIFY-1185,2025-06-10,411,182517
TAXIFY-1185,2025-06-11,459,182976
TAXIFY-1185,2025-06-12,460,183436
TAXIFY-1185,2025-06-13,419,183855
TAXIFY-1185,2025-06-14,242,184097
TAXIFY-1185,2025-06-15,199,184296
TAXIFY-1185,2025-06-16,446,184742
TAXIFY-1185,2025-06-17,410,185152
TAXIFY-1185,2025-06-18,396,185548
TAXIFY-1185,2025-06-19,387,185935
TAXIFY-1185,2025-06-20,436,186371
TAXIFY-1185,2025-06-21,222,186593
TAXIFY-1185,2025-06-22,233,186826
TAXIFY-1185,2025-06-23,422,187248
TAXIFY-1185,2025-06-24,435,187683
TAXIFY-1185,2025-06-25,463,188146
TAXIFY-1185,2025-06-26,439,188585
TAXIFY-1185,2025-06-27,410,188995
TAXIFY-1185,2025-06-28,205,189200
TAXIFY-1185,2025-06-29,237,189437
TAXIFY-1185,2025-06-30,465,189902
TAXIFY-1185,2025-07-01,455,190357
TAXIFY-1185,2025-07-02,476,190833
TAXIFY-1185,2025-07-03,454,191287
TAXIFY-1185,2025-07-04,529,191816
TAXIFY-1185,2025-07-05,189,192005
TAXIFY-1185,2025-07-06,218,192223
TAXIFY-1185,2025-07-07,414,192637
TAXIFY-1185,2025-07-08,433,193070
TAXIFY-1185,2025-07-09,396,193466
TAXIFY-1185,2025-07-10,383,193849
TAXIFY-1185,2025-07-11,422,194271
TAXIFY-1185,2025-07-12,232,194503
TAXIFY-1185,2025-07-13,214,194717
TAXIFY-1185,2025-07-14,470,195187
TAXIFY-1185,2025-07-15,416,195603
TAXIFY-1185,2025-07-16,406,196009
TAXIFY-1185,2025-07-17,426,196435
TAXIFY-1185,2025-07-18,443,196878
TAXIFY-1185,2025-07-19,242,197120
TAXIFY-1185,2025-07-20,230,197350
TAXIFY-1185,2025-07-21,469,197819
TAXIFY-1185,2025-07-22,413,198232
TAXIFY-1185,2025-07-23,395,198627
TAXIFY-1185,2025-07-24,402,199029
TAXIFY-1185,2025-07-25,440,199469
TAXIFY-1185,2025-07-26,204,199673
TAXIFY-1185,2025-07-27,253,199926
TAXIFY-1185,2025-07-28,449,200375
TAXIFY-1185,2025-07-29,384,200759
TAXIFY-1185,2025-07-30,429,201188
TAXIFY-1185,2025-07-31,434,201622
TAXIFY-1185,2025-08-01,401,202023
TAXIFY-1185,2025-08-02,230,202253
TAXIFY-1185,2025-08-03,218,202471
TAXIFY-1185,2025-08-04,461,202932
TAXIFY-1185,2025-08-05,434,203366
TAXIFY-1185,2025-08-06,400,203766
TAXIFY-1185,2025-08-07,448,204214
TAXIFY-1185,2025-08-08,414,204628
TAXIFY-1185,2025-08-09,197,204825
TAXIFY-1185,2025-08-10,216,205041
TAXIFY-1185,2025-08-11,510,205551
TAXIFY-1185,2025-08-12,465,206016
TAXIFY-1185,2025-08-13,460,206476
TAXIFY-1185,2025-08-14,399,206875
TAXIFY-1185,2025-08-15,455,207330
TAXIFY-1185,2025-08-16,240,207570
TAXIFY-1185,2025-08-17,243,207813
TAXIFY-1185,2025-08-18,389,208202
TAXIFY-1185,2025-08-19,450,208652
TAXIFY-1185,2025-08-20,443,209095
TAXIFY-1185,2025-08-21,507,209602
TAXIFY-1185,2025-08-22,426,210028
TAXIFY-1185,2025-08-23,213,210241
TAXIFY-1185,2025-08-24,233,210474
TAXIFY-1185,2025-08-25,454,210928
TAXIFY-1185,2025-08-26,483,211411
TAXIFY-1185,2025-08-27,383,211794
TAXIFY-1185,2025-08-28,456,212250
TAXIFY-1185,2025-08-29,464,212714
TAXIFY-1185,2025-08-30,224,212938
TAXIFY-1185,2025-08-31,246,213184
TAXIFY-1186,2024-09-01,429,429
TAXIFY-1186,2024-09-02,884,1313
TAXIFY-1186,2024-09-03,913,2226
TAXIFY-1186,2024-09-04,987,3213
TAXIFY-1186,2024-09-05,979,4192
TAXIFY-1186,2024-09-06,867,5059
TAXIFY-1186,2024-09-07,447,5506
TAXIFY-1186,2024-09-08,466,5972
TAXIFY-1186,2024-09-09,951,6923
TAXIFY-1186,2024-09-10,949,7872
TAXIFY-1186,2024-09-11,773,8645
TAXIFY-1186,2024-09-12,1045,9690
TAXIFY-1186,2024-09-13,857,10547
TAXIFY-1186,2024-09-14,427,10974
TAXIFY-1186,2024-09-15,412,11386
TAXIFY-1186,2024-09-16,909,12295
TAXIFY-1186,2024-09-17,910,13205
TAXIFY-1186,2024-09-18,875,14080
TAXIFY-1186,2024-09-19,897,14977
TAXIFY-1186,2024-09-20,784,15761
TAXIFY-1186,2024-09-21,387,16148
TAXIFY-1186,2024-09-22,475,16623
TAXIFY-1186,2024-09-23,909,17532
TAXIFY-1186,2024-09-24,986,18518
TAXIFY-1186,2024-09-25,917,19435
TAXIFY-1186,2024-09-26,871,20306
TAXIFY-1186,2024-09-27,1013,21319
TAXIFY-1186,2024-09-28,437,21756
TAXIFY-1186,2024-09-29,502,22258
TAXIFY-1186,2024-09-30,1028,23286
TAXIFY-1186,2024-10-01,881,24167
TAXIFY-1186,2024-10-02,966,25133
TAXIFY-1186,2024-10-03,961,26094
TAXIFY-1186,2024-10-04,911,27005
TAXIFY-1186,2024-10-05,477,27482
TAXIFY-1186,2024-10-06,432,27914
TAXIFY-1186,2024-10-07,963,28877
TAXIFY-1186,2024-10-08,893,29770
TAXIFY-1186,2024-10-09,880,30650
TAXIFY-1186,2024-10-10,809,31459
TAXIFY-1186,2024-10-11,980,32439
TAXIFY-1186,2024-10-12,422,32861
TAXIFY-1186,2024-10-13,449,33310
TAXIFY-1186,2024-10-14,914,34224
TAXIFY-1186,2024-10-15,1002,35226
TAXIFY-1186,2024-10-16,874,36100
TAXIFY-1186,2024-10-17,823,36923
TAXIFY-1186,2024-10-18,856,37779
TAXIFY-1186,2024-10-19,489,38268
TAXIFY-1186,2024-10-20,502,38770
TAXIFY-1186,2024-10-21,994,39764
TAXIFY-1186,2024-10-22,906,40670
TAXIFY-1186,2024-10-23,795,41465
TAXIFY-1186,2024-10-24,809,42274
TAXIFY-1186,2024-10-25,927,43201
TAXIFY-1186,2024-10-26,443,43644
TAXIFY-1186,2024-10-27,462,44106
TAXIFY-1186,2024-10-28,881,44987
TAXIFY-1186,2024-10-29,839,45826
TAXIFY-1186,2024-10-30,992,46818
TAXIFY-1186,2024-10-31,834,47652
TAXIFY-1186,2024-11-01,970,48622
TAXIFY-1186,2024-11-02,490,49112
TAXIFY-1186,2024-11-03,433,49545
TAXIFY-1186,2024-11-04,971,50516
TAXIFY-1186,2024-11-05,964,51480
TAXIFY-1186,2024-11-06,864,52344
TAXIFY-1186,2024-11-07,887,53231
TAXIFY-1186,2024-11-08,1103,54334
TAXIFY-1186,2024-11-09,521,54855
TAXIFY-1186,2024-11-10,418,55273
TAXIFY-1186,2024-11-11,779,56052
TAXIFY-1186,2024-11-12,931,56983
TAXIFY-1186,2024-11-13,861,57844
TAXIFY-1186,2024-11-14,972,58816
TAXIFY-1186,2024-11-15,856,59672
TAXIFY-1186,2024-11-16,472,60144
TAXIFY-1186,2024-11-17,506,60650
TAXIFY-1186,2024-11-18,807,61457
TAXIFY-1186,2024-11-19,888,62345
TAXIFY-1186,2024-11-20,929,63274
TAXIFY-1186,2024-11-21,921,64195
TAXIFY-1186,2024-11-22,913,65108
TAXIFY-1186,2024-11-23,489,65597
TAXIFY-1186,2024-11-24,432,66029
TAXIFY-1186,2024-11-25,865,66894
TAXIFY-1186,2024-11-26,1040,67934
TAXIFY-1186,2024-11-27,908,68842
TAXIFY-1186,2024-11-28,791,69633
TAXIFY-1186,2024-11-29,792,70425
TAXIFY-1186,2024-11-30,474,70899
TAXIFY-1186,2024-12-01,428,71327
TAXIFY-1186,2024-12-02,954,72281
TAXIFY-1186,2024-12-03,939,73220
TAXIFY-1186,2024-12-04,729,73949
TAXIFY-1186,2024-12-05,949,74898
TAXIFY-1186,2024-12-06,922,75820
TAXIFY-1186,2024-12-07,453,76273
TAXIFY-1186,2024-12-08,435,76708
TAXIFY-1186,2024-12-09,780,77488
TAXIFY-1186,2024-12-10,860,78348
TAXIFY-1186,2024-12-11,723,79071
TAXIFY-1186,2024-12-12,856,79927
TAXIFY-1186,2024-12-13,844,80771
TAXIFY-1186,2024-12-14,510,81281
TAXIFY-1186,2024-12-15,446,81727
TAXIFY-1186,2024-12-16,855,82582
TAXIFY-1186,2024-12-17,952,83534
TAXIFY-1186,2024-12-18,1044,84578
TAXIFY-1186,2024-12-19,1100,85678
TAXIFY-1186,2024-12-20,779,86457
TAXIFY-1186,2024-12-21,479,86936
TAXIFY-1186,2024-12-22,419,87355
TAXIFY-1186,2024-12-23,981,88336
TAXIFY-1186,2024-12-24,834,89170
TAXIFY-1186,2024-12-25,868,90038
TAXIFY-1186,2024-12-26,1013,91051
TAXIFY-1186,2024-12-27,867,91918
TAXIFY-1186,2024-12-28,470,92388
TAXIFY-1186,2024-12-29,510,92898
TAXIFY-1186,2024-12-30,925,93823
TAXIFY-1186,2024-12-31,895,94718
TAXIFY-1186,2025-01-01,911,95629
TAXIFY-1186,2025-01-02,963,96592
TAXIFY-1186,2025-01-03,848,97440
TAXIFY-1186,2025-01-04,472,97912
TAXIFY-1186,2025-01-05,497,98409
TAXIFY-1186,2025-01-06,1007,99416
TAXIFY-1186,2025-01-07,926,100342
TAXIFY-1186,2025-01-08,887,101229
TAXIFY-1186,2025-01-09,771,102000
TAXIFY-1186,2025-01-10,901,102901
TAXIFY-1186,2025-01-11,428,103329
TAXIFY-1186,2025-01-12,444,103773
TAXIFY-1186,2025-01-13,828,104601
TAXIFY-1186,2025-01-14,899,105500
TAXIFY-1186,2025-01-15,954,106454
TAXIFY-1186,2025-01-16,946,107400
TAXIFY-1186,2025-01-17,924,108324
TAXIFY-1186,2025-01-18,452,108776
TAXIFY-1186,2025-01-19,436,109212
TAXIFY-1186,2025-01-20,912,110124
TAXIFY-1186,2025-01-21,997,111121
TAXIFY-1186,2025-01-22,858,111979
TAXIFY-1186,2025-01-23,884,112863
TAXIFY-1186,2025-01-24,889,113752
TAXIFY-1186,2025-01-25,399,114151
TAXIFY-1186,2025-01-26,486,114637
TAXIFY-1186,2025-01-27,796,115433
TAXIFY-1186,2025-01-28,979,116412
TAXIFY-1186,2025-01-29,879,117291
TAXIFY-1186,2025-01-30,1015,118306
TAXIFY-1186,2025-01-31,937,119243
TAXIFY-1186,2025-02-01,838,120081
TAXIFY-1186,2025-02-02,847,120928
TAXIFY-1186,2025-02-03,2005,122933
TAXIFY-1186,2025-02-04,1704,124637
TAXIFY-1186,2025-02-05,1999,126636
TAXIFY-1186,2025-02-06,1872,128508
TAXIFY-1186,2025-02-07,1817,130325
TAXIFY-1186,2025-02-08,1070,131395
TAXIFY-1186,2025-02-09,1068,132463
TAXIFY-1186,2025-02-10,1789,134252
TAXIFY-1186,2025-02-11,1793,136045
TAXIFY-1186,2025-02-12,1960,138005
TAXIFY-1186,2025-02-13,2048,140053
TAXIFY-1186,2025-02-14,1929,141982
TAXIFY-1186,2025-02-15,888,142870
TAXIFY-1186,2025-02-16,816,143686
TAXIFY-1186,2025-02-17,1844,145530
TAXIFY-1186,2025-02-18,1956,147486
TAXIFY-1186,2025-02-19,1780,149266
TAXIFY-1186,2025-02-20,1799,151065
TAXIFY-1186,2025-02-21,1888,152953
TAXIFY-1186,2025-02-22,851,153804
TAXIFY-1186,2025-02-23,872,154676
TAXIFY-1186,2025-02-24,1832,156508
TAXIFY-1186,2025-02-25,1787,158295
TAXIFY-1186,2025-02-26,1885,160180
TAXIFY-1186,2025-02-27,1813,161993
TAXIFY-1186,2025-02-28,1604,163597
TAXIFY-1186,2025-03-01,1032,164629
TAXIFY-1186,2025-03-02,1379,166008
TAXIFY-1186,2025-03-03,2490,168498
TAXIFY-1186,2025-03-04,2591,171089
TAXIFY-1186,2025-03-05,2525,173614
TAXIFY-1186,2025-03-06,2713,176327
TAXIFY-1186,2025-03-07,2365,178692
TAXIFY-1186,2025-03-08,1380,180072
TAXIFY-1186,2025-03-09,1456,181528
TAXIFY-1186,2025-03-10,3055,184583
TAXIFY-1186,2025-03-11,2266,186849
TAXIFY-1186,2025-03-12,2750,189599
TAXIFY-1186,2025-03-13,2839,192438
TAXIFY-1186,2025-03-14,2702,195140
TAXIFY-1186,2025-03-15,1283,196423
TAXIFY-1186,2025-03-16,1317,197740
TAXIFY-1186,2025-03-17,2505,200245
TAXIFY-1186,2025-03-18,2168,202413
TAXIFY-1186,2025-03-19,2723,205136
TAXIFY-1186,2025-03-20,2075,207211
TAXIFY-1186,2025-03-21,2346,209557
TAXIFY-1186,2025-03-22,1291,210848
TAXIFY-1186,2025-03-23,1206,212054
TAXIFY-1186,2025-03-24,2561,214615
TAXIFY-1186,2025-03-25,2825,217440
TAXIFY-1186,2025-03-26,2223,219663
TAXIFY-1186,2025-03-27,2591,222254
TAXIFY-1186,2025-03-28,2209,224463
TAXIFY-1186,2025-03-29,1245,225708
TAXIFY-1186,2025-03-30,1200,226908
TAXIFY-1186,2025-03-31,2243,229151
TAXIFY-1186,2025-04-01,2009,231160
TAXIFY-1186,2025-04-02,1861,233021
TAXIFY-1186,2025-04-03,2018,235039
TAXIFY-1186,2025-04-04,1702,236741
TAXIFY-1186,2025-04-05,988,237729
TAXIFY-1186,2025-04-06,944,238673
TAXIFY-1186,2025-04-07,1627,240300
TAXIFY-1186,2025-04-08,1664,241964
TAXIFY-1186,2025-04-09,1660,243624
TAXIFY-1186,2025-04-10,1858,245482
TAXIFY-1186,2025-04-11,1853,247335
TAXIFY-1186,2025-04-12,1019,248354
TAXIFY-1186,2025-04-13,840,249194
TAXIFY-1186,2025-04-14,1889,251083
TAXIFY-1186,2025-04-15,1851,252934
TAXIFY-1186,2025-04-16,1707,254641
TAXIFY-1186,2025-04-17,1929,256570
TAXIFY-1186,2025-04-18,1772,258342
TAXIFY-1186,2025-04-19,920,259262
TAXIFY-1186,2025-04-20,919,260181
TAXIFY-1186,2025-04-21,1729,261910
TAXIFY-1186,2025-04-22,1877,263787
TAXIFY-1186,2025-04-23,1903,265690
TAXIFY-1186,2025-04-24,1980,267670
TAXIFY-1186,2025-04-25,1771,269441
TAXIFY-1186,2025-04-26,895,270336
TAXIFY-1186,2025-04-27,824,271160
TAXIFY-1186,2025-04-28,1743,272903
TAXIFY-1186,2025-04-29,1707,274610
TAXIFY-1186,2025-04-30,1855,276465
TAXIFY-1186,2025-05-01,963,277428
TAXIFY-1186,2025-05-02,984,278412
TAXIFY-1186,2025-05-03,497,278909
TAXIFY-1186,2025-05-04,477,279386
TAXIFY-1186,2025-05-05,907,280293
TAXIFY-1186,2025-05-06,799,281092
TAXIFY-1186,2025-05-07,943,282035
TAXIFY-1186,2025-05-08,842,282877
TAXIFY-1186,2025-05-09,891,283768
TAXIFY-1186,2025-05-10,450,284218
TAXIFY-1186,2025-05-11,421,284639
TAXIFY-1186,2025-05-12,851,285490
TAXIFY-1186,2025-05-13,913,286403
TAXIFY-1186,2025-05-14,896,287299
TAXIFY-1186,2025-05-15,893,288192
TAXIFY-1186,2025-05-16,856,289048
TAXIFY-1186,2025-05-17,490,289538
TAXIFY-1186,2025-05-18,398,289936
TAXIFY-1186,2025-05-19,1057,290993
TAXIFY-1186,2025-05-20,909,291902
TAXIFY-1186,2025-05-21,861,292763
TAXIFY-1186,2025-05-22,796,293559
TAXIFY-1186,2025-05-23,824,294383
TAXIFY-1186,2025-05-24,461,294844
TAXIFY-1186,2025-05-25,438,295282
TAXIFY-1186,2025-05-26,811,296093
TAXIFY-1186,2025-05-27,815,296908
TAXIFY-1186,2025-05-28,861,297769
TAXIFY-1186,2025-05-29,876,298645
TAXIFY-1186,2025-05-30,963,299608
TAXIFY-1186,2025-05-31,434,300042
TAXIFY-1186,2025-06-01,437,300479
TAXIFY-1186,2025-06-02,739,301218
TAXIFY-1186,2025-06-03,766,301984
TAXIFY-1186,2025-06-04,795,302779
TAXIFY-1186,2025-06-05,646,303425
TAXIFY-1186,2025-06-06,692,304117
TAXIFY-1186,2025-06-07,356,304473
TAXIFY-1186,2025-06-08,397,304870
TAXIFY-1186,2025-06-09,725,305595
TAXIFY-1186,2025-06-10,733,306328
TAXIFY-1186,2025-06-11,779,307107
TAXIFY-1186,2025-06-12,778,307885
TAXIFY-1186,2025-06-13,818,308703
TAXIFY-1186,2025-06-14,321,309024
TAXIFY-1186,2025-06-15,346,309370
TAXIFY-1186,2025-06-16,704,310074
TAXIFY-1186,2025-06-17,680,310754
TAXIFY-1186,2025-06-18,751,311505
TAXIFY-1186,2025-06-19,767,312272
TAXIFY-1186,2025-06-20,623,312895
TAXIFY-1186,2025-06-21,382,313277
TAXIFY-1186,2025-06-22,343,313620
TAXIFY-1186,2025-06-23,729,314349
TAXIFY-1186,2025-06-24,674,315023
TAXIFY-1186,2025-06-25,774,315797
TAXIFY-1186,2025-06-26,674,316471
TAXIFY-1186,2025-06-27,725,317196
TAXIFY-1186,2025-06-28,380,317576
TAXIFY-1186,2025-06-29,373,317949
TAXIFY-1186,2025-06-30,679,318628
TAXIFY-1186,2025-07-01,722,319350
TAXIFY-1186,2025-07-02,723,320073
TAXIFY-1186,2025-07-03,766,320839
TAXIFY-1186,2025-07-04,715,321554
TAXIFY-1186,2025-07-05,356,321910
TAXIFY-1186,2025-07-06,355,322265
TAXIFY-1186,2025-07-07,645,322910
TAXIFY-1186,2025-07-08,780,323690
TAXIFY-1186,2025-07-09,796,324486
TAXIFY-1186,2025-07-10,818,325304
TAXIFY-1186,2025-07-11,753,326057
TAXIFY-1186,2025-07-12,328,326385
TAXIFY-1186,2025-07-13,307,326692
TAXIFY-1186,2025-07-14,745,327437
TAXIFY-1186,2025-07-15,687,328124
TAXIFY-1186,2025-07-16,706,328830
TAXIFY-1186,2025-07-17,716,329546
TAXIFY-1186,2025-07-18,744,330290
TAXIFY-1186,2025-07-19,349,330639
TAXIFY-1186,2025-07-20,385,331024
TAXIFY-1186,2025-07-21,685,331709
TAXIFY-1186,2025-07-22,712,332421
TAXIFY-1186,2025-07-23,768,333189
TAXIFY-1186,2025-07-24,708,333897
TAXIFY-1186,2025-07-25,808,334705
TAXIFY-1186,2025-07-26,342,335047
TAXIFY-1186,2025-07-27,394,335441
TAXIFY-1186,2025-07-28,655,336096
TAXIFY-1186,2025-07-29,700,336796
TAXIFY-1186,2025-07-30,773,337569
TAXIFY-1186,2025-07-31,828,338397
TAXIFY-1186,2025-08-01,758,339155
TAXIFY-1186,2025-08-02,386,339541
TAXIFY-1186,2025-08-03,379,339920
TAXIFY-1186,2025-08-04,717,340637
TAXIFY-1186,2025-08-05,590,341227
TAXIFY-1186,2025-08-06,681,341908
TAXIFY-1186,2025-08-07,692,342600
TAXIFY-1186,2025-08-08,672,343272
TAXIFY-1186,2025-08-09,319,343591
TAXIFY-1186,2025-08-10,411,344002
TAXIFY-1186,2025-08-11,690,344692
TAXIFY-1186,2025-08-12,648,345340
TAXIFY-1186,2025-08-13,896,346236
TAXIFY-1186,2025-08-14,786,347022
TAXIFY-1186,2025-08-15,673,347695
TAXIFY-1186,2025-08-16,339,348034
TAXIFY-1186,2025-08-17,325,348359
TAXIFY-1186,2025-08-18,642,349001
TAXIFY-1186,2025-08-19,682,349683
TAXIFY-1186,2025-08-20,757,350440
TAXIFY-1186,2025-08-21,808,351248
TAXIFY-1186,2025-08-22,797,352045
TAXIFY-1186,2025-08-23,400,352445
TAXIFY-1186,2025-08-24,360,352805
TAXIFY-1186,2025-08-25,763,353568
TAXIFY-1186,2025-08-26,750,354318
TAXIFY-1186,2025-08-27,730,355048
TAXIFY-1186,2025-08-28,797,355845
TAXIFY-1186,2025-08-29,768,356613
TAXIFY-1186,2025-08-30,369,356982
TAXIFY-1186,2025-08-31,341,357323
TAXIFY-1187,2024-09-01,210,210
TAXIFY-1187,2024-09-02,342,552
TAXIFY-1187,2024-09-03,337,889
TAXIFY-1187,2024-09-04,312,1201
TAXIFY-1187,2024-09-05,379,1580
TAXIFY-1187,2024-09-06,393,1973
TAXIFY-1187,2024-09-07,171,2144
TAXIFY-1187,2024-09-08,190,2334
TAXIFY-1187,2024-09-09,415,2749
TAXIFY-1187,2024-09-10,400,3149
TAXIFY-1187,2024-09-11,364,3513
TAXIFY-1187,2024-09-12,406,3919
TAXIFY-1187,2024-09-13,413,4332
TAXIFY-1187,2024-09-14,207,4539
TAXIFY-1187,2024-09-15,201,4740
TAXIFY-1187,2024-09-16,335,5075
TAXIFY-1187,2024-09-17,429,5504
TAXIFY-1187,2024-09-18,389,5893
TAXIFY-1187,2024-09-19,367,6260
TAXIFY-1187,2024-09-20,411,6671
TAXIFY-1187,2024-09-21,187,6858
TAXIFY-1187,2024-09-22,147,7005
TAXIFY-1187,2024-09-23,415,7420
TAXIFY-1187,2024-09-24,364,7784
TAXIFY-1187,2024-09-25,376,8160
TAXIFY-1187,2024-09-26,381,8541
TAXIFY-1187,2024-09-27,372,8913
TAXIFY-1187,2024-09-28,193,9106
TAXIFY-1187,2024-09-29,204,9310
TAXIFY-1187,2024-09-30,397,9707
TAXIFY-1187,2024-10-01,349,10056
TAXIFY-1187,2024-10-02,339,10395
TAXIFY-1187,2024-10-03,369,10764
TAXIFY-1187,2024-10-04,357,11121
TAXIFY-1187,2024-10-05,178,11299
TAXIFY-1187,2024-10-06,178,11477
TAXIFY-1187,2024-10-07,421,11898
TAXIFY-1187,2024-10-08,397,12295
TAXIFY-1187,2024-10-09,371,12666
TAXIFY-1187,2024-10-10,384,13050
TAXIFY-1187,2024-10-11,394,13444
TAXIFY-1187,2024-10-12,180,13624
TAXIFY-1187,2024-10-13,191,13815
TAXIFY-1187,2024-10-14,312,14127
TAXIFY-1187,2024-10-15,382,14509
TAXIFY-1187,2024-10-16,400,14909
TAXIFY-1187,2024-10-17,398,15307
TAXIFY-1187,2024-10-18,384,15691
TAXIFY-1187,2024-10-19,171,15862
TAXIFY-1187,2024-10-20,195,16057
TAXIFY-1187,2024-10-21,411,16468
TAXIFY-1187,2024-10-22,410,16878
TAXIFY-1187,2024-10-23,380,17258
TAXIFY-1187,2024-10-24,389,17647
TAXIFY-1187,2024-10-25,374,18021
TAXIFY-1187,2024-10-26,200,18221
TAXIFY-1187,2024-10-27,183,18404
TAXIFY-1187,2024-10-28,365,18769
TAXIFY-1187,2024-10-29,378,19147
TAXIFY-1187,2024-10-30,378,19525
TAXIFY-1187,2024-10-31,336,19861
TAXIFY-1187,2024-11-01,377,20238
TAXIFY-1187,2024-11-02,172,20410
TAXIFY-1187,2024-11-03,189,20599
TAXIFY-1187,2024-11-04,453,21052
TAXIFY-1187,2024-11-05,402,21454
TAXIFY-1187,2024-11-06,349,21803
TAXIFY-1187,2024-11-07,383,22186
TAXIFY-1187,2024-11-08,397,22583
TAXIFY-1187,2024-11-09,172,22755
TAXIFY-1187,2024-11-10,196,22951
TAXIFY-1187,2024-11-11,379,23330
TAXIFY-1187,2024-11-12,378,23708
TAXIFY-1187,2024-11-13,361,24069
TAXIFY-1187,2024-11-14,381,24450
TAXIFY-1187,2024-11-15,420,24870
TAXIFY-1187,2024-11-16,184,25054
TAXIFY-1187,2024-11-17,205,25259
TAXIFY-1187,2024-11-18,381,25640
TAXIFY-1187,2024-11-19,389,26029
TAXIFY-1187,2024-11-20,424,26453
TAXIFY-1187,2024-11-21,378,26831
TAXIFY-1187,2024-11-22,383,27214
TAXIFY-1187,2024-11-23,200,27414
TAXIFY-1187,2024-11-24,176,27590
TAXIFY-1187,2024-11-25,410,28000
TAXIFY-1187,2024-11-26,371,28371
TAXIFY-1187,2024-11-27,368,28739
TAXIFY-1187,2024-11-28,341,29080
TAXIFY-1187,2024-11-29,349,29429
TAXIFY-1187,2024-11-30,196,29625
TAXIFY-1187,2024-12-01,207,29832
TAXIFY-1187,2024-12-02,357,30189
TAXIFY-1187,2024-12-03,399,30588
TAXIFY-1187,2024-12-04,374,30962
TAXIFY-1187,2024-12-05,339,31301
TAXIFY-1187,2024-12-06,367,31668
TAXIFY-1187,2024-12-07,200,31868
TAXIFY-1187,2024-12-08,175,32043
TAXIFY-1187,2024-12-09,341,32384
TAXIFY-1187,2024-12-10,361,32745
TAXIFY-1187,2024-12-11,360,33105
TAXIFY-1187,2024-12-12,434,33539
TAXIFY-1187,2024-12-13,386,33925
TAXIFY-1187,2024-12-14,208,34133
TAXIFY-1187,2024-12-15,189,34322
TAXIFY-1187,2024-12-16,390,34712
TAXIFY-1187,2024-12-17,408,35120
TAXIFY-1187,2024-12-18,340,35460
TAXIFY-1187,2024-12-19,350,35810
TAXIFY-1187,2024-12-20,397,36207
TAXIFY-1187,2024-12-21,192,36399
TAXIFY-1187,2024-12-22,198,36597
TAXIFY-1187,2024-12-23,355,36952
TAXIFY-1187,2024-12-24,377,37329
TAXIFY-1187,2024-12-25,423,37752
TAXIFY-1187,2024-12-26,363,38115
TAXIFY-1187,2024-12-27,407,38522
TAXIFY-1187,2024-12-28,196,38718
TAXIFY-1187,2024-12-29,178,38896
TAXIFY-1187,2024-12-30,417,39313
TAXIFY-1187,2024-12-31,419,39732
TAXIFY-1187,2025-01-01,340,40072
TAXIFY-1187,2025-01-02,405,40477
TAXIFY-1187,2025-01-03,369,40846
TAXIFY-1187,2025-01-04,188,41034
TAXIFY-1187,2025-01-05,159,41193
TAXIFY-1187,2025-01-06,370,41563
TAXIFY-1187,2025-01-07,354,41917
TAXIFY-1187,2025-01-08,378,42295
TAXIFY-1187,2025-01-09,350,42645
TAXIFY-1187,2025-01-10,353,42998
TAXIFY-1187,2025-01-11,176,43174
TAXIFY-1187,2025-01-12,208,43382
TAXIFY-1187,2025-01-13,376,43758
TAXIFY-1187,2025-01-14,395,44153
TAXIFY-1187,2025-01-15,390,44543
TAXIFY-1187,2025-01-16,359,44902
TAXIFY-1187,2025-01-17,392,45294
TAXIFY-1187,2025-01-18,191,45485
TAXIFY-1187,2025-01-19,178,45663
TAXIFY-1187,2025-01-20,376,46039
TAXIFY-1187,2025-01-21,434,46473
TAXIFY-1187,2025-01-22,342,46815
TAXIFY-1187,2025-01-23,366,47181
TAXIFY-1187,2025-01-24,395,47576
TAXIFY-1187,2025-01-25,168,47744
TAXIFY-1187,2025-01-26,186,47930
TAXIFY-1187,2025-01-27,414,48344
TAXIFY-1187,2025-01-28,366,48710
TAXIFY-1187,2025-01-29,412,49122
TAXIFY-1187,2025-01-30,351,49473
TAXIFY-1187,2025-01-31,422,49895
TAXIFY-1187,2025-02-01,447,50342
TAXIFY-1187,2025-02-02,326,50668
TAXIFY-1187,2025-02-03,851,51519
TAXIFY-1187,2025-02-04,751,52270
TAXIFY-1187,2025-02-05,738,53008
TAXIFY-1187,2025-02-06,701,53709
TAXIFY-1187,2025-02-07,694,54403
TAXIFY-1187,2025-02-08,403,54806
TAXIFY-1187,2025-02-09,368,55174
TAXIFY-1187,2025-02-10,642,55816
TAXIFY-1187,2025-02-11,815,56631
TAXIFY-1187,2025-02-12,774,57405
TAXIFY-1187,2025-02-13,730,58135
TAXIFY-1187,2025-02-14,832,58967
TAXIFY-1187,2025-02-15,400,59367
TAXIFY-1187,2025-02-16,396,59763
TAXIFY-1187,2025-02-17,648,60411
TAXIFY-1187,2025-02-18,775,61186
TAXIFY-1187,2025-02-19,805,61991
TAXIFY-1187,2025-02-20,722,62713
TAXIFY-1187,2025-02-21,730,63443
TAXIFY-1187,2025-02-22,317,63760
TAXIFY-1187,2025-02-23,315,64075
TAXIFY-1187,2025-02-24,813,64888
TAXIFY-1187,2025-02-25,741,65629
TAXIFY-1187,2025-02-26,710,66339
TAXIFY-1187,2025-02-27,731,67070
TAXIFY-1187,2025-02-28,824,67894
TAXIFY-1187,2025-03-01,606,68500
TAXIFY-1187,2025-03-02,570,69070
TAXIFY-1187,2025-03-03,1060,70130
TAXIFY-1187,2025-03-04,1217,71347
TAXIFY-1187,2025-03-05,997,72344
TAXIFY-1187,2025-03-06,963,73307
TAXIFY-1187,2025-03-07,1130,74437
TAXIFY-1187,2025-03-08,566,75003
TAXIFY-1187,2025-03-09,545,75548
TAXIFY-1187,2025-03-10,1098,76646
TAXIFY-1187,2025-03-11,962,77608
TAXIFY-1187,2025-03-12,1075,78683
TAXIFY-1187,2025-03-13,951,79634
TAXIFY-1187,2025-03-14,1085,80719
TAXIFY-1187,2025-03-15,587,81306
TAXIFY-1187,2025-03-16,550,81856
TAXIFY-1187,2025-03-17,1007,82863
TAXIFY-1187,2025-03-18,1072,83935
TAXIFY-1187,2025-03-19,1047,84982
TAXIFY-1187,2025-03-20,1035,86017
TAXIFY-1187,2025-03-21,1039,87056
TAXIFY-1187,2025-03-22,482,87538
TAXIFY-1187,2025-03-23,545,88083
TAXIFY-1187,2025-03-24,1055,89138
TAXIFY-1187,2025-03-25,1176,90314
TAXIFY-1187,2025-03-26,1107,91421
TAXIFY-1187,2025-03-27,1206,92627
TAXIFY-1187,2025-03-28,1193,93820
TAXIFY-1187,2025-03-29,475,94295
TAXIFY-1187,2025-03-30,507,94802
TAXIFY-1187,2025-03-31,955,95757
TAXIFY-1187,2025-04-01,703,96460
TAXIFY-1187,2025-04-02,719,97179
TAXIFY-1187,2025-04-03,869,98048
TAXIFY-1187,2025-04-04,855,98903
TAXIFY-1187,2025-04-05,390,99293
TAXIFY-1187,2025-04-06,365,99658
TAXIFY-1187,2025-04-07,665,100323
TAXIFY-1187,2025-04-08,721,101044
TAXIFY-1187,2025-04-09,764,101808
TAXIFY-1187,2025-04-10,712,102520
TAXIFY-1187,2025-04-11,826,103346
TAXIFY-1187,2025-04-12,436,103782
TAXIFY-1187,2025-04-13,356,104138
TAXIFY-1187,2025-04-14,753,104891
TAXIFY-1187,2025-04-15,742,105633
TAXIFY-1187,2025-04-16,739,106372
TAXIFY-1187,2025-04-17,714,107086
TAXIFY-1187,2025-04-18,721,107807
TAXIFY-1187,2025-04-19,344,108151
TAXIFY-1187,2025-04-20,396,108547
TAXIFY-1187,2025-04-21,795,109342
TAXIFY-1187,2025-04-22,844,110186
TAXIFY-1187,2025-04-23,687,110873
TAXIFY-1187,2025-04-24,678,111551
TAXIFY-1187,2025-04-25,668,112219
TAXIFY-1187,2025-04-26,350,112569
TAXIFY-1187,2025-04-27,428,112997
TAXIFY-1187,2025-04-28,701,113698
TAXIFY-1187,2025-04-29,770,114468
TAXIFY-1187,2025-04-30,864,115332
TAXIFY-1187,2025-05-01,389,115721
TAXIFY-1187,2025-05-02,369,116090
TAXIFY-1187,2025-05-03,151,116241
TAXIFY-1187,2025-05-04,186,116427
TAXIFY-1187,2025-05-05,394,116821
TAXIFY-1187,2025-05-06,375,117196
TAXIFY-1187,2025-05-07,375,117571
TAXIFY-1187,2025-05-08,343,117914
TAXIFY-1187,2025-05-09,438,118352
TAXIFY-1187,2025-05-10,184,118536
TAXIFY-1187,2025-05-11,202,118738
TAXIFY-1187,2025-05-12,380,119118
TAXIFY-1187,2025-05-13,369,119487
TAXIFY-1187,2025-05-14,371,119858
TAXIFY-1187,2025-05-15,415,120273
TAXIFY-1187,2025-05-16,364,120637
TAXIFY-1187,2025-05-17,196,120833
TAXIFY-1187,2025-05-18,195,121028
TAXIFY-1187,2025-05-19,356,121384
TAXIFY-1187,2025-05-20,353,121737
TAXIFY-1187,2025-05-21,394,122131
TAXIFY-1187,2025-05-22,436,122567
TAXIFY-1187,2025-05-23,338,122905
TAXIFY-1187,2025-05-24,182,123087
TAXIFY-1187,2025-05-25,190,123277
TAXIFY-1187,2025-05-26,384,123661
TAXIFY-1187,2025-05-27,376,124037
TAXIFY-1187,2025-05-28,455,124492
TAXIFY-1187,2025-05-29,373,124865
TAXIFY-1187,2025-05-30,334,125199
TAXIFY-1187,2025-05-31,212,125411
TAXIFY-1187,2025-06-01,138,125549
TAXIFY-1187,2025-06-02,302,125851
TAXIFY-1187,2025-06-03,286,126137
TAXIFY-1187,2025-06-04,285,126422
TAXIFY-1187,2025-06-05,273,126695
TAXIFY-1187,2025-06-06,321,127016
TAXIFY-1187,2025-06-07,164,127180
TAXIFY-1187,2025-06-08,159,127339
TAXIFY-1187,2025-06-09,341,127680
TAXIFY-1187,2025-06-10,286,127966
TAXIFY-1187,2025-06-11,297,128263
TAXIFY-1187,2025-06-12,288,128551
TAXIFY-1187,2025-06-13,316,128867
TAXIFY-1187,2025-06-14,155,129022
TAXIFY-1187,2025-06-15,133,129155
TAXIFY-1187,2025-06-16,337,129492
TAXIFY-1187,2025-06-17,282,129774
TAXIFY-1187,2025-06-18,266,130040
TAXIFY-1187,2025-06-19,273,130313
TAXIFY-1187,2025-06-20,333,130646
TAXIFY-1187,2025-06-21,172,130818
TAXIFY-1187,2025-06-22,150,130968
TAXIFY-1187,2025-06-23,324,131292
TAXIFY-1187,2025-06-24,281,131573
TAXIFY-1187,2025-06-25,318,131891
TAXIFY-1187,2025-06-26,314,132205
TAXIFY-1187,2025-06-27,274,132479
TAXIFY-1187,2025-06-28,152,132631
TAXIFY-1187,2025-06-29,152,132783
TAXIFY-1187,2025-06-30,284,133067
TAXIFY-1187,2025-07-01,323,133390
TAXIFY-1187,2025-07-02,276,133666
TAXIFY-1187,2025-07-03,324,133990
TAXIFY-1187,2025-07-04,347,134337
TAXIFY-1187,2025-07-05,158,134495
TAXIFY-1187,2025-07-06,163,134658
TAXIFY-1187,2025-07-07,325,134983
TAXIFY-1187,2025-07-08,326,135309
TAXIFY-1187,2025-07-09,296,135605
TAXIFY-1187,2025-07-10,315,135920
TAXIFY-1187,2025-07-11,314,136234
TAXIFY-1187,2025-07-12,135,136369
TAXIFY-1187,2025-07-13,146,136515
TAXIFY-1187,2025-07-14,285,136800
TAXIFY-1187,2025-07-15,291,137091
TAXIFY-1187,2025-07-16,330,137421
TAXIFY-1187,2025-07-17,293,137714
TAXIFY-1187,2025-07-18,292,138006
TAXIFY-1187,2025-07-19,153,138159
TAXIFY-1187,2025-07-20,149,138308
TAXIFY-1187,2025-07-21,283,138591
TAXIFY-1187,2025-07-22,308,138899
TAXIFY-1187,2025-07-23,304,139203
TAXIFY-1187,2025-07-24,289,139492
TAXIFY-1187,2025-07-25,310,139802
TAXIFY-1187,2025-07-26,147,139949
TAXIFY-1187,2025-07-27,162,140111
TAXIFY-1187,2025-07-28,260,140371
TAXIFY-1187,2025-07-29,291,140662
TAXIFY-1187,2025-07-30,308,140970
TAXIFY-1187,2025-07-31,296,141266
TAXIFY-1187,2025-08-01,270,141536
TAXIFY-1187,2025-08-02,176,141712
TAXIFY-1187,2025-08-03,152,141864
TAXIFY-1187,2025-08-04,275,142139
TAXIFY-1187,2025-08-05,324,142463
TAXIFY-1187,2025-08-06,296,142759
TAXIFY-1187,2025-08-07,331,143090
TAXIFY-1187,2025-08-08,295,143385
TAXIFY-1187,2025-08-09,162,143547
TAXIFY-1187,2025-08-10,152,143699
TAXIFY-1187,2025-08-11,305,144004
TAXIFY-1187,2025-08-12,289,144293
TAXIFY-1187,2025-08-13,294,144587
TAXIFY-1187,2025-08-14,313,144900
TAXIFY-1187,2025-08-15,298,145198
TAXIFY-1187,2025-08-16,140,145338
TAXIFY-1187,2025-08-17,143,145481
TAXIFY-1187,2025-08-18,317,145798
TAXIFY-1187,2025-08-19,322,146120
TAXIFY-1187,2025-08-20,328,146448
TAXIFY-1187,2025-08-21,296,146744
TAXIFY-1187,2025-08-22,348,147092
TAXIFY-1187,2025-08-23,164,147256
TAXIFY-1187,2025-08-24,152,147408
TAXIFY-1187,2025-08-25,306,147714
TAXIFY-1187,2025-08-26,321,148035
TAXIFY-1187,2025-08-27,286,148321
TAXIFY-1187,2025-08-28,270,148591
TAXIFY-1187,2025-08-29,309,148900
TAXIFY-1187,2025-08-30,153,149053
TAXIFY-1187,2025-08-31,142,149195
TAXIFY-1188,2024-09-01,127,127
TAXIFY-1188,2024-09-02,289,416
TAXIFY-1188,2024-09-03,271,687
TAXIFY-1188,2024-09-04,234,921
TAXIFY-1188,2024-09-05,214,1135
TAXIFY-1188,2024-09-06,220,1355
TAXIFY-1188,2024-09-07,151,1506
TAXIFY-1188,2024-09-08,127,1633
TAXIFY-1188,2024-09-09,263,1896
TAXIFY-1188,2024-09-10,321,2217
TAXIFY-1188,2024-09-11,248,2465
TAXIFY-1188,2024-09-12,288,2753
TAXIFY-1188,2024-09-13,263,3016
TAXIFY-1188,2024-09-14,143,3159
TAXIFY-1188,2024-09-15,139,3298
TAXIFY-1188,2024-09-16,226,3524
TAXIFY-1188,2024-09-17,249,3773
TAXIFY-1188,2024-09-18,249,4022
TAXIFY-1188,2024-09-19,274,4296
TAXIFY-1188,2024-09-20,255,4551
TAXIFY-1188,2024-09-21,137,4688
TAXIFY-1188,2024-09-22,140,4828
TAXIFY-1188,2024-09-23,306,5134
TAXIFY-1188,2024-09-24,281,5415
TAXIFY-1188,2024-09-25,267,5682
TAXIFY-1188,2024-09-26,273,5955
TAXIFY-1188,2024-09-27,232,6187
TAXIFY-1188,2024-09-28,128,6315
TAXIFY-1188,2024-09-29,123,6438
TAXIFY-1188,2024-09-30,292,6730
TAXIFY-1188,2024-10-01,285,7015
TAXIFY-1188,2024-10-02,229,7244
TAXIFY-1188,2024-10-03,283,7527
TAXIFY-1188,2024-10-04,288,7815
TAXIFY-1188,2024-10-05,126,7941
TAXIFY-1188,2024-10-06,143,8084
TAXIFY-1188,2024-10-07,273,8357
TAXIFY-1188,2024-10-08,241,8598
TAXIFY-1188,2024-10-09,238,8836
TAXIFY-1188,2024-10-10,324,9160
TAXIFY-1188,2024-10-11,264,9424
TAXIFY-1188,2024-10-12,138,9562
TAXIFY-1188,2024-10-13,118,9680
TAXIFY-1188,2024-10-14,306,9986
TAXIFY-1188,2024-10-15,287,10273
TAXIFY-1188,2024-10-16,272,10545
TAXIFY-1188,2024-10-17,305,10850
TAXIFY-1188,2024-10-18,237,11087
TAXIFY-1188,2024-10-19,127,11214
TAXIFY-1188,2024-10-20,135,11349
TAXIFY-1188,2024-10-21,256,11605
TAXIFY-1188,2024-10-22,286,11891
TAXIFY-1188,2024-10-23,280,12171
TAXIFY-1188,2024-10-24,295,12466
TAXIFY-1188,2024-10-25,273,12739
TAXIFY-1188,2024-10-26,123,12862
TAXIFY-1188,2024-10-27,131,12993
TAXIFY-1188,2024-10-28,281,13274
TAXIFY-1188,2024-10-29,262,13536
TAXIFY-1188,2024-10-30,271,13807
TAXIFY-1188,2024-10-31,259,14066
TAXIFY-1188,2024-11-01,280,14346
TAXIFY-1188,2024-11-02,140,14486
TAXIFY-1188,2024-11-03,160,14646
TAXIFY-1188,2024-11-04,234,14880
TAXIFY-1188,2024-11-05,276,15156
TAXIFY-1188,2024-11-06,314,15470
TAXIFY-1188,2024-11-07,295,15765
TAXIFY-1188,2024-11-08,310,16075
TAXIFY-1188,2024-11-09,123,16198
TAXIFY-1188,2024-11-10,135,16333
TAXIFY-1188,2024-11-11,239,16572
TAXIFY-1188,2024-11-12,250,16822
TAXIFY-1188,2024-11-13,299,17121
TAXIFY-1188,2024-11-14,244,17365
TAXIFY-1188,2024-11-15,262,17627
TAXIFY-1188,2024-11-16,124,17751
TAXIFY-1188,2024-11-17,137,17888
TAXIFY-1188,2024-11-18,237,18125
TAXIFY-1188,2024-11-19,269,18394
TAXIFY-1188,2024-11-20,288,18682
TAXIFY-1188,2024-11-21,261,18943
TAXIFY-1188,2024-11-22,298,19241
TAXIFY-1188,2024-11-23,140,19381
TAXIFY-1188,2024-11-24,130,19511
TAXIFY-1188,2024-11-25,254,19765
TAXIFY-1188,2024-11-26,291,20056
TAXIFY-1188,2024-11-27,262,20318
TAXIFY-1188,2024-11-28,266,20584
TAXIFY-1188,2024-11-29,314,20898
TAXIFY-1188,2024-11-30,145,21043
TAXIFY-1188,2024-12-01,126,21169
TAXIFY-1188,2024-12-02,271,21440
TAXIFY-1188,2024-12-03,290,21730
TAXIFY-1188,2024-12-04,255,21985
TAXIFY-1188,2024-12-05,300,22285
TAXIFY-1188,2024-12-06,278,22563
TAXIFY-1188,2024-12-07,159,22722
TAXIFY-1188,2024-12-08,131,22853
TAXIFY-1188,2024-12-09,281,23134
TAXIFY-1188,2024-12-10,253,23387
TAXIFY-1188,2024-12-11,267,23654
TAXIFY-1188,2024-12-12,256,23910
TAXIFY-1188,2024-12-13,291,24201
TAXIFY-1188,2024-12-14,117,24318
TAXIFY-1188,2024-12-15,104,24422
TAXIFY-1188,2024-12-16,275,24697
TAXIFY-1188,2024-12-17,270,24967
TAXIFY-1188,2024-12-18,252,25219
TAXIFY-1188,2024-12-19,271,25490
TAXIFY-1188,2024-12-20,227,25717
TAXIFY-1188,2024-12-21,151,25868
TAXIFY-1188,2024-12-22,126,25994
TAXIFY-1188,2024-12-23,291,26285
TAXIFY-1188,2024-12-24,244,26529
TAXIFY-1188,2024-12-25,240,26769
TAXIFY-1188,2024-12-26,249,27018
TAXIFY-1188,2024-12-27,270,27288
TAXIFY-1188,2024-12-28,144,27432
TAXIFY-1188,2024-12-29,151,27583
TAXIFY-1188,2024-12-30,292,27875
TAXIFY-1188,2024-12-31,238,28113
TAXIFY-1188,2025-01-01,265,28378
TAXIFY-1188,2025-01-02,258,28636
TAXIFY-1188,2025-01-03,267,28903
TAXIFY-1188,2025-01-04,138,29041
TAXIFY-1188,2025-01-05,126,29167
TAXIFY-1188,2025-01-06,311,29478
TAXIFY-1188,2025-01-07,260,29738
TAXIFY-1188,2025-01-08,285,30023
TAXIFY-1188,2025-01-09,237,30260
TAXIFY-1188,2025-01-10,311,30571
TAXIFY-1188,2025-01-11,141,30712
TAXIFY-1188,2025-01-12,131,30843
TAXIFY-1188,2025-01-13,276,31119
TAXIFY-1188,2025-01-14,278,31397
TAXIFY-1188,2025-01-15,273,31670
TAXIFY-1188,2025-01-16,263,31933
TAXIFY-1188,2025-01-17,242,32175
TAXIFY-1188,2025-01-18,151,32326
TAXIFY-1188,2025-01-19,136,32462
TAXIFY-1188,2025-01-20,252,32714
TAXIFY-1188,2025-01-21,263,32977
TAXIFY-1188,2025-01-22,294,33271
TAXIFY-1188,2025-01-23,295,33566
TAXIFY-1188,2025-01-24,263,33829
TAXIFY-1188,2025-01-25,128,33957
TAXIFY-1188,2025-01-26,129,34086
TAXIFY-1188,2025-01-27,291,34377
TAXIFY-1188,2025-01-28,297,34674
TAXIFY-1188,2025-01-29,263,34937
TAXIFY-1188,2025-01-30,283,35220
TAXIFY-1188,2025-01-31,262,35482
TAXIFY-1188,2025-02-01,239,35721
TAXIFY-1188,2025-02-02,282,36003
TAXIFY-1188,2025-02-03,531,36534
TAXIFY-1188,2025-02-04,532,37066
TAXIFY-1188,2025-02-05,573,37639
TAXIFY-1188,2025-02-06,480,38119
TAXIFY-1188,2025-02-07,446,38565
TAXIFY-1188,2025-02-08,277,38842
TAXIFY-1188,2025-02-09,305,39147
TAXIFY-1188,2025-02-10,580,39727
TAXIFY-1188,2025-02-11,505,40232
TAXIFY-1188,2025-02-12,550,40782
TAXIFY-1188,2025-02-13,560,41342
TAXIFY-1188,2025-02-14,563,41905
TAXIFY-1188,2025-02-15,256,42161
TAXIFY-1188,2025-02-16,256,42417
TAXIFY-1188,2025-02-17,438,42855
TAXIFY-1188,2025-02-18,548,43403
TAXIFY-1188,2025-02-19,571,43974
TAXIFY-1188,2025-02-20,580,44554
TAXIFY-1188,2025-02-21,490,45044
TAXIFY-1188,2025-02-22,267,45311
TAXIFY-1188,2025-02-23,267,45578
TAXIFY-1188,2025-02-24,501,46079
TAXIFY-1188,2025-02-25,583,46662
TAXIFY-1188,2025-02-26,538,47200
TAXIFY-1188,2025-02-27,516,47716
TAXIFY-1188,2025-02-28,587,48303
TAXIFY-1188,2025-03-01,395,48698
TAXIFY-1188,2025-03-02,356,49054
TAXIFY-1188,2025-03-03,648,49702
TAXIFY-1188,2025-03-04,707,50409
TAXIFY-1188,2025-03-05,760,51169
TAXIFY-1188,2025-03-06,723,51892
TAXIFY-1188,2025-03-07,682,52574
TAXIFY-1188,2025-03-08,369,52943
TAXIFY-1188,2025-03-09,325,53268
TAXIFY-1188,2025-03-10,787,54055
TAXIFY-1188,2025-03-11,879,54934
TAXIFY-1188,2025-03-12,789,55723
TAXIFY-1188,2025-03-13,831,56554
TAXIFY-1188,2025-03-14,713,57267
TAXIFY-1188,2025-03-15,366,57633
TAXIFY-1188,2025-03-16,340,57973
TAXIFY-1188,2025-03-17,789,58762
TAXIFY-1188,2025-03-18,816,59578
TAXIFY-1188,2025-03-19,715,60293
TAXIFY-1188,2025-03-20,766,61059
TAXIFY-1188,2025-03-21,663,61722
TAXIFY-1188,2025-03-22,371,62093
TAXIFY-1188,2025-03-23,351,62444
TAXIFY-1188,2025-03-24,761,63205
TAXIFY-1188,2025-03-25,789,63994
TAXIFY-1188,2025-03-26,696,64690
TAXIFY-1188,2025-03-27,672,65362
TAXIFY-1188,2025-03-28,748,66110
TAXIFY-1188,2025-03-29,374,66484
TAXIFY-1188,2025-03-30,373,66857
TAXIFY-1188,2025-03-31,677,67534
TAXIFY-1188,2025-04-01,484,68018
TAXIFY-1188,2025-04-02,548,68566
TAXIFY-1188,2025-04-03,460,69026
TAXIFY-1188,2025-04-04,485,69511
TAXIFY-1188,2025-04-05,306,69817
TAXIFY-1188,2025-04-06,257,70074
TAXIFY-1188,2025-04-07,475,70549
TAXIFY-1188,2025-04-08,482,71031
TAXIFY-1188,2025-04-09,590,71621
TAXIFY-1188,2025-04-10,507,72128
TAXIFY-1188,2025-04-11,529,72657
TAXIFY-1188,2025-04-12,258,72915
TAXIFY-1188,2025-04-13,236,73151
TAXIFY-1188,2025-04-14,471,73622
TAXIFY-1188,2025-04-15,556,74178
TAXIFY-1188,2025-04-16,485,74663
TAXIFY-1188,2025-04-17,634,75297
TAXIFY-1188,2025-04-18,472,75769
TAXIFY-1188,2025-04-19,243,76012
TAXIFY-1188,2025-04-20,279,76291
TAXIFY-1188,2025-04-21,543,76834
TAXIFY-1188,2025-04-22,593,77427
TAXIFY-1188,2025-04-23,558,77985
TAXIFY-1188,2025-04-24,587,78572
TAXIFY-1188,2025-04-25,607,79179
TAXIFY-1188,2025-04-26,262,79441
TAXIFY-1188,2025-04-27,228,79669
TAXIFY-1188,2025-04-28,601,80270
TAXIFY-1188,2025-04-29,578,80848
TAXIFY-1188,2025-04-30,560,81408
TAXIFY-1188,2025-05-01,300,81708
TAXIFY-1188,2025-05-02,267,81975
TAXIFY-1188,2025-05-03,128,82103
TAXIFY-1188,2025-05-04,146,82249
TAXIFY-1188,2025-05-05,274,82523
TAXIFY-1188,2025-05-06,264,82787
TAXIFY-1188,2025-05-07,302,83089
TAXIFY-1188,2025-05-08,298,83387
TAXIFY-1188,2025-05-09,257,83644
TAXIFY-1188,2025-05-10,118,83762
TAXIFY-1188,2025-05-11,124,83886
TAXIFY-1188,2025-05-12,256,84142
TAXIFY-1188,2025-05-13,258,84400
TAXIFY-1188,2025-05-14,275,84675
TAXIFY-1188,2025-05-15,334,85009
TAXIFY-1188,2025-05-16,291,85300
TAXIFY-1188,2025-05-17,147,85447
TAXIFY-1188,2025-05-18,134,85581
TAXIFY-1188,2025-05-19,274,85855
TAXIFY-1188,2025-05-20,280,86135
TAXIFY-1188,2025-05-21,295,86430
TAXIFY-1188,2025-05-22,290,86720
TAXIFY-1188,2025-05-23,284,87004
TAXIFY-1188,2025-05-24,127,87131
TAXIFY-1188,2025-05-25,116,87247
TAXIFY-1188,2025-05-26,295,87542
TAXIFY-1188,2025-05-27,285,87827
TAXIFY-1188,2025-05-28,255,88082
TAXIFY-1188,2025-05-29,317,88399
TAXIFY-1188,2025-05-30,251,88650
TAXIFY-1188,2025-05-31,134,88784
TAXIFY-1188,2025-06-01,105,88889
TAXIFY-1188,2025-06-02,203,89092
TAXIFY-1188,2025-06-03,206,89298
TAXIFY-1188,2025-06-04,204,89502
TAXIFY-1188,2025-06-05,202,89704
TAXIFY-1188,2025-06-06,225,89929
TAXIFY-1188,2025-06-07,115,90044
TAXIFY-1188,2025-06-08,102,90146
TAXIFY-1188,2025-06-09,206,90352
TAXIFY-1188,2025-06-10,221,90573
TAXIFY-1188,2025-06-11,219,90792
TAXIFY-1188,2025-06-12,217,91009
TAXIFY-1188,2025-06-13,218,91227
TAXIFY-1188,2025-06-14,112,91339
TAXIFY-1188,2025-06-15,117,91456
TAXIFY-1188,2025-06-16,205,91661
TAXIFY-1188,2025-06-17,221,91882
TAXIFY-1188,2025-06-18,207,92089
TAXIFY-1188,2025-06-19,181,92270
TAXIFY-1188,2025-06-20,199,92469
TAXIFY-1188,2025-06-21,123,92592
TAXIFY-1188,2025-06-22,116,92708
TAXIFY-1188,2025-06-23,180,92888
TAXIFY-1188,2025-06-24,203,93091
TAXIFY-1188,2025-06-25,212,93303
TAXIFY-1188,2025-06-26,216,93519
TAXIFY-1188,2025-06-27,205,93724
TAXIFY-1188,2025-06-28,114,93838
TAXIFY-1188,2025-06-29,120,93958
TAXIFY-1188,2025-06-30,234,94192
TAXIFY-1188,2025-07-01,206,94398
TAXIFY-1188,2025-07-02,191,94589
TAXIFY-1188,2025-07-03,225,94814
TAXIFY-1188,2025-07-04,189,95003
TAXIFY-1188,2025-07-05,114,95117
TAXIFY-1188,2025-07-06,120,95237
TAXIFY-1188,2025-07-07,224,95461
TAXIFY-1188,2025-07-08,196,95657
TAXIFY-1188,2025-07-09,198,95855
TAXIFY-1188,2025-07-10,216,96071
TAXIFY-1188,2025-07-11,246,96317
TAXIFY-1188,2025-07-12,108,96425
TAXIFY-1188,2025-07-13,98,96523
TAXIFY-1188,2025-07-14,213,96736
TAXIFY-1188,2025-07-15,251,96987
TAXIFY-1188,2025-07-16,190,97177
TAXIFY-1188,2025-07-17,238,97415
TAXIFY-1188,2025-07-18,209,97624
TAXIFY-1188,2025-07-19,111,97735
TAXIFY-1188,2025-07-20,115,97850
TAXIFY-1188,2025-07-21,202,98052
TAXIFY-1188,2025-07-22,235,98287
TAXIFY-1188,2025-07-23,223,98510
TAXIFY-1188,2025-07-24,239,98749
TAXIFY-1188,2025-07-25,222,98971
TAXIFY-1188,2025-07-26,124,99095
TAXIFY-1188,2025-07-27,93,99188
TAXIFY-1188,2025-07-28,227,99415
TAXIFY-1188,2025-07-29,220,99635
TAXIFY-1188,2025-07-30,197,99832
TAXIFY-1188,2025-07-31,237,100069
TAXIFY-1188,2025-08-01,196,100265
TAXIFY-1188,2025-08-02,113,100378
TAXIFY-1188,2025-08-03,104,100482
TAXIFY-1188,2025-08-04,254,100736
TAXIFY-1188,2025-08-05,226,100962
TAXIFY-1188,2025-08-06,226,101188
TAXIFY-1188,2025-08-07,244,101432
TAXIFY-1188,2025-08-08,215,101647
TAXIFY-1188,2025-08-09,112,101759
TAXIFY-1188,2025-08-10,96,101855
TAXIFY-1188,2025-08-11,216,102071
TAXIFY-1188,2025-08-12,217,102288
TAXIFY-1188,2025-08-13,183,102471
TAXIFY-1188,2025-08-14,223,102694
TAXIFY-1188,2025-08-15,239,102933
TAXIFY-1188,2025-08-16,115,103048
TAXIFY-1188,2025-08-17,118,103166
TAXIFY-1188,2025-08-18,227,103393
TAXIFY-1188,2025-08-19,216,103609
TAXIFY-1188,2025-08-20,184,103793
TAXIFY-1188,2025-08-21,200,103993
TAXIFY-1188,2025-08-22,217,104210
TAXIFY-1188,2025-08-23,103,104313
TAXIFY-1188,2025-08-24,99,104412
TAXIFY-1188,2025-08-25,262,104674
TAXIFY-1188,2025-08-26,240,104914
TAXIFY-1188,2025-08-27,253,105167
TAXIFY-1188,2025-08-28,206,105373
TAXIFY-1188,2025-08-29,213,105586
TAXIFY-1188,2025-08-30,104,105690
TAXIFY-1188,2025-08-31,91,105781
TAXIFY-1189,2024-09-01,103,103
TAXIFY-1189,2024-09-02,191,294
TAXIFY-1189,2024-09-03,191,485
TAXIFY-1189,2024-09-04,187,672
TAXIFY-1189,2024-09-05,198,870
TAXIFY-1189,2024-09-06,211,1081
TAXIFY-1189,2024-09-07,92,1173
TAXIFY-1189,2024-09-08,96,1269
TAXIFY-1189,2024-09-09,195,1464
TAXIFY-1189,2024-09-10,197,1661
TAXIFY-1189,2024-09-11,186,1847
TAXIFY-1189,2024-09-12,207,2054
TAXIFY-1189,2024-09-13,199,2253
TAXIFY-1189,2024-09-14,97,2350
TAXIFY-1189,2024-09-15,102,2452
TAXIFY-1189,2024-09-16,197,2649
TAXIFY-1189,2024-09-17,186,2835
TAXIFY-1189,2024-09-18,203,3038
TAXIFY-1189,2024-09-19,201,3239
TAXIFY-1189,2024-09-20,168,3407
TAXIFY-1189,2024-09-21,107,3514
TAXIFY-1189,2024-09-22,89,3603
TAXIFY-1189,2024-09-23,199,3802
TAXIFY-1189,2024-09-24,193,3995
TAXIFY-1189,2024-09-25,202,4197
TAXIFY-1189,2024-09-26,191,4388
TAXIFY-1189,2024-09-27,203,4591
TAXIFY-1189,2024-09-28,110,4701
TAXIFY-1189,2024-09-29,95,4796
TAXIFY-1189,2024-09-30,193,4989
TAXIFY-1189,2024-10-01,188,5177
TAXIFY-1189,2024-10-02,204,5381
TAXIFY-1189,2024-10-03,195,5576
TAXIFY-1189,2024-10-04,201,5777
TAXIFY-1189,2024-10-05,90,5867
TAXIFY-1189,2024-10-06,100,5967
TAXIFY-1189,2024-10-07,170,6137
TAXIFY-1189,2024-10-08,207,6344
TAXIFY-1189,2024-10-09,188,6532
TAXIFY-1189,2024-10-10,192,6724
TAXIFY-1189,2024-10-11,201,6925
TAXIFY-1189,2024-10-12,91,7016
TAXIFY-1189,2024-10-13,91,7107
TAXIFY-1189,2024-10-14,237,7344
TAXIFY-1189,2024-10-15,199,7543
TAXIFY-1189,2024-10-16,214,7757
TAXIFY-1189,2024-10-17,188,7945
TAXIFY-1189,2024-10-18,196,8141
TAXIFY-1189,2024-10-19,93,8234
TAXIFY-1189,2024-10-20,110,8344
TAXIFY-1189,2024-10-21,203,8547
TAXIFY-1189,2024-10-22,193,8740
TAXIFY-1189,2024-10-23,207,8947
TAXIFY-1189,2024-10-24,188,9135
TAXIFY-1189,2024-10-25,178,9313
TAXIFY-1189,2024-10-26,108,9421
TAXIFY-1189,2024-10-27,97,9518
TAXIFY-1189,2024-10-28,205,9723
TAXIFY-1189,2024-10-29,195,9918
TAXIFY-1189,2024-10-30,205,10123
TAXIFY-1189,2024-10-31,168,10291
TAXIFY-1189,2024-11-01,186,10477
TAXIFY-1189,2024-11-02,85,10562
TAXIFY-1189,2024-11-03,112,10674
TAXIFY-1189,2024-11-04,201,10875
TAXIFY-1189,2024-11-05,194,11069
TAXIFY-1189,2024-11-06,185,11254
TAXIFY-1189,2024-11-07,217,11471
TAXIFY-1189,2024-11-08,227,11698
TAXIFY-1189,2024-11-09,102,11800
TAXIFY-1189,2024-11-10,101,11901
TAXIFY-1189,2024-11-11,203,12104
TAXIFY-1189,2024-11-12,191,12295
TAXIFY-1189,2024-11-13,196,12491
TAXIFY-1189,2024-11-14,170,12661
TAXIFY-1189,2024-11-15,183,12844
TAXIFY-1189,2024-11-16,102,12946
TAXIFY-1189,2024-11-17,97,13043
TAXIFY-1189,2024-11-18,218,13261
TAXIFY-1189,2024-11-19,180,13441
TAXIFY-1189,2024-11-20,216,13657
TAXIFY-1189,2024-11-21,189,13846
TAXIFY-1189,2024-11-22,189,14035
TAXIFY-1189,2024-11-23,94,14129
TAXIFY-1189,2024-11-24,93,14222
TAXIFY-1189,2024-11-25,209,14431
TAXIFY-1189,2024-11-26,190,14621
TAXIFY-1189,2024-11-27,169,14790
TAXIFY-1189,2024-11-28,204,14994
TAXIFY-1189,2024-11-29,204,15198
TAXIFY-1189,2024-11-30,98,15296
TAXIFY-1189,2024-12-01,100,15396
TAXIFY-1189,2024-12-02,198,15594
TAXIFY-1189,2024-12-03,210,15804
TAXIFY-1189,2024-12-04,222,16026
TAXIFY-1189,2024-12-05,180,16206
TAXIFY-1189,2024-12-06,229,16435
TAXIFY-1189,2024-12-07,110,16545
TAXIFY-1189,2024-12-08,97,16642
TAXIFY-1189,2024-12-09,204,16846
TAXIFY-1189,2024-12-10,220,17066
TAXIFY-1189,2024-12-11,210,17276
TAXIFY-1189,2024-12-12,208,17484
TAXIFY-1189,2024-12-13,217,17701
TAXIFY-1189,2024-12-14,87,17788
TAXIFY-1189,2024-12-15,92,17880
TAXIFY-1189,2024-12-16,197,18077
TAXIFY-1189,2024-12-17,216,18293
TAXIFY-1189,2024-12-18,227,18520
TAXIFY-1189,2024-12-19,210,18730
TAXIFY-1189,2024-12-20,191,18921
TAXIFY-1189,2024-12-21,99,19020
TAXIFY-1189,2024-12-22,93,19113
TAXIFY-1189,2024-12-23,190,19303
TAXIFY-1189,2024-12-24,187,19490
TAXIFY-1189,2024-12-25,208,19698
TAXIFY-1189,2024-12-26,206,19904
TAXIFY-1189,2024-12-27,216,20120
TAXIFY-1189,2024-12-28,101,20221
TAXIFY-1189,2024-12-29,96,20317
TAXIFY-1189,2024-12-30,207,20524
TAXIFY-1189,2024-12-31,218,20742
TAXIFY-1189,2025-01-01,209,20951
TAXIFY-1189,2025-01-02,220,21171
TAXIFY-1189,2025-01-03,203,21374
TAXIFY-1189,2025-01-04,88,21462
TAXIFY-1189,2025-01-05,106,21568
TAXIFY-1189,2025-01-06,212,21780
TAXIFY-1189,2025-01-07,226,22006
TAXIFY-1189,2025-01-08,186,22192
TAXIFY-1189,2025-01-09,203,22395
TAXIFY-1189,2025-01-10,202,22597
TAXIFY-1189,2025-01-11,97,22694
TAXIFY-1189,2025-01-12,88,22782
TAXIFY-1189,2025-01-13,193,22975
TAXIFY-1189,2025-01-14,195,23170
TAXIFY-1189,2025-01-15,192,23362
TAXIFY-1189,2025-01-16,205,23567
TAXIFY-1189,2025-01-17,224,23791
TAXIFY-1189,2025-01-18,105,23896
TAXIFY-1189,2025-01-19,93,23989
TAXIFY-1189,2025-01-20,215,24204
TAXIFY-1189,2025-01-21,217,24421
TAXIFY-1189,2025-01-22,208,24629
TAXIFY-1189,2025-01-23,225,24854
TAXIFY-1189,2025-01-24,196,25050
TAXIFY-1189,2025-01-25,117,25167
TAXIFY-1189,2025-01-26,101,25268
TAXIFY-1189,2025-01-27,162,25430
TAXIFY-1189,2025-01-28,234,25664
TAXIFY-1189,2025-01-29,180,25844
TAXIFY-1189,2025-01-30,197,26041
TAXIFY-1189,2025-01-31,192,26233
TAXIFY-1189,2025-02-01,194,26427
TAXIFY-1189,2025-02-02,199,26626
TAXIFY-1189,2025-02-03,429,27055
TAXIFY-1189,2025-02-04,413,27468
TAXIFY-1189,2025-02-05,398,27866
TAXIFY-1189,2025-02-06,384,28250
TAXIFY-1189,2025-02-07,393,28643
TAXIFY-1189,2025-02-08,217,28860
TAXIFY-1189,2025-02-09,203,29063
TAXIFY-1189,2025-02-10,375,29438
TAXIFY-1189,2025-02-11,417,29855
TAXIFY-1189,2025-02-12,454,30309
TAXIFY-1189,2025-02-13,372,30681
TAXIFY-1189,2025-02-14,340,31021
TAXIFY-1189,2025-02-15,200,31221
TAXIFY-1189,2025-02-16,209,31430
TAXIFY-1189,2025-02-17,448,31878
TAXIFY-1189,2025-02-18,373,32251
TAXIFY-1189,2025-02-19,392,32643
TAXIFY-1189,2025-02-20,385,33028
TAXIFY-1189,2025-02-21,421,33449
TAXIFY-1189,2025-02-22,182,33631
TAXIFY-1189,2025-02-23,221,33852
TAXIFY-1189,2025-02-24,416,34268
TAXIFY-1189,2025-02-25,359,34627
TAXIFY-1189,2025-02-26,389,35016
TAXIFY-1189,2025-02-27,403,35419
TAXIFY-1189,2025-02-28,375,35794
TAXIFY-1189,2025-03-01,263,36057
TAXIFY-1189,2025-03-02,264,36321
TAXIFY-1189,2025-03-03,527,36848
TAXIFY-1189,2025-03-04,462,37310
TAXIFY-1189,2025-03-05,598,37908
TAXIFY-1189,2025-03-06,615,38523
TAXIFY-1189,2025-03-07,480,39003
TAXIFY-1189,2025-03-08,282,39285
TAXIFY-1189,2025-03-09,271,39556
TAXIFY-1189,2025-03-10,542,40098
TAXIFY-1189,2025-03-11,518,40616
TAXIFY-1189,2025-03-12,541,41157
TAXIFY-1189,2025-03-13,658,41815
TAXIFY-1189,2025-03-14,591,42406
TAXIFY-1189,2025-03-15,277,42683
TAXIFY-1189,2025-03-16,247,42930
TAXIFY-1189,2025-03-17,536,43466
TAXIFY-1189,2025-03-18,556,44022
TAXIFY-1189,2025-03-19,520,44542
TAXIFY-1189,2025-03-20,567,45109
TAXIFY-1189,2025-03-21,551,45660
TAXIFY-1189,2025-03-22,297,45957
TAXIFY-1189,2025-03-23,261,46218
TAXIFY-1189,2025-03-24,579,46797
TAXIFY-1189,2025-03-25,583,47380
TAXIFY-1189,2025-03-26,570,47950
TAXIFY-1189,2025-03-27,547,48497
TAXIFY-1189,2025-03-28,587,49084
TAXIFY-1189,2025-03-29,265,49349
TAXIFY-1189,2025-03-30,237,49586
TAXIFY-1189,2025-03-31,540,50126
TAXIFY-1189,2025-04-01,399,50525
TAXIFY-1189,2025-04-02,372,50897
TAXIFY-1189,2025-04-03,395,51292
TAXIFY-1189,2025-04-04,340,51632
TAXIFY-1189,2025-04-05,209,51841
TAXIFY-1189,2025-04-06,208,52049
TAXIFY-1189,2025-04-07,397,52446
TAXIFY-1189,2025-04-08,439,52885
TAXIFY-1189,2025-04-09,369,53254
TAXIFY-1189,2025-04-10,423,53677
TAXIFY-1189,2025-04-11,411,54088
TAXIFY-1189,2025-04-12,192,54280
TAXIFY-1189,2025-04-13,196,54476
TAXIFY-1189,2025-04-14,396,54872
TAXIFY-1189,2025-04-15,407,55279
TAXIFY-1189,2025-04-16,402,55681
TAXIFY-1189,2025-04-17,354,56035
TAXIFY-1189,2025-04-18,424,56459
TAXIFY-1189,2025-04-19,213,56672
TAXIFY-1189,2025-04-20,201,56873
TAXIFY-1189,2025-04-21,429,57302
TAXIFY-1189,2025-04-22,371,57673
TAXIFY-1189,2025-04-23,451,58124
TAXIFY-1189,2025-04-24,371,58495
TAXIFY-1189,2025-04-25,430,58925
TAXIFY-1189,2025-04-26,202,59127
TAXIFY-1189,2025-04-27,205,59332
TAXIFY-1189,2025-04-28,439,59771
TAXIFY-1189,2025-04-29,418,60189
TAXIFY-1189,2025-04-30,374,60563
TAXIFY-1189,2025-05-01,207,60770
TAXIFY-1189,2025-05-02,233,61003
TAXIFY-1189,2025-05-03,114,61117
TAXIFY-1189,2025-05-04,107,61224
TAXIFY-1189,2025-05-05,206,61430
TAXIFY-1189,2025-05-06,186,61616
TAXIFY-1189,2025-05-07,206,61822
TAXIFY-1189,2025-05-08,198,62020
TAXIFY-1189,2025-05-09,190,62210
TAXIFY-1189,2025-05-10,98,62308
TAXIFY-1189,2025-05-11,93,62401
TAXIFY-1189,2025-05-12,236,62637
TAXIFY-1189,2025-05-13,193,62830
TAXIFY-1189,2025-05-14,212,63042
TAXIFY-1189,2025-05-15,199,63241
TAXIFY-1189,2025-05-16,179,63420
TAXIFY-1189,2025-05-17,99,63519
TAXIFY-1189,2025-05-18,100,63619
TAXIFY-1189,2025-05-19,223,63842
TAXIFY-1189,2025-05-20,197,64039
TAXIFY-1189,2025-05-21,183,64222
TAXIFY-1189,2025-05-22,181,64403
TAXIFY-1189,2025-05-23,215,64618
TAXIFY-1189,2025-05-24,94,64712
TAXIFY-1189,2025-05-25,100,64812
TAXIFY-1189,2025-05-26,172,64984
TAXIFY-1189,2025-05-27,226,65210
TAXIFY-1189,2025-05-28,184,65394
TAXIFY-1189,2025-05-29,213,65607
TAXIFY-1189,2025-05-30,216,65823
TAXIFY-1189,2025-05-31,116,65939
TAXIFY-1189,2025-06-01,73,66012
TAXIFY-1189,2025-06-02,160,66172
TAXIFY-1189,2025-06-03,197,66369
TAXIFY-1189,2025-06-04,151,66520
TAXIFY-1189,2025-06-05,158,66678
TAXIFY-1189,2025-06-06,169,66847
TAXIFY-1189,2025-06-07,85,66932
TAXIFY-1189,2025-06-08,92,67024
TAXIFY-1189,2025-06-09,152,67176
TAXIFY-1189,2025-06-10,153,67329
TAXIFY-1189,2025-06-11,161,67490
TAXIFY-1189,2025-06-12,181,67671
TAXIFY-1189,2025-06-13,151,67822
TAXIFY-1189,2025-06-14,77,67899
TAXIFY-1189,2025-06-15,76,67975
TAXIFY-1189,2025-06-16,157,68132
TAXIFY-1189,2025-06-17,153,68285
TAXIFY-1189,2025-06-18,164,68449
TAXIFY-1189,2025-06-19,156,68605
TAXIFY-1189,2025-06-20,172,68777
TAXIFY-1189,2025-06-21,79,68856
TAXIFY-1189,2025-06-22,68,68924
TAXIFY-1189,2025-06-23,179,69103
TAXIFY-1189,2025-06-24,169,69272
TAXIFY-1189,2025-06-25,174,69446
TAXIFY-1189,2025-06-26,155,69601
TAXIFY-1189,2025-06-27,185,69786
TAXIFY-1189,2025-06-28,84,69870
TAXIFY-1189,2025-06-29,84,69954
TAXIFY-1189,2025-06-30,131,70085
TAXIFY-1189,2025-07-01,157,70242
TAXIFY-1189,2025-07-02,167,70409
TAXIFY-1189,2025-07-03,163,70572
TAXIFY-1189,2025-07-04,152,70724
TAXIFY-1189,2025-07-05,62,70786
TAXIFY-1189,2025-07-06,80,70866
TAXIFY-1189,2025-07-07,163,71029
TAXIFY-1189,2025-07-08,178,71207
TAXIFY-1189,2025-07-09,167,71374
TAXIFY-1189,2025-07-10,162,71536
TAXIFY-1189,2025-07-11,161,71697
TAXIFY-1189,2025-07-12,80,71777
TAXIFY-1189,2025-07-13,76,71853
TAXIFY-1189,2025-07-14,154,72007
TAXIFY-1189,2025-07-15,162,72169
TAXIFY-1189,2025-07-16,175,72344
TAXIFY-1189,2025-07-17,169,72513
TAXIFY-1189,2025-07-18,166,72679
TAXIFY-1189,2025-07-19,70,72749
TAXIFY-1189,2025-07-20,85,72834
TAXIFY-1189,2025-07-21,164,72998
TAXIFY-1189,2025-07-22,191,73189
TAXIFY-1189,2025-07-23,160,73349
TAXIFY-1189,2025-07-24,168,73517
TAXIFY-1189,2025-07-25,166,73683
TAXIFY-1189,2025-07-26,79,73762
TAXIFY-1189,2025-07-27,79,73841
TAXIFY-1189,2025-07-28,153,73994
TAXIFY-1189,2025-07-29,167,74161
TAXIFY-1189,2025-07-30,143,74304
TAXIFY-1189,2025-07-31,195,74499
TAXIFY-1189,2025-08-01,158,74657
TAXIFY-1189,2025-08-02,76,74733
TAXIFY-1189,2025-08-03,78,74811
TAXIFY-1189,2025-08-04,172,74983
TAXIFY-1189,2025-08-05,169,75152
TAXIFY-1189,2025-08-06,159,75311
TAXIFY-1189,2025-08-07,154,75465
TAXIFY-1189,2025-08-08,146,75611
TAXIFY-1189,2025-08-09,79,75690
TAXIFY-1189,2025-08-10,82,75772
TAXIFY-1189,2025-08-11,132,75904
TAXIFY-1189,2025-08-12,172,76076
TAXIFY-1189,2025-08-13,166,76242
TAXIFY-1189,2025-08-14,156,76398
TAXIFY-1189,2025-08-15,160,76558
TAXIFY-1189,2025-08-16,74,76632
TAXIFY-1189,2025-08-17,80,76712
TAXIFY-1189,2025-08-18,133,76845
TAXIFY-1189,2025-08-19,172,77017
TAXIFY-1189,2025-08-20,157,77174
TAXIFY-1189,2025-08-21,136,77310
TAXIFY-1189,2025-08-22,173,77483
TAXIFY-1189,2025-08-23,77,77560
TAXIFY-1189,2025-08-24,76,77636
TAXIFY-1189,2025-08-25,154,77790
TAXIFY-1189,2025-08-26,153,77943
TAXIFY-1189,2025-08-27,167,78110
TAXIFY-1189,2025-08-28,158,78268
TAXIFY-1189,2025-08-29,154,78422
TAXIFY-1189,2025-08-30,78,78500
TAXIFY-1189,2025-08-31,87,78587
TAXIFY-1190,2024-09-01,272,272
TAXIFY-1190,2024-09-02,572,844
TAXIFY-1190,2024-09-03,530,1374
TAXIFY-1190,2024-09-04,633,2007
TAXIFY-1190,2024-09-05,546,2553
TAXIFY-1190,2024-09-06,646,3199
TAXIFY-1190,2024-09-07,344,3543
TAXIFY-1190,2024-09-08,304,3847
TAXIFY-1190,2024-09-09,545,4392
TAXIFY-1190,2024-09-10,532,4924
TAXIFY-1190,2024-09-11,630,5554
TAXIFY-1190,2024-09-12,589,6143
TAXIFY-1190,2024-09-13,575,6718
TAXIFY-1190,2024-09-14,300,7018
TAXIFY-1190,2024-09-15,266,7284
TAXIFY-1190,2024-09-16,566,7850
TAXIFY-1190,2024-09-17,532,8382
TAXIFY-1190,2024-09-18,593,8975
TAXIFY-1190,2024-09-19,607,9582
TAXIFY-1190,2024-09-20,627,10209
TAXIFY-1190,2024-09-21,273,10482
TAXIFY-1190,2024-09-22,311,10793
TAXIFY-1190,2024-09-23,496,11289
TAXIFY-1190,2024-09-24,526,11815
TAXIFY-1190,2024-09-25,605,12420
TAXIFY-1190,2024-09-26,601,13021
TAXIFY-1190,2024-09-27,595,13616
TAXIFY-1190,2024-09-28,251,13867
TAXIFY-1190,2024-09-29,312,14179
TAXIFY-1190,2024-09-30,590,14769
TAXIFY-1190,2024-10-01,585,15354
TAXIFY-1190,2024-10-02,610,15964
TAXIFY-1190,2024-10-03,556,16520
TAXIFY-1190,2024-10-04,632,17152
TAXIFY-1190,2024-10-05,294,17446
TAXIFY-1190,2024-10-06,297,17743
TAXIFY-1190,2024-10-07,612,18355
TAXIFY-1190,2024-10-08,499,18854
TAXIFY-1190,2024-10-09,556,19410
TAXIFY-1190,2024-10-10,559,19969
TAXIFY-1190,2024-10-11,545,20514
TAXIFY-1190,2024-10-12,294,20808
TAXIFY-1190,2024-10-13,279,21087
TAXIFY-1190,2024-10-14,615,21702
TAXIFY-1190,2024-10-15,588,22290
TAXIFY-1190,2024-10-16,543,22833
TAXIFY-1190,2024-10-17,586,23419
TAXIFY-1190,2024-10-18,528,23947
TAXIFY-1190,2024-10-19,260,24207
TAXIFY-1190,2024-10-20,281,24488
TAXIFY-1190,2024-10-21,600,25088
TAXIFY-1190,2024-10-22,603,25691
TAXIFY-1190,2024-10-23,604,26295
TAXIFY-1190,2024-10-24,550,26845
TAXIFY-1190,2024-10-25,548,27393
TAXIFY-1190,2024-10-26,231,27624
TAXIFY-1190,2024-10-27,254,27878
TAXIFY-1190,2024-10-28,653,28531
TAXIFY-1190,2024-10-29,579,29110
TAXIFY-1190,2024-10-30,554,29664
TAXIFY-1190,2024-10-31,614,30278
TAXIFY-1190,2024-11-01,596,30874
TAXIFY-1190,2024-11-02,295,31169
TAXIFY-1190,2024-11-03,278,31447
TAXIFY-1190,2024-11-04,571,32018
TAXIFY-1190,2024-11-05,605,32623
TAXIFY-1190,2024-11-06,622,33245
TAXIFY-1190,2024-11-07,569,33814
TAXIFY-1190,2024-11-08,604,34418
TAXIFY-1190,2024-11-09,249,34667
TAXIFY-1190,2024-11-10,269,34936
TAXIFY-1190,2024-11-11,559,35495
TAXIFY-1190,2024-11-12,525,36020
TAXIFY-1190,2024-11-13,553,36573
TAXIFY-1190,2024-11-14,696,37269
TAXIFY-1190,2024-11-15,660,37929
TAXIFY-1190,2024-11-16,258,38187
TAXIFY-1190,2024-11-17,281,38468
TAXIFY-1190,2024-11-18,559,39027
TAXIFY-1190,2024-11-19,545,39572
TAXIFY-1190,2024-11-20,513,40085
TAXIFY-1190,2024-11-21,568,40653
TAXIFY-1190,2024-11-22,537,41190
TAXIFY-1190,2024-11-23,257,41447
TAXIFY-1190,2024-11-24,271,41718
TAXIFY-1190,2024-11-25,627,42345
TAXIFY-1190,2024-11-26,550,42895
TAXIFY-1190,2024-11-27,549,43444
TAXIFY-1190,2024-11-28,575,44019
TAXIFY-1190,2024-11-29,623,44642
TAXIFY-1190,2024-11-30,254,44896
TAXIFY-1190,2024-12-01,301,45197
TAXIFY-1190,2024-12-02,583,45780
TAXIFY-1190,2024-12-03,615,46395
TAXIFY-1190,2024-12-04,602,46997
TAXIFY-1190,2024-12-05,661,47658
TAXIFY-1190,2024-12-06,547,48205
TAXIFY-1190,2024-12-07,267,48472
TAXIFY-1190,2024-12-08,272,48744
TAXIFY-1190,2024-12-09,587,49331
TAXIFY-1190,2024-12-10,627,49958
TAXIFY-1190,2024-12-11,640,50598
TAXIFY-1190,2024-12-12,547,51145
TAXIFY-1190,2024-12-13,655,51800
TAXIFY-1190,2024-12-14,292,52092
TAXIFY-1190,2024-12-15,285,52377
TAXIFY-1190,2024-12-16,571,52948
TAXIFY-1190,2024-12-17,636,53584
TAXIFY-1190,2024-12-18,532,54116
TAXIFY-1190,2024-12-19,591,54707
TAXIFY-1190,2024-12-20,582,55289
TAXIFY-1190,2024-12-21,256,55545
TAXIFY-1190,2024-12-22,227,55772
TAXIFY-1190,2024-12-23,579,56351
TAXIFY-1190,2024-12-24,517,56868
TAXIFY-1190,2024-12-25,561,57429
TAXIFY-1190,2024-12-26,572,58001
TAXIFY-1190,2024-12-27,496,58497
TAXIFY-1190,2024-12-28,283,58780
TAXIFY-1190,2024-12-29,274,59054
TAXIFY-1190,2024-12-30,549,59603
TAXIFY-1190,2024-12-31,551,60154
TAXIFY-1190,2025-01-01,556,60710
TAXIFY-1190,2025-01-02,525,61235
TAXIFY-1190,2025-01-03,754,61989
TAXIFY-1190,2025-01-04,248,62237
TAXIFY-1190,2025-01-05,296,62533
TAXIFY-1190,2025-01-06,559,63092
TAXIFY-1190,2025-01-07,538,63630
TAXIFY-1190,2025-01-08,601,64231
TAXIFY-1190,2025-01-09,623,64854
TAXIFY-1190,2025-01-10,581,65435
TAXIFY-1190,2025-01-11,290,65725
TAXIFY-1190,2025-01-12,292,66017
TAXIFY-1190,2025-01-13,563,66580
TAXIFY-1190,2025-01-14,607,67187
TAXIFY-1190,2025-01-15,519,67706
TAXIFY-1190,2025-01-16,516,68222
TAXIFY-1190,2025-01-17,625,68847
TAXIFY-1190,2025-01-18,246,69093
TAXIFY-1190,2025-01-19,281,69374
TAXIFY-1190,2025-01-20,515,69889
TAXIFY-1190,2025-01-21,565,70454
TAXIFY-1190,2025-01-22,547,71001
TAXIFY-1190,2025-01-23,617,71618
TAXIFY-1190,2025-01-24,654,72272
TAXIFY-1190,2025-01-25,261,72533
TAXIFY-1190,2025-01-26,267,72800
TAXIFY-1190,2025-01-27,551,73351
TAXIFY-1190,2025-01-28,565,73916
TAXIFY-1190,2025-01-29,614,74530
TAXIFY-1190,2025-01-30,527,75057
TAXIFY-1190,2025-01-31,562,75619
TAXIFY-1190,2025-02-01,563,76182
TAXIFY-1190,2025-02-02,553,76735
TAXIFY-1190,2025-02-03,1203,77938
TAXIFY-1190,2025-02-04,1126,79064
TAXIFY-1190,2025-02-05,998,80062
TAXIFY-1190,2025-02-06,1024,81086
TAXIFY-1190,2025-02-07,1137,82223
TAXIFY-1190,2025-02-08,658,82881
TAXIFY-1190,2025-02-09,598,83479
TAXIFY-1190,2025-02-10,1237,84716
TAXIFY-1190,2025-02-11,1145,85861
TAXIFY-1190,2025-02-12,1150,87011
TAXIFY-1190,2025-02-13,1171,88182
TAXIFY-1190,2025-02-14,1154,89336
TAXIFY-1190,2025-02-15,583,89919
TAXIFY-1190,2025-02-16,624,90543
TAXIFY-1190,2025-02-17,1156,91699
TAXIFY-1190,2025-02-18,1140,92839
TAXIFY-1190,2025-02-19,1297,94136
TAXIFY-1190,2025-02-20,1195,95331
TAXIFY-1190,2025-02-21,985,96316
TAXIFY-1190,2025-02-22,536,96852
TAXIFY-1190,2025-02-23,514,97366
TAXIFY-1190,2025-02-24,1198,98564
TAXIFY-1190,2025-02-25,1270,99834
TAXIFY-1190,2025-02-26,1221,101055
TAXIFY-1190,2025-02-27,1136,102191
TAXIFY-1190,2025-02-28,1310,103501
TAXIFY-1190,2025-03-01,823,104324
TAXIFY-1190,2025-03-02,863,105187
TAXIFY-1190,2025-03-03,1659,106846
TAXIFY-1190,2025-03-04,1467,108313
TAXIFY-1190,2025-03-05,1557,109870
TAXIFY-1190,2025-03-06,1672,111542
TAXIFY-1190,2025-03-07,1653,113195
TAXIFY-1190,2025-03-08,794,113989
TAXIFY-1190,2025-03-09,777,114766
TAXIFY-1190,2025-03-10,1685,116451
TAXIFY-1190,2025-03-11,1736,118187
TAXIFY-1190,2025-03-12,1643,119830
TAXIFY-1190,2025-03-13,1814,121644
TAXIFY-1190,2025-03-14,1762,123406
TAXIFY-1190,2025-03-15,775,124181
TAXIFY-1190,2025-03-16,854,125035
TAXIFY-1190,2025-03-17,1975,127010
TAXIFY-1190,2025-03-18,1505,128515
TAXIFY-1190,2025-03-19,1687,130202
TAXIFY-1190,2025-03-20,1391,131593
TAXIFY-1190,2025-03-21,1704,133297
TAXIFY-1190,2025-03-22,863,134160
TAXIFY-1190,2025-03-23,800,134960
TAXIFY-1190,2025-03-24,1571,136531
TAXIFY-1190,2025-03-25,1608,138139
TAXIFY-1190,2025-03-26,1455,139594
TAXIFY-1190,2025-03-27,1566,141160
TAXIFY-1190,2025-03-28,1595,142755
TAXIFY-1190,2025-03-29,856,143611
TAXIFY-1190,2025-03-30,657,144268
TAXIFY-1190,2025-03-31,1632,145900
TAXIFY-1190,2025-04-01,1071,146971
TAXIFY-1190,2025-04-02,1153,148124
TAXIFY-1190,2025-04-03,1334,149458
TAXIFY-1190,2025-04-04,1102,150560
TAXIFY-1190,2025-04-05,512,151072
TAXIFY-1190,2025-04-06,500,151572
TAXIFY-1190,2025-04-07,1161,152733
TAXIFY-1190,2025-04-08,1262,153995
TAXIFY-1190,2025-04-09,996,154991
TAXIFY-1190,2025-04-10,1214,156205
TAXIFY-1190,2025-04-11,1087,157292
TAXIFY-1190,2025-04-12,573,157865
TAXIFY-1190,2025-04-13,636,158501
TAXIFY-1190,2025-04-14,1120,159621
TAXIFY-1190,2025-04-15,1193,160814
TAXIFY-1190,2025-04-16,1092,161906
TAXIFY-1190,2025-04-17,1123,163029
TAXIFY-1190,2025-04-18,1142,164171
TAXIFY-1190,2025-04-19,563,164734
TAXIFY-1190,2025-04-20,478,165212
TAXIFY-1190,2025-04-21,1158,166370
TAXIFY-1190,2025-04-22,1203,167573
TAXIFY-1190,2025-04-23,1161,168734
TAXIFY-1190,2025-04-24,1229,169963
TAXIFY-1190,2025-04-25,1177,171140
TAXIFY-1190,2025-04-26,510,171650
TAXIFY-1190,2025-04-27,555,172205
TAXIFY-1190,2025-04-28,1059,173264
TAXIFY-1190,2025-04-29,909,174173
TAXIFY-1190,2025-04-30,1243,175416
TAXIFY-1190,2025-05-01,706,176122
TAXIFY-1190,2025-05-02,543,176665
TAXIFY-1190,2025-05-03,291,176956
TAXIFY-1190,2025-05-04,266,177222
TAXIFY-1190,2025-05-05,584,177806
TAXIFY-1190,2025-05-06,630,178436
TAXIFY-1190,2025-05-07,597,179033
TAXIFY-1190,2025-05-08,620,179653
TAXIFY-1190,2025-05-09,642,180295
TAXIFY-1190,2025-05-10,327,180622
TAXIFY-1190,2025-05-11,294,180916
TAXIFY-1190,2025-05-12,535,181451
TAXIFY-1190,2025-05-13,544,181995
TAXIFY-1190,2025-05-14,567,182562
TAXIFY-1190,2025-05-15,562,183124
TAXIFY-1190,2025-05-16,510,183634
TAXIFY-1190,2025-05-17,286,183920
TAXIFY-1190,2025-05-18,290,184210
TAXIFY-1190,2025-05-19,533,184743
TAXIFY-1190,2025-05-20,571,185314
TAXIFY-1190,2025-05-21,520,185834
TAXIFY-1190,2025-05-22,585,186419
TAXIFY-1190,2025-05-23,536,186955
TAXIFY-1190,2025-05-24,294,187249
TAXIFY-1190,2025-05-25,301,187550
TAXIFY-1190,2025-05-26,611,188161
TAXIFY-1190,2025-05-27,655,188816
TAXIFY-1190,2025-05-28,596,189412
TAXIFY-1190,2025-05-29,572,189984
TAXIFY-1190,2025-05-30,617,190601
TAXIFY-1190,2025-05-31,250,190851
TAXIFY-1190,2025-06-01,221,191072
TAXIFY-1190,2025-06-02,441,191513
TAXIFY-1190,2025-06-03,430,191943
TAXIFY-1190,2025-06-04,451,192394
TAXIFY-1190,2025-06-05,536,192930
TAXIFY-1190,2025-06-06,451,193381
TAXIFY-1190,2025-06-07,239,193620
TAXIFY-1190,2025-06-08,214,193834
TAXIFY-1190,2025-06-09,431,194265
TAXIFY-1190,2025-06-10,425,194690
TAXIFY-1190,2025-06-11,432,195122
TAXIFY-1190,2025-06-12,514,195636
TAXIFY-1190,2025-06-13,445,196081
TAXIFY-1190,2025-06-14,215,196296
TAXIFY-1190,2025-06-15,238,196534
TAXIFY-1190,2025-06-16,463,196997
TAXIFY-1190,2025-06-17,522,197519
TAXIFY-1190,2025-06-18,472,197991
TAXIFY-1190,2025-06-19,511,198502
TAXIFY-1190,2025-06-20,416,198918
TAXIFY-1190,2025-06-21,227,199145
TAXIFY-1190,2025-06-22,243,199388
TAXIFY-1190,2025-06-23,434,199822
TAXIFY-1190,2025-06-24,463,200285
TAXIFY-1190,2025-06-25,416,200701
TAXIFY-1190,2025-06-26,457,201158
TAXIFY-1190,2025-06-27,405,201563
TAXIFY-1190,2025-06-28,215,201778
TAXIFY-1190,2025-06-29,206,201984
TAXIFY-1190,2025-06-30,451,202435
TAXIFY-1190,2025-07-01,478,202913
TAXIFY-1190,2025-07-02,409,203322
TAXIFY-1190,2025-07-03,477,203799
TAXIFY-1190,2025-07-04,437,204236
TAXIFY-1190,2025-07-05,190,204426
TAXIFY-1190,2025-07-06,243,204669
TAXIFY-1190,2025-07-07,473,205142
TAXIFY-1190,2025-07-08,445,205587
TAXIFY-1190,2025-07-09,491,206078
TAXIFY-1190,2025-07-10,536,206614
TAXIFY-1190,2025-07-11,463,207077
TAXIFY-1190,2025-07-12,251,207328
TAXIFY-1190,2025-07-13,199,207527
TAXIFY-1190,2025-07-14,474,208001
TAXIFY-1190,2025-07-15,476,208477
TAXIFY-1190,2025-07-16,476,208953
TAXIFY-1190,2025-07-17,407,209360
TAXIFY-1190,2025-07-18,439,209799
TAXIFY-1190,2025-07-19,235,210034
TAXIFY-1190,2025-07-20,228,210262
TAXIFY-1190,2025-07-21,446,210708
TAXIFY-1190,2025-07-22,483,211191
TAXIFY-1190,2025-07-23,434,211625
TAXIFY-1190,2025-07-24,445,212070
TAXIFY-1190,2025-07-25,480,212550
TAXIFY-1190,2025-07-26,250,212800
TAXIFY-1190,2025-07-27,235,213035
TAXIFY-1190,2025-07-28,518,213553
TAXIFY-1190,2025-07-29,517,214070
TAXIFY-1190,2025-07-30,524,214594
TAXIFY-1190,2025-07-31,422,215016
TAXIFY-1190,2025-08-01,456,215472
TAXIFY-1190,2025-08-02,232,215704
TAXIFY-1190,2025-08-03,211,215915
TAXIFY-1190,2025-08-04,452,216367
TAXIFY-1190,2025-08-05,434,216801
TAXIFY-1190,2025-08-06,380,217181
TAXIFY-1190,2025-08-07,420,217601
TAXIFY-1190,2025-08-08,460,218061
TAXIFY-1190,2025-08-09,261,218322
TAXIFY-1190,2025-08-10,205,218527
TAXIFY-1190,2025-08-11,505,219032
TAXIFY-1190,2025-08-12,459,219491
TAXIFY-1190,2025-08-13,454,219945
TAXIFY-1190,2025-08-14,428,220373
TAXIFY-1190,2025-08-15,443,220816
TAXIFY-1190,2025-08-16,225,221041
TAXIFY-1190,2025-08-17,243,221284
TAXIFY-1190,2025-08-18,453,221737
TAXIFY-1190,2025-08-19,525,222262
TAXIFY-1190,2025-08-20,417,222679
TAXIFY-1190,2025-08-21,513,223192
TAXIFY-1190,2025-08-22,433,223625
TAXIFY-1190,2025-08-23,218,223843
TAXIFY-1190,2025-08-24,237,224080
TAXIFY-1190,2025-08-25,496,224576
TAXIFY-1190,2025-08-26,447,225023
TAXIFY-1190,2025-08-27,397,225420
TAXIFY-1190,2025-08-28,462,225882
TAXIFY-1190,2025-08-29,417,226299
TAXIFY-1190,2025-08-30,218,226517
TAXIFY-1190,2025-08-31,242,226759
TAXIFY-1191,2024-09-01,286,286
TAXIFY-1191,2024-09-02,577,863
TAXIFY-1191,2024-09-03,633,1496
TAXIFY-1191,2024-09-04,474,1970
TAXIFY-1191,2024-09-05,631,2601
TAXIFY-1191,2024-09-06,586,3187
TAXIFY-1191,2024-09-07,288,3475
TAXIFY-1191,2024-09-08,288,3763
TAXIFY-1191,2024-09-09,609,4372
TAXIFY-1191,2024-09-10,627,4999
TAXIFY-1191,2024-09-11,568,5567
TAXIFY-1191,2024-09-12,573,6140
TAXIFY-1191,2024-09-13,607,6747
TAXIFY-1191,2024-09-14,241,6988
TAXIFY-1191,2024-09-15,287,7275
TAXIFY-1191,2024-09-16,602,7877
TAXIFY-1191,2024-09-17,556,8433
TAXIFY-1191,2024-09-18,542,8975
TAXIFY-1191,2024-09-19,572,9547
TAXIFY-1191,2024-09-20,552,10099
TAXIFY-1191,2024-09-21,284,10383
TAXIFY-1191,2024-09-22,278,10661
TAXIFY-1191,2024-09-23,651,11312
TAXIFY-1191,2024-09-24,526,11838
TAXIFY-1191,2024-09-25,618,12456
TAXIFY-1191,2024-09-26,552,13008
TAXIFY-1191,2024-09-27,594,13602
TAXIFY-1191,2024-09-28,304,13906
TAXIFY-1191,2024-09-29,325,14231
TAXIFY-1191,2024-09-30,597,14828
TAXIFY-1191,2024-10-01,561,15389
TAXIFY-1191,2024-10-02,582,15971
TAXIFY-1191,2024-10-03,668,16639
TAXIFY-1191,2024-10-04,587,17226
TAXIFY-1191,2024-10-05,259,17485
TAXIFY-1191,2024-10-06,280,17765
TAXIFY-1191,2024-10-07,560,18325
TAXIFY-1191,2024-10-08,613,18938
TAXIFY-1191,2024-10-09,522,19460
TAXIFY-1191,2024-10-10,555,20015
TAXIFY-1191,2024-10-11,589,20604
TAXIFY-1191,2024-10-12,283,20887
TAXIFY-1191,2024-10-13,291,21178
TAXIFY-1191,2024-10-14,586,21764
TAXIFY-1191,2024-10-15,589,22353
TAXIFY-1191,2024-10-16,536,22889
TAXIFY-1191,2024-10-17,616,23505
TAXIFY-1191,2024-10-18,554,24059
TAXIFY-1191,2024-10-19,289,24348
TAXIFY-1191,2024-10-20,261,24609
TAXIFY-1191,2024-10-21,581,25190
TAXIFY-1191,2024-10-22,588,25778
TAXIFY-1191,2024-10-23,581,26359
TAXIFY-1191,2024-10-24,543,26902
TAXIFY-1191,2024-10-25,631,27533
TAXIFY-1191,2024-10-26,303,27836
TAXIFY-1191,2024-10-27,286,28122
TAXIFY-1191,2024-10-28,572,28694
TAXIFY-1191,2024-10-29,545,29239
TAXIFY-1191,2024-10-30,550,29789
TAXIFY-1191,2024-10-31,647,30436
TAXIFY-1191,2024-11-01,562,30998
TAXIFY-1191,2024-11-02,353,31351
TAXIFY-1191,2024-11-03,262,31613
TAXIFY-1191,2024-11-04,596,32209
TAXIFY-1191,2024-11-05,590,32799
TAXIFY-1191,2024-11-06,581,33380
TAXIFY-1191,2024-11-07,505,33885
TAXIFY-1191,2024-11-08,515,34400
TAXIFY-1191,2024-11-09,294,34694
TAXIFY-1191,2024-11-10,266,34960
TAXIFY-1191,2024-11-11,635,35595
TAXIFY-1191,2024-11-12,569,36164
TAXIFY-1191,2024-11-13,591,36755
TAXIFY-1191,2024-11-14,577,37332
TAXIFY-1191,2024-11-15,576,37908
TAXIFY-1191,2024-11-16,325,38233
TAXIFY-1191,2024-11-17,314,38547
TAXIFY-1191,2024-11-18,586,39133
TAXIFY-1191,2024-11-19,610,39743
TAXIFY-1191,2024-11-20,633,40376
TAXIFY-1191,2024-11-21,551,40927
TAXIFY-1191,2024-11-22,507,41434
TAXIFY-1191,2024-11-23,302,41736
TAXIFY-1191,2024-11-24,318,42054
TAXIFY-1191,2024-11-25,500,42554
TAXIFY-1191,2024-11-26,551,43105
TAXIFY-1191,2024-11-27,568,43673
TAXIFY-1191,2024-11-28,533,44206
TAXIFY-1191,2024-11-29,572,44778
TAXIFY-1191,2024-11-30,263,45041
TAXIFY-1191,2024-12-01,282,45323
TAXIFY-1191,2024-12-02,611,45934
TAXIFY-1191,2024-12-03,483,46417
TAXIFY-1191,2024-12-04,530,46947
TAXIFY-1191,2024-12-05,644,47591
TAXIFY-1191,2024-12-06,541,48132
TAXIFY-1191,2024-12-07,229,48361
TAXIFY-1191,2024-12-08,293,48654
TAXIFY-1191,2024-12-09,576,49230
TAXIFY-1191,2024-12-10,586,49816
TAXIFY-1191,2024-12-11,582,50398
TAXIFY-1191,2024-12-12,638,51036
TAXIFY-1191,2024-12-13,546,51582
TAXIFY-1191,2024-12-14,287,51869
TAXIFY-1191,2024-12-15,279,52148
TAXIFY-1191,2024-12-16,610,52758
TAXIFY-1191,2024-12-17,615,53373
TAXIFY-1191,2024-12-18,596,53969
TAXIFY-1191,2024-12-19,679,54648
TAXIFY-1191,2024-12-20,605,55253
TAXIFY-1191,2024-12-21,318,55571
TAXIFY-1191,2024-12-22,269,55840
TAXIFY-1191,2024-12-23,547,56387
TAXIFY-1191,2024-12-24,671,57058
TAXIFY-1191,2024-12-25,516,57574
TAXIFY-1191,2024-12-26,615,58189
TAXIFY-1191,2024-12-27,639,58828
TAXIFY-1191,2024-12-28,317,59145
TAXIFY-1191,2024-12-29,252,59397
TAXIFY-1191,2024-12-30,563,59960
TAXIFY-1191,2024-12-31,608,60568
TAXIFY-1191,2025-01-01,613,61181
TAXIFY-1191,2025-01-02,579,61760
TAXIFY-1191,2025-01-03,547,62307
TAXIFY-1191,2025-01-04,283,62590
TAXIFY-1191,2025-01-05,275,62865
TAXIFY-1191,2025-01-06,521,63386
TAXIFY-1191,2025-01-07,565,63951
TAXIFY-1191,2025-01-08,665,64616
TAXIFY-1191,2025-01-09,566,65182
TAXIFY-1191,2025-01-10,509,65691
TAXIFY-1191,2025-01-11,281,65972
TAXIFY-1191,2025-01-12,329,66301
TAXIFY-1191,2025-01-13,505,66806
TAXIFY-1191,2025-01-14,579,67385
TAXIFY-1191,2025-01-15,613,67998
TAXIFY-1191,2025-01-16,526,68524
TAXIFY-1191,2025-01-17,588,69112
TAXIFY-1191,2025-01-18,268,69380
TAXIFY-1191,2025-01-19,261,69641
TAXIFY-1191,2025-01-20,608,70249
TAXIFY-1191,2025-01-21,664,70913
TAXIFY-1191,2025-01-22,561,71474
TAXIFY-1191,2025-01-23,606,72080
TAXIFY-1191,2025-01-24,601,72681
TAXIFY-1191,2025-01-25,293,72974
TAXIFY-1191,2025-01-26,273,73247
TAXIFY-1191,2025-01-27,532,73779
TAXIFY-1191,2025-01-28,542,74321
TAXIFY-1191,2025-01-29,571,74892
TAXIFY-1191,2025-01-30,560,75452
TAXIFY-1191,2025-01-31,526,75978
TAXIFY-1191,2025-02-01,570,76548
TAXIFY-1191,2025-02-02,550,77098
TAXIFY-1191,2025-02-03,1210,78308
TAXIFY-1191,2025-02-04,1122,79430
TAXIFY-1191,2025-02-05,1237,80667
TAXIFY-1191,2025-02-06,1180,81847
TAXIFY-1191,2025-02-07,1113,82960
TAXIFY-1191,2025-02-08,571,83531
TAXIFY-1191,2025-02-09,573,84104
TAXIFY-1191,2025-02-10,1174,85278
TAXIFY-1191,2025-02-11,1192,86470
TAXIFY-1191,2025-02-12,1117,87587
TAXIFY-1191,2025-02-13,1136,88723
TAXIFY-1191,2025-02-14,1169,89892
TAXIFY-1191,2025-02-15,442,90334
TAXIFY-1191,2025-02-16,605,90939
TAXIFY-1191,2025-02-17,1070,92009
TAXIFY-1191,2025-02-18,1132,93141
TAXIFY-1191,2025-02-19,1096,94237
TAXIFY-1191,2025-02-20,1228,95465
TAXIFY-1191,2025-02-21,1254,96719
TAXIFY-1191,2025-02-22,574,97293
TAXIFY-1191,2025-02-23,574,97867
TAXIFY-1191,2025-02-24,1155,99022
TAXIFY-1191,2025-02-25,1157,100179
TAXIFY-1191,2025-02-26,1251,101430
TAXIFY-1191,2025-02-27,1438,102868
TAXIFY-1191,2025-02-28,1143,104011
TAXIFY-1191,2025-03-01,848,104859
TAXIFY-1191,2025-03-02,756,105615
TAXIFY-1191,2025-03-03,1524,107139
TAXIFY-1191,2025-03-04,1490,108629
TAXIFY-1191,2025-03-05,1796,110425
TAXIFY-1191,2025-03-06,1714,112139
TAXIFY-1191,2025-03-07,1572,113711
TAXIFY-1191,2025-03-08,825,114536
TAXIFY-1191,2025-03-09,860,115396
TAXIFY-1191,2025-03-10,1777,117173
TAXIFY-1191,2025-03-11,1675,118848
TAXIFY-1191,2025-03-12,1634,120482
TAXIFY-1191,2025-03-13,1793,122275
TAXIFY-1191,2025-03-14,1479,123754
TAXIFY-1191,2025-03-15,686,124440
TAXIFY-1191,2025-03-16,892,125332
TAXIFY-1191,2025-03-17,1564,126896
TAXIFY-1191,2025-03-18,1796,128692
TAXIFY-1191,2025-03-19,1871,130563
TAXIFY-1191,2025-03-20,1863,132426
TAXIFY-1191,2025-03-21,1231,133657
TAXIFY-1191,2025-03-22,863,134520
TAXIFY-1191,2025-03-23,778,135298
TAXIFY-1191,2025-03-24,1538,136836
TAXIFY-1191,2025-03-25,1671,138507
TAXIFY-1191,2025-03-26,1541,140048
TAXIFY-1191,2025-03-27,1719,141767
TAXIFY-1191,2025-03-28,1794,143561
TAXIFY-1191,2025-03-29,798,144359
TAXIFY-1191,2025-03-30,834,145193
TAXIFY-1191,2025-03-31,1563,146756
TAXIFY-1191,2025-04-01,1202,147958
TAXIFY-1191,2025-04-02,1290,149248
TAXIFY-1191,2025-04-03,1197,150445
TAXIFY-1191,2025-04-04,1148,151593
TAXIFY-1191,2025-04-05,640,152233
TAXIFY-1191,2025-04-06,560,152793
TAXIFY-1191,2025-04-07,1123,153916
TAXIFY-1191,2025-04-08,1097,155013
TAXIFY-1191,2025-04-09,1013,156026
TAXIFY-1191,2025-04-10,1079,157105
TAXIFY-1191,2025-04-11,1164,158269
TAXIFY-1191,2025-04-12,590,158859
TAXIFY-1191,2025-04-13,534,159393
TAXIFY-1191,2025-04-14,1111,160504
TAXIFY-1191,2025-04-15,983,161487
TAXIFY-1191,2025-04-16,1246,162733
TAXIFY-1191,2025-04-17,1207,163940
TAXIFY-1191,2025-04-18,1207,165147
TAXIFY-1191,2025-04-19,620,165767
TAXIFY-1191,2025-04-20,610,166377
TAXIFY-1191,2025-04-21,1154,167531
TAXIFY-1191,2025-04-22,1258,168789
TAXIFY-1191,2025-04-23,1100,169889
TAXIFY-1191,2025-04-24,1220,171109
TAXIFY-1191,2025-04-25,1047,172156
TAXIFY-1191,2025-04-26,604,172760
TAXIFY-1191,2025-04-27,616,173376
TAXIFY-1191,2025-04-28,1131,174507
TAXIFY-1191,2025-04-29,1329,175836
TAXIFY-1191,2025-04-30,1131,176967
TAXIFY-1191,2025-05-01,609,177576
TAXIFY-1191,2025-05-02,656,178232
TAXIFY-1191,2025-05-03,321,178553
TAXIFY-1191,2025-05-04,310,178863
TAXIFY-1191,2025-05-05,541,179404
TAXIFY-1191,2025-05-06,562,179966
TAXIFY-1191,2025-05-07,519,180485
TAXIFY-1191,2025-05-08,569,181054
TAXIFY-1191,2025-05-09,618,181672
TAXIFY-1191,2025-05-10,297,181969
TAXIFY-1191,2025-05-11,262,182231
TAXIFY-1191,2025-05-12,662,182893
TAXIFY-1191,2025-05-13,576,183469
TAXIFY-1191,2025-05-14,564,184033
TAXIFY-1191,2025-05-15,574,184607
TAXIFY-1191,2025-05-16,634,185241
TAXIFY-1191,2025-05-17,274,185515
TAXIFY-1191,2025-05-18,303,185818
TAXIFY-1191,2025-05-19,619,186437
TAXIFY-1191,2025-05-20,657,187094
TAXIFY-1191,2025-05-21,512,187606
TAXIFY-1191,2025-05-22,559,188165
TAXIFY-1191,2025-05-23,551,188716
TAXIFY-1191,2025-05-24,285,189001
TAXIFY-1191,2025-05-25,287,189288
TAXIFY-1191,2025-05-26,574,189862
TAXIFY-1191,2025-05-27,610,190472
TAXIFY-1191,2025-05-28,564,191036
TAXIFY-1191,2025-05-29,599,191635
TAXIFY-1191,2025-05-30,611,192246
TAXIFY-1191,2025-05-31,303,192549
TAXIFY-1191,2025-06-01,234,192783
TAXIFY-1191,2025-06-02,492,193275
TAXIFY-1191,2025-06-03,431,193706
TAXIFY-1191,2025-06-04,441,194147
TAXIFY-1191,2025-06-05,445,194592
TAXIFY-1191,2025-06-06,482,195074
TAXIFY-1191,2025-06-07,238,195312
TAXIFY-1191,2025-06-08,251,195563
TAXIFY-1191,2025-06-09,435,195998
TAXIFY-1191,2025-06-10,535,196533
TAXIFY-1191,2025-06-11,465,196998
TAXIFY-1191,2025-06-12,444,197442
TAXIFY-1191,2025-06-13,502,197944
TAXIFY-1191,2025-06-14,243,198187
TAXIFY-1191,2025-06-15,230,198417
TAXIFY-1191,2025-06-16,450,198867
TAXIFY-1191,2025-06-17,449,199316
TAXIFY-1191,2025-06-18,471,199787
TAXIFY-1191,2025-06-19,465,200252
TAXIFY-1191,2025-06-20,412,200664
TAXIFY-1191,2025-06-21,226,200890
TAXIFY-1191,2025-06-22,245,201135
TAXIFY-1191,2025-06-23,442,201577
TAXIFY-1191,2025-06-24,431,202008
TAXIFY-1191,2025-06-25,487,202495
TAXIFY-1191,2025-06-26,525,203020
TAXIFY-1191,2025-06-27,483,203503
TAXIFY-1191,2025-06-28,202,203705
TAXIFY-1191,2025-06-29,230,203935
TAXIFY-1191,2025-06-30,500,204435
TAXIFY-1191,2025-07-01,425,204860
TAXIFY-1191,2025-07-02,512,205372
TAXIFY-1191,2025-07-03,489,205861
TAXIFY-1191,2025-07-04,478,206339
TAXIFY-1191,2025-07-05,194,206533
TAXIFY-1191,2025-07-06,253,206786
TAXIFY-1191,2025-07-07,464,207250
TAXIFY-1191,2025-07-08,435,207685
TAXIFY-1191,2025-07-09,442,208127
TAXIFY-1191,2025-07-10,433,208560
TAXIFY-1191,2025-07-11,478,209038
TAXIFY-1191,2025-07-12,233,209271
TAXIFY-1191,2025-07-13,223,209494
TAXIFY-1191,2025-07-14,487,209981
TAXIFY-1191,2025-07-15,466,210447
TAXIFY-1191,2025-07-16,451,210898
TAXIFY-1191,2025-07-17,378,211276
TAXIFY-1191,2025-07-18,535,211811
TAXIFY-1191,2025-07-19,277,212088
TAXIFY-1191,2025-07-20,219,212307
TAXIFY-1191,2025-07-21,420,212727
TAXIFY-1191,2025-07-22,450,213177
TAXIFY-1191,2025-07-23,459,213636
TAXIFY-1191,2025-07-24,461,214097
TAXIFY-1191,2025-07-25,487,214584
TAXIFY-1191,2025-07-26,217,214801
TAXIFY-1191,2025-07-27,240,215041
TAXIFY-1191,2025-07-28,429,215470
TAXIFY-1191,2025-07-29,437,215907
TAXIFY-1191,2025-07-30,530,216437
TAXIFY-1191,2025-07-31,554,216991
TAXIFY-1191,2025-08-01,442,217433
TAXIFY-1191,2025-08-02,221,217654
TAXIFY-1191,2025-08-03,239,217893
TAXIFY-1191,2025-08-04,377,218270
TAXIFY-1191,2025-08-05,530,218800
TAXIFY-1191,2025-08-06,396,219196
TAXIFY-1191,2025-08-07,423,219619
TAXIFY-1191,2025-08-08,439,220058
TAXIFY-1191,2025-08-09,257,220315
TAXIFY-1191,2025-08-10,256,220571
TAXIFY-1191,2025-08-11,460,221031
TAXIFY-1191,2025-08-12,467,221498
TAXIFY-1191,2025-08-13,434,221932
TAXIFY-1191,2025-08-14,519,222451
TAXIFY-1191,2025-08-15,430,222881
TAXIFY-1191,2025-08-16,230,223111
TAXIFY-1191,2025-08-17,222,223333
TAXIFY-1191,2025-08-18,508,223841
TAXIFY-1191,2025-08-19,462,224303
TAXIFY-1191,2025-08-20,406,224709
TAXIFY-1191,2025-08-21,426,225135
TAXIFY-1191,2025-08-22,421,225556
TAXIFY-1191,2025-08-23,193,225749
TAXIFY-1191,2025-08-24,229,225978
TAXIFY-1191,2025-08-25,501,226479
TAXIFY-1191,2025-08-26,445,226924
TAXIFY-1191,2025-08-27,442,227366
TAXIFY-1191,2025-08-28,419,227785
TAXIFY-1191,2025-08-29,493,228278
TAXIFY-1191,2025-08-30,245,228523
TAXIFY-1191,2025-08-31,229,228752
TAXIFY-1192,2024-09-01,402,402
TAXIFY-1192,2024-09-02,688,1090
TAXIFY-1192,2024-09-03,782,1872
TAXIFY-1192,2024-09-04,808,2680
TAXIFY-1192,2024-09-05,806,3486
TAXIFY-1192,2024-09-06,786,4272
TAXIFY-1192,2024-09-07,405,4677
TAXIFY-1192,2024-09-08,423,5100
TAXIFY-1192,2024-09-09,795,5895
TAXIFY-1192,2024-09-10,764,6659
TAXIFY-1192,2024-09-11,852,7511
TAXIFY-1192,2024-09-12,889,8400
TAXIFY-1192,2024-09-13,783,9183
TAXIFY-1192,2024-09-14,411,9594
TAXIFY-1192,2024-09-15,410,10004
TAXIFY-1192,2024-09-16,750,10754
TAXIFY-1192,2024-09-17,839,11593
TAXIFY-1192,2024-09-18,714,12307
TAXIFY-1192,2024-09-19,747,13054
TAXIFY-1192,2024-09-20,787,13841
TAXIFY-1192,2024-09-21,429,14270
TAXIFY-1192,2024-09-22,421,14691
TAXIFY-1192,2024-09-23,796,15487
TAXIFY-1192,2024-09-24,882,16369
TAXIFY-1192,2024-09-25,741,17110
TAXIFY-1192,2024-09-26,790,17900
TAXIFY-1192,2024-09-27,852,18752
TAXIFY-1192,2024-09-28,375,19127
TAXIFY-1192,2024-09-29,410,19537
TAXIFY-1192,2024-09-30,850,20387
TAXIFY-1192,2024-10-01,698,21085
TAXIFY-1192,2024-10-02,720,21805
TAXIFY-1192,2024-10-03,790,22595
TAXIFY-1192,2024-10-04,655,23250
TAXIFY-1192,2024-10-05,375,23625
TAXIFY-1192,2024-10-06,416,24041
TAXIFY-1192,2024-10-07,858,24899
TAXIFY-1192,2024-10-08,827,25726
TAXIFY-1192,2024-10-09,689,26415
TAXIFY-1192,2024-10-10,736,27151
TAXIFY-1192,2024-10-11,779,27930
TAXIFY-1192,2024-10-12,405,28335
TAXIFY-1192,2024-10-13,415,28750
TAXIFY-1192,2024-10-14,836,29586
TAXIFY-1192,2024-10-15,834,30420
TAXIFY-1192,2024-10-16,860,31280
TAXIFY-1192,2024-10-17,796,32076
TAXIFY-1192,2024-10-18,775,32851
TAXIFY-1192,2024-10-19,385,33236
TAXIFY-1192,2024-10-20,369,33605
TAXIFY-1192,2024-10-21,906,34511
TAXIFY-1192,2024-10-22,825,35336
TAXIFY-1192,2024-10-23,753,36089
TAXIFY-1192,2024-10-24,725,36814
TAXIFY-1192,2024-10-25,812,37626
TAXIFY-1192,2024-10-26,418,38044
TAXIFY-1192,2024-10-27,417,38461
TAXIFY-1192,2024-10-28,851,39312
TAXIFY-1192,2024-10-29,807,40119
TAXIFY-1192,2024-10-30,845,40964
TAXIFY-1192,2024-10-31,793,41757
TAXIFY-1192,2024-11-01,828,42585
TAXIFY-1192,2024-11-02,380,42965
TAXIFY-1192,2024-11-03,377,43342
TAXIFY-1192,2024-11-04,694,44036
TAXIFY-1192,2024-11-05,781,44817
TAXIFY-1192,2024-11-06,782,45599
TAXIFY-1192,2024-11-07,737,46336
TAXIFY-1192,2024-11-08,827,47163
TAXIFY-1192,2024-11-09,402,47565
TAXIFY-1192,2024-11-10,441,48006
TAXIFY-1192,2024-11-11,836,48842
TAXIFY-1192,2024-11-12,736,49578
TAXIFY-1192,2024-11-13,898,50476
TAXIFY-1192,2024-11-14,760,51236
TAXIFY-1192,2024-11-15,744,51980
TAXIFY-1192,2024-11-16,460,52440
TAXIFY-1192,2024-11-17,415,52855
TAXIFY-1192,2024-11-18,767,53622
TAXIFY-1192,2024-11-19,864,54486
TAXIFY-1192,2024-11-20,844,55330
TAXIFY-1192,2024-11-21,885,56215
TAXIFY-1192,2024-11-22,726,56941
TAXIFY-1192,2024-11-23,380,57321
TAXIFY-1192,2024-11-24,386,57707
TAXIFY-1192,2024-11-25,861,58568
TAXIFY-1192,2024-11-26,748,59316
TAXIFY-1192,2024-11-27,684,60000
TAXIFY-1192,2024-11-28,654,60654
TAXIFY-1192,2024-11-29,758,61412
TAXIFY-1192,2024-11-30,414,61826
TAXIFY-1192,2024-12-01,399,62225
TAXIFY-1192,2024-12-02,823,63048
TAXIFY-1192,2024-12-03,827,63875
TAXIFY-1192,2024-12-04,749,64624
TAXIFY-1192,2024-12-05,793,65417
TAXIFY-1192,2024-12-06,853,66270
TAXIFY-1192,2024-12-07,407,66677
TAXIFY-1192,2024-12-08,376,67053
TAXIFY-1192,2024-12-09,791,67844
TAXIFY-1192,2024-12-10,748,68592
TAXIFY-1192,2024-12-11,830,69422
TAXIFY-1192,2024-12-12,824,70246
TAXIFY-1192,2024-12-13,855,71101
TAXIFY-1192,2024-12-14,400,71501
TAXIFY-1192,2024-12-15,338,71839
TAXIFY-1192,2024-12-16,863,72702
TAXIFY-1192,2024-12-17,782,73484
TAXIFY-1192,2024-12-18,820,74304
TAXIFY-1192,2024-12-19,794,75098
TAXIFY-1192,2024-12-20,801,75899
TAXIFY-1192,2024-12-21,404,76303
TAXIFY-1192,2024-12-22,339,76642
TAXIFY-1192,2024-12-23,777,77419
TAXIFY-1192,2024-12-24,826,78245
TAXIFY-1192,2024-12-25,812,79057
TAXIFY-1192,2024-12-26,776,79833
TAXIFY-1192,2024-12-27,766,80599
TAXIFY-1192,2024-12-28,392,80991
TAXIFY-1192,2024-12-29,395,81386
TAXIFY-1192,2024-12-30,884,82270
TAXIFY-1192,2024-12-31,761,83031
TAXIFY-1192,2025-01-01,928,83959
TAXIFY-1192,2025-01-02,806,84765
TAXIFY-1192,2025-01-03,866,85631
TAXIFY-1192,2025-01-04,422,86053
TAXIFY-1192,2025-01-05,404,86457
TAXIFY-1192,2025-01-06,811,87268
TAXIFY-1192,2025-01-07,855,88123
TAXIFY-1192,2025-01-08,893,89016
TAXIFY-1192,2025-01-09,756,89772
TAXIFY-1192,2025-01-10,741,90513
TAXIFY-1192,2025-01-11,394,90907
TAXIFY-1192,2025-01-12,391,91298
TAXIFY-1192,2025-01-13,838,92136
TAXIFY-1192,2025-01-14,803,92939
TAXIFY-1192,2025-01-15,789,93728
TAXIFY-1192,2025-01-16,732,94460
TAXIFY-1192,2025-01-17,848,95308
TAXIFY-1192,2025-01-18,420,95728
TAXIFY-1192,2025-01-19,384,96112
TAXIFY-1192,2025-01-20,769,96881
TAXIFY-1192,2025-01-21,847,97728
TAXIFY-1192,2025-01-22,812,98540
TAXIFY-1192,2025-01-23,769,99309
TAXIFY-1192,2025-01-24,877,100186
TAXIFY-1192,2025-01-25,360,100546
TAXIFY-1192,2025-01-26,425,100971
TAXIFY-1192,2025-01-27,954,101925
TAXIFY-1192,2025-01-28,675,102600
TAXIFY-1192,2025-01-29,721,103321
TAXIFY-1192,2025-01-30,907,104228
TAXIFY-1192,2025-01-31,805,105033
TAXIFY-1192,2025-02-01,813,105846
TAXIFY-1192,2025-02-02,839,106685
TAXIFY-1192,2025-02-03,1402,108087
TAXIFY-1192,2025-02-04,1720,109807
TAXIFY-1192,2025-02-05,1461,111268
TAXIFY-1192,2025-02-06,1705,112973
TAXIFY-1192,2025-02-07,1340,114313
TAXIFY-1192,2025-02-08,829,115142
TAXIFY-1192,2025-02-09,810,115952
TAXIFY-1192,2025-02-10,1650,117602
TAXIFY-1192,2025-02-11,1803,119405
TAXIFY-1192,2025-02-12,1570,120975
TAXIFY-1192,2025-02-13,1817,122792
TAXIFY-1192,2025-02-14,1415,124207
TAXIFY-1192,2025-02-15,939,125146
TAXIFY-1192,2025-02-16,758,125904
TAXIFY-1192,2025-02-17,1688,127592
TAXIFY-1192,2025-02-18,1680,129272
TAXIFY-1192,2025-02-19,1556,130828
TAXIFY-1192,2025-02-20,1732,132560
TAXIFY-1192,2025-02-21,1639,134199
TAXIFY-1192,2025-02-22,835,135034
TAXIFY-1192,2025-02-23,763,135797
TAXIFY-1192,2025-02-24,1670,137467
TAXIFY-1192,2025-02-25,1504,138971
TAXIFY-1192,2025-02-26,1543,140514
TAXIFY-1192,2025-02-27,1476,141990
TAXIFY-1192,2025-02-28,1705,143695
TAXIFY-1192,2025-03-01,1114,144809
TAXIFY-1192,2025-03-02,1036,145845
TAXIFY-1192,2025-03-03,2413,148258
TAXIFY-1192,2025-03-04,1877,150135
TAXIFY-1192,2025-03-05,2109,152244
TAXIFY-1192,2025-03-06,2168,154412
TAXIFY-1192,2025-03-07,2124,156536
TAXIFY-1192,2025-03-08,1210,157746
TAXIFY-1192,2025-03-09,1211,158957
TAXIFY-1192,2025-03-10,2353,161310
TAXIFY-1192,2025-03-11,2008,163318
TAXIFY-1192,2025-03-12,2153,165471
TAXIFY-1192,2025-03-13,2275,167746
TAXIFY-1192,2025-03-14,2378,170124
TAXIFY-1192,2025-03-15,1098,171222
TAXIFY-1192,2025-03-16,1144,172366
TAXIFY-1192,2025-03-17,2365,174731
TAXIFY-1192,2025-03-18,2405,177136
TAXIFY-1192,2025-03-19,2310,179446
TAXIFY-1192,2025-03-20,2165,181611
TAXIFY-1192,2025-03-21,2212,183823
TAXIFY-1192,2025-03-22,1077,184900
TAXIFY-1192,2025-03-23,1196,186096
TAXIFY-1192,2025-03-24,2213,188309
TAXIFY-1192,2025-03-25,2606,190915
TAXIFY-1192,2025-03-26,2193,193108
TAXIFY-1192,2025-03-27,2042,195150
TAXIFY-1192,2025-03-28,2711,197861
TAXIFY-1192,2025-03-29,1207,199068
TAXIFY-1192,2025-03-30,1020,200088
TAXIFY-1192,2025-03-31,2052,202140
TAXIFY-1192,2025-04-01,1870,204010
TAXIFY-1192,2025-04-02,1476,205486
TAXIFY-1192,2025-04-03,1595,207081
TAXIFY-1192,2025-04-04,1663,208744
TAXIFY-1192,2025-04-05,873,209617
TAXIFY-1192,2025-04-06,931,210548
TAXIFY-1192,2025-04-07,1694,212242
TAXIFY-1192,2025-04-08,1838,214080
TAXIFY-1192,2025-04-09,1745,215825
TAXIFY-1192,2025-04-10,1747,217572
TAXIFY-1192,2025-04-11,1686,219258
TAXIFY-1192,2025-04-12,756,220014
TAXIFY-1192,2025-04-13,918,220932
TAXIFY-1192,2025-04-14,1557,222489
TAXIFY-1192,2025-04-15,1718,224207
TAXIFY-1192,2025-04-16,1362,225569
TAXIFY-1192,2025-04-17,1709,227278
TAXIFY-1192,2025-04-18,1604,228882
TAXIFY-1192,2025-04-19,780,229662
TAXIFY-1192,2025-04-20,839,230501
TAXIFY-1192,2025-04-21,1616,232117
TAXIFY-1192,2025-04-22,1586,233703
TAXIFY-1192,2025-04-23,1491,235194
TAXIFY-1192,2025-04-24,1786,236980
TAXIFY-1192,2025-04-25,1471,238451
TAXIFY-1192,2025-04-26,870,239321
TAXIFY-1192,2025-04-27,705,240026
TAXIFY-1192,2025-04-28,1655,241681
TAXIFY-1192,2025-04-29,1698,243379
TAXIFY-1192,2025-04-30,1613,244992
TAXIFY-1192,2025-05-01,843,245835
TAXIFY-1192,2025-05-02,875,246710
TAXIFY-1192,2025-05-03,419,247129
TAXIFY-1192,2025-05-04,453,247582
TAXIFY-1192,2025-05-05,935,248517
TAXIFY-1192,2025-05-06,898,249415
TAXIFY-1192,2025-05-07,843,250258
TAXIFY-1192,2025-05-08,776,251034
TAXIFY-1192,2025-05-09,820,251854
TAXIFY-1192,2025-05-10,418,252272
TAXIFY-1192,2025-05-11,363,252635
TAXIFY-1192,2025-05-12,793,253428
TAXIFY-1192,2025-05-13,736,254164
TAXIFY-1192,2025-05-14,767,254931
TAXIFY-1192,2025-05-15,822,255753
TAXIFY-1192,2025-05-16,789,256542
TAXIFY-1192,2025-05-17,381,256923
TAXIFY-1192,2025-05-18,412,257335
TAXIFY-1192,2025-05-19,793,258128
TAXIFY-1192,2025-05-20,801,258929
TAXIFY-1192,2025-05-21,800,259729
TAXIFY-1192,2025-05-22,821,260550
TAXIFY-1192,2025-05-23,695,261245
TAXIFY-1192,2025-05-24,400,261645
TAXIFY-1192,2025-05-25,451,262096
TAXIFY-1192,2025-05-26,634,262730
TAXIFY-1192,2025-05-27,775,263505
TAXIFY-1192,2025-05-28,807,264312
TAXIFY-1192,2025-05-29,726,265038
TAXIFY-1192,2025-05-30,698,265736
TAXIFY-1192,2025-05-31,385,266121
TAXIFY-1192,2025-06-01,304,266425
TAXIFY-1192,2025-06-02,674,267099
TAXIFY-1192,2025-06-03,609,267708
TAXIFY-1192,2025-06-04,665,268373
TAXIFY-1192,2025-06-05,651,269024
TAXIFY-1192,2025-06-06,676,269700
TAXIFY-1192,2025-06-07,310,270010
TAXIFY-1192,2025-06-08,315,270325
TAXIFY-1192,2025-06-09,695,271020
TAXIFY-1192,2025-06-10,704,271724
TAXIFY-1192,2025-06-11,726,272450
TAXIFY-1192,2025-06-12,583,273033
TAXIFY-1192,2025-06-13,594,273627
TAXIFY-1192,2025-06-14,328,273955
TAXIFY-1192,2025-06-15,311,274266
TAXIFY-1192,2025-06-16,534,274800
TAXIFY-1192,2025-06-17,661,275461
TAXIFY-1192,2025-06-18,596,276057
TAXIFY-1192,2025-06-19,640,276697
TAXIFY-1192,2025-06-20,653,277350
TAXIFY-1192,2025-06-21,309,277659
TAXIFY-1192,2025-06-22,312,277971
TAXIFY-1192,2025-06-23,673,278644
TAXIFY-1192,2025-06-24,549,279193
TAXIFY-1192,2025-06-25,574,279767
TAXIFY-1192,2025-06-26,508,280275
TAXIFY-1192,2025-06-27,607,280882
TAXIFY-1192,2025-06-28,360,281242
TAXIFY-1192,2025-06-29,291,281533
TAXIFY-1192,2025-06-30,645,282178
TAXIFY-1192,2025-07-01,636,282814
TAXIFY-1192,2025-07-02,587,283401
TAXIFY-1192,2025-07-03,604,284005
TAXIFY-1192,2025-07-04,537,284542
TAXIFY-1192,2025-07-05,330,284872
TAXIFY-1192,2025-07-06,357,285229
TAXIFY-1192,2025-07-07,573,285802
TAXIFY-1192,2025-07-08,647,286449
TAXIFY-1192,2025-07-09,696,287145
TAXIFY-1192,2025-07-10,687,287832
TAXIFY-1192,2025-07-11,675,288507
TAXIFY-1192,2025-07-12,358,288865
TAXIFY-1192,2025-07-13,284,289149
TAXIFY-1192,2025-07-14,602,289751
TAXIFY-1192,2025-07-15,633,290384
TAXIFY-1192,2025-07-16,675,291059
TAXIFY-1192,2025-07-17,686,291745
TAXIFY-1192,2025-07-18,640,292385
TAXIFY-1192,2025-07-19,332,292717
TAXIFY-1192,2025-07-20,329,293046
TAXIFY-1192,2025-07-21,547,293593
TAXIFY-1192,2025-07-22,604,294197
TAXIFY-1192,2025-07-23,529,294726
TAXIFY-1192,2025-07-24,620,295346
TAXIFY-1192,2025-07-25,635,295981
TAXIFY-1192,2025-07-26,321,296302
TAXIFY-1192,2025-07-27,307,296609
TAXIFY-1192,2025-07-28,656,297265
TAXIFY-1192,2025-07-29,639,297904
TAXIFY-1192,2025-07-30,600,298504
TAXIFY-1192,2025-07-31,569,299073
TAXIFY-1192,2025-08-01,600,299673
TAXIFY-1192,2025-08-02,326,299999
TAXIFY-1192,2025-08-03,317,300316
TAXIFY-1192,2025-08-04,649,300965
TAXIFY-1192,2025-08-05,649,301614
TAXIFY-1192,2025-08-06,699,302313
TAXIFY-1192,2025-08-07,604,302917
TAXIFY-1192,2025-08-08,678,303595
TAXIFY-1192,2025-08-09,365,303960
TAXIFY-1192,2025-08-10,281,304241
TAXIFY-1192,2025-08-11,655,304896
TAXIFY-1192,2025-08-12,612,305508
TAXIFY-1192,2025-08-13,597,306105
TAXIFY-1192,2025-08-14,749,306854
TAXIFY-1192,2025-08-15,667,307521
TAXIFY-1192,2025-08-16,310,307831
TAXIFY-1192,2025-08-17,345,308176
TAXIFY-1192,2025-08-18,685,308861
TAXIFY-1192,2025-08-19,642,309503
TAXIFY-1192,2025-08-20,646,310149
TAXIFY-1192,2025-08-21,632,310781
TAXIFY-1192,2025-08-22,630,311411
TAXIFY-1192,2025-08-23,298,311709
TAXIFY-1192,2025-08-24,305,312014
TAXIFY-1192,2025-08-25,637,312651
TAXIFY-1192,2025-08-26,620,313271
TAXIFY-1192,2025-08-27,602,313873
TAXIFY-1192,2025-08-28,728,314601
TAXIFY-1192,2025-08-29,661,315262
TAXIFY-1192,2025-08-30,312,315574
TAXIFY-1192,2025-08-31,347,315921
TAXIFY-1193,2024-09-01,109,109
TAXIFY-1193,2024-09-02,215,324
TAXIFY-1193,2024-09-03,206,530
TAXIFY-1193,2024-09-04,221,751
TAXIFY-1193,2024-09-05,238,989
TAXIFY-1193,2024-09-06,236,1225
TAXIFY-1193,2024-09-07,115,1340
TAXIFY-1193,2024-09-08,114,1454
TAXIFY-1193,2024-09-09,218,1672
TAXIFY-1193,2024-09-10,254,1926
TAXIFY-1193,2024-09-11,270,2196
TAXIFY-1193,2024-09-12,223,2419
TAXIFY-1193,2024-09-13,225,2644
TAXIFY-1193,2024-09-14,95,2739
TAXIFY-1193,2024-09-15,112,2851
TAXIFY-1193,2024-09-16,211,3062
TAXIFY-1193,2024-09-17,247,3309
TAXIFY-1193,2024-09-18,249,3558
TAXIFY-1193,2024-09-19,202,3760
TAXIFY-1193,2024-09-20,216,3976
TAXIFY-1193,2024-09-21,114,4090
TAXIFY-1193,2024-09-22,125,4215
TAXIFY-1193,2024-09-23,246,4461
TAXIFY-1193,2024-09-24,248,4709
TAXIFY-1193,2024-09-25,222,4931
TAXIFY-1193,2024-09-26,248,5179
TAXIFY-1193,2024-09-27,194,5373
TAXIFY-1193,2024-09-28,117,5490
TAXIFY-1193,2024-09-29,112,5602
TAXIFY-1193,2024-09-30,254,5856
TAXIFY-1193,2024-10-01,214,6070
TAXIFY-1193,2024-10-02,239,6309
TAXIFY-1193,2024-10-03,262,6571
TAXIFY-1193,2024-10-04,223,6794
TAXIFY-1193,2024-10-05,116,6910
TAXIFY-1193,2024-10-06,112,7022
TAXIFY-1193,2024-10-07,213,7235
TAXIFY-1193,2024-10-08,216,7451
TAXIFY-1193,2024-10-09,234,7685
TAXIFY-1193,2024-10-10,215,7900
TAXIFY-1193,2024-10-11,228,8128
TAXIFY-1193,2024-10-12,105,8233
TAXIFY-1193,2024-10-13,121,8354
TAXIFY-1193,2024-10-14,238,8592
TAXIFY-1193,2024-10-15,205,8797
TAXIFY-1193,2024-10-16,217,9014
TAXIFY-1193,2024-10-17,213,9227
TAXIFY-1193,2024-10-18,220,9447
TAXIFY-1193,2024-10-19,119,9566
TAXIFY-1193,2024-10-20,106,9672
TAXIFY-1193,2024-10-21,214,9886
TAXIFY-1193,2024-10-22,219,10105
TAXIFY-1193,2024-10-23,232,10337
TAXIFY-1193,2024-10-24,188,10525
TAXIFY-1193,2024-10-25,231,10756
TAXIFY-1193,2024-10-26,92,10848
TAXIFY-1193,2024-10-27,112,10960
TAXIFY-1193,2024-10-28,214,11174
TAXIFY-1193,2024-10-29,194,11368
TAXIFY-1193,2024-10-30,242,11610
TAXIFY-1193,2024-10-31,216,11826
TAXIFY-1193,2024-11-01,202,12028
TAXIFY-1193,2024-11-02,115,12143
TAXIFY-1193,2024-11-03,121,12264
TAXIFY-1193,2024-11-04,202,12466
TAXIFY-1193,2024-11-05,242,12708
TAXIFY-1193,2024-11-06,196,12904
TAXIFY-1193,2024-11-07,188,13092
TAXIFY-1193,2024-11-08,219,13311
TAXIFY-1193,2024-11-09,111,13422
TAXIFY-1193,2024-11-10,121,13543
TAXIFY-1193,2024-11-11,216,13759
TAXIFY-1193,2024-11-12,224,13983
TAXIFY-1193,2024-11-13,213,14196
TAXIFY-1193,2024-11-14,263,14459
TAXIFY-1193,2024-11-15,217,14676
TAXIFY-1193,2024-11-16,107,14783
TAXIFY-1193,2024-11-17,109,14892
TAXIFY-1193,2024-11-18,220,15112
TAXIFY-1193,2024-11-19,189,15301
TAXIFY-1193,2024-11-20,208,15509
TAXIFY-1193,2024-11-21,201,15710
TAXIFY-1193,2024-11-22,211,15921
TAXIFY-1193,2024-11-23,127,16048
TAXIFY-1193,2024-11-24,92,16140
TAXIFY-1193,2024-11-25,201,16341
TAXIFY-1193,2024-11-26,234,16575
TAXIFY-1193,2024-11-27,209,16784
TAXIFY-1193,2024-11-28,242,17026
TAXIFY-1193,2024-11-29,245,17271
TAXIFY-1193,2024-11-30,95,17366
TAXIFY-1193,2024-12-01,100,17466
TAXIFY-1193,2024-12-02,258,17724
TAXIFY-1193,2024-12-03,233,17957
TAXIFY-1193,2024-12-04,199,18156
TAXIFY-1193,2024-12-05,208,18364
TAXIFY-1193,2024-12-06,237,18601
TAXIFY-1193,2024-12-07,111,18712
TAXIFY-1193,2024-12-08,114,18826
TAXIFY-1193,2024-12-09,214,19040
TAXIFY-1193,2024-12-10,216,19256
TAXIFY-1193,2024-12-11,244,19500
TAXIFY-1193,2024-12-12,239,19739
TAXIFY-1193,2024-12-13,197,19936
TAXIFY-1193,2024-12-14,108,20044
TAXIFY-1193,2024-12-15,120,20164
TAXIFY-1193,2024-12-16,173,20337
TAXIFY-1193,2024-12-17,185,20522
TAXIFY-1193,2024-12-18,255,20777
TAXIFY-1193,2024-12-19,224,21001
TAXIFY-1193,2024-12-20,222,21223
TAXIFY-1193,2024-12-21,119,21342
TAXIFY-1193,2024-12-22,94,21436
TAXIFY-1193,2024-12-23,228,21664
TAXIFY-1193,2024-12-24,243,21907
TAXIFY-1193,2024-12-25,217,22124
TAXIFY-1193,2024-12-26,254,22378
TAXIFY-1193,2024-12-27,256,22634
TAXIFY-1193,2024-12-28,124,22758
TAXIFY-1193,2024-12-29,115,22873
TAXIFY-1193,2024-12-30,223,23096
TAXIFY-1193,2024-12-31,216,23312
TAXIFY-1193,2025-01-01,223,23535
TAXIFY-1193,2025-01-02,243,23778
TAXIFY-1193,2025-01-03,201,23979
TAXIFY-1193,2025-01-04,114,24093
TAXIFY-1193,2025-01-05,119,24212
TAXIFY-1193,2025-01-06,210,24422
TAXIFY-1193,2025-01-07,224,24646
TAXIFY-1193,2025-01-08,239,24885
TAXIFY-1193,2025-01-09,234,25119
TAXIFY-1193,2025-01-10,216,25335
TAXIFY-1193,2025-01-11,104,25439
TAXIFY-1193,2025-01-12,102,25541
TAXIFY-1193,2025-01-13,223,25764
TAXIFY-1193,2025-01-14,233,25997
TAXIFY-1193,2025-01-15,223,26220
TAXIFY-1193,2025-01-16,210,26430
TAXIFY-1193,2025-01-17,234,26664
TAXIFY-1193,2025-01-18,111,26775
TAXIFY-1193,2025-01-19,104,26879
TAXIFY-1193,2025-01-20,204,27083
TAXIFY-1193,2025-01-21,219,27302
TAXIFY-1193,2025-01-22,218,27520
TAXIFY-1193,2025-01-23,218,27738
TAXIFY-1193,2025-01-24,253,27991
TAXIFY-1193,2025-01-25,116,28107
TAXIFY-1193,2025-01-26,114,28221
TAXIFY-1193,2025-01-27,215,28436
TAXIFY-1193,2025-01-28,233,28669
TAXIFY-1193,2025-01-29,216,28885
TAXIFY-1193,2025-01-30,259,29144
TAXIFY-1193,2025-01-31,252,29396
TAXIFY-1193,2025-02-01,201,29597
TAXIFY-1193,2025-02-02,208,29805
TAXIFY-1193,2025-02-03,507,30312
TAXIFY-1193,2025-02-04,441,30753
TAXIFY-1193,2025-02-05,464,31217
TAXIFY-1193,2025-02-06,434,31651
TAXIFY-1193,2025-02-07,350,32001
TAXIFY-1193,2025-02-08,203,32204
TAXIFY-1193,2025-02-09,231,32435
TAXIFY-1193,2025-02-10,448,32883
TAXIFY-1193,2025-02-11,439,33322
TAXIFY-1193,2025-02-12,448,33770
TAXIFY-1193,2025-02-13,406,34176
TAXIFY-1193,2025-02-14,401,34577
TAXIFY-1193,2025-02-15,190,34767
TAXIFY-1193,2025-02-16,226,34993
TAXIFY-1193,2025-02-17,485,35478
TAXIFY-1193,2025-02-18,482,35960
TAXIFY-1193,2025-02-19,489,36449
TAXIFY-1193,2025-02-20,378,36827
TAXIFY-1193,2025-02-21,433,37260
TAXIFY-1193,2025-02-22,233,37493
TAXIFY-1193,2025-02-23,225,37718
TAXIFY-1193,2025-02-24,436,38154
TAXIFY-1193,2025-02-25,480,38634
TAXIFY-1193,2025-02-26,516,39150
TAXIFY-1193,2025-02-27,390,39540
TAXIFY-1193,2025-02-28,503,40043
TAXIFY-1193,2025-03-01,305,40348
TAXIFY-1193,2025-03-02,318,40666
TAXIFY-1193,2025-03-03,620,41286
TAXIFY-1193,2025-03-04,571,41857
TAXIFY-1193,2025-03-05,638,42495
TAXIFY-1193,2025-03-06,655,43150
TAXIFY-1193,2025-03-07,599,43749
TAXIFY-1193,2025-03-08,262,44011
TAXIFY-1193,2025-03-09,318,44329
TAXIFY-1193,2025-03-10,690,45019
TAXIFY-1193,2025-03-11,624,45643
TAXIFY-1193,2025-03-12,601,46244
TAXIFY-1193,2025-03-13,671,46915
TAXIFY-1193,2025-03-14,618,47533
TAXIFY-1193,2025-03-15,305,47838
TAXIFY-1193,2025-03-16,310,48148
TAXIFY-1193,2025-03-17,610,48758
TAXIFY-1193,2025-03-18,623,49381
TAXIFY-1193,2025-03-19,646,50027
TAXIFY-1193,2025-03-20,689,50716
TAXIFY-1193,2025-03-21,520,51236
TAXIFY-1193,2025-03-22,303,51539
TAXIFY-1193,2025-03-23,349,51888
TAXIFY-1193,2025-03-24,610,52498
TAXIFY-1193,2025-03-25,686,53184
TAXIFY-1193,2025-03-26,639,53823
TAXIFY-1193,2025-03-27,700,54523
TAXIFY-1193,2025-03-28,644,55167
TAXIFY-1193,2025-03-29,344,55511
TAXIFY-1193,2025-03-30,323,55834
TAXIFY-1193,2025-03-31,686,56520
TAXIFY-1193,2025-04-01,513,57033
TAXIFY-1193,2025-04-02,474,57507
TAXIFY-1193,2025-04-03,484,57991
TAXIFY-1193,2025-04-04,428,58419
TAXIFY-1193,2025-04-05,225,58644
TAXIFY-1193,2025-04-06,201,58845
TAXIFY-1193,2025-04-07,468,59313
TAXIFY-1193,2025-04-08,479,59792
TAXIFY-1193,2025-04-09,409,60201
TAXIFY-1193,2025-04-10,513,60714
TAXIFY-1193,2025-04-11,436,61150
TAXIFY-1193,2025-04-12,242,61392
TAXIFY-1193,2025-04-13,219,61611
TAXIFY-1193,2025-04-14,441,62052
TAXIFY-1193,2025-04-15,350,62402
TAXIFY-1193,2025-04-16,450,62852
TAXIFY-1193,2025-04-17,411,63263
TAXIFY-1193,2025-04-18,478,63741
TAXIFY-1193,2025-04-19,211,63952
TAXIFY-1193,2025-04-20,213,64165
TAXIFY-1193,2025-04-21,449,64614
TAXIFY-1193,2025-04-22,482,65096
TAXIFY-1193,2025-04-23,455,65551
TAXIFY-1193,2025-04-24,436,65987
TAXIFY-1193,2025-04-25,469,66456
TAXIFY-1193,2025-04-26,231,66687
TAXIFY-1193,2025-04-27,217,66904
TAXIFY-1193,2025-04-28,369,67273
TAXIFY-1193,2025-04-29,499,67772
TAXIFY-1193,2025-04-30,428,68200
TAXIFY-1193,2025-05-01,238,68438
TAXIFY-1193,2025-05-02,234,68672
TAXIFY-1193,2025-05-03,100,68772
TAXIFY-1193,2025-05-04,107,68879
TAXIFY-1193,2025-05-05,195,69074
TAXIFY-1193,2025-05-06,199,69273
TAXIFY-1193,2025-05-07,221,69494
TAXIFY-1193,2025-05-08,233,69727
TAXIFY-1193,2025-05-09,249,69976
TAXIFY-1193,2025-05-10,111,70087
TAXIFY-1193,2025-05-11,101,70188
TAXIFY-1193,2025-05-12,226,70414
TAXIFY-1193,2025-05-13,224,70638
TAXIFY-1193,2025-05-14,223,70861
TAXIFY-1193,2025-05-15,228,71089
TAXIFY-1193,2025-05-16,262,71351
TAXIFY-1193,2025-05-17,117,71468
TAXIFY-1193,2025-05-18,99,71567
TAXIFY-1193,2025-05-19,226,71793
TAXIFY-1193,2025-05-20,197,71990
TAXIFY-1193,2025-05-21,234,72224
TAXIFY-1193,2025-05-22,225,72449
TAXIFY-1193,2025-05-23,202,72651
TAXIFY-1193,2025-05-24,110,72761
TAXIFY-1193,2025-05-25,111,72872
TAXIFY-1193,2025-05-26,258,73130
TAXIFY-1193,2025-05-27,196,73326
TAXIFY-1193,2025-05-28,227,73553
TAXIFY-1193,2025-05-29,228,73781
TAXIFY-1193,2025-05-30,219,74000
TAXIFY-1193,2025-05-31,109,74109
TAXIFY-1193,2025-06-01,82,74191
TAXIFY-1193,2025-06-02,185,74376
TAXIFY-1193,2025-06-03,173,74549
TAXIFY-1193,2025-06-04,171,74720
TAXIFY-1193,2025-06-05,191,74911
TAXIFY-1193,2025-06-06,190,75101
TAXIFY-1193,2025-06-07,98,75199
TAXIFY-1193,2025-06-08,86,75285
TAXIFY-1193,2025-06-09,203,75488
TAXIFY-1193,2025-06-10,165,75653
TAXIFY-1193,2025-06-11,172,75825
TAXIFY-1193,2025-06-12,152,75977
TAXIFY-1193,2025-06-13,160,76137
TAXIFY-1193,2025-06-14,99,76236
TAXIFY-1193,2025-06-15,83,76319
TAXIFY-1193,2025-06-16,185,76504
TAXIFY-1193,2025-06-17,154,76658
TAXIFY-1193,2025-06-18,178,76836
TAXIFY-1193,2025-06-19,137,76973
TAXIFY-1193,2025-06-20,168,77141
TAXIFY-1193,2025-06-21,93,77234
TAXIFY-1193,2025-06-22,96,77330
TAXIFY-1193,2025-06-23,187,77517
TAXIFY-1193,2025-06-24,207,77724
TAXIFY-1193,2025-06-25,175,77899
TAXIFY-1193,2025-06-26,184,78083
TAXIFY-1193,2025-06-27,180,78263
TAXIFY-1193,2025-06-28,98,78361
TAXIFY-1193,2025-06-29,92,78453
TAXIFY-1193,2025-06-30,181,78634
TAXIFY-1193,2025-07-01,206,78840
TAXIFY-1193,2025-07-02,168,79008
TAXIFY-1193,2025-07-03,191,79199
TAXIFY-1193,2025-07-04,180,79379
TAXIFY-1193,2025-07-05,77,79456
TAXIFY-1193,2025-07-06,89,79545
TAXIFY-1193,2025-07-07,192,79737
TAXIFY-1193,2025-07-08,179,79916
TAXIFY-1193,2025-07-09,163,80079
TAXIFY-1193,2025-07-10,180,80259
TAXIFY-1193,2025-07-11,147,80406
TAXIFY-1193,2025-07-12,95,80501
TAXIFY-1193,2025-07-13,81,80582
TAXIFY-1193,2025-07-14,190,80772
TAXIFY-1193,2025-07-15,182,80954
TAXIFY-1193,2025-07-16,150,81104
TAXIFY-1193,2025-07-17,176,81280
TAXIFY-1193,2025-07-18,175,81455
TAXIFY-1193,2025-07-19,83,81538
TAXIFY-1193,2025-07-20,95,81633
TAXIFY-1193,2025-07-21,149,81782
TAXIFY-1193,2025-07-22,162,81944
TAXIFY-1193,2025-07-23,177,82121
TAXIFY-1193,2025-07-24,205,82326
TAXIFY-1193,2025-07-25,196,82522
TAXIFY-1193,2025-07-26,86,82608
TAXIFY-1193,2025-07-27,84,82692
TAXIFY-1193,2025-07-28,199,82891
TAXIFY-1193,2025-07-29,193,83084
TAXIFY-1193,2025-07-30,177,83261
TAXIFY-1193,2025-07-31,193,83454
TAXIFY-1193,2025-08-01,195,83649
TAXIFY-1193,2025-08-02,85,83734
TAXIFY-1193,2025-08-03,92,83826
TAXIFY-1193,2025-08-04,154,83980
TAXIFY-1193,2025-08-05,187,84167
TAXIFY-1193,2025-08-06,183,84350
TAXIFY-1193,2025-08-07,174,84524
TAXIFY-1193,2025-08-08,164,84688
TAXIFY-1193,2025-08-09,81,84769
TAXIFY-1193,2025-08-10,100,84869
TAXIFY-1193,2025-08-11,196,85065
TAXIFY-1193,2025-08-12,217,85282
TAXIFY-1193,2025-08-13,162,85444
TAXIFY-1193,2025-08-14,182,85626
TAXIFY-1193,2025-08-15,172,85798
TAXIFY-1193,2025-08-16,81,85879
TAXIFY-1193,2025-08-17,92,85971
TAXIFY-1193,2025-08-18,204,86175
TAXIFY-1193,2025-08-19,182,86357
TAXIFY-1193,2025-08-20,189,86546
TAXIFY-1193,2025-08-21,202,86748
TAXIFY-1193,2025-08-22,174,86922
TAXIFY-1193,2025-08-23,84,87006
TAXIFY-1193,2025-08-24,99,87105
TAXIFY-1193,2025-08-25,173,87278
TAXIFY-1193,2025-08-26,204,87482
TAXIFY-1193,2025-08-27,184,87666
TAXIFY-1193,2025-08-28,182,87848
TAXIFY-1193,2025-08-29,189,88037
TAXIFY-1193,2025-08-30,86,88123
TAXIFY-1193,2025-08-31,87,88210
TAXIFY-1194,2024-09-01,197,197
TAXIFY-1194,2024-09-02,394,591
TAXIFY-1194,2024-09-03,395,986
TAXIFY-1194,2024-09-04,440,1426
TAXIFY-1194,2024-09-05,423,1849
TAXIFY-1194,2024-09-06,425,2274
TAXIFY-1194,2024-09-07,197,2471
TAXIFY-1194,2024-09-08,236,2707
TAXIFY-1194,2024-09-09,480,3187
TAXIFY-1194,2024-09-10,421,3608
TAXIFY-1194,2024-09-11,427,4035
TAXIFY-1194,2024-09-12,464,4499
TAXIFY-1194,2024-09-13,470,4969
TAXIFY-1194,2024-09-14,227,5196
TAXIFY-1194,2024-09-15,230,5426
TAXIFY-1194,2024-09-16,390,5816
TAXIFY-1194,2024-09-17,401,6217
TAXIFY-1194,2024-09-18,493,6710
TAXIFY-1194,2024-09-19,427,7137
TAXIFY-1194,2024-09-20,425,7562
TAXIFY-1194,2024-09-21,236,7798
TAXIFY-1194,2024-09-22,202,8000
TAXIFY-1194,2024-09-23,442,8442
TAXIFY-1194,2024-09-24,492,8934
TAXIFY-1194,2024-09-25,407,9341
TAXIFY-1194,2024-09-26,379,9720
TAXIFY-1194,2024-09-27,393,10113
TAXIFY-1194,2024-09-28,205,10318
TAXIFY-1194,2024-09-29,199,10517
TAXIFY-1194,2024-09-30,439,10956
TAXIFY-1194,2024-10-01,427,11383
TAXIFY-1194,2024-10-02,487,11870
TAXIFY-1194,2024-10-03,424,12294
TAXIFY-1194,2024-10-04,438,12732
TAXIFY-1194,2024-10-05,214,12946
TAXIFY-1194,2024-10-06,225,13171
TAXIFY-1194,2024-10-07,400,13571
TAXIFY-1194,2024-10-08,413,13984
TAXIFY-1194,2024-10-09,470,14454
TAXIFY-1194,2024-10-10,451,14905
TAXIFY-1194,2024-10-11,461,15366
TAXIFY-1194,2024-10-12,207,15573
TAXIFY-1194,2024-10-13,239,15812
TAXIFY-1194,2024-10-14,406,16218
TAXIFY-1194,2024-10-15,407,16625
TAXIFY-1194,2024-10-16,424,17049
TAXIFY-1194,2024-10-17,474,17523
TAXIFY-1194,2024-10-18,405,17928
TAXIFY-1194,2024-10-19,191,18119
TAXIFY-1194,2024-10-20,235,18354
TAXIFY-1194,2024-10-21,403,18757
TAXIFY-1194,2024-10-22,465,19222
TAXIFY-1194,2024-10-23,403,19625
TAXIFY-1194,2024-10-24,419,20044
TAXIFY-1194,2024-10-25,482,20526
TAXIFY-1194,2024-10-26,236,20762
TAXIFY-1194,2024-10-27,238,21000
TAXIFY-1194,2024-10-28,412,21412
TAXIFY-1194,2024-10-29,438,21850
TAXIFY-1194,2024-10-30,444,22294
TAXIFY-1194,2024-10-31,450,22744
TAXIFY-1194,2024-11-01,428,23172
TAXIFY-1194,2024-11-02,239,23411
TAXIFY-1194,2024-11-03,193,23604
TAXIFY-1194,2024-11-04,465,24069
TAXIFY-1194,2024-11-05,434,24503
TAXIFY-1194,2024-11-06,528,25031
TAXIFY-1194,2024-11-07,425,25456
TAXIFY-1194,2024-11-08,387,25843
TAXIFY-1194,2024-11-09,210,26053
TAXIFY-1194,2024-11-10,196,26249
TAXIFY-1194,2024-11-11,471,26720
TAXIFY-1194,2024-11-12,415,27135
TAXIFY-1194,2024-11-13,422,27557
TAXIFY-1194,2024-11-14,427,27984
TAXIFY-1194,2024-11-15,398,28382
TAXIFY-1194,2024-11-16,201,28583
TAXIFY-1194,2024-11-17,189,28772
TAXIFY-1194,2024-11-18,356,29128
TAXIFY-1194,2024-11-19,421,29549
TAXIFY-1194,2024-11-20,408,29957
TAXIFY-1194,2024-11-21,392,30349
TAXIFY-1194,2024-11-22,443,30792
TAXIFY-1194,2024-11-23,228,31020
TAXIFY-1194,2024-11-24,219,31239
TAXIFY-1194,2024-11-25,430,31669
TAXIFY-1194,2024-11-26,487,32156
TAXIFY-1194,2024-11-27,412,32568
TAXIFY-1194,2024-11-28,461,33029
TAXIFY-1194,2024-11-29,519,33548
TAXIFY-1194,2024-11-30,231,33779
TAXIFY-1194,2024-12-01,197,33976
TAXIFY-1194,2024-12-02,396,34372
TAXIFY-1194,2024-12-03,391,34763
TAXIFY-1194,2024-12-04,445,35208
TAXIFY-1194,2024-12-05,397,35605
TAXIFY-1194,2024-12-06,431,36036
TAXIFY-1194,2024-12-07,181,36217
TAXIFY-1194,2024-12-08,245,36462
TAXIFY-1194,2024-12-09,418,36880
TAXIFY-1194,2024-12-10,446,37326
TAXIFY-1194,2024-12-11,409,37735
TAXIFY-1194,2024-12-12,397,38132
TAXIFY-1194,2024-12-13,468,38600
TAXIFY-1194,2024-12-14,213,38813
TAXIFY-1194,2024-12-15,195,39008
TAXIFY-1194,2024-12-16,442,39450
TAXIFY-1194,2024-12-17,454,39904
TAXIFY-1194,2024-12-18,422,40326
TAXIFY-1194,2024-12-19,380,40706
TAXIFY-1194,2024-12-20,475,41181
TAXIFY-1194,2024-12-21,229,41410
TAXIFY-1194,2024-12-22,199,41609
TAXIFY-1194,2024-12-23,414,42023
TAXIFY-1194,2024-12-24,426,42449
TAXIFY-1194,2024-12-25,470,42919
TAXIFY-1194,2024-12-26,442,43361
TAXIFY-1194,2024-12-27,469,43830
TAXIFY-1194,2024-12-28,207,44037
TAXIFY-1194,2024-12-29,231,44268
TAXIFY-1194,2024-12-30,461,44729
TAXIFY-1194,2024-12-31,446,45175
TAXIFY-1194,2025-01-01,369,45544
TAXIFY-1194,2025-01-02,449,45993
TAXIFY-1194,2025-01-03,433,46426
TAXIFY-1194,2025-01-04,262,46688
TAXIFY-1194,2025-01-05,223,46911
TAXIFY-1194,2025-01-06,402,47313
TAXIFY-1194,2025-01-07,451,47764
TAXIFY-1194,2025-01-08,408,48172
TAXIFY-1194,2025-01-09,426,48598
TAXIFY-1194,2025-01-10,375,48973
TAXIFY-1194,2025-01-11,226,49199
TAXIFY-1194,2025-01-12,189,49388
TAXIFY-1194,2025-01-13,437,49825
TAXIFY-1194,2025-01-14,414,50239
TAXIFY-1194,2025-01-15,420,50659
TAXIFY-1194,2025-01-16,442,51101
TAXIFY-1194,2025-01-17,383,51484
TAXIFY-1194,2025-01-18,232,51716
TAXIFY-1194,2025-01-19,206,51922
TAXIFY-1194,2025-01-20,470,52392
TAXIFY-1194,2025-01-21,389,52781
TAXIFY-1194,2025-01-22,431,53212
TAXIFY-1194,2025-01-23,424,53636
TAXIFY-1194,2025-01-24,466,54102
TAXIFY-1194,2025-01-25,236,54338
TAXIFY-1194,2025-01-26,232,54570
TAXIFY-1194,2025-01-27,455,55025
TAXIFY-1194,2025-01-28,403,55428
TAXIFY-1194,2025-01-29,428,55856
TAXIFY-1194,2025-01-30,469,56325
TAXIFY-1194,2025-01-31,407,56732
TAXIFY-1194,2025-02-01,422,57154
TAXIFY-1194,2025-02-02,344,57498
TAXIFY-1194,2025-02-03,777,58275
TAXIFY-1194,2025-02-04,833,59108
TAXIFY-1194,2025-02-05,860,59968
TAXIFY-1194,2025-02-06,885,60853
TAXIFY-1194,2025-02-07,706,61559
TAXIFY-1194,2025-02-08,501,62060
TAXIFY-1194,2025-02-09,417,62477
TAXIFY-1194,2025-02-10,833,63310
TAXIFY-1194,2025-02-11,781,64091
TAXIFY-1194,2025-02-12,755,64846
TAXIFY-1194,2025-02-13,917,65763
TAXIFY-1194,2025-02-14,884,66647
TAXIFY-1194,2025-02-15,430,67077
TAXIFY-1194,2025-02-16,431,67508
TAXIFY-1194,2025-02-17,872,68380
TAXIFY-1194,2025-02-18,887,69267
TAXIFY-1194,2025-02-19,812,70079
TAXIFY-1194,2025-02-20,893,70972
TAXIFY-1194,2025-02-21,847,71819
TAXIFY-1194,2025-02-22,381,72200
TAXIFY-1194,2025-02-23,443,72643
TAXIFY-1194,2025-02-24,775,73418
TAXIFY-1194,2025-02-25,773,74191
TAXIFY-1194,2025-02-26,914,75105
TAXIFY-1194,2025-02-27,800,75905
TAXIFY-1194,2025-02-28,779,76684
TAXIFY-1194,2025-03-01,569,77253
TAXIFY-1194,2025-03-02,555,77808
TAXIFY-1194,2025-03-03,1418,79226
TAXIFY-1194,2025-03-04,1193,80419
TAXIFY-1194,2025-03-05,1254,81673
TAXIFY-1194,2025-03-06,1305,82978
TAXIFY-1194,2025-03-07,1212,84190
TAXIFY-1194,2025-03-08,656,84846
TAXIFY-1194,2025-03-09,634,85480
TAXIFY-1194,2025-03-10,1248,86728
TAXIFY-1194,2025-03-11,1209,87937
TAXIFY-1194,2025-03-12,1296,89233
TAXIFY-1194,2025-03-13,990,90223
TAXIFY-1194,2025-03-14,1185,91408
TAXIFY-1194,2025-03-15,585,91993
TAXIFY-1194,2025-03-16,596,92589
TAXIFY-1194,2025-03-17,1301,93890
TAXIFY-1194,2025-03-18,1182,95072
TAXIFY-1194,2025-03-19,1112,96184
TAXIFY-1194,2025-03-20,974,97158
TAXIFY-1194,2025-03-21,1181,98339
TAXIFY-1194,2025-03-22,642,98981
TAXIFY-1194,2025-03-23,591,99572
TAXIFY-1194,2025-03-24,1213,100785
TAXIFY-1194,2025-03-25,1185,101970
TAXIFY-1194,2025-03-26,1256,103226
TAXIFY-1194,2025-03-27,1222,104448
TAXIFY-1194,2025-03-28,1189,105637
TAXIFY-1194,2025-03-29,526,106163
TAXIFY-1194,2025-03-30,557,106720
TAXIFY-1194,2025-03-31,1205,107925
TAXIFY-1194,2025-04-01,930,108855
TAXIFY-1194,2025-04-02,850,109705
TAXIFY-1194,2025-04-03,862,110567
TAXIFY-1194,2025-04-04,819,111386
TAXIFY-1194,2025-04-05,426,111812
TAXIFY-1194,2025-04-06,436,112248
TAXIFY-1194,2025-04-07,902,113150
TAXIFY-1194,2025-04-08,737,113887
TAXIFY-1194,2025-04-09,787,114674
TAXIFY-1194,2025-04-10,859,115533
TAXIFY-1194,2025-04-11,896,116429
TAXIFY-1194,2025-04-12,388,116817
TAXIFY-1194,2025-04-13,367,117184
TAXIFY-1194,2025-04-14,922,118106
TAXIFY-1194,2025-04-15,852,118958
TAXIFY-1194,2025-04-16,853,119811
TAXIFY-1194,2025-04-17,840,120651
TAXIFY-1194,2025-04-18,746,121397
TAXIFY-1194,2025-04-19,459,121856
TAXIFY-1194,2025-04-20,467,122323
TAXIFY-1194,2025-04-21,902,123225
TAXIFY-1194,2025-04-22,766,123991
TAXIFY-1194,2025-04-23,817,124808
TAXIFY-1194,2025-04-24,715,125523
TAXIFY-1194,2025-04-25,910,126433
TAXIFY-1194,2025-04-26,487,126920
TAXIFY-1194,2025-04-27,398,127318
TAXIFY-1194,2025-04-28,953,128271
TAXIFY-1194,2025-04-29,869,129140
TAXIFY-1194,2025-04-30,808,129948
TAXIFY-1194,2025-05-01,379,130327
TAXIFY-1194,2025-05-02,386,130713
TAXIFY-1194,2025-05-03,209,130922
TAXIFY-1194,2025-05-04,208,131130
TAXIFY-1194,2025-05-05,381,131511
TAXIFY-1194,2025-05-06,466,131977
TAXIFY-1194,2025-05-07,468,132445
TAXIFY-1194,2025-05-08,380,132825
TAXIFY-1194,2025-05-09,445,133270
TAXIFY-1194,2025-05-10,223,133493
TAXIFY-1194,2025-05-11,236,133729
TAXIFY-1194,2025-05-12,367,134096
TAXIFY-1194,2025-05-13,403,134499
TAXIFY-1194,2025-05-14,381,134880
TAXIFY-1194,2025-05-15,424,135304
TAXIFY-1194,2025-05-16,416,135720
TAXIFY-1194,2025-05-17,199,135919
TAXIFY-1194,2025-05-18,272,136191
TAXIFY-1194,2025-05-19,388,136579
TAXIFY-1194,2025-05-20,405,136984
TAXIFY-1194,2025-05-21,462,137446
TAXIFY-1194,2025-05-22,421,137867
TAXIFY-1194,2025-05-23,424,138291
TAXIFY-1194,2025-05-24,220,138511
TAXIFY-1194,2025-05-25,234,138745
TAXIFY-1194,2025-05-26,441,139186
TAXIFY-1194,2025-05-27,385,139571
TAXIFY-1194,2025-05-28,406,139977
TAXIFY-1194,2025-05-29,451,140428
TAXIFY-1194,2025-05-30,408,140836
TAXIFY-1194,2025-05-31,223,141059
TAXIFY-1194,2025-06-01,177,141236
TAXIFY-1194,2025-06-02,311,141547
TAXIFY-1194,2025-06-03,349,141896
TAXIFY-1194,2025-06-04,331,142227
TAXIFY-1194,2025-06-05,300,142527
TAXIFY-1194,2025-06-06,315,142842
TAXIFY-1194,2025-06-07,170,143012
TAXIFY-1194,2025-06-08,163,143175
TAXIFY-1194,2025-06-09,351,143526
TAXIFY-1194,2025-06-10,323,143849
TAXIFY-1194,2025-06-11,396,144245
TAXIFY-1194,2025-06-12,324,144569
TAXIFY-1194,2025-06-13,365,144934
TAXIFY-1194,2025-06-14,163,145097
TAXIFY-1194,2025-06-15,179,145276
TAXIFY-1194,2025-06-16,327,145603
TAXIFY-1194,2025-06-17,414,146017
TAXIFY-1194,2025-06-18,315,146332
TAXIFY-1194,2025-06-19,334,146666
TAXIFY-1194,2025-06-20,360,147026
TAXIFY-1194,2025-06-21,156,147182
TAXIFY-1194,2025-06-22,183,147365
TAXIFY-1194,2025-06-23,410,147775
TAXIFY-1194,2025-06-24,313,148088
TAXIFY-1194,2025-06-25,345,148433
TAXIFY-1194,2025-06-26,345,148778
TAXIFY-1194,2025-06-27,307,149085
TAXIFY-1194,2025-06-28,157,149242
TAXIFY-1194,2025-06-29,138,149380
TAXIFY-1194,2025-06-30,336,149716
TAXIFY-1194,2025-07-01,345,150061
TAXIFY-1194,2025-07-02,348,150409
TAXIFY-1194,2025-07-03,361,150770
TAXIFY-1194,2025-07-04,371,151141
TAXIFY-1194,2025-07-05,169,151310
TAXIFY-1194,2025-07-06,166,151476
TAXIFY-1194,2025-07-07,357,151833
TAXIFY-1194,2025-07-08,396,152229
TAXIFY-1194,2025-07-09,297,152526
TAXIFY-1194,2025-07-10,304,152830
TAXIFY-1194,2025-07-11,310,153140
TAXIFY-1194,2025-07-12,153,153293
TAXIFY-1194,2025-07-13,144,153437
TAXIFY-1194,2025-07-14,336,153773
TAXIFY-1194,2025-07-15,295,154068
TAXIFY-1194,2025-07-16,356,154424
TAXIFY-1194,2025-07-17,375,154799
TAXIFY-1194,2025-07-18,311,155110
TAXIFY-1194,2025-07-19,165,155275
TAXIFY-1194,2025-07-20,171,155446
TAXIFY-1194,2025-07-21,376,155822
TAXIFY-1194,2025-07-22,335,156157
TAXIFY-1194,2025-07-23,320,156477
TAXIFY-1194,2025-07-24,361,156838
TAXIFY-1194,2025-07-25,316,157154
TAXIFY-1194,2025-07-26,161,157315
TAXIFY-1194,2025-07-27,176,157491
TAXIFY-1194,2025-07-28,350,157841
TAXIFY-1194,2025-07-29,314,158155
TAXIFY-1194,2025-07-30,351,158506
TAXIFY-1194,2025-07-31,312,158818
TAXIFY-1194,2025-08-01,315,159133
TAXIFY-1194,2025-08-02,159,159292
TAXIFY-1194,2025-08-03,168,159460
TAXIFY-1194,2025-08-04,347,159807
TAXIFY-1194,2025-08-05,329,160136
TAXIFY-1194,2025-08-06,361,160497
TAXIFY-1194,2025-08-07,345,160842
TAXIFY-1194,2025-08-08,345,161187
TAXIFY-1194,2025-08-09,176,161363
TAXIFY-1194,2025-08-10,185,161548
TAXIFY-1194,2025-08-11,354,161902
TAXIFY-1194,2025-08-12,372,162274
TAXIFY-1194,2025-08-13,362,162636
TAXIFY-1194,2025-08-14,338,162974
TAXIFY-1194,2025-08-15,331,163305
TAXIFY-1194,2025-08-16,186,163491
TAXIFY-1194,2025-08-17,179,163670
TAXIFY-1194,2025-08-18,325,163995
TAXIFY-1194,2025-08-19,320,164315
TAXIFY-1194,2025-08-20,339,164654
TAXIFY-1194,2025-08-21,367,165021
TAXIFY-1194,2025-08-22,311,165332
TAXIFY-1194,2025-08-23,160,165492
TAXIFY-1194,2025-08-24,167,165659
TAXIFY-1194,2025-08-25,350,166009
TAXIFY-1194,2025-08-26,271,166280
TAXIFY-1194,2025-08-27,321,166601
TAXIFY-1194,2025-08-28,326,166927
TAXIFY-1194,2025-08-29,316,167243
TAXIFY-1194,2025-08-30,175,167418
TAXIFY-1194,2025-08-31,152,167570
TAXIFY-1195,2024-09-01,442,442
TAXIFY-1195,2024-09-02,756,1198
TAXIFY-1195,2024-09-03,832,2030
TAXIFY-1195,2024-09-04,797,2827
TAXIFY-1195,2024-09-05,836,3663
TAXIFY-1195,2024-09-06,872,4535
TAXIFY-1195,2024-09-07,443,4978
TAXIFY-1195,2024-09-08,420,5398
TAXIFY-1195,2024-09-09,898,6296
TAXIFY-1195,2024-09-10,935,7231
TAXIFY-1195,2024-09-11,765,7996
TAXIFY-1195,2024-09-12,870,8866
TAXIFY-1195,2024-09-13,778,9644
TAXIFY-1195,2024-09-14,443,10087
TAXIFY-1195,2024-09-15,358,10445
TAXIFY-1195,2024-09-16,769,11214
TAXIFY-1195,2024-09-17,877,12091
TAXIFY-1195,2024-09-18,852,12943
TAXIFY-1195,2024-09-19,950,13893
TAXIFY-1195,2024-09-20,942,14835
TAXIFY-1195,2024-09-21,449,15284
TAXIFY-1195,2024-09-22,460,15744
TAXIFY-1195,2024-09-23,749,16493
TAXIFY-1195,2024-09-24,896,17389
TAXIFY-1195,2024-09-25,806,18195
TAXIFY-1195,2024-09-26,929,19124
TAXIFY-1195,2024-09-27,815,19939
TAXIFY-1195,2024-09-28,461,20400
TAXIFY-1195,2024-09-29,459,20859
TAXIFY-1195,2024-09-30,876,21735
TAXIFY-1195,2024-10-01,794,22529
TAXIFY-1195,2024-10-02,789,23318
TAXIFY-1195,2024-10-03,952,24270
TAXIFY-1195,2024-10-04,932,25202
TAXIFY-1195,2024-10-05,401,25603
TAXIFY-1195,2024-10-06,391,25994
TAXIFY-1195,2024-10-07,818,26812
TAXIFY-1195,2024-10-08,1011,27823
TAXIFY-1195,2024-10-09,944,28767
TAXIFY-1195,2024-10-10,906,29673
TAXIFY-1195,2024-10-11,828,30501
TAXIFY-1195,2024-10-12,483,30984
TAXIFY-1195,2024-10-13,440,31424
TAXIFY-1195,2024-10-14,747,32171
TAXIFY-1195,2024-10-15,714,32885
TAXIFY-1195,2024-10-16,975,33860
TAXIFY-1195,2024-10-17,804,34664
TAXIFY-1195,2024-10-18,750,35414
TAXIFY-1195,2024-10-19,486,35900
TAXIFY-1195,2024-10-20,488,36388
TAXIFY-1195,2024-10-21,899,37287
TAXIFY-1195,2024-10-22,710,37997
TAXIFY-1195,2024-10-23,790,38787
TAXIFY-1195,2024-10-24,832,39619
TAXIFY-1195,2024-10-25,980,40599
TAXIFY-1195,2024-10-26,452,41051
TAXIFY-1195,2024-10-27,402,41453
TAXIFY-1195,2024-10-28,933,42386
TAXIFY-1195,2024-10-29,843,43229
TAXIFY-1195,2024-10-30,771,44000
TAXIFY-1195,2024-10-31,902,44902
TAXIFY-1195,2024-11-01,968,45870
TAXIFY-1195,2024-11-02,403,46273
TAXIFY-1195,2024-11-03,410,46683
TAXIFY-1195,2024-11-04,812,47495
TAXIFY-1195,2024-11-05,831,48326
TAXIFY-1195,2024-11-06,865,49191
TAXIFY-1195,2024-11-07,867,50058
TAXIFY-1195,2024-11-08,873,50931
TAXIFY-1195,2024-11-09,404,51335
TAXIFY-1195,2024-11-10,467,51802
TAXIFY-1195,2024-11-11,708,52510
TAXIFY-1195,2024-11-12,798,53308
TAXIFY-1195,2024-11-13,811,54119
TAXIFY-1195,2024-11-14,811,54930
TAXIFY-1195,2024-11-15,862,55792
TAXIFY-1195,2024-11-16,444,56236
TAXIFY-1195,2024-11-17,415,56651
TAXIFY-1195,2024-11-18,820,57471
TAXIFY-1195,2024-11-19,795,58266
TAXIFY-1195,2024-11-20,948,59214
TAXIFY-1195,2024-11-21,849,60063
TAXIFY-1195,2024-11-22,786,60849
TAXIFY-1195,2024-11-23,426,61275
TAXIFY-1195,2024-11-24,402,61677
TAXIFY-1195,2024-11-25,847,62524
TAXIFY-1195,2024-11-26,938,63462
TAXIFY-1195,2024-11-27,973,64435
TAXIFY-1195,2024-11-28,875,65310
TAXIFY-1195,2024-11-29,827,66137
TAXIFY-1195,2024-11-30,436,66573
TAXIFY-1195,2024-12-01,444,67017
TAXIFY-1195,2024-12-02,857,67874
TAXIFY-1195,2024-12-03,914,68788
TAXIFY-1195,2024-12-04,920,69708
TAXIFY-1195,2024-12-05,727,70435
TAXIFY-1195,2024-12-06,917,71352
TAXIFY-1195,2024-12-07,472,71824
TAXIFY-1195,2024-12-08,479,72303
TAXIFY-1195,2024-12-09,874,73177
TAXIFY-1195,2024-12-10,1026,74203
TAXIFY-1195,2024-12-11,840,75043
TAXIFY-1195,2024-12-12,758,75801
TAXIFY-1195,2024-12-13,766,76567
TAXIFY-1195,2024-12-14,437,77004
TAXIFY-1195,2024-12-15,459,77463
TAXIFY-1195,2024-12-16,825,78288
TAXIFY-1195,2024-12-17,1012,79300
TAXIFY-1195,2024-12-18,788,80088
TAXIFY-1195,2024-12-19,624,80712
TAXIFY-1195,2024-12-20,1011,81723
TAXIFY-1195,2024-12-21,390,82113
TAXIFY-1195,2024-12-22,402,82515
TAXIFY-1195,2024-12-23,913,83428
TAXIFY-1195,2024-12-24,852,84280
TAXIFY-1195,2024-12-25,858,85138
TAXIFY-1195,2024-12-26,846,85984
TAXIFY-1195,2024-12-27,810,86794
TAXIFY-1195,2024-12-28,463,87257
TAXIFY-1195,2024-12-29,418,87675
TAXIFY-1195,2024-12-30,937,88612
TAXIFY-1195,2024-12-31,874,89486
TAXIFY-1195,2025-01-01,800,90286
TAXIFY-1195,2025-01-02,831,91117
TAXIFY-1195,2025-01-03,871,91988
TAXIFY-1195,2025-01-04,410,92398
TAXIFY-1195,2025-01-05,450,92848
TAXIFY-1195,2025-01-06,892,93740
TAXIFY-1195,2025-01-07,771,94511
TAXIFY-1195,2025-01-08,909,95420
TAXIFY-1195,2025-01-09,919,96339
TAXIFY-1195,2025-01-10,842,97181
TAXIFY-1195,2025-01-11,398,97579
TAXIFY-1195,2025-01-12,446,98025
TAXIFY-1195,2025-01-13,833,98858
TAXIFY-1195,2025-01-14,745,99603
TAXIFY-1195,2025-01-15,853,100456
TAXIFY-1195,2025-01-16,908,101364
TAXIFY-1195,2025-01-17,815,102179
TAXIFY-1195,2025-01-18,381,102560
TAXIFY-1195,2025-01-19,422,102982
TAXIFY-1195,2025-01-20,877,103859
TAXIFY-1195,2025-01-21,916,104775
TAXIFY-1195,2025-01-22,963,105738
TAXIFY-1195,2025-01-23,809,106547
TAXIFY-1195,2025-01-24,851,107398
TAXIFY-1195,2025-01-25,435,107833
TAXIFY-1195,2025-01-26,425,108258
TAXIFY-1195,2025-01-27,750,109008
TAXIFY-1195,2025-01-28,856,109864
TAXIFY-1195,2025-01-29,983,110847
TAXIFY-1195,2025-01-30,815,111662
TAXIFY-1195,2025-01-31,846,112508
TAXIFY-1195,2025-02-01,1072,113580
TAXIFY-1195,2025-02-02,921,114501
TAXIFY-1195,2025-02-03,1641,116142
TAXIFY-1195,2025-02-04,1580,117722
TAXIFY-1195,2025-02-05,1654,119376
TAXIFY-1195,2025-02-06,1500,120876
TAXIFY-1195,2025-02-07,1657,122533
TAXIFY-1195,2025-02-08,945,123478
TAXIFY-1195,2025-02-09,922,124400
TAXIFY-1195,2025-02-10,1672,126072
TAXIFY-1195,2025-02-11,1817,127889
TAXIFY-1195,2025-02-12,1822,129711
TAXIFY-1195,2025-02-13,1811,131522
TAXIFY-1195,2025-02-14,1785,133307
TAXIFY-1195,2025-02-15,813,134120
TAXIFY-1195,2025-02-16,907,135027
TAXIFY-1195,2025-02-17,1672,136699
TAXIFY-1195,2025-02-18,1720,138419
TAXIFY-1195,2025-02-19,1839,140258
TAXIFY-1195,2025-02-20,1920,142178
TAXIFY-1195,2025-02-21,1670,143848
TAXIFY-1195,2025-02-22,890,144738
TAXIFY-1195,2025-02-23,838,145576
TAXIFY-1195,2025-02-24,1464,147040
TAXIFY-1195,2025-02-25,1918,148958
TAXIFY-1195,2025-02-26,1801,150759
TAXIFY-1195,2025-02-27,1613,152372
TAXIFY-1195,2025-02-28,1791,154163
TAXIFY-1195,2025-03-01,1317,155480
TAXIFY-1195,2025-03-02,1146,156626
TAXIFY-1195,2025-03-03,2440,159066
TAXIFY-1195,2025-03-04,2478,161544
TAXIFY-1195,2025-03-05,2207,163751
TAXIFY-1195,2025-03-06,2319,166070
TAXIFY-1195,2025-03-07,2477,168547
TAXIFY-1195,2025-03-08,1232,169779
TAXIFY-1195,2025-03-09,1222,171001
TAXIFY-1195,2025-03-10,2672,173673
TAXIFY-1195,2025-03-11,2665,176338
TAXIFY-1195,2025-03-12,2498,178836
TAXIFY-1195,2025-03-13,2249,181085
TAXIFY-1195,2025-03-14,2554,183639
TAXIFY-1195,2025-03-15,1110,184749
TAXIFY-1195,2025-03-16,1131,185880
TAXIFY-1195,2025-03-17,2333,188213
TAXIFY-1195,2025-03-18,2300,190513
TAXIFY-1195,2025-03-19,2506,193019
TAXIFY-1195,2025-03-20,2531,195550
TAXIFY-1195,2025-03-21,2204,197754
TAXIFY-1195,2025-03-22,1272,199026
TAXIFY-1195,2025-03-23,1218,200244
TAXIFY-1195,2025-03-24,2128,202372
TAXIFY-1195,2025-03-25,2869,205241
TAXIFY-1195,2025-03-26,2402,207643
TAXIFY-1195,2025-03-27,2336,209979
TAXIFY-1195,2025-03-28,2295,212274
TAXIFY-1195,2025-03-29,1142,213416
TAXIFY-1195,2025-03-30,1243,214659
TAXIFY-1195,2025-03-31,2252,216911
TAXIFY-1195,2025-04-01,1720,218631
TAXIFY-1195,2025-04-02,1584,220215
TAXIFY-1195,2025-04-03,1909,222124
TAXIFY-1195,2025-04-04,1763,223887
TAXIFY-1195,2025-04-05,820,224707
TAXIFY-1195,2025-04-06,861,225568
TAXIFY-1195,2025-04-07,1597,227165
TAXIFY-1195,2025-04-08,1518,228683
TAXIFY-1195,2025-04-09,1635,230318
TAXIFY-1195,2025-04-10,1773,232091
TAXIFY-1195,2025-04-11,1549,233640
TAXIFY-1195,2025-04-12,945,234585
TAXIFY-1195,2025-04-13,797,235382
TAXIFY-1195,2025-04-14,1726,237108
TAXIFY-1195,2025-04-15,1947,239055
TAXIFY-1195,2025-04-16,1716,240771
TAXIFY-1195,2025-04-17,1589,242360
TAXIFY-1195,2025-04-18,1392,243752
TAXIFY-1195,2025-04-19,899,244651
TAXIFY-1195,2025-04-20,892,245543
TAXIFY-1195,2025-04-21,1822,247365
TAXIFY-1195,2025-04-22,1757,249122
TAXIFY-1195,2025-04-23,1667,250789
TAXIFY-1195,2025-04-24,1632,252421
TAXIFY-1195,2025-04-25,1747,254168
TAXIFY-1195,2025-04-26,939,255107
TAXIFY-1195,2025-04-27,664,255771
TAXIFY-1195,2025-04-28,1872,257643
TAXIFY-1195,2025-04-29,1701,259344
TAXIFY-1195,2025-04-30,1718,261062
TAXIFY-1195,2025-05-01,919,261981
TAXIFY-1195,2025-05-02,858,262839
TAXIFY-1195,2025-05-03,443,263282
TAXIFY-1195,2025-05-04,378,263660
TAXIFY-1195,2025-05-05,851,264511
TAXIFY-1195,2025-05-06,906,265417
TAXIFY-1195,2025-05-07,843,266260
TAXIFY-1195,2025-05-08,847,267107
TAXIFY-1195,2025-05-09,882,267989
TAXIFY-1195,2025-05-10,450,268439
TAXIFY-1195,2025-05-11,488,268927
TAXIFY-1195,2025-05-12,901,269828
TAXIFY-1195,2025-05-13,965,270793
TAXIFY-1195,2025-05-14,864,271657
TAXIFY-1195,2025-05-15,705,272362
TAXIFY-1195,2025-05-16,841,273203
TAXIFY-1195,2025-05-17,407,273610
TAXIFY-1195,2025-05-18,433,274043
TAXIFY-1195,2025-05-19,848,274891
TAXIFY-1195,2025-05-20,889,275780
TAXIFY-1195,2025-05-21,824,276604
TAXIFY-1195,2025-05-22,885,277489
TAXIFY-1195,2025-05-23,896,278385
TAXIFY-1195,2025-05-24,436,278821
TAXIFY-1195,2025-05-25,384,279205
TAXIFY-1195,2025-05-26,933,280138
TAXIFY-1195,2025-05-27,914,281052
TAXIFY-1195,2025-05-28,857,281909
TAXIFY-1195,2025-05-29,744,282653
TAXIFY-1195,2025-05-30,891,283544
TAXIFY-1195,2025-05-31,417,283961
TAXIFY-1195,2025-06-01,333,284294
TAXIFY-1195,2025-06-02,692,284986
TAXIFY-1195,2025-06-03,777,285763
TAXIFY-1195,2025-06-04,704,286467
TAXIFY-1195,2025-06-05,690,287157
TAXIFY-1195,2025-06-06,667,287824
TAXIFY-1195,2025-06-07,349,288173
TAXIFY-1195,2025-06-08,348,288521
TAXIFY-1195,2025-06-09,730,289251
TAXIFY-1195,2025-06-10,667,289918
TAXIFY-1195,2025-06-11,651,290569
TAXIFY-1195,2025-06-12,672,291241
TAXIFY-1195,2025-06-13,691,291932
TAXIFY-1195,2025-06-14,347,292279
TAXIFY-1195,2025-06-15,348,292627
TAXIFY-1195,2025-06-16,641,293268
TAXIFY-1195,2025-06-17,691,293959
TAXIFY-1195,2025-06-18,734,294693
TAXIFY-1195,2025-06-19,767,295460
TAXIFY-1195,2025-06-20,751,296211
TAXIFY-1195,2025-06-21,346,296557
TAXIFY-1195,2025-06-22,343,296900
TAXIFY-1195,2025-06-23,765,297665
TAXIFY-1195,2025-06-24,690,298355
TAXIFY-1195,2025-06-25,745,299100
TAXIFY-1195,2025-06-26,695,299795
TAXIFY-1195,2025-06-27,562,300357
TAXIFY-1195,2025-06-28,366,300723
TAXIFY-1195,2025-06-29,375,301098
TAXIFY-1195,2025-06-30,678,301776
TAXIFY-1195,2025-07-01,632,302408
TAXIFY-1195,2025-07-02,781,303189
TAXIFY-1195,2025-07-03,688,303877
TAXIFY-1195,2025-07-04,677,304554
TAXIFY-1195,2025-07-05,360,304914
TAXIFY-1195,2025-07-06,424,305338
TAXIFY-1195,2025-07-07,723,306061
TAXIFY-1195,2025-07-08,706,306767
TAXIFY-1195,2025-07-09,700,307467
TAXIFY-1195,2025-07-10,788,308255
TAXIFY-1195,2025-07-11,726,308981
TAXIFY-1195,2025-07-12,372,309353
TAXIFY-1195,2025-07-13,356,309709
TAXIFY-1195,2025-07-14,726,310435
TAXIFY-1195,2025-07-15,681,311116
TAXIFY-1195,2025-07-16,706,311822
TAXIFY-1195,2025-07-17,658,312480
TAXIFY-1195,2025-07-18,668,313148
TAXIFY-1195,2025-07-19,362,313510
TAXIFY-1195,2025-07-20,328,313838
TAXIFY-1195,2025-07-21,703,314541
TAXIFY-1195,2025-07-22,676,315217
TAXIFY-1195,2025-07-23,634,315851
TAXIFY-1195,2025-07-24,709,316560
TAXIFY-1195,2025-07-25,739,317299
TAXIFY-1195,2025-07-26,311,317610
TAXIFY-1195,2025-07-27,365,317975
TAXIFY-1195,2025-07-28,634,318609
TAXIFY-1195,2025-07-29,772,319381
TAXIFY-1195,2025-07-30,728,320109
TAXIFY-1195,2025-07-31,623,320732
TAXIFY-1195,2025-08-01,744,321476
TAXIFY-1195,2025-08-02,331,321807
TAXIFY-1195,2025-08-03,321,322128
TAXIFY-1195,2025-08-04,736,322864
TAXIFY-1195,2025-08-05,763,323627
TAXIFY-1195,2025-08-06,723,324350
TAXIFY-1195,2025-08-07,675,325025
TAXIFY-1195,2025-08-08,706,325731
TAXIFY-1195,2025-08-09,332,326063
TAXIFY-1195,2025-08-10,343,326406
TAXIFY-1195,2025-08-11,719,327125
TAXIFY-1195,2025-08-12,617,327742
TAXIFY-1195,2025-08-13,721,328463
TAXIFY-1195,2025-08-14,617,329080
TAXIFY-1195,2025-08-15,625,329705
TAXIFY-1195,2025-08-16,366,330071
TAXIFY-1195,2025-08-17,324,330395
TAXIFY-1195,2025-08-18,641,331036
TAXIFY-1195,2025-08-19,680,331716
TAXIFY-1195,2025-08-20,663,332379
TAXIFY-1195,2025-08-21,709,333088
TAXIFY-1195,2025-08-22,706,333794
TAXIFY-1195,2025-08-23,320,334114
TAXIFY-1195,2025-08-24,300,334414
TAXIFY-1195,2025-08-25,685,335099
TAXIFY-1195,2025-08-26,758,335857
TAXIFY-1195,2025-08-27,693,336550
TAXIFY-1195,2025-08-28,677,337227
TAXIFY-1195,2025-08-29,793,338020
TAXIFY-1195,2025-08-30,369,338389
TAXIFY-1195,2025-08-31,300,338689
TAXIFY-1196,2024-09-01,129,129
TAXIFY-1196,2024-09-02,269,398
TAXIFY-1196,2024-09-03,242,640
TAXIFY-1196,2024-09-04,258,898
TAXIFY-1196,2024-09-05,265,1163
TAXIFY-1196,2024-09-06,260,1423
TAXIFY-1196,2024-09-07,119,1542
TAXIFY-1196,2024-09-08,147,1689
TAXIFY-1196,2024-09-09,270,1959
TAXIFY-1196,2024-09-10,246,2205
TAXIFY-1196,2024-09-11,283,2488
TAXIFY-1196,2024-09-12,263,2751
TAXIFY-1196,2024-09-13,285,3036
TAXIFY-1196,2024-09-14,131,3167
TAXIFY-1196,2024-09-15,116,3283
TAXIFY-1196,2024-09-16,242,3525
TAXIFY-1196,2024-09-17,289,3814
TAXIFY-1196,2024-09-18,286,4100
TAXIFY-1196,2024-09-19,236,4336
TAXIFY-1196,2024-09-20,294,4630
TAXIFY-1196,2024-09-21,143,4773
TAXIFY-1196,2024-09-22,125,4898
TAXIFY-1196,2024-09-23,263,5161
TAXIFY-1196,2024-09-24,218,5379
TAXIFY-1196,2024-09-25,249,5628
TAXIFY-1196,2024-09-26,260,5888
TAXIFY-1196,2024-09-27,271,6159
TAXIFY-1196,2024-09-28,131,6290
TAXIFY-1196,2024-09-29,133,6423
TAXIFY-1196,2024-09-30,244,6667
TAXIFY-1196,2024-10-01,271,6938
TAXIFY-1196,2024-10-02,300,7238
TAXIFY-1196,2024-10-03,274,7512
TAXIFY-1196,2024-10-04,265,7777
TAXIFY-1196,2024-10-05,124,7901
TAXIFY-1196,2024-10-06,128,8029
TAXIFY-1196,2024-10-07,237,8266
TAXIFY-1196,2024-10-08,234,8500
TAXIFY-1196,2024-10-09,263,8763
TAXIFY-1196,2024-10-10,276,9039
TAXIFY-1196,2024-10-11,246,9285
TAXIFY-1196,2024-10-12,145,9430
TAXIFY-1196,2024-10-13,126,9556
TAXIFY-1196,2024-10-14,262,9818
TAXIFY-1196,2024-10-15,284,10102
TAXIFY-1196,2024-10-16,258,10360
TAXIFY-1196,2024-10-17,278,10638
TAXIFY-1196,2024-10-18,276,10914
TAXIFY-1196,2024-10-19,125,11039
TAXIFY-1196,2024-10-20,125,11164
TAXIFY-1196,2024-10-21,290,11454
TAXIFY-1196,2024-10-22,292,11746
TAXIFY-1196,2024-10-23,278,12024
TAXIFY-1196,2024-10-24,246,12270
TAXIFY-1196,2024-10-25,283,12553
TAXIFY-1196,2024-10-26,129,12682
TAXIFY-1196,2024-10-27,118,12800
TAXIFY-1196,2024-10-28,251,13051
TAXIFY-1196,2024-10-29,260,13311
TAXIFY-1196,2024-10-30,287,13598
TAXIFY-1196,2024-10-31,247,13845
TAXIFY-1196,2024-11-01,244,14089
TAXIFY-1196,2024-11-02,127,14216
TAXIFY-1196,2024-11-03,131,14347
TAXIFY-1196,2024-11-04,279,14626
TAXIFY-1196,2024-11-05,276,14902
TAXIFY-1196,2024-11-06,217,15119
TAXIFY-1196,2024-11-07,257,15376
TAXIFY-1196,2024-11-08,267,15643
TAXIFY-1196,2024-11-09,123,15766
TAXIFY-1196,2024-11-10,124,15890
TAXIFY-1196,2024-11-11,278,16168
TAXIFY-1196,2024-11-12,279,16447
TAXIFY-1196,2024-11-13,261,16708
TAXIFY-1196,2024-11-14,273,16981
TAXIFY-1196,2024-11-15,274,17255
TAXIFY-1196,2024-11-16,120,17375
TAXIFY-1196,2024-11-17,120,17495
TAXIFY-1196,2024-11-18,256,17751
TAXIFY-1196,2024-11-19,250,18001
TAXIFY-1196,2024-11-20,252,18253
TAXIFY-1196,2024-11-21,262,18515
TAXIFY-1196,2024-11-22,262,18777
TAXIFY-1196,2024-11-23,105,18882
TAXIFY-1196,2024-11-24,133,19015
TAXIFY-1196,2024-11-25,259,19274
TAXIFY-1196,2024-11-26,269,19543
TAXIFY-1196,2024-11-27,251,19794
TAXIFY-1196,2024-11-28,251,20045
TAXIFY-1196,2024-11-29,256,20301
TAXIFY-1196,2024-11-30,143,20444
TAXIFY-1196,2024-12-01,128,20572
TAXIFY-1196,2024-12-02,288,20860
TAXIFY-1196,2024-12-03,285,21145
TAXIFY-1196,2024-12-04,257,21402
TAXIFY-1196,2024-12-05,254,21656
TAXIFY-1196,2024-12-06,254,21910
TAXIFY-1196,2024-12-07,130,22040
TAXIFY-1196,2024-12-08,126,22166
TAXIFY-1196,2024-12-09,280,22446
TAXIFY-1196,2024-12-10,251,22697
TAXIFY-1196,2024-12-11,283,22980
TAXIFY-1196,2024-12-12,245,23225
TAXIFY-1196,2024-12-13,229,23454
TAXIFY-1196,2024-12-14,113,23567
TAXIFY-1196,2024-12-15,126,23693
TAXIFY-1196,2024-12-16,247,23940
TAXIFY-1196,2024-12-17,246,24186
TAXIFY-1196,2024-12-18,285,24471
TAXIFY-1196,2024-12-19,249,24720
TAXIFY-1196,2024-12-20,223,24943
TAXIFY-1196,2024-12-21,138,25081
TAXIFY-1196,2024-12-22,146,25227
TAXIFY-1196,2024-12-23,274,25501
TAXIFY-1196,2024-12-24,250,25751
TAXIFY-1196,2024-12-25,268,26019
TAXIFY-1196,2024-12-26,247,26266
TAXIFY-1196,2024-12-27,244,26510
TAXIFY-1196,2024-12-28,130,26640
TAXIFY-1196,2024-12-29,131,26771
TAXIFY-1196,2024-12-30,260,27031
TAXIFY-1196,2024-12-31,300,27331
TAXIFY-1196,2025-01-01,265,27596
TAXIFY-1196,2025-01-02,285,27881
TAXIFY-1196,2025-01-03,312,28193
TAXIFY-1196,2025-01-04,127,28320
TAXIFY-1196,2025-01-05,133,28453
TAXIFY-1196,2025-01-06,282,28735
TAXIFY-1196,2025-01-07,267,29002
TAXIFY-1196,2025-01-08,258,29260
TAXIFY-1196,2025-01-09,314,29574
TAXIFY-1196,2025-01-10,290,29864
TAXIFY-1196,2025-01-11,110,29974
TAXIFY-1196,2025-01-12,146,30120
TAXIFY-1196,2025-01-13,298,30418
TAXIFY-1196,2025-01-14,290,30708
TAXIFY-1196,2025-01-15,280,30988
TAXIFY-1196,2025-01-16,297,31285
TAXIFY-1196,2025-01-17,283,31568
TAXIFY-1196,2025-01-18,138,31706
TAXIFY-1196,2025-01-19,133,31839
TAXIFY-1196,2025-01-20,242,32081
TAXIFY-1196,2025-01-21,235,32316
TAXIFY-1196,2025-01-22,281,32597
TAXIFY-1196,2025-01-23,280,32877
TAXIFY-1196,2025-01-24,263,33140
TAXIFY-1196,2025-01-25,123,33263
TAXIFY-1196,2025-01-26,120,33383
TAXIFY-1196,2025-01-27,257,33640
TAXIFY-1196,2025-01-28,279,33919
TAXIFY-1196,2025-01-29,312,34231
TAXIFY-1196,2025-01-30,264,34495
TAXIFY-1196,2025-01-31,270,34765
TAXIFY-1196,2025-02-01,288,35053
TAXIFY-1196,2025-02-02,263,35316
TAXIFY-1196,2025-02-03,545,35861
TAXIFY-1196,2025-02-04,564,36425
TAXIFY-1196,2025-02-05,576,37001
TAXIFY-1196,2025-02-06,531,37532
TAXIFY-1196,2025-02-07,509,38041
TAXIFY-1196,2025-02-08,269,38310
TAXIFY-1196,2025-02-09,228,38538
TAXIFY-1196,2025-02-10,542,39080
TAXIFY-1196,2025-02-11,566,39646
TAXIFY-1196,2025-02-12,601,40247
TAXIFY-1196,2025-02-13,568,40815
TAXIFY-1196,2025-02-14,420,41235
TAXIFY-1196,2025-02-15,294,41529
TAXIFY-1196,2025-02-16,295,41824
TAXIFY-1196,2025-02-17,490,42314
TAXIFY-1196,2025-02-18,512,42826
TAXIFY-1196,2025-02-19,590,43416
TAXIFY-1196,2025-02-20,532,43948
TAXIFY-1196,2025-02-21,504,44452
TAXIFY-1196,2025-02-22,248,44700
TAXIFY-1196,2025-02-23,320,45020
TAXIFY-1196,2025-02-24,563,45583
TAXIFY-1196,2025-02-25,517,46100
TAXIFY-1196,2025-02-26,590,46690
TAXIFY-1196,2025-02-27,525,47215
TAXIFY-1196,2025-02-28,581,47796
TAXIFY-1196,2025-03-01,388,48184
TAXIFY-1196,2025-03-02,360,48544
TAXIFY-1196,2025-03-03,771,49315
TAXIFY-1196,2025-03-04,773,50088
TAXIFY-1196,2025-03-05,789,50877
TAXIFY-1196,2025-03-06,838,51715
TAXIFY-1196,2025-03-07,872,52587
TAXIFY-1196,2025-03-08,382,52969
TAXIFY-1196,2025-03-09,314,53283
TAXIFY-1196,2025-03-10,793,54076
TAXIFY-1196,2025-03-11,726,54802
TAXIFY-1196,2025-03-12,641,55443
TAXIFY-1196,2025-03-13,782,56225
TAXIFY-1196,2025-03-14,767,56992
TAXIFY-1196,2025-03-15,346,57338
TAXIFY-1196,2025-03-16,335,57673
TAXIFY-1196,2025-03-17,824,58497
TAXIFY-1196,2025-03-18,771,59268
TAXIFY-1196,2025-03-19,694,59962
TAXIFY-1196,2025-03-20,780,60742
TAXIFY-1196,2025-03-21,716,61458
TAXIFY-1196,2025-03-22,386,61844
TAXIFY-1196,2025-03-23,380,62224
TAXIFY-1196,2025-03-24,589,62813
TAXIFY-1196,2025-03-25,747,63560
TAXIFY-1196,2025-03-26,731,64291
TAXIFY-1196,2025-03-27,697,64988
TAXIFY-1196,2025-03-28,666,65654
TAXIFY-1196,2025-03-29,364,66018
TAXIFY-1196,2025-03-30,360,66378
TAXIFY-1196,2025-03-31,780,67158
TAXIFY-1196,2025-04-01,523,67681
TAXIFY-1196,2025-04-02,533,68214
TAXIFY-1196,2025-04-03,543,68757
TAXIFY-1196,2025-04-04,510,69267
TAXIFY-1196,2025-04-05,243,69510
TAXIFY-1196,2025-04-06,311,69821
TAXIFY-1196,2025-04-07,526,70347
TAXIFY-1196,2025-04-08,520,70867
TAXIFY-1196,2025-04-09,589,71456
TAXIFY-1196,2025-04-10,609,72065
TAXIFY-1196,2025-04-11,590,72655
TAXIFY-1196,2025-04-12,256,72911
TAXIFY-1196,2025-04-13,272,73183
TAXIFY-1196,2025-04-14,554,73737
TAXIFY-1196,2025-04-15,624,74361
TAXIFY-1196,2025-04-16,547,74908
TAXIFY-1196,2025-04-17,549,75457
TAXIFY-1196,2025-04-18,486,75943
TAXIFY-1196,2025-04-19,238,76181
TAXIFY-1196,2025-04-20,293,76474
TAXIFY-1196,2025-04-21,544,77018
TAXIFY-1196,2025-04-22,548,77566
TAXIFY-1196,2025-04-23,575,78141
TAXIFY-1196,2025-04-24,565,78706
TAXIFY-1196,2025-04-25,560,79266
TAXIFY-1196,2025-04-26,278,79544
TAXIFY-1196,2025-04-27,267,79811
TAXIFY-1196,2025-04-28,538,80349
TAXIFY-1196,2025-04-29,568,80917
TAXIFY-1196,2025-04-30,489,81406
TAXIFY-1196,2025-05-01,242,81648
TAXIFY-1196,2025-05-02,266,81914
TAXIFY-1196,2025-05-03,133,82047
TAXIFY-1196,2025-05-04,140,82187
TAXIFY-1196,2025-05-05,260,82447
TAXIFY-1196,2025-05-06,248,82695
TAXIFY-1196,2025-05-07,277,82972
TAXIFY-1196,2025-05-08,293,83265
TAXIFY-1196,2025-05-09,272,83537
TAXIFY-1196,2025-05-10,117,83654
TAXIFY-1196,2025-05-11,135,83789
TAXIFY-1196,2025-05-12,223,84012
TAXIFY-1196,2025-05-13,263,84275
TAXIFY-1196,2025-05-14,222,84497
TAXIFY-1196,2025-05-15,255,84752
TAXIFY-1196,2025-05-16,275,85027
TAXIFY-1196,2025-05-17,129,85156
TAXIFY-1196,2025-05-18,144,85300
TAXIFY-1196,2025-05-19,269,85569
TAXIFY-1196,2025-05-20,241,85810
TAXIFY-1196,2025-05-21,283,86093
TAXIFY-1196,2025-05-22,279,86372
TAXIFY-1196,2025-05-23,291,86663
TAXIFY-1196,2025-05-24,139,86802
TAXIFY-1196,2025-05-25,137,86939
TAXIFY-1196,2025-05-26,243,87182
TAXIFY-1196,2025-05-27,282,87464
TAXIFY-1196,2025-05-28,261,87725
TAXIFY-1196,2025-05-29,281,88006
TAXIFY-1196,2025-05-30,312,88318
TAXIFY-1196,2025-05-31,145,88463
TAXIFY-1196,2025-06-01,108,88571
TAXIFY-1196,2025-06-02,213,88784
TAXIFY-1196,2025-06-03,204,88988
TAXIFY-1196,2025-06-04,172,89160
TAXIFY-1196,2025-06-05,212,89372
TAXIFY-1196,2025-06-06,203,89575
TAXIFY-1196,2025-06-07,108,89683
TAXIFY-1196,2025-06-08,101,89784
TAXIFY-1196,2025-06-09,215,89999
TAXIFY-1196,2025-06-10,232,90231
TAXIFY-1196,2025-06-11,214,90445
TAXIFY-1196,2025-06-12,193,90638
TAXIFY-1196,2025-06-13,197,90835
TAXIFY-1196,2025-06-14,111,90946
TAXIFY-1196,2025-06-15,112,91058
TAXIFY-1196,2025-06-16,197,91255
TAXIFY-1196,2025-06-17,211,91466
TAXIFY-1196,2025-06-18,227,91693
TAXIFY-1196,2025-06-19,241,91934
TAXIFY-1196,2025-06-20,214,92148
TAXIFY-1196,2025-06-21,104,92252
TAXIFY-1196,2025-06-22,102,92354
TAXIFY-1196,2025-06-23,214,92568
TAXIFY-1196,2025-06-24,235,92803
TAXIFY-1196,2025-06-25,214,93017
TAXIFY-1196,2025-06-26,220,93237
TAXIFY-1196,2025-06-27,187,93424
TAXIFY-1196,2025-06-28,119,93543
TAXIFY-1196,2025-06-29,117,93660
TAXIFY-1196,2025-06-30,206,93866
TAXIFY-1196,2025-07-01,210,94076
TAXIFY-1196,2025-07-02,231,94307
TAXIFY-1196,2025-07-03,261,94568
TAXIFY-1196,2025-07-04,183,94751
TAXIFY-1196,2025-07-05,101,94852
TAXIFY-1196,2025-07-06,102,94954
TAXIFY-1196,2025-07-07,229,95183
TAXIFY-1196,2025-07-08,217,95400
TAXIFY-1196,2025-07-09,203,95603
TAXIFY-1196,2025-07-10,187,95790
TAXIFY-1196,2025-07-11,229,96019
TAXIFY-1196,2025-07-12,104,96123
TAXIFY-1196,2025-07-13,96,96219
TAXIFY-1196,2025-07-14,200,96419
TAXIFY-1196,2025-07-15,204,96623
TAXIFY-1196,2025-07-16,206,96829
TAXIFY-1196,2025-07-17,194,97023
TAXIFY-1196,2025-07-18,194,97217
TAXIFY-1196,2025-07-19,126,97343
TAXIFY-1196,2025-07-20,108,97451
TAXIFY-1196,2025-07-21,204,97655
TAXIFY-1196,2025-07-22,218,97873
TAXIFY-1196,2025-07-23,214,98087
TAXIFY-1196,2025-07-24,196,98283
TAXIFY-1196,2025-07-25,179,98462
TAXIFY-1196,2025-07-26,101,98563
TAXIFY-1196,2025-07-27,104,98667
TAXIFY-1196,2025-07-28,210,98877
TAXIFY-1196,2025-07-29,180,99057
TAXIFY-1196,2025-07-30,253,99310
TAXIFY-1196,2025-07-31,252,99562
TAXIFY-1196,2025-08-01,219,99781
TAXIFY-1196,2025-08-02,106,99887
TAXIFY-1196,2025-08-03,101,99988
TAXIFY-1196,2025-08-04,221,100209
TAXIFY-1196,2025-08-05,209,100418
TAXIFY-1196,2025-08-06,233,100651
TAXIFY-1196,2025-08-07,227,100878
TAXIFY-1196,2025-08-08,197,101075
TAXIFY-1196,2025-08-09,100,101175
TAXIFY-1196,2025-08-10,114,101289
TAXIFY-1196,2025-08-11,223,101512
TAXIFY-1196,2025-08-12,193,101705
TAXIFY-1196,2025-08-13,204,101909
TAXIFY-1196,2025-08-14,209,102118
TAXIFY-1196,2025-08-15,211,102329
TAXIFY-1196,2025-08-16,105,102434
TAXIFY-1196,2025-08-17,113,102547
TAXIFY-1196,2025-08-18,214,102761
TAXIFY-1196,2025-08-19,213,102974
TAXIFY-1196,2025-08-20,199,103173
TAXIFY-1196,2025-08-21,214,103387
TAXIFY-1196,2025-08-22,211,103598
TAXIFY-1196,2025-08-23,101,103699
TAXIFY-1196,2025-08-24,96,103795
TAXIFY-1196,2025-08-25,233,104028
TAXIFY-1196,2025-08-26,242,104270
TAXIFY-1196,2025-08-27,216,104486
TAXIFY-1196,2025-08-28,236,104722
TAXIFY-1196,2025-08-29,215,104937
TAXIFY-1196,2025-08-30,94,105031
TAXIFY-1196,2025-08-31,108,105139
TAXIFY-1197,2024-09-01,377,377
TAXIFY-1197,2024-09-02,805,1182
TAXIFY-1197,2024-09-03,873,2055
TAXIFY-1197,2024-09-04,744,2799
TAXIFY-1197,2024-09-05,799,3598
TAXIFY-1197,2024-09-06,829,4427
TAXIFY-1197,2024-09-07,429,4856
TAXIFY-1197,2024-09-08,418,5274
TAXIFY-1197,2024-09-09,706,5980
TAXIFY-1197,2024-09-10,706,6686
TAXIFY-1197,2024-09-11,823,7509
TAXIFY-1197,2024-09-12,751,8260
TAXIFY-1197,2024-09-13,714,8974
TAXIFY-1197,2024-09-14,424,9398
TAXIFY-1197,2024-09-15,376,9774
TAXIFY-1197,2024-09-16,876,10650
TAXIFY-1197,2024-09-17,748,11398
TAXIFY-1197,2024-09-18,729,12127
TAXIFY-1197,2024-09-19,771,12898
TAXIFY-1197,2024-09-20,822,13720
TAXIFY-1197,2024-09-21,396,14116
TAXIFY-1197,2024-09-22,446,14562
TAXIFY-1197,2024-09-23,786,15348
TAXIFY-1197,2024-09-24,764,16112
TAXIFY-1197,2024-09-25,869,16981
TAXIFY-1197,2024-09-26,812,17793
TAXIFY-1197,2024-09-27,749,18542
TAXIFY-1197,2024-09-28,395,18937
TAXIFY-1197,2024-09-29,394,19331
TAXIFY-1197,2024-09-30,762,20093
TAXIFY-1197,2024-10-01,786,20879
TAXIFY-1197,2024-10-02,695,21574
TAXIFY-1197,2024-10-03,753,22327
TAXIFY-1197,2024-10-04,802,23129
TAXIFY-1197,2024-10-05,371,23500
TAXIFY-1197,2024-10-06,360,23860
TAXIFY-1197,2024-10-07,773,24633
TAXIFY-1197,2024-10-08,746,25379
TAXIFY-1197,2024-10-09,693,26072
TAXIFY-1197,2024-10-10,695,26767
TAXIFY-1197,2024-10-11,800,27567
TAXIFY-1197,2024-10-12,390,27957
TAXIFY-1197,2024-10-13,397,28354
TAXIFY-1197,2024-10-14,757,29111
TAXIFY-1197,2024-10-15,681,29792
TAXIFY-1197,2024-10-16,721,30513
TAXIFY-1197,2024-10-17,755,31268
TAXIFY-1197,2024-10-18,802,32070
TAXIFY-1197,2024-10-19,333,32403
TAXIFY-1197,2024-10-20,316,32719
TAXIFY-1197,2024-10-21,865,33584
TAXIFY-1197,2024-10-22,812,34396
TAXIFY-1197,2024-10-23,721,35117
TAXIFY-1197,2024-10-24,761,35878
TAXIFY-1197,2024-10-25,749,36627
TAXIFY-1197,2024-10-26,396,37023
TAXIFY-1197,2024-10-27,372,37395
TAXIFY-1197,2024-10-28,704,38099
TAXIFY-1197,2024-10-29,806,38905
TAXIFY-1197,2024-10-30,888,39793
TAXIFY-1197,2024-10-31,808,40601
TAXIFY-1197,2024-11-01,780,41381
TAXIFY-1197,2024-11-02,381,41762
TAXIFY-1197,2024-11-03,363,42125
TAXIFY-1197,2024-11-04,750,42875
TAXIFY-1197,2024-11-05,800,43675
TAXIFY-1197,2024-11-06,849,44524
TAXIFY-1197,2024-11-07,852,45376
TAXIFY-1197,2024-11-08,786,46162
TAXIFY-1197,2024-11-09,393,46555
TAXIFY-1197,2024-11-10,389,46944
TAXIFY-1197,2024-11-11,811,47755
TAXIFY-1197,2024-11-12,778,48533
TAXIFY-1197,2024-11-13,779,49312
TAXIFY-1197,2024-11-14,722,50034
TAXIFY-1197,2024-11-15,720,50754
TAXIFY-1197,2024-11-16,366,51120
TAXIFY-1197,2024-11-17,395,51515
TAXIFY-1197,2024-11-18,756,52271
TAXIFY-1197,2024-11-19,935,53206
TAXIFY-1197,2024-11-20,799,54005
TAXIFY-1197,2024-11-21,873,54878
TAXIFY-1197,2024-11-22,867,55745
TAXIFY-1197,2024-11-23,401,56146
TAXIFY-1197,2024-11-24,386,56532
TAXIFY-1197,2024-11-25,719,57251
TAXIFY-1197,2024-11-26,738,57989
TAXIFY-1197,2024-11-27,827,58816
TAXIFY-1197,2024-11-28,792,59608
TAXIFY-1197,2024-11-29,735,60343
TAXIFY-1197,2024-11-30,381,60724
TAXIFY-1197,2024-12-01,398,61122
TAXIFY-1197,2024-12-02,777,61899
TAXIFY-1197,2024-12-03,760,62659
TAXIFY-1197,2024-12-04,772,63431
TAXIFY-1197,2024-12-05,625,64056
TAXIFY-1197,2024-12-06,776,64832
TAXIFY-1197,2024-12-07,354,65186
TAXIFY-1197,2024-12-08,399,65585
TAXIFY-1197,2024-12-09,783,66368
TAXIFY-1197,2024-12-10,822,67190
TAXIFY-1197,2024-12-11,822,68012
TAXIFY-1197,2024-12-12,882,68894
TAXIFY-1197,2024-12-13,652,69546
TAXIFY-1197,2024-12-14,383,69929
TAXIFY-1197,2024-12-15,324,70253
TAXIFY-1197,2024-12-16,806,71059
TAXIFY-1197,2024-12-17,765,71824
TAXIFY-1197,2024-12-18,746,72570
TAXIFY-1197,2024-12-19,792,73362
TAXIFY-1197,2024-12-20,710,74072
TAXIFY-1197,2024-12-21,445,74517
TAXIFY-1197,2024-12-22,380,74897
TAXIFY-1197,2024-12-23,780,75677
TAXIFY-1197,2024-12-24,767,76444
TAXIFY-1197,2024-12-25,832,77276
TAXIFY-1197,2024-12-26,701,77977
TAXIFY-1197,2024-12-27,827,78804
TAXIFY-1197,2024-12-28,371,79175
TAXIFY-1197,2024-12-29,372,79547
TAXIFY-1197,2024-12-30,830,80377
TAXIFY-1197,2024-12-31,759,81136
TAXIFY-1197,2025-01-01,813,81949
TAXIFY-1197,2025-01-02,814,82763
TAXIFY-1197,2025-01-03,753,83516
TAXIFY-1197,2025-01-04,395,83911
TAXIFY-1197,2025-01-05,372,84283
TAXIFY-1197,2025-01-06,774,85057
TAXIFY-1197,2025-01-07,805,85862
TAXIFY-1197,2025-01-08,716,86578
TAXIFY-1197,2025-01-09,802,87380
TAXIFY-1197,2025-01-10,795,88175
TAXIFY-1197,2025-01-11,341,88516
TAXIFY-1197,2025-01-12,364,88880
TAXIFY-1197,2025-01-13,732,89612
TAXIFY-1197,2025-01-14,748,90360
TAXIFY-1197,2025-01-15,716,91076
TAXIFY-1197,2025-01-16,833,91909
TAXIFY-1197,2025-01-17,841,92750
TAXIFY-1197,2025-01-18,363,93113
TAXIFY-1197,2025-01-19,352,93465
TAXIFY-1197,2025-01-20,774,94239
TAXIFY-1197,2025-01-21,858,95097
TAXIFY-1197,2025-01-22,909,96006
TAXIFY-1197,2025-01-23,733,96739
TAXIFY-1197,2025-01-24,634,97373
TAXIFY-1197,2025-01-25,341,97714
TAXIFY-1197,2025-01-26,332,98046
TAXIFY-1197,2025-01-27,801,98847
TAXIFY-1197,2025-01-28,781,99628
TAXIFY-1197,2025-01-29,789,100417
TAXIFY-1197,2025-01-30,845,101262
TAXIFY-1197,2025-01-31,876,102138
TAXIFY-1197,2025-02-01,827,102965
TAXIFY-1197,2025-02-02,821,103786
TAXIFY-1197,2025-02-03,1368,105154
TAXIFY-1197,2025-02-04,1488,106642
TAXIFY-1197,2025-02-05,1723,108365
TAXIFY-1197,2025-02-06,1483,109848
TAXIFY-1197,2025-02-07,1688,111536
TAXIFY-1197,2025-02-08,783,112319
TAXIFY-1197,2025-02-09,824,113143
TAXIFY-1197,2025-02-10,1443,114586
TAXIFY-1197,2025-02-11,1646,116232
TAXIFY-1197,2025-02-12,1471,117703
TAXIFY-1197,2025-02-13,1579,119282
TAXIFY-1197,2025-02-14,1547,120829
TAXIFY-1197,2025-02-15,849,121678
TAXIFY-1197,2025-02-16,827,122505
TAXIFY-1197,2025-02-17,1332,123837
TAXIFY-1197,2025-02-18,1450,125287
TAXIFY-1197,2025-02-19,1472,126759
TAXIFY-1197,2025-02-20,1637,128396
TAXIFY-1197,2025-02-21,1489,129885
TAXIFY-1197,2025-02-22,708,130593
TAXIFY-1197,2025-02-23,690,131283
TAXIFY-1197,2025-02-24,1641,132924
TAXIFY-1197,2025-02-25,1293,134217
TAXIFY-1197,2025-02-26,1682,135899
TAXIFY-1197,2025-02-27,1391,137290
TAXIFY-1197,2025-02-28,1495,138785
TAXIFY-1197,2025-03-01,984,139769
TAXIFY-1197,2025-03-02,1006,140775
TAXIFY-1197,2025-03-03,2133,142908
TAXIFY-1197,2025-03-04,2148,145056
TAXIFY-1197,2025-03-05,1903,146959
TAXIFY-1197,2025-03-06,2101,149060
TAXIFY-1197,2025-03-07,2189,151249
TAXIFY-1197,2025-03-08,1126,152375
TAXIFY-1197,2025-03-09,908,153283
TAXIFY-1197,2025-03-10,2088,155371
TAXIFY-1197,2025-03-11,1815,157186
TAXIFY-1197,2025-03-12,2083,159269
TAXIFY-1197,2025-03-13,2097,161366
TAXIFY-1197,2025-03-14,2281,163647
TAXIFY-1197,2025-03-15,1170,164817
TAXIFY-1197,2025-03-16,997,165814
TAXIFY-1197,2025-03-17,2222,168036
TAXIFY-1197,2025-03-18,2285,170321
TAXIFY-1197,2025-03-19,2042,172363
TAXIFY-1197,2025-03-20,2306,174669
TAXIFY-1197,2025-03-21,2195,176864
TAXIFY-1197,2025-03-22,1062,177926
TAXIFY-1197,2025-03-23,1098,179024
TAXIFY-1197,2025-03-24,1897,180921
TAXIFY-1197,2025-03-25,2196,183117
TAXIFY-1197,2025-03-26,2024,185141
TAXIFY-1197,2025-03-27,2176,187317
TAXIFY-1197,2025-03-28,2101,189418
TAXIFY-1197,2025-03-29,1110,190528
TAXIFY-1197,2025-03-30,1189,191717
TAXIFY-1197,2025-03-31,2193,193910
TAXIFY-1197,2025-04-01,1675,195585
TAXIFY-1197,2025-04-02,1595,197180
TAXIFY-1197,2025-04-03,1597,198777
TAXIFY-1197,2025-04-04,1431,200208
TAXIFY-1197,2025-04-05,769,200977
TAXIFY-1197,2025-04-06,689,201666
TAXIFY-1197,2025-04-07,1446,203112
TAXIFY-1197,2025-04-08,1394,204506
TAXIFY-1197,2025-04-09,1556,206062
TAXIFY-1197,2025-04-10,1591,207653
TAXIFY-1197,2025-04-11,1563,209216
TAXIFY-1197,2025-04-12,837,210053
TAXIFY-1197,2025-04-13,830,210883
TAXIFY-1197,2025-04-14,1632,212515
TAXIFY-1197,2025-04-15,1557,214072
TAXIFY-1197,2025-04-16,1708,215780
TAXIFY-1197,2025-04-17,1467,217247
TAXIFY-1197,2025-04-18,1490,218737
TAXIFY-1197,2025-04-19,760,219497
TAXIFY-1197,2025-04-20,786,220283
TAXIFY-1197,2025-04-21,1772,222055
TAXIFY-1197,2025-04-22,1672,223727
TAXIFY-1197,2025-04-23,1449,225176
TAXIFY-1197,2025-04-24,1784,226960
TAXIFY-1197,2025-04-25,1436,228396
TAXIFY-1197,2025-04-26,787,229183
TAXIFY-1197,2025-04-27,847,230030
TAXIFY-1197,2025-04-28,1611,231641
TAXIFY-1197,2025-04-29,1534,233175
TAXIFY-1197,2025-04-30,1655,234830
TAXIFY-1197,2025-05-01,874,235704
TAXIFY-1197,2025-05-02,797,236501
TAXIFY-1197,2025-05-03,392,236893
TAXIFY-1197,2025-05-04,419,237312
TAXIFY-1197,2025-05-05,719,238031
TAXIFY-1197,2025-05-06,727,238758
TAXIFY-1197,2025-05-07,803,239561
TAXIFY-1197,2025-05-08,828,240389
TAXIFY-1197,2025-05-09,664,241053
TAXIFY-1197,2025-05-10,406,241459
TAXIFY-1197,2025-05-11,398,241857
TAXIFY-1197,2025-05-12,808,242665
TAXIFY-1197,2025-05-13,781,243446
TAXIFY-1197,2025-05-14,679,244125
TAXIFY-1197,2025-05-15,781,244906
TAXIFY-1197,2025-05-16,881,245787
TAXIFY-1197,2025-05-17,416,246203
TAXIFY-1197,2025-05-18,365,246568
TAXIFY-1197,2025-05-19,838,247406
TAXIFY-1197,2025-05-20,850,248256
TAXIFY-1197,2025-05-21,742,248998
TAXIFY-1197,2025-05-22,755,249753
TAXIFY-1197,2025-05-23,665,250418
TAXIFY-1197,2025-05-24,371,250789
TAXIFY-1197,2025-05-25,375,251164
TAXIFY-1197,2025-05-26,822,251986
TAXIFY-1197,2025-05-27,816,252802
TAXIFY-1197,2025-05-28,817,253619
TAXIFY-1197,2025-05-29,757,254376
TAXIFY-1197,2025-05-30,792,255168
TAXIFY-1197,2025-05-31,449,255617
TAXIFY-1197,2025-06-01,347,255964
TAXIFY-1197,2025-06-02,708,256672
TAXIFY-1197,2025-06-03,654,257326
TAXIFY-1197,2025-06-04,710,258036
TAXIFY-1197,2025-06-05,711,258747
TAXIFY-1197,2025-06-06,693,259440
TAXIFY-1197,2025-06-07,338,259778
TAXIFY-1197,2025-06-08,290,260068
TAXIFY-1197,2025-06-09,688,260756
TAXIFY-1197,2025-06-10,555,261311
TAXIFY-1197,2025-06-11,641,261952
TAXIFY-1197,2025-06-12,704,262656
TAXIFY-1197,2025-06-13,641,263297
TAXIFY-1197,2025-06-14,273,263570
TAXIFY-1197,2025-06-15,291,263861
TAXIFY-1197,2025-06-16,635,264496
TAXIFY-1197,2025-06-17,554,265050
TAXIFY-1197,2025-06-18,664,265714
TAXIFY-1197,2025-06-19,608,266322
TAXIFY-1197,2025-06-20,664,266986
TAXIFY-1197,2025-06-21,335,267321
TAXIFY-1197,2025-06-22,301,267622
TAXIFY-1197,2025-06-23,760,268382
TAXIFY-1197,2025-06-24,600,268982
TAXIFY-1197,2025-06-25,628,269610
TAXIFY-1197,2025-06-26,656,270266
TAXIFY-1197,2025-06-27,698,270964
TAXIFY-1197,2025-06-28,322,271286
TAXIFY-1197,2025-06-29,306,271592
TAXIFY-1197,2025-06-30,692,272284
TAXIFY-1197,2025-07-01,630,272914
TAXIFY-1197,2025-07-02,611,273525
TAXIFY-1197,2025-07-03,643,274168
TAXIFY-1197,2025-07-04,613,274781
TAXIFY-1197,2025-07-05,328,275109
TAXIFY-1197,2025-07-06,320,275429
TAXIFY-1197,2025-07-07,628,276057
TAXIFY-1197,2025-07-08,641,276698
TAXIFY-1197,2025-07-09,588,277286
TAXIFY-1197,2025-07-10,651,277937
TAXIFY-1197,2025-07-11,551,278488
TAXIFY-1197,2025-07-12,269,278757
TAXIFY-1197,2025-07-13,315,279072
TAXIFY-1197,2025-07-14,558,279630
TAXIFY-1197,2025-07-15,578,280208
TAXIFY-1197,2025-07-16,662,280870
TAXIFY-1197,2025-07-17,659,281529
TAXIFY-1197,2025-07-18,647,282176
TAXIFY-1197,2025-07-19,324,282500
TAXIFY-1197,2025-07-20,325,282825
TAXIFY-1197,2025-07-21,678,283503
TAXIFY-1197,2025-07-22,624,284127
TAXIFY-1197,2025-07-23,580,284707
TAXIFY-1197,2025-07-24,596,285303
TAXIFY-1197,2025-07-25,623,285926
TAXIFY-1197,2025-07-26,319,286245
TAXIFY-1197,2025-07-27,314,286559
TAXIFY-1197,2025-07-28,526,287085
TAXIFY-1197,2025-07-29,538,287623
TAXIFY-1197,2025-07-30,669,288292
TAXIFY-1197,2025-07-31,581,288873
TAXIFY-1197,2025-08-01,566,289439
TAXIFY-1197,2025-08-02,331,289770
TAXIFY-1197,2025-08-03,326,290096
TAXIFY-1197,2025-08-04,546,290642
TAXIFY-1197,2025-08-05,675,291317
TAXIFY-1197,2025-08-06,588,291905
TAXIFY-1197,2025-08-07,546,292451
TAXIFY-1197,2025-08-08,722,293173
TAXIFY-1197,2025-08-09,277,293450
TAXIFY-1197,2025-08-10,284,293734
TAXIFY-1197,2025-08-11,695,294429
TAXIFY-1197,2025-08-12,612,295041
TAXIFY-1197,2025-08-13,570,295611
TAXIFY-1197,2025-08-14,593,296204
TAXIFY-1197,2025-08-15,612,296816
TAXIFY-1197,2025-08-16,300,297116
TAXIFY-1197,2025-08-17,276,297392
TAXIFY-1197,2025-08-18,710,298102
TAXIFY-1197,2025-08-19,727,298829
TAXIFY-1197,2025-08-20,587,299416
TAXIFY-1197,2025-08-21,585,300001
TAXIFY-1197,2025-08-22,572,300573
TAXIFY-1197,2025-08-23,341,300914
TAXIFY-1197,2025-08-24,305,301219
TAXIFY-1197,2025-08-25,553,301772
TAXIFY-1197,2025-08-26,549,302321
TAXIFY-1197,2025-08-27,618,302939
TAXIFY-1197,2025-08-28,702,303641
TAXIFY-1197,2025-08-29,609,304250
TAXIFY-1197,2025-08-30,298,304548
TAXIFY-1197,2025-08-31,283,304831
TAXIFY-1198,2024-09-01,364,364
TAXIFY-1198,2024-09-02,725,1089
TAXIFY-1198,2024-09-03,763,1852
TAXIFY-1198,2024-09-04,736,2588
TAXIFY-1198,2024-09-05,763,3351
TAXIFY-1198,2024-09-06,750,4101
TAXIFY-1198,2024-09-07,315,4416
TAXIFY-1198,2024-09-08,372,4788
TAXIFY-1198,2024-09-09,758,5546
TAXIFY-1198,2024-09-10,804,6350
TAXIFY-1198,2024-09-11,743,7093
TAXIFY-1198,2024-09-12,687,7780
TAXIFY-1198,2024-09-13,615,8395
TAXIFY-1198,2024-09-14,392,8787
TAXIFY-1198,2024-09-15,340,9127
TAXIFY-1198,2024-09-16,733,9860
TAXIFY-1198,2024-09-17,760,10620
TAXIFY-1198,2024-09-18,739,11359
TAXIFY-1198,2024-09-19,754,12113
TAXIFY-1198,2024-09-20,747,12860
TAXIFY-1198,2024-09-21,346,13206
TAXIFY-1198,2024-09-22,326,13532
TAXIFY-1198,2024-09-23,815,14347
TAXIFY-1198,2024-09-24,786,15133
TAXIFY-1198,2024-09-25,678,15811
TAXIFY-1198,2024-09-26,661,16472
TAXIFY-1198,2024-09-27,762,17234
TAXIFY-1198,2024-09-28,345,17579
TAXIFY-1198,2024-09-29,342,17921
TAXIFY-1198,2024-09-30,716,18637
TAXIFY-1198,2024-10-01,748,19385
TAXIFY-1198,2024-10-02,766,20151
TAXIFY-1198,2024-10-03,835,20986
TAXIFY-1198,2024-10-04,809,21795
TAXIFY-1198,2024-10-05,337,22132
TAXIFY-1198,2024-10-06,347,22479
TAXIFY-1198,2024-10-07,779,23258
TAXIFY-1198,2024-10-08,742,24000
TAXIFY-1198,2024-10-09,797,24797
TAXIFY-1198,2024-10-10,680,25477
TAXIFY-1198,2024-10-11,742,26219
TAXIFY-1198,2024-10-12,382,26601
TAXIFY-1198,2024-10-13,418,27019
TAXIFY-1198,2024-10-14,723,27742
TAXIFY-1198,2024-10-15,799,28541
TAXIFY-1198,2024-10-16,713,29254
TAXIFY-1198,2024-10-17,749,30003
TAXIFY-1198,2024-10-18,695,30698
TAXIFY-1198,2024-10-19,369,31067
TAXIFY-1198,2024-10-20,350,31417
TAXIFY-1198,2024-10-21,756,32173
TAXIFY-1198,2024-10-22,681,32854
TAXIFY-1198,2024-10-23,680,33534
TAXIFY-1198,2024-10-24,653,34187
TAXIFY-1198,2024-10-25,824,35011
TAXIFY-1198,2024-10-26,423,35434
TAXIFY-1198,2024-10-27,407,35841
TAXIFY-1198,2024-10-28,812,36653
TAXIFY-1198,2024-10-29,661,37314
TAXIFY-1198,2024-10-30,688,38002
TAXIFY-1198,2024-10-31,793,38795
TAXIFY-1198,2024-11-01,704,39499
TAXIFY-1198,2024-11-02,368,39867
TAXIFY-1198,2024-11-03,331,40198
TAXIFY-1198,2024-11-04,757,40955
TAXIFY-1198,2024-11-05,876,41831
TAXIFY-1198,2024-11-06,811,42642
TAXIFY-1198,2024-11-07,750,43392
TAXIFY-1198,2024-11-08,669,44061
TAXIFY-1198,2024-11-09,331,44392
TAXIFY-1198,2024-11-10,384,44776
TAXIFY-1198,2024-11-11,699,45475
TAXIFY-1198,2024-11-12,745,46220
TAXIFY-1198,2024-11-13,653,46873
TAXIFY-1198,2024-11-14,715,47588
TAXIFY-1198,2024-11-15,714,48302
TAXIFY-1198,2024-11-16,360,48662
TAXIFY-1198,2024-11-17,418,49080
TAXIFY-1198,2024-11-18,700,49780
TAXIFY-1198,2024-11-19,718,50498
TAXIFY-1198,2024-11-20,740,51238
TAXIFY-1198,2024-11-21,735,51973
TAXIFY-1198,2024-11-22,892,52865
TAXIFY-1198,2024-11-23,373,53238
TAXIFY-1198,2024-11-24,379,53617
TAXIFY-1198,2024-11-25,669,54286
TAXIFY-1198,2024-11-26,746,55032
TAXIFY-1198,2024-11-27,747,55779
TAXIFY-1198,2024-11-28,786,56565
TAXIFY-1198,2024-11-29,749,57314
TAXIFY-1198,2024-11-30,347,57661
TAXIFY-1198,2024-12-01,396,58057
TAXIFY-1198,2024-12-02,727,58784
TAXIFY-1198,2024-12-03,784,59568
TAXIFY-1198,2024-12-04,711,60279
TAXIFY-1198,2024-12-05,662,60941
TAXIFY-1198,2024-12-06,805,61746
TAXIFY-1198,2024-12-07,388,62134
TAXIFY-1198,2024-12-08,416,62550
TAXIFY-1198,2024-12-09,769,63319
TAXIFY-1198,2024-12-10,631,63950
TAXIFY-1198,2024-12-11,730,64680
TAXIFY-1198,2024-12-12,790,65470
TAXIFY-1198,2024-12-13,771,66241
TAXIFY-1198,2024-12-14,348,66589
TAXIFY-1198,2024-12-15,316,66905
TAXIFY-1198,2024-12-16,685,67590
TAXIFY-1198,2024-12-17,714,68304
TAXIFY-1198,2024-12-18,743,69047
TAXIFY-1198,2024-12-19,833,69880
TAXIFY-1198,2024-12-20,712,70592
TAXIFY-1198,2024-12-21,340,70932
TAXIFY-1198,2024-12-22,348,71280
TAXIFY-1198,2024-12-23,822,72102
TAXIFY-1198,2024-12-24,818,72920
TAXIFY-1198,2024-12-25,829,73749
TAXIFY-1198,2024-12-26,718,74467
TAXIFY-1198,2024-12-27,671,75138
TAXIFY-1198,2024-12-28,352,75490
TAXIFY-1198,2024-12-29,419,75909
TAXIFY-1198,2024-12-30,634,76543
TAXIFY-1198,2024-12-31,811,77354
TAXIFY-1198,2025-01-01,628,77982
TAXIFY-1198,2025-01-02,657,78639
TAXIFY-1198,2025-01-03,727,79366
TAXIFY-1198,2025-01-04,369,79735
TAXIFY-1198,2025-01-05,339,80074
TAXIFY-1198,2025-01-06,742,80816
TAXIFY-1198,2025-01-07,612,81428
TAXIFY-1198,2025-01-08,736,82164
TAXIFY-1198,2025-01-09,689,82853
TAXIFY-1198,2025-01-10,693,83546
TAXIFY-1198,2025-01-11,354,83900
TAXIFY-1198,2025-01-12,373,84273
TAXIFY-1198,2025-01-13,816,85089
TAXIFY-1198,2025-01-14,725,85814
TAXIFY-1198,2025-01-15,784,86598
TAXIFY-1198,2025-01-16,648,87246
TAXIFY-1198,2025-01-17,725,87971
TAXIFY-1198,2025-01-18,406,88377
TAXIFY-1198,2025-01-19,368,88745
TAXIFY-1198,2025-01-20,688,89433
TAXIFY-1198,2025-01-21,739,90172
TAXIFY-1198,2025-01-22,692,90864
TAXIFY-1198,2025-01-23,819,91683
TAXIFY-1198,2025-01-24,738,92421
TAXIFY-1198,2025-01-25,342,92763
TAXIFY-1198,2025-01-26,372,93135
TAXIFY-1198,2025-01-27,840,93975
TAXIFY-1198,2025-01-28,720,94695
TAXIFY-1198,2025-01-29,738,95433
TAXIFY-1198,2025-01-30,682,96115
TAXIFY-1198,2025-01-31,785,96900
TAXIFY-1198,2025-02-01,740,97640
TAXIFY-1198,2025-02-02,696,98336
TAXIFY-1198,2025-02-03,1571,99907
TAXIFY-1198,2025-02-04,1442,101349
TAXIFY-1198,2025-02-05,1635,102984
TAXIFY-1198,2025-02-06,1204,104188
TAXIFY-1198,2025-02-07,1476,105664
TAXIFY-1198,2025-02-08,718,106382
TAXIFY-1198,2025-02-09,703,107085
TAXIFY-1198,2025-02-10,1657,108742
TAXIFY-1198,2025-02-11,1508,110250
TAXIFY-1198,2025-02-12,1480,111730
TAXIFY-1198,2025-02-13,1668,113398
TAXIFY-1198,2025-02-14,1492,114890
TAXIFY-1198,2025-02-15,718,115608
TAXIFY-1198,2025-02-16,764,116372
TAXIFY-1198,2025-02-17,1097,117469
TAXIFY-1198,2025-02-18,1544,119013
TAXIFY-1198,2025-02-19,1424,120437
TAXIFY-1198,2025-02-20,1303,121740
TAXIFY-1198,2025-02-21,1480,123220
TAXIFY-1198,2025-02-22,754,123974
TAXIFY-1198,2025-02-23,842,124816
TAXIFY-1198,2025-02-24,1365,126181
TAXIFY-1198,2025-02-25,1498,127679
TAXIFY-1198,2025-02-26,1527,129206
TAXIFY-1198,2025-02-27,1504,130710
TAXIFY-1198,2025-02-28,1498,132208
TAXIFY-1198,2025-03-01,1053,133261
TAXIFY-1198,2025-03-02,929,134190
TAXIFY-1198,2025-03-03,2209,136399
TAXIFY-1198,2025-03-04,2237,138636
TAXIFY-1198,2025-03-05,1992,140628
TAXIFY-1198,2025-03-06,2030,142658
TAXIFY-1198,2025-03-07,1961,144619
TAXIFY-1198,2025-03-08,880,145499
TAXIFY-1198,2025-03-09,1073,146572
TAXIFY-1198,2025-03-10,2037,148609
TAXIFY-1198,2025-03-11,2164,150773
TAXIFY-1198,2025-03-12,2108,152881
TAXIFY-1198,2025-03-13,1896,154777
TAXIFY-1198,2025-03-14,1999,156776
TAXIFY-1198,2025-03-15,1053,157829
TAXIFY-1198,2025-03-16,913,158742
TAXIFY-1198,2025-03-17,2303,161045
TAXIFY-1198,2025-03-18,2124,163169
TAXIFY-1198,2025-03-19,1922,165091
TAXIFY-1198,2025-03-20,1944,167035
TAXIFY-1198,2025-03-21,1982,169017
TAXIFY-1198,2025-03-22,1018,170035
TAXIFY-1198,2025-03-23,967,171002
TAXIFY-1198,2025-03-24,2114,173116
TAXIFY-1198,2025-03-25,2081,175197
TAXIFY-1198,2025-03-26,2252,177449
TAXIFY-1198,2025-03-27,1808,179257
TAXIFY-1198,2025-03-28,2216,181473
TAXIFY-1198,2025-03-29,1118,182591
TAXIFY-1198,2025-03-30,1214,183805
TAXIFY-1198,2025-03-31,2340,186145
TAXIFY-1198,2025-04-01,1408,187553
TAXIFY-1198,2025-04-02,1470,189023
TAXIFY-1198,2025-04-03,1920,190943
TAXIFY-1198,2025-04-04,1313,192256
TAXIFY-1198,2025-04-05,818,193074
TAXIFY-1198,2025-04-06,766,193840
TAXIFY-1198,2025-04-07,1510,195350
TAXIFY-1198,2025-04-08,1531,196881
TAXIFY-1198,2025-04-09,1387,198268
TAXIFY-1198,2025-04-10,1519,199787
TAXIFY-1198,2025-04-11,1364,201151
TAXIFY-1198,2025-04-12,765,201916
TAXIFY-1198,2025-04-13,698,202614
TAXIFY-1198,2025-04-14,1537,204151
TAXIFY-1198,2025-04-15,1420,205571
TAXIFY-1198,2025-04-16,1504,207075
TAXIFY-1198,2025-04-17,1360,208435
TAXIFY-1198,2025-04-18,1303,209738
TAXIFY-1198,2025-04-19,672,210410
TAXIFY-1198,2025-04-20,673,211083
TAXIFY-1198,2025-04-21,1633,212716
TAXIFY-1198,2025-04-22,1494,214210
TAXIFY-1198,2025-04-23,1408,215618
TAXIFY-1198,2025-04-24,1364,216982
TAXIFY-1198,2025-04-25,1375,218357
TAXIFY-1198,2025-04-26,837,219194
TAXIFY-1198,2025-04-27,827,220021
TAXIFY-1198,2025-04-28,1464,221485
TAXIFY-1198,2025-04-29,1609,223094
TAXIFY-1198,2025-04-30,1690,224784
TAXIFY-1198,2025-05-01,705,225489
TAXIFY-1198,2025-05-02,858,226347
TAXIFY-1198,2025-05-03,393,226740
TAXIFY-1198,2025-05-04,396,227136
TAXIFY-1198,2025-05-05,753,227889
TAXIFY-1198,2025-05-06,795,228684
TAXIFY-1198,2025-05-07,712,229396
TAXIFY-1198,2025-05-08,825,230221
TAXIFY-1198,2025-05-09,661,230882
TAXIFY-1198,2025-05-10,333,231215
TAXIFY-1198,2025-05-11,363,231578
TAXIFY-1198,2025-05-12,669,232247
TAXIFY-1198,2025-05-13,666,232913
TAXIFY-1198,2025-05-14,756,233669
TAXIFY-1198,2025-05-15,702,234371
TAXIFY-1198,2025-05-16,764,235135
TAXIFY-1198,2025-05-17,428,235563
TAXIFY-1198,2025-05-18,346,235909
TAXIFY-1198,2025-05-19,816,236725
TAXIFY-1198,2025-05-20,730,237455
TAXIFY-1198,2025-05-21,756,238211
TAXIFY-1198,2025-05-22,820,239031
TAXIFY-1198,2025-05-23,866,239897
TAXIFY-1198,2025-05-24,380,240277
TAXIFY-1198,2025-05-25,393,240670
TAXIFY-1198,2025-05-26,773,241443
TAXIFY-1198,2025-05-27,831,242274
TAXIFY-1198,2025-05-28,767,243041
TAXIFY-1198,2025-05-29,774,243815
TAXIFY-1198,2025-05-30,695,244510
TAXIFY-1198,2025-05-31,374,244884
TAXIFY-1198,2025-06-01,284,245168
TAXIFY-1198,2025-06-02,546,245714
TAXIFY-1198,2025-06-03,582,246296
TAXIFY-1198,2025-06-04,550,246846
TAXIFY-1198,2025-06-05,506,247352
TAXIFY-1198,2025-06-06,560,247912
TAXIFY-1198,2025-06-07,309,248221
TAXIFY-1198,2025-06-08,284,248505
TAXIFY-1198,2025-06-09,564,249069
TAXIFY-1198,2025-06-10,577,249646
TAXIFY-1198,2025-06-11,536,250182
TAXIFY-1198,2025-06-12,544,250726
TAXIFY-1198,2025-06-13,579,251305
TAXIFY-1198,2025-06-14,302,251607
TAXIFY-1198,2025-06-15,249,251856
TAXIFY-1198,2025-06-16,561,252417
TAXIFY-1198,2025-06-17,523,252940
TAXIFY-1198,2025-06-18,586,253526
TAXIFY-1198,2025-06-19,660,254186
TAXIFY-1198,2025-06-20,559,254745
TAXIFY-1198,2025-06-21,282,255027
TAXIFY-1198,2025-06-22,310,255337
TAXIFY-1198,2025-06-23,643,255980
TAXIFY-1198,2025-06-24,578,256558
TAXIFY-1198,2025-06-25,647,257205
TAXIFY-1198,2025-06-26,511,257716
TAXIFY-1198,2025-06-27,672,258388
TAXIFY-1198,2025-06-28,309,258697
TAXIFY-1198,2025-06-29,265,258962
TAXIFY-1198,2025-06-30,524,259486
TAXIFY-1198,2025-07-01,561,260047
TAXIFY-1198,2025-07-02,604,260651
TAXIFY-1198,2025-07-03,662,261313
TAXIFY-1198,2025-07-04,578,261891
TAXIFY-1198,2025-07-05,299,262190
TAXIFY-1198,2025-07-06,325,262515
TAXIFY-1198,2025-07-07,569,263084
TAXIFY-1198,2025-07-08,616,263700
TAXIFY-1198,2025-07-09,619,264319
TAXIFY-1198,2025-07-10,558,264877
TAXIFY-1198,2025-07-11,657,265534
TAXIFY-1198,2025-07-12,281,265815
TAXIFY-1198,2025-07-13,303,266118
TAXIFY-1198,2025-07-14,598,266716
TAXIFY-1198,2025-07-15,533,267249
TAXIFY-1198,2025-07-16,522,267771
TAXIFY-1198,2025-07-17,712,268483
TAXIFY-1198,2025-07-18,612,269095
TAXIFY-1198,2025-07-19,334,269429
TAXIFY-1198,2025-07-20,315,269744
TAXIFY-1198,2025-07-21,604,270348
TAXIFY-1198,2025-07-22,609,270957
TAXIFY-1198,2025-07-23,663,271620
TAXIFY-1198,2025-07-24,593,272213
TAXIFY-1198,2025-07-25,575,272788
TAXIFY-1198,2025-07-26,317,273105
TAXIFY-1198,2025-07-27,264,273369
TAXIFY-1198,2025-07-28,614,273983
TAXIFY-1198,2025-07-29,643,274626
TAXIFY-1198,2025-07-30,534,275160
TAXIFY-1198,2025-07-31,648,275808
TAXIFY-1198,2025-08-01,512,276320
TAXIFY-1198,2025-08-02,268,276588
TAXIFY-1198,2025-08-03,303,276891
TAXIFY-1198,2025-08-04,706,277597
TAXIFY-1198,2025-08-05,523,278120
TAXIFY-1198,2025-08-06,595,278715
TAXIFY-1198,2025-08-07,554,279269
TAXIFY-1198,2025-08-08,617,279886
TAXIFY-1198,2025-08-09,310,280196
TAXIFY-1198,2025-08-10,270,280466
TAXIFY-1198,2025-08-11,609,281075
TAXIFY-1198,2025-08-12,631,281706
TAXIFY-1198,2025-08-13,682,282388
TAXIFY-1198,2025-08-14,579,282967
TAXIFY-1198,2025-08-15,688,283655
TAXIFY-1198,2025-08-16,281,283936
TAXIFY-1198,2025-08-17,312,284248
TAXIFY-1198,2025-08-18,545,284793
TAXIFY-1198,2025-08-19,617,285410
TAXIFY-1198,2025-08-20,474,285884
TAXIFY-1198,2025-08-21,604,286488
TAXIFY-1198,2025-08-22,684,287172
TAXIFY-1198,2025-08-23,286,287458
TAXIFY-1198,2025-08-24,321,287779
TAXIFY-1198,2025-08-25,559,288338
TAXIFY-1198,2025-08-26,674,289012
TAXIFY-1198,2025-08-27,543,289555
TAXIFY-1198,2025-08-28,595,290150
TAXIFY-1198,2025-08-29,567,290717
TAXIFY-1198,2025-08-30,317,291034
TAXIFY-1198,2025-08-31,282,291316
TAXIFY-1199,2024-09-01,198,198
TAXIFY-1199,2024-09-02,318,516
TAXIFY-1199,2024-09-03,412,928
TAXIFY-1199,2024-09-04,413,1341
TAXIFY-1199,2024-09-05,392,1733
TAXIFY-1199,2024-09-06,336,2069
TAXIFY-1199,2024-09-07,193,2262
TAXIFY-1199,2024-09-08,210,2472
TAXIFY-1199,2024-09-09,351,2823
TAXIFY-1199,2024-09-10,320,3143
TAXIFY-1199,2024-09-11,436,3579
TAXIFY-1199,2024-09-12,405,3984
TAXIFY-1199,2024-09-13,455,4439
TAXIFY-1199,2024-09-14,197,4636
TAXIFY-1199,2024-09-15,194,4830
TAXIFY-1199,2024-09-16,340,5170
TAXIFY-1199,2024-09-17,480,5650
TAXIFY-1199,2024-09-18,406,6056
TAXIFY-1199,2024-09-19,385,6441
TAXIFY-1199,2024-09-20,379,6820
TAXIFY-1199,2024-09-21,240,7060
TAXIFY-1199,2024-09-22,205,7265
TAXIFY-1199,2024-09-23,440,7705
TAXIFY-1199,2024-09-24,419,8124
TAXIFY-1199,2024-09-25,450,8574
TAXIFY-1199,2024-09-26,404,8978
TAXIFY-1199,2024-09-27,407,9385
TAXIFY-1199,2024-09-28,199,9584
TAXIFY-1199,2024-09-29,223,9807
TAXIFY-1199,2024-09-30,424,10231
TAXIFY-1199,2024-10-01,463,10694
TAXIFY-1199,2024-10-02,400,11094
TAXIFY-1199,2024-10-03,374,11468
TAXIFY-1199,2024-10-04,427,11895
TAXIFY-1199,2024-10-05,207,12102
TAXIFY-1199,2024-10-06,192,12294
TAXIFY-1199,2024-10-07,366,12660
TAXIFY-1199,2024-10-08,418,13078
TAXIFY-1199,2024-10-09,333,13411
TAXIFY-1199,2024-10-10,396,13807
TAXIFY-1199,2024-10-11,438,14245
TAXIFY-1199,2024-10-12,203,14448
TAXIFY-1199,2024-10-13,183,14631
TAXIFY-1199,2024-10-14,402,15033
TAXIFY-1199,2024-10-15,395,15428
TAXIFY-1199,2024-10-16,494,15922
TAXIFY-1199,2024-10-17,477,16399
TAXIFY-1199,2024-10-18,421,16820
TAXIFY-1199,2024-10-19,211,17031
TAXIFY-1199,2024-10-20,186,17217
TAXIFY-1199,2024-10-21,370,17587
TAXIFY-1199,2024-10-22,403,17990
TAXIFY-1199,2024-10-23,412,18402
TAXIFY-1199,2024-10-24,418,18820
TAXIFY-1199,2024-10-25,376,19196
TAXIFY-1199,2024-10-26,212,19408
TAXIFY-1199,2024-10-27,179,19587
TAXIFY-1199,2024-10-28,391,19978
TAXIFY-1199,2024-10-29,419,20397
TAXIFY-1199,2024-10-30,335,20732
TAXIFY-1199,2024-10-31,376,21108
TAXIFY-1199,2024-11-01,403,21511
TAXIFY-1199,2024-11-02,201,21712
TAXIFY-1199,2024-11-03,184,21896
TAXIFY-1199,2024-11-04,366,22262
TAXIFY-1199,2024-11-05,415,22677
TAXIFY-1199,2024-11-06,355,23032
TAXIFY-1199,2024-11-07,386,23418
TAXIFY-1199,2024-11-08,417,23835
TAXIFY-1199,2024-11-09,198,24033
TAXIFY-1199,2024-11-10,199,24232
TAXIFY-1199,2024-11-11,430,24662
TAXIFY-1199,2024-11-12,374,25036
TAXIFY-1199,2024-11-13,380,25416
TAXIFY-1199,2024-11-14,406,25822
TAXIFY-1199,2024-11-15,382,26204
TAXIFY-1199,2024-11-16,198,26402
TAXIFY-1199,2024-11-17,189,26591
TAXIFY-1199,2024-11-18,388,26979
TAXIFY-1199,2024-11-19,427,27406
TAXIFY-1199,2024-11-20,383,27789
TAXIFY-1199,2024-11-21,428,28217
TAXIFY-1199,2024-11-22,433,28650
TAXIFY-1199,2024-11-23,185,28835
TAXIFY-1199,2024-11-24,215,29050
TAXIFY-1199,2024-11-25,355,29405
TAXIFY-1199,2024-11-26,330,29735
TAXIFY-1199,2024-11-27,442,30177
TAXIFY-1199,2024-11-28,409,30586
TAXIFY-1199,2024-11-29,398,30984
TAXIFY-1199,2024-11-30,207,31191
TAXIFY-1199,2024-12-01,184,31375
TAXIFY-1199,2024-12-02,398,31773
TAXIFY-1199,2024-12-03,435,32208
TAXIFY-1199,2024-12-04,467,32675
TAXIFY-1199,2024-12-05,407,33082
TAXIFY-1199,2024-12-06,444,33526
TAXIFY-1199,2024-12-07,191,33717
TAXIFY-1199,2024-12-08,220,33937
TAXIFY-1199,2024-12-09,403,34340
TAXIFY-1199,2024-12-10,406,34746
TAXIFY-1199,2024-12-11,399,35145
TAXIFY-1199,2024-12-12,367,35512
TAXIFY-1199,2024-12-13,373,35885
TAXIFY-1199,2024-12-14,207,36092
TAXIFY-1199,2024-12-15,187,36279
TAXIFY-1199,2024-12-16,422,36701
TAXIFY-1199,2024-12-17,362,37063
TAXIFY-1199,2024-12-18,370,37433
TAXIFY-1199,2024-12-19,416,37849
TAXIFY-1199,2024-12-20,428,38277
TAXIFY-1199,2024-12-21,227,38504
TAXIFY-1199,2024-12-22,195,38699
TAXIFY-1199,2024-12-23,434,39133
TAXIFY-1199,2024-12-24,393,39526
TAXIFY-1199,2024-12-25,462,39988
TAXIFY-1199,2024-12-26,373,40361
TAXIFY-1199,2024-12-27,400,40761
TAXIFY-1199,2024-12-28,188,40949
TAXIFY-1199,2024-12-29,214,41163
TAXIFY-1199,2024-12-30,427,41590
TAXIFY-1199,2024-12-31,456,42046
TAXIFY-1199,2025-01-01,453,42499
TAXIFY-1199,2025-01-02,400,42899
TAXIFY-1199,2025-01-03,372,43271
TAXIFY-1199,2025-01-04,231,43502
TAXIFY-1199,2025-01-05,214,43716
TAXIFY-1199,2025-01-06,414,44130
TAXIFY-1199,2025-01-07,386,44516
TAXIFY-1199,2025-01-08,379,44895
TAXIFY-1199,2025-01-09,413,45308
TAXIFY-1199,2025-01-10,425,45733
TAXIFY-1199,2025-01-11,220,45953
TAXIFY-1199,2025-01-12,225,46178
TAXIFY-1199,2025-01-13,412,46590
TAXIFY-1199,2025-01-14,394,46984
TAXIFY-1199,2025-01-15,470,47454
TAXIFY-1199,2025-01-16,406,47860
TAXIFY-1199,2025-01-17,353,48213
TAXIFY-1199,2025-01-18,192,48405
TAXIFY-1199,2025-01-19,181,48586
TAXIFY-1199,2025-01-20,405,48991
TAXIFY-1199,2025-01-21,477,49468
TAXIFY-1199,2025-01-22,434,49902
TAXIFY-1199,2025-01-23,434,50336
TAXIFY-1199,2025-01-24,419,50755
TAXIFY-1199,2025-01-25,232,50987
TAXIFY-1199,2025-01-26,219,51206
TAXIFY-1199,2025-01-27,433,51639
TAXIFY-1199,2025-01-28,399,52038
TAXIFY-1199,2025-01-29,345,52383
TAXIFY-1199,2025-01-30,342,52725
TAXIFY-1199,2025-01-31,377,53102
TAXIFY-1199,2025-02-01,480,53582
TAXIFY-1199,2025-02-02,374,53956
TAXIFY-1199,2025-02-03,880,54836
TAXIFY-1199,2025-02-04,836,55672
TAXIFY-1199,2025-02-05,867,56539
TAXIFY-1199,2025-02-06,834,57373
TAXIFY-1199,2025-02-07,729,58102
TAXIFY-1199,2025-02-08,448,58550
TAXIFY-1199,2025-02-09,450,59000
TAXIFY-1199,2025-02-10,862,59862
TAXIFY-1199,2025-02-11,866,60728
TAXIFY-1199,2025-02-12,840,61568
TAXIFY-1199,2025-02-13,793,62361
TAXIFY-1199,2025-02-14,855,63216
TAXIFY-1199,2025-02-15,412,63628
TAXIFY-1199,2025-02-16,385,64013
TAXIFY-1199,2025-02-17,847,64860
TAXIFY-1199,2025-02-18,866,65726
TAXIFY-1199,2025-02-19,822,66548
TAXIFY-1199,2025-02-20,831,67379
TAXIFY-1199,2025-02-21,780,68159
TAXIFY-1199,2025-02-22,401,68560
TAXIFY-1199,2025-02-23,386,68946
TAXIFY-1199,2025-02-24,747,69693
TAXIFY-1199,2025-02-25,744,70437
TAXIFY-1199,2025-02-26,826,71263
TAXIFY-1199,2025-02-27,865,72128
TAXIFY-1199,2025-02-28,822,72950
TAXIFY-1199,2025-03-01,611,73561
TAXIFY-1199,2025-03-02,567,74128
TAXIFY-1199,2025-03-03,1191,75319
TAXIFY-1199,2025-03-04,1193,76512
TAXIFY-1199,2025-03-05,1128,77640
TAXIFY-1199,2025-03-06,953,78593
TAXIFY-1199,2025-03-07,1171,79764
TAXIFY-1199,2025-03-08,528,80292
TAXIFY-1199,2025-03-09,549,80841
TAXIFY-1199,2025-03-10,1291,82132
TAXIFY-1199,2025-03-11,1182,83314
TAXIFY-1199,2025-03-12,1083,84397
TAXIFY-1199,2025-03-13,1180,85577
TAXIFY-1199,2025-03-14,1120,86697
TAXIFY-1199,2025-03-15,528,87225
TAXIFY-1199,2025-03-16,539,87764
TAXIFY-1199,2025-03-17,1202,88966
TAXIFY-1199,2025-03-18,1154,90120
TAXIFY-1199,2025-03-19,1021,91141
TAXIFY-1199,2025-03-20,1176,92317
TAXIFY-1199,2025-03-21,1108,93425
TAXIFY-1199,2025-03-22,554,93979
TAXIFY-1199,2025-03-23,612,94591
TAXIFY-1199,2025-03-24,1208,95799
TAXIFY-1199,2025-03-25,1148,96947
TAXIFY-1199,2025-03-26,1197,98144
TAXIFY-1199,2025-03-27,1123,99267
TAXIFY-1199,2025-03-28,1084,100351
TAXIFY-1199,2025-03-29,473,100824
TAXIFY-1199,2025-03-30,608,101432
TAXIFY-1199,2025-03-31,1223,102655
TAXIFY-1199,2025-04-01,890,103545
TAXIFY-1199,2025-04-02,758,104303
TAXIFY-1199,2025-04-03,804,105107
TAXIFY-1199,2025-04-04,717,105824
TAXIFY-1199,2025-04-05,423,106247
TAXIFY-1199,2025-04-06,402,106649
TAXIFY-1199,2025-04-07,809,107458
TAXIFY-1199,2025-04-08,934,108392
TAXIFY-1199,2025-04-09,824,109216
TAXIFY-1199,2025-04-10,910,110126
TAXIFY-1199,2025-04-11,841,110967
TAXIFY-1199,2025-04-12,417,111384
TAXIFY-1199,2025-04-13,358,111742
TAXIFY-1199,2025-04-14,760,112502
TAXIFY-1199,2025-04-15,735,113237
TAXIFY-1199,2025-04-16,830,114067
TAXIFY-1199,2025-04-17,669,114736
TAXIFY-1199,2025-04-18,945,115681
TAXIFY-1199,2025-04-19,415,116096
TAXIFY-1199,2025-04-20,362,116458
TAXIFY-1199,2025-04-21,794,117252
TAXIFY-1199,2025-04-22,904,118156
TAXIFY-1199,2025-04-23,808,118964
TAXIFY-1199,2025-04-24,768,119732
TAXIFY-1199,2025-04-25,833,120565
TAXIFY-1199,2025-04-26,401,120966
TAXIFY-1199,2025-04-27,414,121380
TAXIFY-1199,2025-04-28,782,122162
TAXIFY-1199,2025-04-29,816,122978
TAXIFY-1199,2025-04-30,828,123806
TAXIFY-1199,2025-05-01,425,124231
TAXIFY-1199,2025-05-02,435,124666
TAXIFY-1199,2025-05-03,184,124850
TAXIFY-1199,2025-05-04,186,125036
TAXIFY-1199,2025-05-05,377,125413
TAXIFY-1199,2025-05-06,475,125888
TAXIFY-1199,2025-05-07,368,126256
TAXIFY-1199,2025-05-08,427,126683
TAXIFY-1199,2025-05-09,379,127062
TAXIFY-1199,2025-05-10,201,127263
TAXIFY-1199,2025-05-11,203,127466
TAXIFY-1199,2025-05-12,334,127800
TAXIFY-1199,2025-05-13,450,128250
TAXIFY-1199,2025-05-14,428,128678
TAXIFY-1199,2025-05-15,415,129093
TAXIFY-1199,2025-05-16,433,129526
TAXIFY-1199,2025-05-17,183,129709
TAXIFY-1199,2025-05-18,184,129893
TAXIFY-1199,2025-05-19,405,130298
TAXIFY-1199,2025-05-20,420,130718
TAXIFY-1199,2025-05-21,353,131071
TAXIFY-1199,2025-05-22,448,131519
TAXIFY-1199,2025-05-23,439,131958
TAXIFY-1199,2025-05-24,189,132147
TAXIFY-1199,2025-05-25,213,132360
TAXIFY-1199,2025-05-26,398,132758
TAXIFY-1199,2025-05-27,390,133148
TAXIFY-1199,2025-05-28,404,133552
TAXIFY-1199,2025-05-29,361,133913
TAXIFY-1199,2025-05-30,420,134333
TAXIFY-1199,2025-05-31,214,134547
TAXIFY-1199,2025-06-01,169,134716
TAXIFY-1199,2025-06-02,361,135077
TAXIFY-1199,2025-06-03,301,135378
TAXIFY-1199,2025-06-04,339,135717
TAXIFY-1199,2025-06-05,379,136096
TAXIFY-1199,2025-06-06,365,136461
TAXIFY-1199,2025-06-07,178,136639
TAXIFY-1199,2025-06-08,169,136808
TAXIFY-1199,2025-06-09,327,137135
TAXIFY-1199,2025-06-10,330,137465
TAXIFY-1199,2025-06-11,326,137791
TAXIFY-1199,2025-06-12,345,138136
TAXIFY-1199,2025-06-13,349,138485
TAXIFY-1199,2025-06-14,145,138630
TAXIFY-1199,2025-06-15,150,138780
TAXIFY-1199,2025-06-16,300,139080
TAXIFY-1199,2025-06-17,312,139392
TAXIFY-1199,2025-06-18,322,139714
TAXIFY-1199,2025-06-19,330,140044
TAXIFY-1199,2025-06-20,337,140381
TAXIFY-1199,2025-06-21,172,140553
TAXIFY-1199,2025-06-22,164,140717
TAXIFY-1199,2025-06-23,320,141037
TAXIFY-1199,2025-06-24,302,141339
TAXIFY-1199,2025-06-25,310,141649
TAXIFY-1199,2025-06-26,311,141960
TAXIFY-1199,2025-06-27,344,142304
TAXIFY-1199,2025-06-28,169,142473
TAXIFY-1199,2025-06-29,165,142638
TAXIFY-1199,2025-06-30,338,142976
TAXIFY-1199,2025-07-01,319,143295
TAXIFY-1199,2025-07-02,309,143604
TAXIFY-1199,2025-07-03,280,143884
TAXIFY-1199,2025-07-04,312,144196
TAXIFY-1199,2025-07-05,142,144338
TAXIFY-1199,2025-07-06,165,144503
TAXIFY-1199,2025-07-07,298,144801
TAXIFY-1199,2025-07-08,319,145120
TAXIFY-1199,2025-07-09,318,145438
TAXIFY-1199,2025-07-10,266,145704
TAXIFY-1199,2025-07-11,274,145978
TAXIFY-1199,2025-07-12,170,146148
TAXIFY-1199,2025-07-13,163,146311
TAXIFY-1199,2025-07-14,360,146671
TAXIFY-1199,2025-07-15,337,147008
TAXIFY-1199,2025-07-16,310,147318
TAXIFY-1199,2025-07-17,271,147589
TAXIFY-1199,2025-07-18,345,147934
TAXIFY-1199,2025-07-19,180,148114
TAXIFY-1199,2025-07-20,136,148250
TAXIFY-1199,2025-07-21,328,148578
TAXIFY-1199,2025-07-22,318,148896
TAXIFY-1199,2025-07-23,267,149163
TAXIFY-1199,2025-07-24,291,149454
TAXIFY-1199,2025-07-25,334,149788
TAXIFY-1199,2025-07-26,181,149969
TAXIFY-1199,2025-07-27,163,150132
TAXIFY-1199,2025-07-28,326,150458
TAXIFY-1199,2025-07-29,321,150779
TAXIFY-1199,2025-07-30,340,151119
TAXIFY-1199,2025-07-31,312,151431
TAXIFY-1199,2025-08-01,330,151761
TAXIFY-1199,2025-08-02,183,151944
TAXIFY-1199,2025-08-03,148,152092
TAXIFY-1199,2025-08-04,328,152420
TAXIFY-1199,2025-08-05,318,152738
TAXIFY-1199,2025-08-06,314,153052
TAXIFY-1199,2025-08-07,312,153364
TAXIFY-1199,2025-08-08,321,153685
TAXIFY-1199,2025-08-09,160,153845
TAXIFY-1199,2025-08-10,154,153999
TAXIFY-1199,2025-08-11,338,154337
TAXIFY-1199,2025-08-12,315,154652
TAXIFY-1199,2025-08-13,309,154961
TAXIFY-1199,2025-08-14,303,155264
TAXIFY-1199,2025-08-15,343,155607
TAXIFY-1199,2025-08-16,143,155750
TAXIFY-1199,2025-08-17,165,155915
TAXIFY-1199,2025-08-18,336,156251
TAXIFY-1199,2025-08-19,262,156513
TAXIFY-1199,2025-08-20,303,156816
TAXIFY-1199,2025-08-21,349,157165
TAXIFY-1199,2025-08-22,377,157542
TAXIFY-1199,2025-08-23,152,157694
TAXIFY-1199,2025-08-24,150,157844
TAXIFY-1199,2025-08-25,305,158149
TAXIFY-1199,2025-08-26,339,158488
TAXIFY-1199,2025-08-27,326,158814
TAXIFY-1199,2025-08-28,329,159143
TAXIFY-1199,2025-08-29,345,159488
TAXIFY-1199,2025-08-30,183,159671
TAXIFY-1199,2025-08-31,137,159808
